entity1,relation,entity2
Q570443,P31,Q4167410
Q111478,P31,Q4167410
Q111478,P1889,Q191067
Q60983727,P527,Q935362
Q60983727,P527,Q308922
Q218136,P31,Q4167410
Q573,P527,Q25235
Q573,P527,Q575
Q573,P527,Q52643
Q573,P361,Q23387
Q573,P910,Q8364508
Q573,P910,Q7152582
Q573,P31,Q1790144
Q573,P31,Q3268848
Q573,P31,Q82047057
Q573,P460,Q11034997
Q573,P111,Q2199864
Q573,P1343,Q26711932
Q573,P1343,Q30059240
Q573,P2670,Q1260524
Q573,P5008,Q5460604
Q573,P279,Q186081
Q225802,P31,Q4167410
Q29511,P31,Q4167410
Q478798,P910,Q28736179
Q478798,P910,Q6135725
Q478798,P1889,Q12021511
Q478798,P1889,Q21419567
Q478798,P1687,P18
Q478798,P279,Q11795009
Q651448,P31,Q4167410
Q651448,P910,Q13426828
Q651448,P1343,Q2657718
Q315,P1151,Q28581
Q315,P1889,Q4536530
Q315,P1889,Q34770
Q315,P2579,Q8162
Q315,P5008,Q5460604
Q315,P2354,Q3183574
Q315,P2633,Q371231
Q315,P460,Q12828845
Q315,P361,Q11024
Q315,P361,Q17376908
Q315,P31,Q28923954
Q315,P31,Q20829075
Q315,P527,Q34770
Q315,P527,Q4113741
Q315,P527,Q4536530
Q315,P527,Q9143
Q315,P910,Q1458484
Q315,P1424,Q7217946
Q315,P1424,Q14466379
Q315,P279,Q4536530
Q315,P279,Q17376908
Q315,P6104,Q8486980
Q315,P1343,Q19180675
Q315,P1343,Q602358
Q315,P1343,Q4086271
Q315,P1343,Q63284758
Q315,P1552,Q3329375
Q315,P1552,Q20829075
Q315,P1552,Q1308274
Q15878761,P1889,Q5965663
Q15878761,P1889,Q37518197
Q15878761,P1889,Q6553045
Q15878761,P1343,Q2657718
Q15878761,P31,Q4167410
Q43229,P910,Q5613113
Q43229,P279,Q24229398
Q43229,P279,Q16334295
Q43229,P1963,P571
Q43229,P1963,P159
Q43229,P1963,P856
Q43229,P1963,P1454
Q43229,P1963,P355
Q43229,P1963,P749
Q43229,P1963,P169
Q43229,P1963,P112
Q43229,P1963,P740
Q43229,P1963,P1278
Q43229,P1963,P154
Q43229,P1963,P463
Q43229,P1963,P527
Q43229,P1963,P1128
Q43229,P1963,P1830
Q43229,P1963,P17
Q43229,P1963,P2541
Q43229,P1963,P1705
Q43229,P1963,P2391
Q43229,P1963,P213
Q43229,P1963,P3500
Q43229,P1963,P1056
Q43229,P1963,P452
Q43229,P1963,P807
Q43229,P1963,P1297
Q43229,P1963,P1320
Q43229,P1963,P1789
Q43229,P1963,P1961
Q43229,P1963,P1546
Q43229,P1963,P1616
Q43229,P1963,P1662
Q43229,P1963,P2088
Q43229,P1963,P2189
Q43229,P1963,P2657
Q43229,P1963,P2740
Q43229,P1963,P2813
Q43229,P1963,P3163
Q43229,P1963,P3215
Q43229,P1963,P3220
Q43229,P1963,P3273
Q43229,P1963,P2388
Q43229,P1963,P3393
Q43229,P1963,P3534
Q43229,P1963,P3549
Q43229,P1963,P3642
Q43229,P1963,P3797
Q43229,P1963,P3914
Q43229,P1963,P4090
Q43229,P1963,P131
Q43229,P1963,P2900
Q43229,P1963,P1329
Q43229,P1963,P4290
Q43229,P1424,Q6190581
Q43229,P1424,Q57971242
Q43229,P1424,Q26117813
Q43229,P1424,Q6688962
Q43229,P6186,Q8103926
Q43229,P1552,Q759524
Q43229,P1552,Q730573
Q43229,P1552,Q852998
Q43229,P1552,Q53281408
Q43229,P1552,Q19483216
Q43229,P1552,Q3535173
Q43229,P1552,Q17197366
Q43229,P1552,Q2727939
Q43229,P1552,Q1430172
Q43229,P1552,Q25048163
Q43229,P1552,Q1937189
Q43229,P1552,Q3738275
Q43229,P1552,Q7102013
Q43229,P1687,P1268
Q43229,P527,Q10756188
Q43229,P1889,Q36993249
Q43229,P1889,Q5613113
Q42603,P425,Q10366773
Q42603,P279,Q2259532
Q42603,P279,Q1423891
Q42603,P910,Q8880570
Q42603,P1343,Q2041543
Q42603,P1343,Q19538713
Q42603,P1343,Q602358
Q42603,P31,Q63187345
Q42603,P31,Q4164871
Q42603,P1424,Q22848005
Q42603,P1889,Q83307
Q42603,P1889,Q133485
Q42603,P1889,Q733786
Q42603,P1889,Q831474
Q42603,P1889,Q23035816
Q42603,P1889,Q1423891
Q42603,P1889,Q6116659
Q42603,P1889,Q77525167
Q274079,P279,Q1054898
Q274079,P910,Q7682603
Q274079,P2283,Q707726
Q274079,P3095,Q41593843
Q7553,P910,Q5646576
Q7553,P279,Q2989679
Q7553,P279,Q11398090
Q7553,P279,Q451967
Q7553,P5008,Q5460604
Q7553,P1687,P5972
Q7553,P3095,Q333634
Q7553,P3095,Q21185790
Q7553,P747,Q1256959
Q7553,P31,Q4671286
Q7553,P1889,Q39811647
Q414987,P31,Q4167410
Q414987,P460,Q7946877
Q414987,P1889,Q27631922
Q8171,P279,Q2944660
Q8171,P279,Q187931
Q8171,P910,Q5915288
Q8171,P527,Q210523
Q8171,P527,Q8188
Q8171,P361,Q5551966
Q8171,P1889,Q11089918
Q8171,P5008,Q5460604
Q8171,P1552,Q4423888
Q8171,P1343,Q4532138
Q577,P527,Q5151
Q577,P910,Q2945300
Q577,P31,Q1790144
Q577,P31,Q21684377
Q577,P31,Q82047057
Q577,P1889,Q3186692
Q577,P1889,Q1092296
Q577,P1889,Q16929628
Q577,P2959,Q27094353
Q577,P1343,Q1138524
Q577,P1343,Q30059240
Q577,P1343,Q2041543
Q577,P1343,Q602358
Q577,P1343,Q26711932
Q577,P111,Q2199864
Q577,P5008,Q5460604
Q577,P279,Q37640
Q577,P279,Q186081
Q577,P6104,Q3247958
Q11185,P31,Q3241972
Q11185,P1889,Q4684340
Q11185,P361,Q1366300
Q11185,P461,Q4684340
Q11185,P366,Q64826685
Q18535,P279,Q843227
Q18535,P279,Q182545
Q18535,P910,Q8235834
Q18535,P1343,Q2041543
Q18535,P1343,Q1138524
Q18535,P1343,Q3181656
Q18535,P1343,Q602358
Q18535,P1343,Q19180675
Q18535,P1343,Q1970746
Q89,P1582,Q104819
Q89,P1582,Q18674606
Q89,P910,Q6132343
Q89,P279,Q41274
Q89,P279,Q145150
Q89,P279,Q3314483
Q89,P462,Q3142
Q89,P462,Q943
Q89,P462,Q3133
Q89,P462,Q23444
Q89,P1552,Q124794
Q89,P1552,Q1075
Q89,P527,Q410215
Q89,P1889,Q6944126
Q89,P5008,Q5460604
Q89,P1343,Q1138524
Q89,P1343,Q602358
Q89,P1343,Q1768721
Q735766,P460,Q777939
Q735766,P461,Q1186677
Q735766,P31,Q31172650
Q735766,P31,Q21262209
Q735766,P1537,Q16503490
Q735766,P1343,Q1768721
Q7066,P461,Q620805
Q7066,P31,Q49447
Q7066,P31,Q2915955
Q7066,P910,Q8809006
Q7066,P1343,Q4173137
Q7066,P1343,Q19180675
Q7066,P1343,Q19211082
Q7066,P1343,Q1970746
Q7066,P1343,Q602358
Q7066,P1343,Q867541
Q7066,P1343,Q302556
Q7066,P1343,Q2041543
Q7066,P1552,Q16547842
Q7066,P1889,Q288928
Q7066,P1889,Q620834
Q7066,P1889,Q15303501
Q7066,P1382,Q16547842
Q7066,P5008,Q5460604
Q7066,P5125,Q1277049
Q7066,P279,Q58721
Q7066,P1299,Q13211738
Q7066,P461,Q620805
Q7066,P31,Q49447
Q7066,P31,Q2915955
Q7066,P910,Q8809006
Q7066,P1343,Q4173137
Q7066,P1343,Q19180675
Q7066,P1343,Q19211082
Q7066,P1343,Q1970746
Q7066,P1343,Q602358
Q7066,P1343,Q867541
Q7066,P1343,Q302556
Q7066,P1343,Q2041543
Q7066,P1552,Q16547842
Q7066,P1889,Q288928
Q7066,P1889,Q620834
Q7066,P1889,Q15303501
Q7066,P1382,Q16547842
Q7066,P5008,Q5460604
Q7066,P5125,Q1277049
Q7066,P279,Q58721
Q7066,P1299,Q13211738
Q44050,P31,Q4167410
Q44050,P1889,Q16479747
Q5852,P279,Q1762457
Q5852,P910,Q7353910
Q5852,P366,Q918306
Q5852,P366,Q35831
Q5852,P186,Q28823
Q5852,P186,Q42329
Q5852,P186,Q179628
Q5852,P186,Q5856
Q5852,P186,Q1143415
Q5852,P460,Q18696594
Q354825,P31,Q4167410
Q354825,P1889,Q16865173
Q229188,P31,Q4167410
Q229188,P1889,Q18001597
Q229188,P1889,Q16865575
Q229188,P1889,Q18001598
Q229188,P460,Q407148
Q229188,P460,Q347347
Q229188,P460,Q1789203
Q229188,P460,Q1078383
Q1094717,P31,Q4167410
Q930164,P279,Q1503443
Q930164,P279,Q878249
Q930164,P279,Q1190554
Q930164,P910,Q6956375
Q930164,P910,Q7955649
Q930164,P1343,Q2657718
Q930164,P1343,Q602358
Q930164,P1889,Q81554
Q930164,P1889,Q1050139
Q930164,P1889,Q3627314
Q930164,P1889,Q159535
Q930164,P2354,Q18074156
Q400925,P31,Q4167410
Q1347572,P910,Q8429822
Q1347572,P279,Q3523102
Q1347572,P1343,Q2041543
Q1347572,P1552,Q18757
Q29864097,P31,Q4167410
Q414983,P31,Q4167410
Q5410500,P31,Q54989186
Q5410500,P31,Q1147007
Q5410500,P461,Q16547842
Q5410500,P461,Q34302
Q5410500,P279,Q34394
Q5410500,P2579,Q34178
Q5410500,P2579,Q368498
Q5410500,P3095,Q17573152
Q5410500,P1441,Q2385
Q5410500,P910,Q7216536
Q5410500,P1889,Q1002689
Q186150,P279,Q186619
Q186150,P279,Q29485
Q186150,P1343,Q2657718
Q186150,P1343,Q602358
Q186150,P1343,Q602358
Q186150,P1343,Q101314624
Q186150,P910,Q8218825
Q186150,P2354,Q863221
Q186150,P1889,Q25345174
Q189293,P910,Q7351781
Q189293,P279,Q12139612
Q189293,P279,Q732577
Q189293,P5869,Q95101889
Q12684,P1151,Q13341443
Q12684,P910,Q6813405
Q12684,P279,Q11042
Q12684,P279,Q8187769
Q12684,P2184,Q2501507
Q12684,P2184,Q6672
Q12684,P2184,Q3859789
Q12684,P1479,Q33233
Q12684,P1269,Q9053464
Q12684,P5008,Q5460604
Q12684,P1343,Q1970746
Q12684,P1343,Q602358
Q12684,P1343,Q19180675
Q12684,P1343,Q2041543
Q12684,P1343,Q19190511
Q12684,P6104,Q15181203
Q212563,P31,Q4167410
Q331966,P31,Q4167410
Q331966,P460,Q1452831
Q331966,P1889,Q27887807
Q654302,P31,Q4167410
Q654302,P460,Q12944818
Q654302,P460,Q15623679
Q654302,P460,Q16266214
Q654302,P460,Q15623677
Q654302,P1889,Q37086561
Q654302,P1889,Q37435389
Q242361,P31,Q4167410
Q242361,P1889,Q36868234
Q131841,P361,Q9420
Q131841,P361,Q77468620
Q131841,P279,Q151885
Q131841,P279,Q2145290
Q131841,P279,Q33104279
Q131841,P910,Q16395502
Q131841,P460,Q151885
Q131841,P1343,Q1970746
Q131841,P1343,Q602358
Q131841,P1343,Q19180675
Q131841,P1343,Q5217764
Q1215266,P31,Q4167410
Q1215266,P1343,Q2657718
Q17310301,P1343,Q2657718
Q17310301,P31,Q49848
Q17310301,P31,Q1301203
Q17310301,P279,Q19357312
Q1247982,P31,Q4167410
Q403458,P31,Q4167410
Q3,P461,Q4
Q3,P910,Q5550747
Q3,P279,Q203872
Q3,P279,Q1322005
Q3,P279,Q483247
Q3,P279,Q98925662
Q3,P31,Q937228
Q3,P1343,Q2657718
Q3,P1343,Q602358
Q3,P1343,Q602358
Q3,P1343,Q19180675
Q3,P1343,Q4173137
Q3,P1343,Q1970746
Q3,P1343,Q1768721
Q3,P527,Q2996394
Q3,P527,Q7239
Q3,P527,Q4
Q3,P1552,Q11990
Q3,P1552,Q1057
Q3,P1552,Q483921
Q3,P1552,Q22675021
Q3,P1552,Q513359
Q3,P1552,Q47041
Q3,P1552,Q13100823
Q3,P1552,Q13419831
Q3,P2579,Q864928
Q3,P2579,Q420
Q3,P5008,Q5460604
Q3,P1478,Q1899900
Q3,P361,Q7239
Q3,P1889,Q60797313
Q3,P1889,Q98925662
Q3,P460,Q1349305
Q8441,P279,Q80994
Q8441,P279,Q84048850
Q8441,P461,Q467
Q8441,P910,Q1410641
Q8441,P910,Q9507857
Q8441,P1343,Q302556
Q8441,P1889,Q6581097
Q8441,P1889,Q5890937
Q8441,P1889,Q84048850
Q8441,P361,Q8436
Q8441,P2959,Q13202929
Q8441,P5008,Q5460604
Q8441,P4733,Q55164632
Q813854,P31,Q4167410
Q225664,P31,Q4167410
Q225664,P460,Q19829380
Q225664,P1889,Q7750892
Q492,P910,Q6543558
Q492,P279,Q14819853
Q492,P1343,Q302556
Q492,P1343,Q2657718
Q492,P1343,Q2041543
Q492,P2738,Q23766486
Q492,P31,Q781413
Q492,P527,Q18601
Q492,P527,Q18599
Q492,P527,Q11398090
Q492,P527,Q18733
Q492,P527,Q18614
Q492,P527,Q18608
Q492,P1424,Q12433042
Q492,P1889,Q5830907
Q492,P1889,Q104127086
Q492,P1552,Q27555265
Q492,P1542,Q104127086
Q38526,P31,Q21199
Q38526,P31,Q50707
Q38526,P31,Q41068772
Q38526,P31,Q184611
Q38526,P31,Q13366104
Q38526,P31,Q37947496
Q38526,P31,Q50705
Q38526,P31,Q861555
Q38526,P1343,Q678259
Q38526,P461,Q3501970
Q38526,P5236,Q200
Q38526,P5236,Q203
Q38526,P1889,Q18382813
Q38526,P6216,Q19652
Q38526,P6216,Q19652
Q13579947,P1269,Q11024
Q13579947,P279,Q11028
Q13579947,P279,Q29485
Q13579947,P5008,Q87748614
Q13579947,P1889,Q189656
Q41975,P910,Q7144509
Q41975,P910,Q6993433
Q41975,P31,Q41710
Q41975,P1343,Q2657718
Q41975,P1343,Q19538713
Q41975,P1343,Q2041543
Q41975,P2579,Q1944500
Q41975,P103,Q33750
Q41975,P140,Q748
Q41975,P140,Q432
Q41975,P140,Q42042
Q41975,P140,Q3333484
Q41975,P140,Q23540
Q41975,P140,Q1000928
Q41975,P140,Q837605
Q41975,P140,Q2089732
Q41975,P140,Q1370640
Q41975,P2959,Q25631600
Q41975,P361,Q37845
Q41975,P17,Q148
Q41975,P17,Q711
Q41975,P17,Q6809
Q41975,P17,Q3953
Q41975,P17,Q6585
Q41975,P17,Q6838
Q41975,P138,Q560198
Q41975,P1424,Q11019855
Q219730,P31,Q15836568
Q219730,P1343,Q3415161
Q219730,P1343,Q47456303
Q219730,P1343,Q47469683
Q219730,P1343,Q47460279
Q219730,P1343,Q47466795
Q219730,P1343,Q47481240
Q219730,P4969,Q28818843
Q1297532,P31,Q4167410
Q1297532,P460,Q14325447
Q2028096,P31,Q4167410
Q2028096,P1889,Q16280394
Q2873063,P31,Q4167410
Q2873063,P460,Q1182482
Q2873063,P460,Q3230740
Q2472587,P279,Q41710
Q2472587,P279,Q16334295
Q2472587,P1343,Q1970746
Q2472587,P1343,Q19190511
Q2472587,P460,Q6266
Q2472587,P527,Q5
Q2472587,P1889,Q2532276
Q2472587,P1889,Q18694080
Q2472587,P1889,Q41710
Q2472587,P1889,Q5
Q2472587,P1889,Q2785339
Q2472587,P1889,Q12839330
Q2472587,P1889,Q6266
Q2472587,P1889,Q88071144
Q2472587,P1552,Q25379866
Q2472587,P910,Q6156915
Q2472587,P910,Q6490939
Q2472587,P910,Q4048336
Q1794067,P460,Q1875996
Q1794067,P31,Q4167410
Q1794067,P1889,Q7200212
Q99751643,P31,Q4167410
Q99751643,P460,Q4166892
Q99751643,P460,Q159425
Q99751643,P460,Q99751559
Q99751643,P460,Q99751531
Q99751643,P1889,Q2100771
Q99751643,P1889,Q36951292
Q99751643,P1889,Q58210628
Q99751643,P1889,Q99751786
Q12013533,P279,Q371174
Q299964,P31,Q4167410
Q367026,P31,Q4167410
Q367026,P1889,Q21491634
Q367026,P460,Q16862524
Q429785,P910,Q9083310
Q429785,P279,Q2560056
Q429785,P279,Q28886448
Q429785,P279,Q4502142
Q429785,P279,Q1261026
Q429785,P460,Q5769946
Q429785,P31,Q1792379
Q367026,P31,Q4167410
Q367026,P1889,Q21491634
Q367026,P460,Q16862524
Q36224,P910,Q8797484
Q36224,P910,Q31102165
Q36224,P31,Q82042
Q36224,P279,Q2006180
Q30762,P31,Q4167410
Q217170,P366,Q9174
Q217170,P279,Q451967
Q217170,P1343,Q4532138
Q217170,P1889,Q623601
Q418473,P31,Q4167410
Q418473,P1889,Q37326463
Q418473,P460,Q61418128
Q15568811,P31,Q4167410
Q15568811,P1889,Q16881917
Q15568811,P460,Q235675
Q15568811,P460,Q61465841
Q9174,P279,Q5390013
Q9174,P279,Q7257
Q9174,P279,Q49447
Q9174,P279,Q1946438
Q9174,P279,Q23140603
Q9174,P1151,Q6566755
Q9174,P910,Q1457903
Q9174,P1687,P140
Q9174,P1343,Q4173137
Q9174,P1343,Q19180675
Q9174,P1343,Q1970746
Q9174,P1343,Q602358
Q9174,P1343,Q20961706
Q9174,P1343,Q2041543
Q9174,P2633,Q614221
Q9174,P2959,Q20894822
Q9174,P2959,Q28339368
Q9174,P3095,Q17573152
Q9174,P3095,Q2259532
Q9174,P3095,Q2566598
Q9174,P1889,Q1699404
Q9174,P1889,Q134293
Q9174,P1889,Q1553701
Q9174,P5008,Q5460604
Q9174,P5008,Q54439832
Q9174,P5125,Q7112716
Q9174,P2579,Q34178
Q9174,P2579,Q34187
Q9174,P2579,Q846742
Q9174,P6104,Q8503229
Q9174,P361,Q17097785
Q9174,P2184,Q846742
Q9174,P2354,Q329442
Q230037,P31,Q4167410
Q230037,P460,Q2138673
Q230037,P460,Q4391911
Q230037,P460,Q23767178
Q230037,P1889,Q20727065
Q11574,P31,Q223662
Q11574,P31,Q1790144
Q11574,P31,Q69197847
Q11574,P31,Q82047053
Q11574,P361,Q7727
Q11574,P361,Q26240
Q11574,P361,Q512417
Q11574,P111,Q2199864
Q11574,P279,Q186081
Q11574,P1343,Q26711932
Q11574,P1889,Q22699224
Q11574,P5008,Q5460604
Q11574,P910,Q55329150
Q404258,P31,Q4167410
Q404258,P1889,Q24250811
Q404258,P1889,Q1808108
Q404258,P1889,Q7497333
Q404258,P1889,Q70624340
Q404258,P1889,Q3959552
Q404258,P1889,Q70627996
Q224772,P31,Q4167410
Q224772,P460,Q226578
Q224772,P460,Q542098
Q224772,P460,Q1472790
Q224772,P460,Q395360
Q224772,P460,Q427725
Q15622206,P31,Q4167410
Q15622206,P460,Q16699780
Q15622206,P460,Q2324272
Q15622206,P460,Q63843274
Q15622206,P460,Q19414363
Q15622206,P1889,Q37234491
Q15622206,P1889,Q1217865
Q1456029,P31,Q4167410
Q2728730,P279,Q9415
Q2728730,P910,Q25338729
Q2728730,P461,Q16523851
Q2728730,P1889,Q19456929
Q2728730,P361,Q77468620
Q2728730,P31,Q9415
Q2728730,P1269,Q9418
Q620805,P461,Q7066
Q620805,P279,Q34394
Q620805,P279,Q9174
Q620805,P910,Q7214278
Q620805,P361,Q209295
Q620805,P1269,Q1699404
Q620805,P31,Q49447
Q620805,P3095,Q99521706
Q620805,P1889,Q620629
Q346509,P31,Q4167410
Q346509,P460,Q4382726
Q348420,P31,Q4167410
Q348420,P460,Q408785
Q348420,P460,Q11694350
Q348420,P460,Q11376988
Q348420,P460,Q76675249
Q348420,P460,Q76675515
Q348420,P460,Q76675961
Q348420,P1889,Q20760279
Q46744,P828,Q133500
Q46744,P1889,Q2297282
Q46744,P1889,Q5156948
Q46744,P279,Q1347367
Q46744,P279,Q54989186
Q46744,P361,Q77468620
Q46744,P1382,Q9081
Q46744,P1382,Q164359
Q193162,P279,Q1668024
Q193162,P910,Q7217844
Q16502,P910,Q7386634
Q16502,P31,Q151885
Q16502,P1151,Q18672717
Q16502,P460,Q2
Q16502,P279,Q488383
Q16502,P1889,Q19453698
Q16502,P6254,L5203
Q16502,P6254,L202883
Q16502,P1343,Q1768721
Q4673667,P31,Q4167410
Q292833,P31,Q4167410
Q292833,P1889,Q16150702
Q22687,P279,Q1416431
Q22687,P279,Q730038
Q22687,P279,Q6881511
Q22687,P279,Q5260792
Q22687,P910,Q7393030
Q22687,P1343,Q19180675
Q22687,P1343,Q602358
Q22687,P1963,P2627
Q22687,P1424,Q10584970
Q22687,P366,Q837171
Q22687,P461,Q1291453
Q22687,P2283,Q18761864
Q22687,P1889,Q18761864
Q22687,P7084,Q9442603
Q229806,P31,Q4167410
Q229806,P1889,Q16852655
Q229806,P1889,Q2940906
Q229806,P1889,Q99297135
Q1128596,P31,Q4167410
Q1128596,P1889,Q37454002
Q1128596,P1269,Q1923256
Q1128596,P1269,Q595523
Q1128596,P461,Q4330553
Q5165098,P31,Q4167410
Q11042,P1151,Q6652637
Q11042,P910,Q2944929
Q11042,P279,Q3769299
Q11042,P279,Q2515887
Q11042,P1343,Q20743760
Q11042,P1343,Q2657718
Q11042,P1343,Q602358
Q11042,P1343,Q101314624
Q11042,P2633,Q168891
Q11042,P2959,Q22828713
Q11042,P1424,Q7743800
Q11042,P1687,P2596
Q11042,P5008,Q5460604
Q11042,P5125,Q4773237
Q11042,P2579,Q858517
Q11042,P2579,Q132151
Q11042,P2579,Q23404
Q11042,P2579,Q1143546
Q11042,P1889,Q357279
Q11042,P527,Q5193405
Q11042,P1552,Q3825100
Q179875,P279,Q3030248
Q179875,P910,Q7470438
Q179875,P1889,Q3030248
Q179875,P3095,Q12307965
Q52943,P279,Q11023058
Q52943,P910,Q9564784
Q52943,P1343,Q101314624
Q552754,P279,Q456115
Q552754,P910,Q9680893
Q552754,P361,Q28135113
Q1196501,P31,Q4167410
Q1196501,P1889,Q37544975
Q295979,P31,Q4167410
Q295979,P1889,Q1159023
Q295979,P1889,Q14917162
Q295979,P460,Q9282577
Q23640,P361,Q170494
Q23640,P279,Q17781690
Q23640,P279,Q4936952
Q23640,P527,Q1073
Q23640,P527,Q173253
Q23640,P527,Q9635
Q23640,P527,Q37017
Q23640,P527,Q66515796
Q23640,P1343,Q678259
Q23640,P1343,Q2657718
Q23640,P1343,Q602358
Q23640,P1343,Q19180675
Q23640,P1343,Q602358
Q23640,P1343,Q1768721
Q23640,P910,Q9891597
Q23640,P1889,Q3409626
Q23640,P828,Q1054543
Q192581,P460,Q16532276
Q192581,P1889,Q656365
Q192581,P1889,Q4102597
Q192581,P31,Q189970
Q192581,P1687,P39
Q192581,P279,Q16532276
Q192581,P1542,Q815298
Q192581,P1424,Q18935398
Q192581,P1424,Q22759821
Q411495,P31,Q4167410
Q411495,P1889,Q1150136
Q411495,P460,Q3815191
Q349894,P31,Q4167410
Q349894,P1889,Q25114322
Q47740,P140,Q432
Q47740,P910,Q7237892
Q47740,P910,Q9639866
Q47740,P279,Q17573152
Q47740,P31,Q4392985
Q47740,P2354,Q67198618
Q47740,P1889,Q1137457
Q731134,P31,Q4167410
Q410669,P31,Q4167410
Q410669,P1889,Q36906278
Q179742,P1343,Q678259
Q179742,P910,Q7164027
Q179742,P279,Q742736
Q7281,P910,Q8797585
Q7281,P279,Q905726
Q7281,P279,Q11024
Q7281,P279,Q98144857
Q7281,P5008,Q5460604
Q7281,P1889,Q5341269
Q7281,P1889,Q1231428
Q7281,P3095,Q1685363
Q7281,P31,Q483394
Q7281,P1343,Q4532138
Q189756,P279,Q23312670
Q189756,P461,Q1920566
Q189756,P156,Q1920566
Q178354,P279,Q781413
Q178354,P910,Q7214939
Q178354,P1343,Q1970746
Q178354,P1343,Q19180675
Q178354,P1343,Q602358
Q178354,P461,Q430727
Q178354,P361,Q77468620
Q178354,P1382,Q1156402
Q121769,P910,Q7014563
Q121769,P1687,P6184
Q121769,P1687,P1659
Q121769,P279,Q930933
Q121769,P1889,Q57699384
Q10870555,P279,Q732577
Q10870555,P279,Q49848
Q28510,P31,Q1413287
Q191783,P910,Q8367616
Q191783,P31,Q694324
Q191783,P31,Q83267
Q295387,P31,Q4167410
Q340406,P31,Q4167410
Q561813,P31,Q4167410
Q365335,P31,Q4167410
Q365335,P1889,Q16282017
Q365335,P1889,Q30669819
Q11471,P279,Q20937557
Q11471,P279,Q3054889
Q11471,P910,Q4049213
Q11471,P361,Q133327
Q11471,P1343,Q2041543
Q11471,P1343,Q602358
Q11471,P1424,Q6100942
Q11471,P5008,Q5460604
Q11471,P2579,Q1754940
Q11471,P2579,Q11452
Q11471,P31,Q35120
Q11471,P31,Q1207505
Q11471,P1889,Q2199864
Q11471,P1552,Q67203587
Q216353,P279,Q82799
Q216353,P279,Q618779
Q216353,P910,Q6416401
Q216353,P460,Q3320743
Q216353,P1889,Q40665586
Q216353,P1889,Q4189293
Q216353,P1889,Q3320743
Q216353,P1343,Q1768721
Q400600,P31,Q4167410
Q1411242,P910,Q6328058
Q1411242,P461,Q157811
Q1411242,P279,Q1299714
Q1411242,P279,Q31172650
Q1411242,P1889,Q33057493
Q45701,P910,Q7470779
Q45701,P279,Q214609
Q45701,P2959,Q22828734
Q45701,P2354,Q3531616
Q45701,P1424,Q8084253
Q45701,P1343,Q19190511
Q45701,P1343,Q602358
Q45701,P1343,Q1970746
Q45701,P1343,Q101314624
Q45701,P460,Q72609855
Q20655516,P31,Q4167410
Q186619,P910,Q6985940
Q186619,P279,Q190539
Q186619,P279,Q628523
Q186619,P3712,Q1231428
Q186619,P1552,Q1047000
Q186619,P31,Q108163
Q783794,P279,Q43229
Q783794,P279,Q3778211
Q783794,P460,Q21980538
Q783794,P460,Q6881511
Q783794,P460,Q4830453
Q783794,P1343,Q2041543
Q783794,P1343,Q4532138
Q783794,P1424,Q5625028
Q783794,P910,Q5982360
Q783794,P1889,Q19862406
Q783794,P1889,Q52834234
Q783794,P6104,Q15271936
Q783794,P527,Q2366457
Q783794,P1552,Q3376073
Q783794,P2579,Q8134
Q783794,P2579,Q5001951
Q783794,P2579,Q97008347
Q63244734,P31,Q4167410
Q63244734,P460,Q228861
Q63244734,P1889,Q5183450
Q63244734,P1889,Q5183452
Q63244734,P1889,Q41791930
Q1149305,P279,Q82785806
Q1149305,P2579,Q9418
Q1149305,P1889,Q784237
Q1149305,P1343,Q101314624
Q5282690,P31,Q4167410
Q34302,P31,Q9415
Q34302,P910,Q15292089
Q34302,P361,Q9357054
Q34302,P361,Q77468620
Q34302,P1382,Q13649246
Q34302,P1552,Q13649246
Q34302,P1552,Q621922
Q34302,P50,Q3147508
Q34302,P1889,Q34394
Q34302,P1889,Q16547842
Q34302,P1343,Q1768721
Q3049084,P31,Q4167410
Q188572,P1889,Q2684591
Q188572,P461,Q3962655
Q188572,P461,Q17949
Q188572,P279,Q42848
Q188572,P279,Q2684591
Q188572,P361,Q59157121
Q188572,P361,Q7949
Q188572,P1343,Q602358
Q188572,P1343,Q1970746
Q188572,P460,Q7949
Q188572,P1552,Q7949
Q1324448,P31,Q7889
Q1324448,P136,Q343568
Q1324448,P404,Q208850
Q1324448,P404,Q1758804
Q1324448,P908,Q14915514
Q1324448,P914,Q14920392
Q1324448,P400,Q10680
Q1324448,P400,Q10683
Q1324448,P123,Q18594
Q1324448,P287,Q2524011
Q1324448,P287,Q10314180
Q1324448,P437,Q7982
Q1324448,P57,Q2524011
Q1324448,P86,Q2745564
Q1324448,P86,Q11468195
Q1324448,P178,Q932631
Q1324448,P479,Q273140
Q1324448,P852,Q14864330
Q1324448,P853,Q14870286
Q1324448,P175,Q2745564
Q1324448,P495,Q17
Q8078,P527,Q236975
Q8078,P527,Q224821
Q8078,P527,Q1206311
Q8078,P527,Q200694
Q8078,P527,Q35148
Q8078,P527,Q210841
Q8078,P527,Q484511
Q8078,P527,Q484284
Q8078,P527,Q179289
Q8078,P910,Q7217201
Q8078,P31,Q15831325
Q8078,P31,Q336
Q8078,P279,Q816264
Q8078,P279,Q5891
Q8078,P279,Q11862829
Q8078,P1343,Q2041543
Q8078,P1424,Q6469110
Q8078,P2578,Q17488292
Q8078,P2578,Q813912
Q8078,P2578,Q20665666
Q8078,P2578,Q1047000
Q8078,P5008,Q5460604
Q8078,P5125,Q7112678
Q8078,P3095,Q14565331
Q8078,P1542,Q374182
Q316,P31,Q16748888
Q316,P910,Q54083
Q316,P361,Q9357054
Q316,P361,Q77468620
Q316,P461,Q160232
Q316,P1889,Q1320124
Q316,P1889,Q1210705
Q316,P1889,Q224654
Q316,P1889,Q474367
Q316,P1889,Q250861
Q316,P1889,Q1823724
Q316,P1889,Q6660863
Q316,P1889,Q20527689
Q316,P1889,Q11266420
Q316,P1889,Q231444
Q316,P1889,Q450778
Q316,P1889,Q1516527
Q316,P1889,Q71068291
Q316,P1889,Q1806606
Q316,P1889,Q20519184
Q316,P2959,Q22828880
Q316,P5008,Q5460604
Q316,P1343,Q1210353
Q316,P1343,Q4086271
Q316,P1343,Q4173137
Q316,P1343,Q4173137
Q316,P279,Q813912
Q316,P279,Q1124198
Q316,P279,Q9415
Q316,P460,Q190
Q316,P1552,Q16358629
Q7727,P31,Q1790144
Q7727,P31,Q3268848
Q7727,P31,Q82047057
Q7727,P527,Q11574
Q7727,P361,Q25235
Q7727,P111,Q2199864
Q7727,P279,Q186081
Q7727,P1343,Q26711932
Q7727,P910,Q55331658
Q48324,P279,Q55979391
Q48324,P910,Q9957004
Q48324,P361,Q9465
Q48324,P461,Q3796713
Q48324,P1889,Q44454
Q48324,P1382,Q12456769
Q48324,P1343,Q1768721
Q641118,P527,Q622645
Q641118,P527,Q9332
Q641118,P527,Q9415
Q641118,P910,Q8920536
Q641118,P31,Q937228
Q641118,P31,Q151885
Q641118,P1343,Q2657718
Q641118,P1552,Q2393196
Q641118,P1552,Q786753
Q641118,P1552,Q7170663
Q641118,P2579,Q9418
Q641118,P1269,Q9418
Q1425577,P361,Q9465
Q1425577,P1343,Q2041543
Q1425577,P1889,Q3407389
Q1425577,P279,Q1914636
Q1425577,P279,Q17285911
Q8018506,P1889,Q2145077
Q8018506,P279,Q2684591
Q1274115,P279,Q1969448
Q2207566,P31,Q4167410
Q2207566,P1889,Q83439994
Q594799,P31,Q4167410
Q594799,P460,Q19689651
Q594799,P1889,Q37067496
Q298288,P31,Q4167410
Q298288,P1889,Q36855318
Q735,P1151,Q3918365
Q735,P279,Q1914636
Q735,P279,Q2018526
Q735,P279,Q184872
Q735,P279,Q3249551
Q735,P279,Q170658
Q735,P361,Q11042
Q735,P910,Q4104783
Q735,P2184,Q50641
Q735,P1343,Q2657718
Q735,P1343,Q2041543
Q735,P1343,Q4086271
Q735,P1343,Q19180675
Q735,P1343,Q1768721
Q735,P2959,Q22828630
Q735,P5008,Q5460604
Q735,P5008,Q24909800
Q735,P802,Q5674012
Q735,P2579,Q50637
Q735,P2579,Q62302889
Q735,P3095,Q483501
Q735,P31,Q4671286
Q735,P1552,Q1792379
Q735,P1552,Q1792644
Q735,P1552,Q56055944
Q9121,P279,Q43460564
Q9121,P279,Q3366856
Q9121,P910,Q5550894
Q9121,P527,Q37147
Q9121,P527,Q193793
Q9121,P527,Q177013
Q9121,P2579,Q26383
Q9121,P2579,Q2329
Q9121,P1552,Q11344
Q9121,P1552,Q483788
Q9121,P1552,Q53859
Q9121,P1552,Q23809
Q9121,P1552,Q101395
Q9121,P5008,Q5460604
Q9121,P1343,Q602358
Q1619726,P31,Q4167410
Q11788,P105,Q35409
Q11788,P31,Q16521
Q11788,P171,Q14943214
Q11788,P171,Q27414
Q11788,P910,Q8294681
Q11788,P1343,Q16387823
Q11788,P1343,Q4086271
Q11788,P1343,Q1970746
Q11788,P1343,Q602358
Q11788,P1343,Q19180675
Q11788,P1343,Q4173137
Q11788,P1343,Q1768721
Q11788,P1672,Q15793134
Q11788,P1889,Q618804
Q11788,P366,Q30090244
Q420,P1151,Q6726222
Q420,P279,Q7991
Q420,P910,Q1457402
Q420,P31,Q2465832
Q420,P31,Q11862829
Q420,P2578,Q3
Q420,P2578,Q7239
Q420,P1343,Q2657718
Q420,P1343,Q602358
Q420,P1343,Q3181656
Q420,P1343,Q4532138
Q420,P1343,Q19180675
Q420,P1424,Q5896225
Q420,P527,Q183252
Q420,P527,Q7150
Q420,P527,Q441
Q420,P527,Q431
Q420,P527,Q4785356
Q420,P527,Q514
Q420,P527,Q7175
Q420,P3095,Q864503
Q420,P5008,Q5460604
Q420,P2959,Q13053276
Q420,P2184,Q746656
Q420,P6104,Q6723002
Q420,P1552,Q1063
Q420,P1552,Q522190
Q7085,P1066,Q9123
Q7085,P1066,Q326390
Q7085,P1066,Q47285
Q7085,P184,Q326390
Q7085,P184,Q47285
Q7085,P119,Q742670
Q7085,P106,Q169470
Q7085,P106,Q1622272
Q7085,P106,Q16742096
Q7085,P106,Q16389557
Q7085,P106,Q937857
Q7085,P106,Q593644
Q7085,P463,Q123885
Q7085,P463,Q329464
Q7085,P463,Q49738
Q7085,P463,Q543804
Q7085,P463,Q338432
Q7085,P463,Q938622
Q7085,P463,Q2370801
Q7085,P463,Q191583
Q7085,P463,Q265058
Q7085,P463,Q253439
Q7085,P463,Q1636237
Q7085,P463,Q1201052
Q7085,P463,Q270794
Q7085,P463,Q463303
Q7085,P463,Q83172
Q7085,P463,Q2095524
Q7085,P463,Q466089
Q7085,P463,Q3603946
Q7085,P463,Q684415
Q7085,P19,Q1748
Q7085,P20,Q1748
Q7085,P27,Q35
Q7085,P40,Q4505347
Q7085,P40,Q12310291
Q7085,P40,Q12315250
Q7085,P40,Q103854
Q7085,P166,Q38104
Q7085,P166,Q3141777
Q7085,P166,Q976544
Q7085,P166,Q757645
Q7085,P166,Q15056034
Q7085,P166,Q7031462
Q7085,P166,Q28003
Q7085,P166,Q1994574
Q7085,P166,Q317038
Q7085,P166,Q20638310
Q7085,P166,Q844872
Q7085,P166,Q1562616
Q7085,P166,Q1419938
Q7085,P166,Q41799198
Q7085,P166,Q51025493
Q7085,P166,Q57394994
Q7085,P166,Q61577006
Q7085,P166,Q14906020
Q7085,P69,Q186285
Q7085,P69,Q332342
Q7085,P69,Q35794
Q7085,P31,Q5
Q7085,P910,Q7030974
Q7085,P108,Q186285
Q7085,P108,Q867530
Q7085,P735,Q2001572
Q7085,P802,Q451225
Q7085,P802,Q133267
Q7085,P802,Q251524
Q7085,P802,Q103854
Q7085,P802,Q202631
Q7085,P22,Q135503
Q7085,P185,Q133267
Q7085,P185,Q103854
Q7085,P1412,Q1860
Q7085,P1412,Q9035
Q7085,P551,Q35
Q7085,P551,Q34
Q7085,P551,Q21
Q7085,P551,Q30
Q7085,P551,Q1748
Q7085,P26,Q22231147
Q7085,P1344,Q127050
Q7085,P1344,Q65930519
Q7085,P1411,Q38104
Q7085,P1411,Q38104
Q7085,P1411,Q38104
Q7085,P1411,Q38104
Q7085,P1411,Q38104
Q7085,P1411,Q38104
Q7085,P1411,Q44585
Q7085,P1411,Q44585
Q7085,P413,Q201330
Q7085,P54,Q287851
Q7085,P101,Q26383
Q7085,P101,Q18362
Q7085,P3373,Q310009
Q7085,P509,Q181754
Q7085,P734,Q33129426
Q7085,P1343,Q34501886
Q7085,P1343,Q51955019
Q7085,P1343,Q67311526
Q7085,P25,Q12309804
Q7085,P800,Q172948
Q7085,P140,Q55004488
Q7085,P140,Q13211738
Q7085,P1416,Q867530
Q7085,P1416,Q263761
Q7085,P1416,Q35794
Q7085,P1416,Q635642
Q7085,P21,Q6581097
Q7085,P53,Q16844005
Q7085,P641,Q2736
Q7085,P6886,Q1860
Q7085,P1026,Q51754276
Q7085,P1038,Q1383725
Q7085,P1038,Q12332212
Q7085,P39,Q121594
Q7085,P3342,Q56189
Q407264,P31,Q4167410
Q407264,P1889,Q16865316
Q2349697,P31,Q4167410
Q2349697,P1889,Q37229717
Q578,P31,Q1790144
Q578,P527,Q39911
Q578,P279,Q186081
Q578,P279,Q38993413
Q578,P910,Q7022211
Q578,P111,Q11471
Q578,P361,Q36507
Q226455,P31,Q4167410
Q226455,P1889,Q37524752
Q226455,P1889,Q5071787
Q226455,P1889,Q5071779
Q226455,P1889,Q5071768
Q226455,P1889,Q102447481
Q226455,P1889,Q30605484
Q75101527,P31,Q4167410
Q75101527,P1889,Q51268632
Q75101527,P1889,Q11965654
Q75101527,P1889,Q81640740
Q75101527,P1889,Q7730149
Q75101527,P1889,Q7730150
Q75101527,P1889,Q81644802
Q75101527,P1889,Q11965653
Q75101527,P1889,Q11195834
Q75101527,P460,Q11164407
Q2225,P279,Q94535579
Q2225,P517,Q11418
Q2225,P517,Q849919
Q2225,P517,Q11412
Q2225,P910,Q8411332
Q2225,P61,Q2279198
Q2225,P31,Q22675015
Q2225,P2152,Q3229
Q2225,P2375,Q1087203
Q2225,P138,Q25381
Q2225,P156,Q3151
Q2225,P461,Q651050
Q218275,P31,Q4167410
Q218275,P460,Q12311773
Q1086732,P31,Q4167410
Q1086732,P460,Q10273010
Q11432,P31,Q15831576
Q11432,P279,Q102205
Q11432,P910,Q6509956
Q11432,P1343,Q2041543
Q11432,P1343,Q602358
Q11432,P1889,Q40858
Q11432,P1889,Q30067
Q11432,P1889,Q39558
Q11432,P1557,Q29147941
Q11432,P1552,Q128709
Q11432,P5008,Q5460604
Q11432,P5136,Q11435
Q11432,P527,Q182333
Q11432,P527,Q39552
Q11432,P527,Q39297
Q11432,P527,Q11466
Q11432,P527,Q104946
Q11432,P1441,Q32020202
Q34516,P279,Q781413
Q34516,P910,Q8533636
Q34516,P1343,Q19180675
Q34516,P1343,Q602358
Q34516,P1343,Q867541
Q34516,P1343,Q20089963
Q34516,P1343,Q20961706
Q34516,P1343,Q101314624
Q34516,P276,Q492038
Q34516,P366,Q170658
Q34516,P366,Q1356411
Q34516,P1889,Q130741
Q34516,P1889,Q54894703
Q34516,P460,Q12021512
Q34516,P460,Q96634588
Q34516,P31,Q96634632
Q11028,P279,Q7184903
Q11028,P910,Q1458666
Q11028,P1343,Q2657718
Q11028,P1343,Q4208106
Q11028,P828,Q2110223
Q11028,P828,Q174984
Q11028,P1542,Q9081
Q11028,P1889,Q9081
Q11028,P5008,Q5460604
Q11028,P2579,Q16387
Q11028,P1535,Q65770360
Q11028,P1535,Q355654
Q11028,P460,Q71699827
Q11028,P1552,Q3412851
Q1886349,P1687,P154
Q1886349,P910,Q8267780
Q1886349,P279,Q17537576
Q1886349,P1889,Q837816
Q1886349,P460,Q57248625
Q1886349,P361,Q166415
Q11052334,P31,Q4167410
Q12453,P279,Q791801
Q12453,P910,Q6498192
Q12453,P361,Q394
Q12453,P1687,P2575
Q12453,P5008,Q5460604
Q12453,P1552,Q1403517
Q12453,P1552,Q196372
Q12453,P1343,Q602358
Q196538,P910,Q7029056
Q196538,P279,Q1751850
Q196538,P1343,Q2657718
Q196538,P366,Q818574
Q196538,P1535,Q901
Q196538,P1535,Q420
Q196538,P61,Q76468
Q196538,P61,Q139518
Q234018,P31,Q4167410
Q234018,P1889,Q16861306
Q234018,P1343,Q2041543
Q1451745,P31,Q4167410
Q1451745,P460,Q2737864
Q1451745,P460,Q1207075
Q1451745,P460,Q77441126
Q1451745,P460,Q11784896
Q1451745,P1889,Q37211343
Q1451745,P1889,Q98963208
Q235282,P279,Q379833
Q235282,P361,Q1318295
Q79782,P279,Q17320256
Q79782,P279,Q1150070
Q79782,P279,Q17988854
Q79782,P101,Q41217
Q79782,P910,Q7014654
Q79782,P527,Q2035846
Q79782,P1552,Q11465
Q79782,P1552,Q11376
Q79782,P1552,Q12799272
Q79782,P460,Q17988854
Q7860,P910,Q4049293
Q7860,P361,Q1
Q7860,P31,Q483247
Q7860,P460,Q920021
Q7860,P1424,Q8084570
Q7860,P1889,Q21064934
Q7860,P5008,Q5460604
Q7860,P461,Q80837
Q7860,P2579,Q484591
Q7860,P2579,Q7991
Q7860,P2579,Q4379074
Q7860,P1552,Q3455898
Q1621273,P279,Q223557
Q1621273,P1424,Q6768470
Q1621273,P1424,Q6484397
Q1621273,P910,Q20078705
Q1621273,P1963,P517
Q1621273,P2738,Q23766486
Q1621273,P1343,Q5217764
Q1400881,P279,Q35120
Q1400881,P279,Q28877
Q1400881,P910,Q7035963
Q1400881,P1343,Q2041543
Q1400881,P1552,Q6498684
Q1400881,P1889,Q2186896
Q1400881,P1889,Q829909
Q1400881,P1889,Q937228
Q1400881,P1424,Q17517461
Q1400881,P5008,Q13382529
Q1400881,P1687,P1830
Q1400881,P1687,P127
Q1400881,P31,Q4897819
Q176640,P910,Q7014405
Q176640,P1343,Q2041543
Q176640,P279,Q937228
Q176640,P461,Q2534066
Q176640,P1542,Q16301153
Q176640,P2184,Q3558956
Q399857,P31,Q4167410
Q399857,P1889,Q16872664
Q399857,P460,Q16033927
Q399857,P460,Q15842114
Q399857,P460,Q4186691
Q399857,P460,Q65620235
Q399857,P460,Q65620244
Q399857,P460,Q65620254
Q399857,P910,Q32081698
Q2995644,P828,Q3249551
Q2995644,P828,Q4026292
Q2995644,P828,Q1190554
Q2995644,P1269,Q179289
Q2995644,P461,Q3249551
Q2995644,P279,Q733541
Q336,P279,Q11862829
Q336,P1151,Q4541810
Q336,P910,Q1458083
Q336,P2184,Q201486
Q336,P2959,Q21200630
Q336,P2283,Q46857
Q336,P527,Q12132639
Q336,P527,Q901
Q336,P527,Q7991
Q336,P527,Q34749
Q336,P527,Q816264
Q336,P527,Q5769081
Q336,P527,Q1665984
Q336,P461,Q28954762
Q336,P1424,Q6177750
Q336,P1343,Q602358
Q336,P1343,Q19180675
Q336,P1343,Q1970746
Q336,P3095,Q901
Q336,P5008,Q5460604
Q336,P1056,Q9081
Q336,P1889,Q8027727
Q336,P31,Q11862829
Q336,P1552,Q3320364
Q901,P425,Q336
Q901,P910,Q7043111
Q901,P1424,Q5624818
Q901,P279,Q1650915
Q901,P279,Q20826540
Q901,P1542,Q30046708
Q901,P2283,Q46857
Q901,P31,Q28640
Q901,P6186,Q6963916
Q901,P460,Q1650915
Q901,P1963,P69
Q901,P1963,P101
Q901,P1963,P1053
Q901,P1963,P496
Q901,P1963,P2650
Q901,P2354,Q3849895
Q7502129,P31,Q4167410
Q7574974,P31,Q4167410
Q402577,P31,Q4167410
Q402577,P1889,Q19968379
Q402577,P1889,Q36862525
Q16968816,P279,Q219858
Q202069,P31,Q4167410
Q202069,P1889,Q37019292
Q202069,P1889,Q691874
Q202069,P1889,Q76161855
Q202069,P1889,Q76163433
Q10884,P279,Q157957
Q10884,P279,Q757163
Q10884,P910,Q6641172
Q10884,P910,Q64211152
Q10884,P1343,Q2657718
Q10884,P1343,Q4086271
Q10884,P1343,Q602358
Q10884,P1343,Q1970746
Q10884,P1424,Q10810580
Q10884,P361,Q1649770
Q10884,P2670,Q193472
Q10884,P2670,Q2923673
Q10884,P2670,Q33971
Q10884,P2670,Q2138208
Q10884,P2670,Q534131
Q10884,P2670,Q184453
Q10884,P1889,Q7210825
Q10884,P5008,Q5460604
Q10884,P1672,Q287
Q10884,P2579,Q19924411
Q10884,P31,Q55983715
Q37172,P910,Q6941290
Q37172,P279,Q170475
Q37172,P527,Q691978
Q37172,P527,Q626707
Q37172,P1552,Q41364
Q37172,P1552,Q11652
Q37172,P1552,Q1165717
Q37172,P1552,Q1148098
Q37172,P1343,Q602358
Q219877,P31,Q4167410
Q219877,P1889,Q37440729
Q231010,P31,Q4167410
Q82760,P31,Q4167410
Q482980,P1687,P50
Q482980,P1687,P1778
Q482980,P1687,P3931
Q482980,P1687,P170
Q482980,P279,Q2500638
Q482980,P910,Q9701158
Q482980,P31,Q12737077
Q482980,P5869,Q42
Q482980,P5869,Q692
Q482980,P5869,Q36322
Q482980,P6186,Q8347428
Q482980,P1552,Q10859333
Q482980,P1889,Q8209871
Q865054,P279,Q987767
Q865054,P1889,Q2879006
Q865054,P1343,Q20078554
Q865054,P31,Q2424752
Q865054,P910,Q8606555
Q34394,P279,Q54989186
Q34394,P910,Q7216536
Q34394,P1343,Q2041543
Q34394,P1343,Q3181656
Q34394,P460,Q1048607
Q34394,P3095,Q17573152
Q34394,P461,Q16547842
Q34394,P1889,Q34302
Q34394,P31,Q5303685
Q152574,P279,Q4388799
Q152574,P910,Q7311064
Q152574,P1343,Q2041543
Q152574,P1343,Q99982228
Q152574,P1889,Q337481
Q68,P279,Q2858615
Q68,P279,Q241317
Q68,P910,Q6061304
Q68,P737,Q6719084
Q68,P1424,Q5616658
Q68,P527,Q2384798
Q68,P527,Q7397
Q68,P527,Q3966
Q68,P527,Q9143
Q68,P527,Q250
Q68,P527,Q5300
Q68,P527,Q183484
Q68,P5008,Q5460604
Q68,P5125,Q7112590
Q68,P2579,Q21198
Q68,P1889,Q31087
Q68,P1889,Q5300
Q68,P1889,Q5290
Q68,P1889,Q179310
Q68,P1552,Q1781447
Q68,P1552,Q716676
Q68,P1552,Q1197550
Q101072,P910,Q8367813
Q101072,P279,Q1200750
Q101072,P279,Q2684591
Q101072,P828,Q2063340
Q101072,P1343,Q602358
Q101072,P1343,Q19190511
Q101072,P1343,Q101314624
Q9158,P910,Q7213733
Q9158,P5008,Q5460604
Q9158,P2283,Q11680886
Q9158,P2283,Q59164214
Q9158,P138,Q49845
Q9158,P2184,Q30324830
Q9158,P1889,Q25978533
Q9158,P279,Q1668024
Q9158,P279,Q133492
Q9158,P279,Q1076968
Q9158,P279,Q2554719
Q5420343,P31,Q4167410
Q132311,P279,Q9326077
Q132311,P910,Q7151195
Q132311,P31,Q20076756
Q132311,P1151,Q15146862
Q132311,P5125,Q16000276
Q132311,P1889,Q24723
Q11402,P910,Q7434208
Q11402,P1343,Q2657718
Q11402,P1343,Q26711933
Q11402,P1343,Q73391977
Q11402,P2959,Q22828215
Q11402,P460,Q29713396
Q11402,P279,Q18603648
Q11402,P279,Q30337763
Q11402,P279,Q2672914
Q11402,P279,Q107715
Q11402,P5008,Q5460604
Q11402,P1687,P5708
Q11402,P4934,Q41273
Q11402,P4934,Q2199864
Q11402,P8111,Q12438
Q80411,P31,Q4167410
Q80411,P1889,Q628939
Q80411,P1889,Q1365664
Q80411,P460,Q5193095
Q80411,P460,Q24210677
Q5690209,P31,Q4167410
Q5690209,P1889,Q36940799
Q5690209,P1889,Q288231
Q1178576,P31,Q4167410
Q1178576,P1889,Q16871404
Q1224761,P31,Q4167410
Q16290799,P31,Q4167410
Q16290799,P1889,Q56011601
Q7063046,P31,Q4167410
Q7063046,P1889,Q595523
Q200538,P279,Q1656682
Q200538,P910,Q7216597
Q215627,P279,Q830077
Q215627,P279,Q24229398
Q215627,P279,Q18336849
Q215627,P279,Q795052
Q215627,P910,Q4047087
Q215627,P1552,Q2867027
Q215627,P1552,Q61002
Q215627,P1552,Q2389905
Q215627,P1552,Q11920938
Q215627,P1552,Q37787614
Q215627,P1552,Q185836
Q215627,P1552,Q7170675
Q215627,P1552,Q202444
Q215627,P1552,Q48277
Q215627,P1552,Q101352
Q215627,P1552,Q641118
Q215627,P1552,Q2254571
Q215627,P1552,Q7170593
Q215627,P1552,Q3968640
Q215627,P1552,Q3738275
Q215627,P6186,Q6963706
Q215627,P460,Q154954
Q215627,P5008,Q13382529
Q215627,P1687,P3342
Q215627,P1889,Q7170675
Q215627,P1889,Q16712637
Q215627,P1889,Q5
Q215627,P1889,Q97498056
Q11035,P279,Q11019
Q11035,P279,Q1183543
Q11035,P279,Q581105
Q11035,P279,Q2425052
Q11035,P366,Q131395
Q11035,P910,Q9296191
Q11035,P1343,Q2657718
Q11035,P1343,Q4114391
Q11035,P1343,Q27680201
Q11035,P1343,Q19180675
Q11035,P1343,Q602358
Q11035,P1343,Q602358
Q11035,P61,Q77124
Q11035,P61,Q318449
Q11035,P61,Q34286
Q11035,P61,Q273314
Q11035,P4733,Q690856
Q11035,P5008,Q5460604
Q11035,P2184,Q5870934
Q11035,P361,Q2354216
Q11035,P1889,Q202064
Q429220,P279,Q3142
Q429220,P31,Q1075
Q429220,P910,Q6310970
Q429220,P138,Q34687
Q3914,P279,Q2385804
Q3914,P910,Q7483675
Q3914,P1424,Q5618975
Q3914,P1424,Q10962958
Q3914,P527,Q48942
Q3914,P527,Q2251335
Q3914,P527,Q362165
Q3914,P527,Q1076099
Q3914,P527,Q1244442
Q3914,P1343,Q2041543
Q3914,P1343,Q1768721
Q3914,P1687,P7121
Q3914,P7084,Q8762127
Q620805,P461,Q7066
Q620805,P279,Q34394
Q620805,P279,Q9174
Q620805,P910,Q7214278
Q620805,P361,Q209295
Q620805,P1269,Q1699404
Q620805,P31,Q49447
Q620805,P3095,Q99521706
Q620805,P1889,Q620629
Q12452291,P31,Q4167410
Q12452291,P1889,Q37483654
Q12452291,P1889,Q2414595
Q12452291,P460,Q2414595
Q119645,P31,Q4167410
Q119645,P1889,Q16002630
Q119645,P1889,Q30091699
Q119645,P1889,Q37247509
Q487994,P1343,Q4532135
Q487994,P1343,Q602358
Q487994,P1343,Q19180675
Q487994,P31,Q1762471
Q487994,P1889,Q2429037
Q93191,P910,Q8289318
Q93191,P279,Q23540
Q93191,P1151,Q12126610
Q93191,P31,Q879146
Q93191,P1343,Q19211082
Q93191,P1343,Q602358
Q93191,P1343,Q19180675
Q93191,P1343,Q4173137
Q93191,P1343,Q3181656
Q93191,P5008,Q15304953
Q7873,P279,Q1058795
Q7873,P279,Q629103
Q7873,P279,Q27983054
Q7873,P361,Q11068
Q7873,P910,Q7214757
Q7873,P527,Q79749
Q7873,P527,Q37187
Q7873,P527,Q42395
Q7873,P527,Q101026
Q7873,P1343,Q19180675
Q7873,P1343,Q1970746
Q7873,P1343,Q602358
Q7873,P1343,Q867541
Q7873,P1343,Q20961706
Q7873,P1343,Q4173137
Q7873,P5008,Q5460604
Q7873,P2849,Q546523
Q7873,P2579,Q103824
Q7873,P1552,Q47657
Q7873,P1552,Q82642
Q571,P186,Q11472
Q571,P186,Q226697
Q571,P186,Q389782
Q571,P279,Q49848
Q571,P279,Q732577
Q571,P279,Q2342494
Q571,P910,Q5461161
Q571,P2959,Q52834100
Q571,P1552,Q783521
Q571,P1552,Q482980
Q571,P1552,Q2085381
Q571,P1552,Q1361759
Q571,P1552,Q1361758
Q571,P1552,Q33057
Q571,P1552,Q34770
Q571,P1552,Q1238720
Q571,P1552,Q2985386
Q571,P1552,Q998555
Q571,P1552,Q240471
Q571,P1552,Q1125338
Q571,P1889,Q3331189
Q571,P1889,Q47461344
Q571,P1424,Q22835068
Q571,P1424,Q47482683
Q571,P1424,Q5858283
Q571,P366,Q3523102
Q571,P366,Q199657
Q571,P2354,Q5251635
Q571,P1963,P872
Q571,P1963,P1823
Q571,P1963,P1143
Q571,P1963,P2879
Q571,P1963,P2969
Q571,P1963,P3631
Q571,P1963,P50
Q571,P1963,P1476
Q571,P1963,P747
Q571,P1963,P364
Q571,P1963,P407
Q571,P527,Q234460
Q571,P527,Q1069725
Q571,P527,Q1980247
Q571,P5008,Q5460604
Q571,P5125,Q7112569
Q571,P1151,Q10880143
Q571,P5869,Q208002
Q571,P5869,Q428
Q571,P5869,Q191838
Q571,P5869,Q8265
Q571,P6104,Q8487081
Q571,P1343,Q602358
Q571,P1343,Q19180675
Q571,P2184,Q15873402
Q4943243,P31,Q4167410
Q41176,P279,Q811979
Q41176,P279,Q13226383
Q41176,P910,Q8963787
Q41176,P1424,Q5906647
Q41176,P527,Q831691
Q41176,P527,Q183061
Q41176,P527,Q83180
Q41176,P527,Q234852
Q41176,P527,Q170552
Q41176,P527,Q42948
Q41176,P527,Q16685719
Q41176,P527,Q35473
Q41176,P527,Q221706
Q41176,P527,Q217164
Q41176,P527,Q36794
Q41176,P527,Q24698748
Q41176,P1963,P131
Q41176,P1963,P17
Q41176,P1963,P84
Q41176,P1963,P149
Q41176,P1963,P455
Q41176,P1963,P454
Q41176,P1963,P1398
Q41176,P1963,P669
Q41176,P1963,P1419
Q41176,P1963,P462
Q41176,P1963,P1101
Q41176,P1963,P1139
Q41176,P1963,P527
Q41176,P1963,P3113
Q41176,P1963,P193
Q41176,P1963,P631
Q41176,P1963,P186
Q41176,P1963,P856
Q41176,P1963,P281
Q41176,P1963,P625
Q41176,P1963,P6375
Q41176,P1963,P466
Q41176,P1963,P167
Q41176,P1963,P5816
Q41176,P1963,P5817
Q41176,P1687,P3032
Q41176,P6186,Q7480121
Q41176,P6440,Q3055298
Q41176,P1343,Q101314624
Q1546441,P31,Q4167410
Q1546441,P1889,Q16865400
Q2627975,P279,Q1656682
Q2627975,P279,Q2245405
Q2627975,P910,Q7483114
Q2627975,P1343,Q101314624
Q5043,P1151,Q8586708
Q5043,P910,Q1983866
Q5043,P3095,Q106039
Q5043,P2959,Q22828226
Q5043,P1424,Q5881848
Q5043,P740,Q1218
Q5043,P5125,Q7112229
Q5043,P31,Q6957341
Q5043,P112,Q302
Q5043,P2184,Q235329
Q5043,P279,Q47280
Q5043,P279,Q19842652
Q5043,P279,Q9174
Q5043,P138,Q302
Q5043,P5008,Q5460604
Q5043,P1343,Q19538713
Q5043,P1343,Q19180675
Q5043,P1343,Q602358
Q5043,P1343,Q3181656
Q5043,P1343,Q867541
Q5043,P807,Q9268
Q5043,P6104,Q4587240
Q5043,P457,Q1845
Q605315,P31,Q4167410
Q605315,P460,Q1594
Q605315,P460,Q14554901
Q605315,P460,Q424883
Q605315,P460,Q355224
Q605315,P460,Q414531
Q605315,P460,Q1128218
Q605315,P460,Q1397336
Q605315,P460,Q408198
Q605315,P460,Q15823565
Q605315,P460,Q15904453
Q605315,P1889,Q16865586
Q605315,P1889,Q16970
Q605315,P1889,Q44539
Q19969914,P31,Q4167410
Q345306,P31,Q4167410
Q345306,P1889,Q16865769
Q23009870,P31,Q171318
Q23009870,P279,Q12758374
Q23009870,P1889,Q1033838
Q23009870,P1889,Q41810352
Q1762010,P279,Q125375
Q1762010,P1343,Q602358
Q1762010,P1343,Q19190511
Q1762010,P1889,Q1941071
Q6674,P31,Q207174
Q6674,P910,Q9662041
Q6674,P1343,Q602358
Q6674,P1343,Q19180675
Q6674,P1343,Q4086271
Q6674,P1343,Q2041543
Q6674,P1343,Q20096917
Q6674,P1343,Q867541
Q6674,P1343,Q20961706
Q6674,P1343,Q3181656
Q6674,P279,Q177413
Q6674,P460,Q35230
Q6674,P460,Q177413
Q6674,P460,Q3959257
Q6674,P460,Q273101
Q6674,P460,Q2829166
Q23055925,P31,Q4167410
Q28022790,P31,Q4167410
Q14660,P279,Q17335294
Q14660,P279,Q8205328
Q14660,P279,Q806880
Q14660,P910,Q7217403
Q14660,P1687,P41
Q14660,P1687,P163
Q14660,P1343,Q2041543
Q14660,P1343,Q1768721
Q14660,P1343,Q867541
Q14660,P1424,Q5857595
Q14660,P1963,P3089
Q14660,P2579,Q186083
Q14660,P1889,Q1371499
Q14660,P180,Q6256
Q14660,P1419,Q209
Q14660,P2789,Q1971570
Q996839,P279,Q43229
Q996839,P279,Q177634
Q996839,P910,Q8912919
Q996839,P1343,Q2657718
Q996839,P138,Q10861465
Q996839,P1889,Q5868822
Q996839,P2354,Q16149265
Q170924,P910,Q8550190
Q170924,P361,Q806737
Q170924,P1343,Q2041543
Q170924,P279,Q30242023
Q2979,P910,Q7213727
Q2979,P2959,Q22828867
Q2979,P461,Q8463
Q2979,P1889,Q1130491
Q2979,P5008,Q13382529
Q2979,P1424,Q10542594
Q2979,P31,Q840396
Q2979,P279,Q1347367
Q2979,P1343,Q101314624
Q4925193,P461,Q7949
Q4925193,P910,Q30645538
Q4925193,P279,Q108163
Q4925193,P279,Q17949
Q4925193,P279,Q170028
Q4925193,P31,Q451967
Q4925193,P366,Q170028
Q4925193,P1343,Q1970746
Q4925193,P1343,Q602358
Q4925193,P1343,Q4173137
Q353472,P31,Q4167410
Q353472,P1889,Q16872410
Q353472,P1889,Q28727512
Q214609,P910,Q10136590
Q214609,P910,Q4057308
Q214609,P1687,P186
Q214609,P2579,Q228736
Q214609,P460,Q27166344
Q214609,P279,Q2424752
Q214609,P279,Q28555911
Q214609,P1552,Q76005
Q214609,P1552,Q186191
Q214609,P1552,Q29539
Q214609,P1552,Q3236003
Q214609,P1963,P1295
Q214609,P1963,P1552
Q214609,P1424,Q18534419
Q214609,P1343,Q101314624
Q628523,P910,Q9034900
Q628523,P279,Q11028
Q628523,P366,Q11024
Q628523,P1889,Q54894944
Q628523,P1552,Q1530061
Q82799,P279,Q8171
Q82799,P279,Q3695082
Q82799,P910,Q5642451
Q82799,P361,Q315
Q82799,P1687,P2561
Q82799,P1687,P1559
Q82799,P460,Q783521
Q82799,P460,Q151411
Q82799,P1889,Q503992
Q82799,P1889,Q31967286
Q82799,P1557,Q600590
Q381045,P910,Q8862015
Q381045,P279,Q108163
Q381045,P279,Q94535766
Q381045,P1343,Q678259
Q381045,P1343,Q2041543
Q381045,P1343,Q4532138
Q381045,P1343,Q1768721
Q381045,P1687,P543
Q381045,P1889,Q12529338
Q381045,P747,Q19525594
Q381045,P747,Q19525597
Q381045,P747,Q19525601
Q381045,P747,Q19525606
Q224749,P31,Q4167410
Q224749,P1889,Q15471528
Q224749,P1889,Q13563379
Q414241,P31,Q4167410
Q414241,P1889,Q37017525
Q257010,P31,Q4167410
Q257010,P1889,Q37458602
Q257010,P1343,Q2041543
Q16881471,P31,Q4167410
Q497263,P460,Q19622444
Q497263,P1889,Q54895125
Q497263,P31,Q1190554
Q11990,P279,Q2996394
Q11990,P910,Q7014346
Q11990,P2670,Q3427333
Q11990,P2670,Q2725616
Q11990,P2670,Q3427336
Q11990,P31,Q2996394
Q11990,P5008,Q5460604
Q11990,P1542,Q1899900
Q8063,P279,Q3405827
Q8063,P910,Q9721612
Q8063,P1343,Q602358
Q8063,P1343,Q19180675
Q8063,P1343,Q1768721
Q8063,P461,Q36133
Q8063,P1424,Q10806631
Q8063,P5008,Q5460604
Q8063,P1552,Q1263816
Q8063,P1552,Q20826906
Q8063,P1552,Q256699
Q8063,P186,Q1519493
Q8063,P1889,Q1404150
Q183225,P461,Q859781
Q183225,P461,Q3800752
Q183225,P31,Q2393196
Q183225,P5008,Q13382529
Q247046,P31,Q4167410
Q247046,P1889,Q15238167
Q247046,P1889,Q19859656
Q247046,P460,Q3531566
Q247046,P460,Q239924
Q247046,P460,Q585215
Q247046,P460,Q578690
Q232434,P31,Q4167410
Q37260,P279,Q11024
Q37260,P279,Q974688
Q37260,P910,Q7014659
Q37260,P366,Q11024
Q37260,P1535,Q5
Q37260,P1535,Q1264681
Q37260,P1552,Q12055124
Q37260,P1552,Q2243831
Q37260,P1151,Q11056665
Q37260,P1889,Q10926511
Q37260,P1889,Q11499915
Q37260,P1889,Q60527758
Q37260,P3095,Q36180
Q37260,P2283,Q3327760
Q37260,P2283,Q121916
Q37260,P1269,Q1340267
Q37260,P2579,Q181260
Q37260,P2579,Q185133
Q37260,P527,Q4537333
Q37260,P527,Q378408
Q37260,P527,Q1786161
Q2114394,P31,Q263865
Q2114394,P31,Q1136880
Q2114394,P461,Q200
Q6726616,P17,Q843
Q6726616,P131,Q284210
Q6726616,P31,Q486972
Q6726616,P31,Q2592651
Q6726616,P1889,Q12495987
Q1244248,P31,Q4167410
Q1244248,P460,Q16665940
Q1244248,P460,Q354989
Q1244248,P460,Q1205826
Q1244248,P460,Q29435413
Q1244248,P1889,Q20899047
Q1244248,P1889,Q37503576
Q1244248,P1889,Q193490
Q1244248,P1889,Q223181
Q1244248,P1889,Q48980519
Q1244248,P910,Q63860190
Q190507,P31,Q60539479
Q190507,P461,Q1747066
Q190507,P460,Q1812977
Q190507,P1889,Q18438730
Q190507,P1889,Q54895174
Q190507,P361,Q77468620
Q1906515,P31,Q4167410
Q4829132,P31,Q4167410
Q730920,P910,Q7216270
Q730920,P279,Q61788060
Q730920,P279,Q170658
Q730920,P1542,Q21075690
Q730920,P828,Q621184
Q730920,P361,Q77468620
Q730920,P1552,Q4156986
Q662860,P910,Q8755238
Q662860,P279,Q251777
Q662860,P1889,Q21056498
Q662860,P1889,Q7212330
Q662860,P1889,Q27186512
Q662860,P5125,Q7112730
Q662860,P5642,Q3184856
Q662860,P5642,Q12135
Q662860,P5642,Q2015728
Q662860,P5642,Q545365
Q662860,P1542,Q12192
Q662860,P1542,Q199804
Q662860,P1542,Q188605
Q662860,P1542,Q47912
Q662860,P1542,Q1472
Q662860,P1542,Q12204
Q662860,P1542,Q12152
Q662860,P1424,Q14397453
Q662860,P1441,Q63892457
Q662860,P1441,Q63892460
Q9420,P279,Q781413
Q9420,P910,Q6509832
Q9420,P460,Q349047
Q9420,P1343,Q2657718
Q9420,P1343,Q2041543
Q9420,P5008,Q5460604
Q9420,P5125,Q7112801
Q9420,P2579,Q147638
Q9420,P1889,Q7784616
Q9420,P361,Q77468620
Q37038,P279,Q11028
Q37038,P279,Q17537576
Q37038,P279,Q7406919
Q37038,P910,Q6448504
Q37038,P1343,Q2657718
Q37038,P1343,Q602358
Q37038,P1343,Q19180675
Q37038,P1343,Q1970746
Q37038,P2184,Q3137306
Q37038,P180,Q2424752
Q37038,P180,Q7406919
Q37038,P3095,Q10355417
Q37038,P31,Q8187769
Q308859,P910,Q8254929
Q308859,P1382,Q2476929
Q308859,P1382,Q188728
Q308859,P279,Q1503443
Q308859,P279,Q100195948
Q308859,P3712,Q188728
Q308859,P3712,Q10566551
Q346947,P31,Q4167410
Q4781711,P31,Q4167410
Q483501,P910,Q6442246
Q483501,P1424,Q5914426
Q483501,P460,Q29786040
Q483501,P6186,Q6964289
Q483501,P425,Q735
Q483501,P1343,Q3181656
Q483501,P1687,P175
Q483501,P279,Q702269
Q483501,P31,Q12737077
Q29142,P279,Q83267
Q29142,P279,Q16886387
Q257022,P31,Q171
Q257022,P1889,Q18245781
Q257022,P1889,Q14830074
Q257022,P460,Q13371784
Q257022,P460,Q397358
Q257022,P460,Q18609366
Q257022,P460,Q28004766
Q257022,P460,Q1498271
Q257022,P460,Q1553384
Q257022,P460,Q1553990
Q257022,P460,Q2090277
Q257022,P460,Q2419320
Q257022,P460,Q2850854
Q289262,P31,Q4167410
Q289262,P1889,Q4564223
Q289262,P1889,Q37476336
Q289262,P1889,Q18015644
Q289262,P460,Q19983614
Q9530,P910,Q8657550
Q9530,P527,Q840343
Q9530,P527,Q2197000
Q9530,P361,Q472287
Q9530,P1056,Q13428325
Q9530,P5008,Q5460604
Q9530,P31,Q2996394
Q9530,P1343,Q602358
Q225819,P31,Q4167410
Q225819,P460,Q3092486
Q225819,P1889,Q37530892
Q225819,P1889,Q366773
Q239607,P31,Q4167410
Q239607,P1889,Q20963336
Q239607,P1889,Q37538385
Q344264,P31,Q4167410
Q344264,P1889,Q16865725
Q1181643,P31,Q4167410
Q1181643,P1889,Q37522575
Q1181643,P1889,Q67214418
Q1181643,P1889,Q1001904
Q20811561,P31,Q4167410
Q418562,P31,Q4167410
Q418562,P1889,Q37132412
Q441195,P31,Q4167410
Q441195,P910,Q8003635
Q397164,P31,Q4167410
Q35140,P279,Q1656682
Q35140,P279,Q855395
Q35140,P279,Q16686448
Q35140,P910,Q8882941
Q35140,P1889,Q22672348
Q35140,P1889,Q13538566
Q35140,P1424,Q13033746
Q35140,P4646,Q43099500
Q35140,P1687,P5027
Q35140,P31,Q4671286
Q35140,P361,Q77468620
Q229289,P31,Q4167410
Q229289,P460,Q7247219
Q229289,P460,Q16867777
Q229289,P1889,Q37535167
Q229289,P910,Q11090775
Q1650182,P31,Q4167410
Q519,P31,Q184439
Q519,P1889,Q31196418
Q519,P921,Q496
Q16363,P279,Q17781690
Q16363,P279,Q66515135
Q16363,P910,Q7215698
Q16363,P1343,Q19558994
Q16363,P1343,Q63284758
Q16363,P361,Q841423
Q16363,P1889,Q29841352
Q16363,P1889,Q379859
Q16363,P2789,Q756066
Q16363,P2789,Q9633
Q1137469,P31,Q4167410
Q1137469,P1889,Q30087270
Q287593,P31,Q4167410
Q287593,P1889,Q16883922
Q2202182,P31,Q4167410
Q2202182,P1889,Q37554136
Q58778,P910,Q6642953
Q58778,P1343,Q2657718
Q58778,P279,Q6671777
Q58778,P1552,Q7663702
Q58778,P1552,Q215772
Q58778,P1552,Q2920644
Q58778,P1552,Q598451
Q58778,P1552,Q3298282
Q58778,P1552,Q183635
Q58778,P1552,Q96116695
Q58778,P1552,Q723897
Q58778,P1552,Q1062741
Q58778,P1552,Q52948
Q58778,P2579,Q269699
Q58778,P2579,Q123637
Q58778,P2579,Q2167061
Q58778,P2579,Q682496
Q58778,P31,Q96251598
Q58778,P2670,Q2400845
Q58778,P2670,Q1310239
Q58778,P2670,Q1151067
Q2463013,P31,Q4167410
Q196939,P910,Q13321075
Q196939,P1343,Q2657718
Q196939,P1343,Q2041543
Q196939,P1343,Q30059240
Q196939,P1343,Q4173137
Q196939,P1343,Q19180675
Q196939,P1343,Q602358
Q196939,P1889,Q31413959
Q196939,P279,Q57735705
Q196939,P1552,Q160402
Q196939,P460,Q23055586
Q741306,P31,Q4167410
Q741306,P1889,Q741332
Q55653,P31,Q571571
Q4034953,P31,Q4167410
Q4034953,P1889,Q210395
Q4034953,P1889,Q60715676
Q4034953,P1889,Q93591301
Q4034953,P1889,Q4878471
Q4034953,P1889,Q93634241
Q14326950,P31,Q4167410
Q1072,P279,Q24060765
Q1072,P361,Q11068
Q1072,P910,Q6138842
Q1072,P1343,Q19558994
Q1072,P2286,Q429285
Q1072,P2286,Q744391
Q1072,P2289,Q736995
Q1072,P927,Q994554
Q1072,P2789,Q9655
Q1072,P2789,Q9609
Q1072,P527,Q3368336
Q1072,P527,Q84133
Q1072,P703,Q729
Q1072,P4733,Q967103
Q1072,P366,Q82468078
Q1072,P4843,Q14819288
Q1072,P5008,Q5460604
Q1072,P2579,Q10379
Q1072,P31,Q4936952
Q1072,P1889,Q2419844
Q644302,P910,Q7465355
Q644302,P361,Q77468620
Q7079061,P31,Q4167410
Q454,P279,Q3505845
Q454,P279,Q19829125
Q454,P461,Q198
Q454,P910,Q7158150
Q454,P5008,Q5460604
Q454,P2959,Q94701131
Q454,P1151,Q96077045
Q98282187,P31,Q4167410
Q98282187,P1889,Q2822029
Q98282187,P1889,Q1757325
Q98282187,P1889,Q727927
Q98282187,P460,Q252693
Q98282187,P460,Q98282257
Q98282187,P460,Q98282383
Q98282187,P460,Q98282508
Q98282187,P460,Q98282629
Q98282187,P460,Q98282685
Q98282187,P460,Q98282790
Q12886397,P31,Q4167410
Q12886397,P460,Q297036
Q217602,P910,Q7013792
Q217602,P279,Q46857
Q217602,P279,Q3249551
Q217602,P279,Q8187769
Q217602,P1343,Q2657718
Q217602,P1889,Q371046
Q217602,P3095,Q485178
Q729,P105,Q36732
Q729,P171,Q24966129
Q729,P171,Q19088
Q729,P31,Q16521
Q729,P910,Q6254409
Q729,P910,Q7157802
Q729,P944,Q13011
Q729,P1151,Q7470306
Q729,P523,Q507402
Q729,P1343,Q2657718
Q729,P1343,Q602358
Q729,P1343,Q19180675
Q729,P1343,Q1210353
Q729,P2354,Q1401693
Q729,P1424,Q6679944
Q729,P1963,P2839
Q729,P5008,Q5460604
Q729,P1420,Q151542
Q729,P1552,Q2990593
Q729,P1552,Q3007160
Q729,P1552,Q925958
Q729,P1552,Q1469725
Q729,P279,Q7239
Q420391,P31,Q4167410
Q396128,P31,Q4167410
Q396128,P1889,Q815612
Q396128,P1889,Q3913180
Q396128,P1889,Q4882782
Q396128,P1889,Q102278424
Q431289,P279,Q16889133
Q431289,P279,Q167270
Q431289,P910,Q6450098
Q431289,P1963,P154
Q431289,P1963,P127
Q431289,P31,Q24017414
Q431289,P1687,P1716
Q16768414,P31,Q4167410
Q543,P910,Q6486974
Q543,P279,Q6805989
Q543,P279,Q621608
Q543,P279,Q1920219
Q543,P3095,Q22272441
Q543,P1343,Q602358
Q543,P5008,Q13382529
Q349043,P31,Q4167410
Q349043,P1889,Q16274777
Q349043,P1889,Q60411985
Q349043,P1889,Q60413811
Q349043,P1889,Q75819852
Q349043,P1889,Q75819233
Q349043,P1889,Q2955957
Q1399174,P31,Q4167410
Q186290,P361,Q12483
Q186290,P31,Q151885
Q186290,P1343,Q2657718
Q186290,P1269,Q12483
Q186290,P279,Q930933
Q596077,P279,Q2090618
Q20659690,P31,Q4167410
Q20659690,P1889,Q292776
Q42848,P910,Q6641340
Q42848,P1889,Q9081
Q42848,P101,Q15088675
Q42848,P279,Q11028
Q42848,P361,Q59138835
Q42848,P1552,Q190087
Q42848,P1552,Q5227257
Q4402708,P361,Q166656
Q4402708,P910,Q8372262
Q4402708,P31,Q29028649
Q4402708,P461,Q542869
Q4402708,P1343,Q2657718
Q4402708,P279,Q3515335
Q1393757,P31,Q4167410
Q1393757,P1889,Q37538891
Q1393757,P460,Q99336911
Q489750,P910,Q9979445
Q489750,P1343,Q602358
Q489750,P1343,Q19180675
Q489750,P1343,Q1970746
Q489750,P1889,Q193432
Q489750,P279,Q2393196
Q489750,P910,Q9979445
Q489750,P1343,Q602358
Q489750,P1343,Q19180675
Q489750,P1343,Q1970746
Q489750,P1889,Q193432
Q489750,P279,Q2393196
Q489750,P910,Q9979445
Q489750,P1343,Q602358
Q489750,P1343,Q19180675
Q489750,P1343,Q1970746
Q489750,P1889,Q193432
Q489750,P279,Q2393196
Q131596,P910,Q7305291
Q131596,P279,Q10354598
Q131596,P279,Q5890494
Q131596,P527,Q1207909
Q131596,P527,Q489357
Q131596,P31,Q17334923
Q24091434,P1889,Q37199646
Q24091434,P279,Q2979
Q309,P1151,Q175361
Q309,P910,Q1457595
Q309,P2959,Q20829341
Q309,P2959,Q58237100
Q309,P2579,Q1066186
Q309,P279,Q4330518
Q309,P279,Q5067949
Q309,P279,Q11862829
Q309,P5008,Q5460604
Q309,P5125,Q7112655
Q309,P1343,Q30059240
Q309,P1343,Q602358
Q309,P1269,Q192630
Q309,P2670,Q13418847
Q309,P2670,Q1145106
Q309,P2670,Q209815
Q309,P1889,Q7168
Q309,P1889,Q1066186
Q41719,P279,Q108163
Q41719,P279,Q321703
Q41719,P1963,P31
Q41719,P1963,P1136
Q41719,P1659,P1480
Q41719,P1343,Q602358
Q41719,P1343,Q602358
Q41719,P361,Q17737
Q41719,P361,Q65943
Q41719,P910,Q8252025
Q41719,P1269,Q24238356
Q41719,P1269,Q94626994
Q226621,P31,Q4167410
Q226621,P910,Q18785248
Q1161331,P31,Q4167410
Q9081,P279,Q104127086
Q9081,P910,Q2945448
Q9081,P31,Q33104279
Q9081,P31,Q54989186
Q9081,P1343,Q302556
Q9081,P1343,Q2041543
Q9081,P1343,Q1768721
Q9081,P461,Q815577
Q9081,P828,Q133500
Q9081,P1889,Q11028
Q9081,P1889,Q42848
Q9081,P5008,Q5460604
Q9081,P5125,Q7112676
Q9081,P2579,Q9471
Q9081,P1535,Q192060
Q9081,P1382,Q46744
Q9081,P1382,Q164359
Q9081,P1552,Q6423374
Q9081,P460,Q1520777
Q1799745,P31,Q4167410
Q1799745,P1889,Q16871736
Q18142571,P31,Q4167410
Q393987,P31,Q4167410
Q413678,P31,Q4167410
Q413678,P1889,Q21484983
Q1603129,P31,Q4167410
Q343228,P31,Q4167410
Q415384,P31,Q4167410
Q415384,P1889,Q37094658
Q1395219,P910,Q8749474
Q1395219,P1343,Q2657718
Q1395219,P1343,Q63284758
Q1395219,P1343,Q30059240
Q1395219,P1343,Q602358
Q1395219,P1343,Q101314624
Q1395219,P1424,Q8005825
Q1395219,P1382,Q245781
Q1395219,P31,Q2393196
Q1395219,P31,Q622645
Q1395219,P279,Q82785806
Q348486,P31,Q4167410
Q348486,P1889,Q41796
Q177204,P31,Q4167410
Q177204,P1889,Q36966347
Q7949,P460,Q2840730
Q7949,P460,Q29714020
Q7949,P460,Q188572
Q7949,P460,Q1648040
Q7949,P461,Q4925193
Q7949,P461,Q17949
Q7949,P910,Q6991843
Q7949,P279,Q108163
Q7949,P5008,Q5460604
Q7949,P1382,Q1530061
Q7949,P1889,Q413495
Q7949,P1889,Q1520777
Q188561,P31,Q4167410
Q188561,P460,Q12525541
Q188561,P460,Q420817
Q188561,P460,Q2859631
Q188561,P460,Q11246075
Q188561,P460,Q67206693
Q188561,P1889,Q37105091
Q185785,P279,Q8205328
Q185785,P279,Q3054261
Q185785,P910,Q7459948
Q1911050,P31,Q4167410
Q1911050,P1889,Q37561285
Q40080,P279,Q19817101
Q40080,P279,Q468756
Q40080,P279,Q17350442
Q40080,P910,Q7029608
Q40080,P460,Q3660296
Q40080,P1889,Q7900097
Q40080,P1889,Q11559040
Q40080,P6440,Q65028727
Q149972,P279,Q4464
Q149972,P279,Q7754
Q149972,P910,Q8806578
Q149972,P31,Q1936384
Q149972,P527,Q149999
Q149972,P527,Q150008
Q149972,P144,Q2338709
Q149972,P144,Q865019
Q149972,P144,Q586686
Q149972,P1889,Q13538498
Q149972,P1889,Q2035437
Q149972,P1889,Q400405
Q149972,P1889,Q617079
Q149972,P1343,Q2657718
Q149972,P1343,Q4532135
Q149972,P1343,Q602358
Q149972,P1343,Q3181656
Q149972,P5125,Q7112574
Q149972,P1365,Q47457983
Q10943,P279,Q15752727
Q10943,P279,Q26844116
Q10943,P279,Q25403900
Q10943,P910,Q6176558
Q10943,P910,Q9530526
Q10943,P1151,Q14615743
Q10943,P2184,Q471230
Q10943,P1889,Q31587397
Q10943,P1424,Q6717769
Q10943,P5008,Q5460604
Q10943,P6104,Q15384231
Q10943,P1343,Q602358
Q10943,P1343,Q4086271
Q10943,P1343,Q4532138
Q10943,P186,Q8495
Q10943,P2079,Q1281188
Q7569,P910,Q6895724
Q7569,P279,Q5
Q7569,P279,Q1516282
Q7569,P31,Q5932254
Q7569,P1343,Q2041543
Q7569,P2849,Q15978631
Q7569,P1552,Q276258
Q7569,P156,Q131774
Q7569,P155,Q26513
Q7569,P5008,Q5460604
Q7569,P1889,Q29514218
Q7569,P1687,P40
Q7569,P1687,P1971
Q15643227,P31,Q4167410
Q1513117,P910,Q7014321
Q1513117,P279,Q186361
Q1513117,P828,Q60227
Q361482,P31,Q4167410
Q361482,P1889,Q37498116
Q5464780,P31,Q4167410
Q19921713,P279,Q791801
Q564,P910,Q8508207
Q564,P361,Q1084084
Q564,P461,Q4489450
Q564,P461,Q3363340
Q564,P1343,Q4086271
Q564,P1343,Q4173137
Q564,P1343,Q19180675
Q564,P1343,Q19211082
Q564,P1343,Q1970746
Q564,P1343,Q602358
Q564,P1343,Q867541
Q564,P1343,Q302556
Q564,P1343,Q2657718
Q564,P1343,Q2041543
Q564,P279,Q443814
Q564,P31,Q23847174
Q20204151,P279,Q4406616
Q20204151,P279,Q19829125
Q20204151,P1889,Q28367692
Q20204151,P1889,Q12019976
Q20204151,P1552,Q4440864
Q20204151,P910,Q60331760
Q23392,P556,Q663314
Q23392,P279,Q283
Q23392,P279,Q11438
Q23392,P910,Q8530604
Q23392,P910,Q7466023
Q23392,P1269,Q283
Q23392,P1343,Q2657718
Q23392,P1343,Q1970746
Q23392,P1343,Q1768721
Q23392,P156,Q29053744
Q23392,P186,Q283
Q694116,P31,Q28640
Q694116,P31,Q12737077
Q694116,P910,Q8632570
Q694116,P425,Q3307562
Q694116,P425,Q44494
Q694116,P425,Q26882416
Q694116,P279,Q2588761
Q694116,P2579,Q1943500
Q3962655,P279,Q2684591
Q3962655,P279,Q20978643
Q3962655,P461,Q188572
Q3962655,P1269,Q9471
Q3962655,P1889,Q7098166
Q3962655,P31,Q27949697
Q243538,P31,Q4167410
Q243538,P1889,Q29838007
Q415963,P31,Q4167410
Q415963,P1889,Q37174797
Q165112,P910,Q7244788
Q165112,P527,Q25618328
Q165112,P527,Q34172
Q165112,P279,Q749316
Q165112,P279,Q25618328
Q165112,P279,Q2995529
Q243142,P31,Q4167410
Q1247538,P31,Q4167410
Q11247037,P31,Q1302471
Q11247037,P31,Q3647172
Q11247037,P31,Q21684377
Q11247037,P111,Q11423
Q728,P279,Q39546
Q728,P910,Q7166566
Q728,P366,Q1174599
Q728,P366,Q332142
Q728,P366,Q2342494
Q728,P366,Q844482
Q728,P366,Q17781833
Q728,P1151,Q15656690
Q728,P1343,Q16392167
Q728,P1343,Q602358
Q728,P1343,Q19180675
Q728,P1343,Q4086271
Q728,P1343,Q4173137
Q728,P1343,Q1138524
Q728,P1343,Q30059240
Q728,P1343,Q19190511
Q728,P1343,Q1768721
Q728,P1424,Q8416150
Q728,P1424,Q28729020
Q728,P5008,Q5460604
Q728,P1535,Q1414937
Q728,P1687,P520
Q617224,P279,Q193514
Q617224,P279,Q23009442
Q617224,P279,Q13878858
Q617224,P279,Q94643648
Q617224,P2579,Q193870
Q617224,P527,Q3819233
Q617224,P527,Q137056
Q617224,P527,Q188666
Q617224,P527,Q1455732
Q600571,P910,Q8218801
Q600571,P279,Q3769299
Q600571,P279,Q1920219
Q600571,P279,Q87075524
Q600571,P527,Q366
Q600571,P527,Q124490
Q600571,P1424,Q6667141
Q406248,P31,Q4167410
Q34255,P31,Q60539481
Q34255,P461,Q616314
Q34255,P279,Q19829125
Q34255,P1889,Q309406
Q34255,P460,Q21162282
Q34255,P361,Q77468620
Q34255,P1537,Q6028924
Q557945,P31,Q2057971
Q557945,P279,Q1441305
Q557945,P279,Q54989186
Q557945,P279,Q99860490
Q557945,P361,Q77468620
Q557945,P1995,Q7867
Q250925,P31,Q4167410
Q250925,P1889,Q1778312
Q250925,P1889,Q37264747
Q340412,P31,Q4167410
Q340412,P1889,Q37140995
Q340412,P1889,Q60834316
Q400416,P31,Q4167410
Q400416,P1889,Q30598235
Q1499811,P279,Q506667
Q9081,P279,Q492
Q9081,P910,Q2945448
Q9081,P31,Q33104279
Q9081,P31,Q54989186
Q9081,P1343,Q302556
Q9081,P1343,Q2041543
Q9081,P1343,Q1768721
Q9081,P461,Q815577
Q9081,P828,Q133500
Q9081,P1889,Q11028
Q9081,P1889,Q42848
Q9081,P5008,Q5460604
Q9081,P5125,Q7112676
Q9081,P2579,Q9471
Q9081,P1535,Q192060
Q9081,P1382,Q46744
Q9081,P1382,Q164359
Q9081,P1552,Q6423374
Q9081,P460,Q1520777
Q15304496,P31,Q157811
Q15304496,P31,Q686919
Q15304496,P460,Q7396324
Q15304496,P460,Q373352
Q15304496,P1269,Q5043
Q15304496,P461,Q16523690
Q15304496,P461,Q79871
Q15304496,P361,Q77468620
Q15304496,P1889,Q20411999
Q28659447,P31,Q4167410
Q7691842,P31,Q4167410
Q7691842,P1889,Q37098353
Q396341,P31,Q4167410
Q343542,P31,Q4167410
Q9332,P910,Q1458590
Q9332,P1889,Q2515874
Q9332,P279,Q1914636
Q9332,P5008,Q5460604
Q9332,P2579,Q3919817
Q9332,P361,Q77468620
Q9332,P1552,Q1299714
Q9332,P1552,Q1375683
Q9332,P1552,Q2724302
Q9332,P1552,Q2515887
Q1713,P279,Q121769
Q1713,P1687,P2860
Q1713,P1687,P1683
Q1713,P461,Q2492572
Q1713,P1889,Q206287
Q1713,P1889,Q1774089
Q1713,P460,Q10358455
Q247001,P31,Q4167410
Q2682765,P31,Q4167410
Q101072,P910,Q8367813
Q101072,P279,Q1200750
Q101072,P279,Q2684591
Q101072,P828,Q2063340
Q101072,P1343,Q602358
Q101072,P1343,Q19190511
Q101072,P1343,Q101314624
Q14083,P910,Q7124299
Q14083,P913,Q11110
Q14083,P1269,Q8142
Q14083,P279,Q8142
Q14083,P489,Q11110
Q795052,P279,Q23958946
Q795052,P1343,Q16387823
Q795052,P1343,Q1970746
Q795052,P1343,Q19180675
Q795052,P1343,Q602358
Q795052,P31,Q7887142
Q233671,P31,Q4167410
Q233671,P1343,Q2041543
Q564046,P31,Q4167410
Q564046,P1889,Q37182099
Q1156854,P910,Q6277256
Q1156854,P279,Q211364
Q1156854,P279,Q17537576
Q1156854,P1889,Q7163
Q1156854,P31,Q1371819
Q1156854,P1552,Q96251375
Q768396,P31,Q4167410
Q8425,P279,Q874405
Q8425,P910,Q1457756
Q8425,P1151,Q3708001
Q8425,P2579,Q21201
Q8425,P2579,Q34749
Q8425,P1343,Q2657718
Q8425,P1343,Q19190511
Q8425,P31,Q151885
Q8425,P361,Q1156970
Q8425,P5008,Q5460604
Q8425,P5125,Q7112731
Q8425,P3342,Q57238
Q8425,P1552,Q188619
Q8425,P1552,Q345367
Q8425,P1552,Q3307505
Q8425,P1552,Q211606
Q8425,P1552,Q205665
Q8425,P1552,Q1518716
Q8425,P1552,Q1510761
Q8425,P1552,Q769620
Q8425,P2670,Q5
Q8425,P2670,Q16334295
Q8425,P1382,Q96108364
Q8425,P1889,Q1457756
Q949618,P1343,Q2657718
Q949618,P1343,Q4532138
Q949618,P1343,Q602358
Q949618,P279,Q2633862
Q949618,P361,Q14863388
Q949618,P910,Q8832301
Q949618,P31,Q2996394
Q9420,P279,Q781413
Q9420,P910,Q6509832
Q9420,P460,Q349047
Q9420,P1343,Q2657718
Q9420,P1343,Q2041543
Q9420,P5008,Q5460604
Q9420,P5125,Q7112801
Q9420,P2579,Q147638
Q9420,P1889,Q7784616
Q9420,P361,Q77468620
Q11500,P910,Q7481578
Q11500,P279,Q1991596
Q11500,P279,Q107715
Q11500,P279,Q30337763
Q11500,P279,Q181175
Q11500,P1687,P2046
Q11500,P1343,Q26711932
Q11500,P1343,Q90137277
Q11500,P5008,Q5460604
Q11500,P4934,Q73454785
Q11500,P4934,Q73454785
Q11500,P8111,Q25343
Q12888920,P279,Q451967
Q12888920,P279,Q39971877
Q12888920,P1889,Q1075824
Q12888920,P910,Q89014254
Q12888920,P31,Q33104279
Q12888920,P1343,Q1768721
Q12888920,P2283,Q878143
Q188577,P31,Q211364
Q188577,P31,Q1799072
Q188577,P31,Q388791
Q188577,P910,Q16789508
Q188577,P1889,Q202722
Q188577,P279,Q1331926
Q417861,P31,Q4167410
Q417861,P460,Q16033323
Q417861,P460,Q12386441
Q417861,P460,Q67204716
Q417861,P460,Q67204733
Q417861,P460,Q67204775
Q417861,P460,Q67204819
Q417861,P460,Q67204849
Q417861,P527,Q12386441
Q417861,P1889,Q530266
Q10990,P279,Q2095
Q10990,P279,Q3955017
Q10990,P279,Q13119823
Q10990,P279,Q25403900
Q10990,P910,Q7214346
Q10990,P527,Q7365
Q10990,P527,Q193583
Q10990,P527,Q29053744
Q10990,P5008,Q5460604
Q10990,P1582,Q7377
Q10990,P1582,Q10908
Q10990,P1582,Q10811
Q10990,P2849,Q4282505
Q10990,P1424,Q6462943
Q10990,P1343,Q19180675
Q10990,P1343,Q4086271
Q10990,P1343,Q19190511
Q10990,P1343,Q1768721
Q908656,P910,Q7901900
Q908656,P279,Q12888920
Q437448,P31,Q4167410
Q437448,P1343,Q2657718
Q342306,P31,Q4167410
Q342306,P1889,Q1199068
Q1587978,P279,Q23847174
Q1587978,P1269,Q16546881
Q1587978,P461,Q17573152
Q1587978,P460,Q629608
Q1587978,P460,Q6425668
Q1587978,P460,Q17573138
Q1587978,P31,Q23847174
Q161358,P366,Q765633
Q161358,P279,Q778612
Q161358,P1889,Q72493
Q2695156,P170,Q313048
Q2695156,P170,Q464282
Q2695156,P910,Q8292745
Q2695156,P40,Q660695
Q2695156,P40,Q660051
Q2695156,P40,Q1087546
Q2695156,P40,Q1076696
Q2695156,P40,Q427647
Q2695156,P40,Q2601118
Q2695156,P40,Q54805340
Q2695156,P19,Q732858
Q2695156,P106,Q78047604
Q2695156,P106,Q842782
Q2695156,P106,Q20085850
Q2695156,P106,Q484876
Q2695156,P106,Q188784
Q2695156,P106,Q12362622
Q2695156,P106,Q11124885
Q2695156,P460,Q3645503
Q2695156,P21,Q6581097
Q2695156,P31,Q1114461
Q2695156,P31,Q188784
Q2695156,P31,Q15632617
Q2695156,P31,Q63998451
Q2695156,P31,Q15773317
Q2695156,P31,Q15711870
Q2695156,P31,Q3656924
Q2695156,P735,Q579371
Q2695156,P734,Q1295024
Q2695156,P3438,Q19958
Q2695156,P463,Q735744
Q2695156,P463,Q3358681
Q2695156,P463,Q4869430
Q2695156,P463,Q4869404
Q2695156,P463,Q1982407
Q2695156,P3828,Q864069
Q2695156,P451,Q158952
Q2695156,P451,Q281901
Q2695156,P451,Q6308355
Q2695156,P451,Q546506
Q2695156,P451,Q7516364
Q2695156,P451,Q3473780
Q2695156,P451,Q7500380
Q2695156,P451,Q2567497
Q2695156,P451,Q7046488
Q2695156,P451,Q3547709
Q2695156,P451,Q25384247
Q2695156,P451,Q55951320
Q2695156,P451,Q338430
Q2695156,P1080,Q1152150
Q2695156,P22,Q1060159
Q2695156,P25,Q936072
Q2695156,P27,Q30
Q2695156,P175,Q3237317
Q2695156,P175,Q3078072
Q2695156,P175,Q351156
Q2695156,P175,Q138005
Q2695156,P175,Q191084
Q2695156,P175,Q23844
Q2695156,P175,Q45772
Q2695156,P175,Q483118
Q2695156,P175,Q371430
Q2695156,P175,Q36767
Q2695156,P941,Q226822
Q2695156,P941,Q967116
Q2695156,P941,Q79015
Q2695156,P941,Q3266236
Q2695156,P941,Q4653
Q2695156,P4584,Q18245775
Q2695156,P4584,Q119
Q2695156,P4584,Q18639
Q2695156,P551,Q732858
Q2695156,P1889,Q25442668
Q2695156,P1441,Q1799866
Q2695156,P1441,Q205575
Q2695156,P1441,Q810855
Q2695156,P1441,Q116852
Q2695156,P1441,Q189054
Q2695156,P1441,Q221345
Q2695156,P1441,Q276523
Q2695156,P1441,Q166262
Q2695156,P1441,Q163872
Q2695156,P1441,Q189330
Q2695156,P1441,Q14772351
Q2695156,P1441,Q18604504
Q2695156,P1441,Q20501835
Q2695156,P1441,Q23013169
Q2695156,P1441,Q810858
Q2695156,P1441,Q810857
Q2695156,P1441,Q3280006
Q2695156,P1441,Q810856
Q2695156,P1441,Q1304456
Q2695156,P1441,Q673517
Q2695156,P1441,Q8273251
Q2695156,P1441,Q1339570
Q2695156,P1441,Q635933
Q2695156,P1441,Q371440
Q2695156,P1441,Q2900426
Q2695156,P1441,Q112912
Q2695156,P1441,Q746228
Q2695156,P1441,Q288811
Q2695156,P1441,Q10826261
Q2695156,P1441,Q15891648
Q2695156,P1441,Q619427
Q2695156,P1441,Q24717189
Q2695156,P1441,Q3206906
Q2695156,P1441,Q2891424
Q2695156,P1441,Q3222067
Q2695156,P1441,Q10856847
Q2695156,P1441,Q2891481
Q2695156,P1441,Q245863
Q2695156,P1441,Q3271336
Q2695156,P1441,Q596699
Q2695156,P1441,Q979831
Q2695156,P1441,Q2527522
Q2695156,P1441,Q604864
Q2695156,P1441,Q971338
Q2695156,P1441,Q890852
Q2695156,P1441,Q2735515
Q2695156,P1441,Q973343
Q2695156,P1441,Q1029084
Q2695156,P1441,Q2703636
Q2695156,P1441,Q1029538
Q2695156,P1441,Q555897
Q2695156,P1441,Q558962
Q2695156,P1441,Q35236980
Q2695156,P1441,Q559246
Q2695156,P1441,Q63919331
Q2695156,P1441,Q166233
Q2695156,P1441,Q2633138
Q2695156,P1441,Q810863
Q2695156,P1441,Q61117344
Q2695156,P1038,Q30935313
Q2695156,P1038,Q2469992
Q2695156,P1038,Q64022135
Q2695156,P156,Q2601118
Q2695156,P195,Q188740
Q2695156,P1412,Q7976
Q2695156,P2868,Q1062345
Q2695156,P4969,Q3636199
Q2695156,P4969,Q4869384
Q2695156,P4969,Q57394119
Q2695156,P4969,Q39075549
Q2695156,P4969,Q25442668
Q2695156,P4969,Q2438285
Q2695156,P4969,Q3223487
Q2695156,P4969,Q64658410
Q2695156,P4969,Q3636202
Q2695156,P4969,Q78607187
Q2695156,P4969,Q61117344
Q2695156,P4969,Q673517
Q2695156,P4969,Q116852
Q2695156,P4969,Q189054
Q2695156,P4969,Q221345
Q2695156,P4969,Q276523
Q2695156,P4969,Q166262
Q2695156,P4969,Q163872
Q2695156,P4969,Q189330
Q2695156,P4969,Q558962
Q2695156,P4969,Q16155090
Q2695156,P4969,Q746228
Q2695156,P4969,Q288811
Q2695156,P4969,Q10826261
Q2695156,P4969,Q15891648
Q2695156,P4969,Q10856847
Q2695156,P4969,Q1339570
Q2695156,P4969,Q94496874
Q2695156,P4969,Q2604987
Q2695156,P4969,Q21095079
Q2695156,P4969,Q635933
Q2695156,P4969,Q15091564
Q2695156,P123,Q2924461
Q2695156,P641,Q11419
Q2695156,P1424,Q6484677
Q2695156,P7047,Q217533
Q2695156,P7047,Q158931
Q2695156,P7047,Q295599
Q2695156,P7047,Q158940
Q2695156,P7047,Q384193
Q2695156,P6477,Q1047698
Q2695156,P138,Q971343
Q259917,P31,Q4167410
Q2063516,P31,Q5421253
Q2063516,P407,Q1860
Q189643,P1995,Q7867
Q189643,P1995,Q9418
Q189643,P828,Q721073
Q189643,P828,Q170082
Q189643,P31,Q30897648
Q189643,P910,Q56927752
Q189643,P279,Q1188698
Q189643,P361,Q1356411
Q164359,P910,Q9844468
Q164359,P31,Q1207505
Q164359,P279,Q9081
Q164359,P361,Q77468620
Q164359,P1382,Q46744
Q164359,P1382,Q9081
Q164359,P828,Q133500
Q164359,P1889,Q2015382
Q7743,P910,Q7235716
Q7743,P279,Q41176
Q7743,P279,Q3947
Q7743,P279,Q699405
Q7743,P1889,Q649681
Q7743,P1889,Q3947
Q7743,P366,Q2468572
Q7743,P460,Q2641256
Q958511,P31,Q4167410
Q958511,P1889,Q16883891
Q17737,P910,Q6488282
Q17737,P279,Q151885
Q17737,P1343,Q2657718
Q17737,P461,Q10354783
Q17737,P527,Q72867640
Q190007,P910,Q7214709
Q190007,P31,Q785260
Q758200,P31,Q4167410
Q10861465,P279,Q31184
Q10861465,P279,Q84048850
Q10861465,P31,Q171318
Q10861465,P1687,P3373
Q10861465,P1552,Q6581097
Q10861465,P1889,Q15947868
Q10861465,P1889,Q548320
Q10861465,P461,Q595094
Q10861465,P1343,Q1768721
Q10861465,P3373,Q581074
Q247419,P31,Q4167410
Q969439,P31,Q4167410
Q969439,P1889,Q37457041
Q1774898,P361,Q31207
Q1774898,P279,Q4260475
Q1774898,P279,Q811979
Q1774898,P910,Q15293808
Q1774898,P1343,Q2657718
Q1774898,P1889,Q3680756
Q151885,P279,Q2145290
Q151885,P279,Q7184903
Q151885,P279,Q1347367
Q151885,P910,Q5550686
Q151885,P1343,Q2657718
Q151885,P1343,Q2041543
Q151885,P1343,Q602358
Q151885,P1343,Q4532138
Q151885,P460,Q1969448
Q151885,P460,Q131841
Q151885,P460,Q595523
Q151885,P460,Q1923256
Q151885,P31,Q23958852
Q151885,P1552,Q4330553
Q151885,P1552,Q1128596
Q151885,P1889,Q131841
Q5159154,P31,Q4167410
Q83267,P279,Q24962887
Q83267,P279,Q1456832
Q83267,P279,Q1920219
Q83267,P279,Q7766927
Q83267,P910,Q6478924
Q83267,P828,Q734611
Q83267,P3095,Q2159907
Q83267,P3095,Q2384039
Q83267,P1889,Q1184244
Q83267,P1889,Q2995853
Q83267,P1889,Q24962887
Q83267,P1889,Q1456832
Q83267,P1382,Q1456832
Q83267,P1424,Q15977905
Q83267,P460,Q12754227
Q83267,P460,Q1456832
Q83267,P1557,Q12754227
Q83267,P1343,Q4532138
Q973405,P31,Q4167410
Q95999509,P31,Q4167410
Q417650,P31,Q4167410
Q417650,P1889,Q11857606
Q417650,P1889,Q30669483
Q7364,P910,Q7035349
Q7364,P366,Q162668
Q7364,P527,Q760318
Q7364,P5008,Q5460604
Q7364,P31,Q4936952
Q7364,P279,Q24060765
Q7364,P279,Q66576455
Q7364,P1343,Q20961706
Q7364,P1343,Q4173137
Q7364,P1343,Q19180675
Q7364,P1343,Q602358
Q7364,P1343,Q867541
Q7364,P1343,Q1768721
Q7364,P2959,Q22828850
Q7364,P1424,Q8071025
Q7364,P1552,Q23786
Q5,P527,Q23852
Q5,P1552,Q1071027
Q5,P1552,Q3577052
Q5,P1552,Q48277
Q5,P1552,Q238372
Q5,P1552,Q1314553
Q5,P1552,Q641118
Q5,P1552,Q3307505
Q5,P1552,Q18387795
Q5,P1552,Q785260
Q5,P1552,Q3769299
Q5,P1552,Q223642
Q5,P361,Q1156970
Q5,P1424,Q6249834
Q5,P1424,Q20829728
Q5,P1424,Q17534637
Q5,P910,Q6697530
Q5,P910,Q4047087
Q5,P1343,Q4173137
Q5,P1343,Q4086271
Q5,P1343,Q4532138
Q5,P1343,Q302556
Q5,P1343,Q602358
Q5,P1343,Q19180675
Q5,P1963,P21
Q5,P1963,P569
Q5,P1963,P570
Q5,P1963,P735
Q5,P1963,P734
Q5,P1963,P27
Q5,P1963,P106
Q5,P1963,P18
Q5,P1963,P19
Q5,P1963,P20
Q5,P1963,P26
Q5,P1963,P119
Q5,P1963,P1317
Q5,P1963,P140
Q5,P1963,P102
Q5,P1963,P1636
Q5,P1963,P1477
Q5,P1963,P25
Q5,P1963,P22
Q5,P1963,P1412
Q5,P1963,P108
Q5,P1963,P937
Q5,P1963,P103
Q5,P1963,P2048
Q5,P1963,P2067
Q5,P1963,P40
Q5,P1963,P451
Q5,P1963,P1559
Q5,P1963,P1196
Q5,P1963,P509
Q5,P1963,P3373
Q5,P1963,P1050
Q5,P1963,P172
Q5,P1963,P463
Q5,P1963,P39
Q5,P1963,P3342
Q5,P1963,P737
Q5,P1963,P101
Q5,P1963,P8258
Q5,P1963,P1576
Q5,P2959,Q22828631
Q5,P2579,Q23404
Q5,P2579,Q720858
Q5,P1056,Q3619132
Q5,P1056,Q8205328
Q5,P2283,Q8205328
Q5,P460,Q15978631
Q5,P4733,Q7390
Q5,P5008,Q5460604
Q5,P1889,Q2472587
Q5,P1889,Q95074
Q5,P1889,Q215627
Q5,P5869,Q42
Q5,P5869,Q7186
Q5,P5869,Q762
Q5,P5869,Q7226
Q5,P5869,Q37151
Q5,P5869,Q43527
Q5,P5869,Q635
Q5,P5869,Q1043
Q5,P2670,Q215627
Q5,P279,Q215627
Q5,P279,Q154954
Q5,P279,Q164509
Q5,P31,Q55983715
Q5,P1542,Q16686448
Q7748,P1151,Q23994853
Q7748,P279,Q1151067
Q7748,P910,Q4026563
Q7748,P1343,Q2041543
Q7748,P1343,Q602358
Q7748,P1343,Q602358
Q7748,P1343,Q19180675
Q7748,P1343,Q867541
Q7748,P1343,Q4532138
Q7748,P2959,Q27131958
Q7748,P2959,Q61664677
Q7748,P1424,Q10870054
Q7748,P5008,Q5460604
Q7748,P6104,Q8486941
Q7748,P2579,Q4932206
Q7748,P2579,Q382995
Q7748,P1889,Q820655
Q7748,P1889,Q105210
Q7748,P1889,Q49371
Q7748,P31,Q11862829
Q7748,P3095,Q16533
Q7748,P3095,Q40348
Q7748,P1687,P3014
Q7382648,P910,Q15099995
Q7382648,P279,Q1799148
Q7382648,P1889,Q102201933
Q7382648,P1889,Q1799148
Q132821,P279,Q149086
Q132821,P279,Q83267
Q132821,P910,Q6922908
Q132821,P1343,Q2657718
Q132821,P1343,Q2041543
Q132821,P1343,Q602358
Q132821,P1343,Q19180675
Q132821,P1343,Q4173137
Q132821,P1343,Q4086271
Q132821,P2670,Q17197559
Q132821,P2670,Q1295558
Q132821,P2670,Q7918620
Q132821,P2670,Q81672
Q132821,P1889,Q81672
Q132821,P1889,Q149086
Q132821,P1889,Q3882219
Q132821,P1889,Q3882220
Q132821,P1889,Q8038640
Q132821,P92,Q674827
Q132821,P92,Q7054993
Q420230,P31,Q4167410
Q420230,P1889,Q37489014
Q4964182,P425,Q5891
Q4964182,P31,Q28640
Q4964182,P279,Q16727193
Q4964182,P417,Q179718
Q4964182,P417,Q60059
Q4964182,P417,Q185117
Q4964182,P417,Q9438
Q4964182,P910,Q4266974
Q4964182,P1542,Q30046560
Q4964182,P1424,Q6182610
Q4964182,P6186,Q6962697
Q186361,P461,Q618779
Q186361,P910,Q7216203
Q186361,P361,Q227809
Q186361,P361,Q146491
Q186361,P361,Q11499334
Q186361,P1963,P1343
Q186361,P1889,Q22108769
Q186361,P1889,Q2588510
Q186361,P1889,Q2992411
Q186361,P279,Q4026292
Q186361,P279,Q2995644
Q186361,P1343,Q19190511
Q186361,P1343,Q20078554
Q780687,P279,Q627436
Q780687,P279,Q321839
Q780687,P910,Q7158626
Q780687,P2579,Q4932206
Q780687,P5125,Q7112717
Q780687,P1424,Q13385916
Q780687,P31,Q11862829
Q173253,P910,Q7130496
Q173253,P366,Q160402
Q173253,P1889,Q205555
Q173253,P1889,Q3955369
Q173253,P1889,Q21697219
Q173253,P361,Q431
Q173253,P1343,Q4532138
Q173253,P279,Q1347367
Q366886,P361,Q1266051
Q366886,P361,Q77468620
Q366886,P31,Q2393196
Q366886,P31,Q270673
Q366886,P910,Q10104916
Q366886,P1880,Q1033930
Q366886,P1880,Q6535196
Q366886,P1880,Q556298
Q366886,P460,Q118418
Q366886,P460,Q941225
Q366886,P1995,Q9418
Q366886,P1424,Q19304356
Q366886,P1889,Q170082
Q1640121,P31,Q4167410
Q1640121,P1343,Q2041543
Q1640121,P1889,Q37563661
Q1640121,P1889,Q1291208
Q1640121,P460,Q21164484
Q1640121,P460,Q77590027
Q1640121,P460,Q77591347
Q1640121,P460,Q77592224
Q706622,P910,Q7494754
Q706622,P31,Q151885
Q706622,P1343,Q2041543
Q706622,P1382,Q4503831
Q706622,P279,Q54989186
Q706622,P460,Q17285911
Q706622,P527,Q4503831
Q133500,P910,Q7216255
Q133500,P1424,Q14440227
Q133500,P31,Q2996394
Q133500,P1889,Q352842
Q133500,P279,Q14819853
Q133500,P279,Q2200417
Q133500,P1542,Q9081
Q133500,P1542,Q164359
Q133500,P1542,Q46744
Q133500,P828,Q282250
Q133500,P828,Q352842
Q133500,P1552,Q1820370
Q133500,P527,Q98034006
Q49614,P279,Q82799
Q49614,P460,Q333021
Q49614,P460,Q15622880
Q49614,P460,Q245025
Q49614,P910,Q7486472
Q49614,P1687,P1449
Q49614,P1889,Q11639602
Q49614,P1889,Q1403107
Q49614,P1889,Q61002
Q48282,P279,Q11448873
Q48282,P910,Q7044373
Q48282,P31,Q12737077
Q48282,P31,Q16334295
Q48282,P31,Q874405
Q48282,P1687,P3299
Q48282,P1687,P802
Q48282,P1687,P2196
Q48282,P461,Q37226
Q232353,P31,Q4167410
Q232353,P460,Q29626038
Q8805,P31,Q3550873
Q8805,P31,Q151885
Q8805,P31,Q82047057
Q8805,P361,Q16203461
Q8805,P1889,Q8799
Q8805,P111,Q71699827
Q8805,P5008,Q99671171
Q351256,P31,Q4167410
Q351256,P1889,Q16860249
Q215044,P31,Q4167410
Q224414,P31,Q4167410
Q224414,P1889,Q4167836
Q224414,P1889,Q714737
Q224414,P1889,Q719395
Q224414,P1889,Q64549097
Q396944,P31,Q4167410
Q1128498,P31,Q4167410
Q11693016,P31,Q4167410
Q117850,P910,Q9860785
Q117850,P279,Q214214
Q1063,P279,Q2996394
Q1063,P279,Q5418608
Q1063,P279,Q3455898
Q1063,P828,Q5552256
Q1063,P828,Q486420
Q1063,P1478,Q43478
Q1063,P1478,Q721322
Q1063,P1343,Q302556
Q1063,P1343,Q20743760
Q1063,P1343,Q602358
Q1063,P1343,Q63284758
Q1063,P910,Q7153707
Q1063,P2579,Q171184
Q1063,P2579,Q11640129
Q1063,P460,Q14916834
Q1063,P1424,Q8084453
Q1063,P461,Q130352
Q1063,P61,Q1035
Q1063,P5008,Q5460604
Q1063,P5125,Q25303767
Q1063,P155,Q208800
Q1063,P1552,Q27348
Q37017,P527,Q18534278
Q37017,P527,Q1847641
Q37017,P527,Q7363
Q37017,P527,Q7364
Q37017,P527,Q43748
Q37017,P527,Q82714
Q37017,P527,Q9635
Q37017,P527,Q41055
Q37017,P527,Q47038
Q37017,P910,Q8442179
Q37017,P31,Q4936952
Q37017,P2959,Q22828726
Q37017,P5008,Q5460604
Q37017,P1889,Q167896
Q37017,P279,Q66515796
Q37017,P361,Q23640
Q37017,P1343,Q2041543
Q37017,P1343,Q1768721
Q207829,P31,Q4167410
Q207829,P1889,Q47537028
Q207829,P1889,Q56047501
Q207829,P1889,Q639129
Q207829,P1889,Q22484635
Q788331,P31,Q4167410
Q788331,P910,Q9893732
Q3143163,P31,Q4167410
Q3143163,P460,Q5939554
Q12621536,P279,Q781413
Q12621536,P1269,Q1331926
Q12621536,P31,Q33104279
Q12621536,P1889,Q108163
Q12621536,P1889,Q3769186
Q5167661,P910,Q7216532
Q5167661,P460,Q6316865
Q5167661,P1343,Q2657718
Q5167661,P1343,Q2041543
Q5167661,P461,Q770480
Q5167661,P1424,Q22759842
Q5167661,P1889,Q1144825
Q5167661,P31,Q151885
Q5167661,P31,Q1047113
Q215020,P31,Q4167410
Q215020,P460,Q17024321
Q215020,P1889,Q37455449
Q215020,P1889,Q717763
Q12827256,P279,Q7832362
Q12827256,P910,Q9874695
Q12827256,P2579,Q580854
Q12827256,P31,Q4263830
Q12827256,P1343,Q101314624
Q398683,P31,Q4167410
Q398683,P460,Q29856679
Q398683,P460,Q21075553
Q483225,P31,Q4167410
Q483225,P1889,Q16881778
Q1496085,P31,Q4167410
Q1496085,P1889,Q37241407
Q451487,P31,Q4167410
Q1270500,P31,Q4167410
Q1270500,P1889,Q37498329
Q7574949,P31,Q4167410
Q250827,P31,Q4167410
Q257117,P31,Q4167410
Q257117,P1889,Q37170128
Q257117,P1889,Q97930402
Q257117,P1889,Q12759660
Q257117,P1889,Q7602473
Q257117,P1889,Q61054111
Q227561,P31,Q4167410
Q227561,P1889,Q36925567
Q227561,P1889,Q19391878
Q227561,P460,Q15873286
Q227561,P460,Q64832748
Q19929625,P31,Q4167410
Q225570,P31,Q4167410
Q225570,P1889,Q30721550
Q225570,P460,Q350233
Q16867887,P31,Q21278897
Q16867887,P279,Q7632586
Q16867887,P279,Q2995644
Q185816,P910,Q8249968
Q185816,P1343,Q2657718
Q185816,P1343,Q2041543
Q185816,P1343,Q602358
Q185816,P31,Q1156402
Q185816,P279,Q781413
Q402152,P279,Q215627
Q402152,P1889,Q4376618
Q402152,P31,Q171318
Q402152,P1056,Q239526
Q402152,P461,Q19671714
Q1219840,P31,Q4167410
Q343634,P31,Q4167410
Q9705,P361,Q8229
Q9705,P361,Q606972
Q9705,P361,Q754673
Q9705,P361,Q76228
Q9705,P361,Q607188
Q9705,P361,Q20581324
Q9705,P361,Q1095058
Q9705,P361,Q2335779
Q9705,P361,Q1187758
Q9705,P361,Q372785
Q9705,P361,Q622712
Q9705,P361,Q637405
Q9705,P361,Q550383
Q9705,P361,Q755124
Q9705,P361,Q18691434
Q9705,P361,Q994407
Q9705,P361,Q384749
Q9705,P361,Q1493494
Q9705,P361,Q2839543
Q9705,P361,Q90681288
Q9705,P31,Q19776628
Q9705,P31,Q3841820
Q9705,P1343,Q2041543
Q9705,P1343,Q867541
Q9705,P1299,Q17021491
Q9705,P910,Q9528610
Q9705,P1889,Q9691
Q9705,P1889,Q16352
Q9705,P1889,Q14382
Q9705,P1889,Q27297
Q807739,P31,Q4167410
Q575724,P31,Q4167410
Q575724,P1889,Q37551204
Q2923673,P361,Q2138208
Q2923673,P279,Q24060707
Q2923673,P31,Q20011319
Q2923673,P1343,Q602358
Q2923673,P1343,Q1970746
Q47107,P279,Q987767
Q47107,P279,Q26270576
Q47107,P366,Q7590
Q47107,P129,Q11435
Q47107,P129,Q1155083
Q47107,P1552,Q569057
Q47107,P527,Q200266
Q25114211,P31,Q4164871
Q25114211,P138,Q169955
Q179289,P279,Q930933
Q179289,P910,Q7211634
Q179289,P361,Q8078
Q179289,P361,Q18121382
Q179289,P527,Q2574811
Q179289,P527,Q261155
Q179289,P461,Q1717246
Q179289,P2579,Q156318
Q179289,P1343,Q3181656
Q179289,P1343,Q4532138
Q28823,P910,Q6848672
Q28823,P279,Q214609
Q28823,P279,Q8205328
Q28823,P279,Q28877
Q28823,P279,Q15401930
Q28823,P186,Q161
Q28823,P1343,Q2657718
Q28823,P1343,Q28888841
Q28823,P1343,Q602358
Q28823,P1343,Q1768721
Q28823,P2670,Q28935994
Q28823,P1552,Q910035
Q28823,P2184,Q48258816
Q28823,P2579,Q59202023
Q28823,P366,Q31807746
Q28823,P366,Q11460
Q28823,P366,Q22075301
Q5152395,P31,Q4167410
Q1720648,P279,Q1799072
Q1720648,P910,Q7467946
Q1720648,P279,Q1799072
Q1720648,P910,Q7467946
Q5159154,P31,Q4167410
Q1382703,P31,Q4167410
Q1762010,P279,Q125375
Q1762010,P1343,Q602358
Q1762010,P1343,Q19190511
Q1762010,P1889,Q1941071
Q235935,P31,Q4167410
Q347719,P31,Q4167410
Q347719,P1889,Q37500072
Q11765,P279,Q30242023
Q11765,P279,Q98539598
Q11765,P1687,P2555
Q190,P910,Q6527327
Q190,P460,Q178885
Q190,P460,Q17398299
Q190,P460,Q5158426
Q190,P460,Q2155501
Q190,P460,Q825
Q190,P460,Q2095353
Q190,P460,Q105173
Q190,P460,Q234801
Q190,P460,Q1932138
Q190,P1343,Q4086271
Q190,P1343,Q4173137
Q190,P1343,Q19180675
Q190,P1343,Q1970746
Q190,P1343,Q602358
Q190,P1343,Q867541
Q190,P1343,Q302556
Q190,P1343,Q2041543
Q190,P1343,Q4086271
Q190,P279,Q178885
Q190,P279,Q635155
Q190,P1552,Q1141803
Q190,P1552,Q138045
Q190,P1552,Q205
Q190,P1552,Q1424662
Q190,P1552,Q1062803
Q190,P1542,Q11398090
Q190,P5008,Q5460604
Q190,P1889,Q6058157
Q190,P1889,Q2500638
Q190,P1889,Q287304
Q190,P2579,Q7782252
Q190,P2579,Q209295
Q190,P101,Q11398090
Q190,P101,Q1544281
Q190,P1049,Q9159
Q190,P1269,Q9159
Q190,P31,Q23847174
Q1299714,P279,Q2515887
Q1299714,P279,Q2393196
Q1299714,P279,Q36529775
Q1299714,P910,Q6265519
Q1299714,P1343,Q2041543
Q1299714,P1343,Q602358
Q1299714,P1343,Q19180675
Q1299714,P1889,Q36529775
Q1299714,P460,Q16842857
Q840665,P910,Q8531932
Q840665,P1343,Q4173137
Q840665,P1343,Q2041543
Q840665,P31,Q9174
Q840665,P279,Q620749
Q12621536,P279,Q781413
Q12621536,P1269,Q1331926
Q12621536,P31,Q33104279
Q12621536,P1889,Q108163
Q12621536,P1889,Q3769186
Q484275,P910,Q6579704
Q484275,P31,Q2393196
Q484275,P3095,Q1251441
Q484275,P279,Q1914636
Q484275,P1343,Q44835238
Q484275,P1552,Q6508686
Q484275,P1552,Q6508669
Q484275,P1552,Q5190563
Q484275,P2579,Q97008347
Q484275,P2579,Q28426188
Q8502,P1151,Q14614576
Q8502,P279,Q271669
Q8502,P279,Q2221906
Q8502,P910,Q5741923
Q8502,P1343,Q2041543
Q8502,P1343,Q1768721
Q8502,P1424,Q5825897
Q8502,P2579,Q52109
Q8502,P1963,P3907
Q8502,P1963,P3109
Q8502,P1963,P3309
Q8502,P1963,P3513
Q8502,P1963,P3770
Q8502,P1963,P3507
Q8502,P1963,P3514
Q8502,P1963,P2660
Q8502,P1963,P4552
Q8502,P1963,P2044
Q8502,P1963,P7479
Q8502,P1963,P8450
Q8502,P1963,P17
Q8502,P2354,Q11985041
Q8502,P527,Q944588
Q8502,P527,Q207326
Q8502,P5008,Q5460604
Q8502,P5869,Q513
Q8502,P5869,Q43512
Q8502,P5869,Q213360
Q8502,P5869,Q1374
Q8502,P5869,Q80344
Q8502,P361,Q46831
Q8502,P1889,Q5741923
Q639669,P425,Q638
Q639669,P910,Q6606401
Q639669,P1424,Q5616161
Q639669,P1963,P136
Q639669,P1963,P1303
Q639669,P1343,Q27680201
Q639669,P1343,Q602358
Q639669,P1343,Q1970746
Q639669,P31,Q66715801
Q639669,P31,Q12737077
Q639669,P279,Q483501
Q639669,P1687,P175
Q639669,P1889,Q713200
Q639669,P6186,Q7163251
Q639669,P2354,Q12370634
Q6266,P460,Q7267188
Q6266,P460,Q2472587
Q6266,P910,Q9722214
Q6266,P1343,Q2041543
Q6266,P1343,Q19190511
Q6266,P31,Q33104069
Q6266,P31,Q659390
Q6266,P279,Q16334295
Q6266,P361,Q1156970
Q6266,P1889,Q231002
Q6266,P1889,Q2472587
Q6266,P1889,Q41710
Q6266,P1889,Q12839330
Q3874283,P31,Q4167410
Q3874283,P1889,Q37547078
Q3874283,P1889,Q98380131
Q3874283,P1889,Q61069335
Q3874283,P1889,Q86750527
Q2002118,P31,Q4167410
Q2002118,P1889,Q37520494
Q407985,P31,Q4167410
Q407985,P1889,Q1757370
Q407985,P1889,Q36908098
Q199,P31,Q21199
Q199,P31,Q2313686
Q199,P31,Q63116
Q199,P31,Q13366129
Q199,P31,Q245102
Q199,P31,Q190890
Q199,P31,Q50705
Q199,P31,Q861555
Q199,P31,Q190893
Q199,P31,Q1587812
Q199,P31,Q14390508
Q199,P31,Q940343
Q199,P31,Q190899
Q199,P31,Q14390666
Q199,P31,Q1587799
Q199,P31,Q1589528
Q199,P31,Q14390354
Q199,P31,Q16858648
Q199,P31,Q190891
Q199,P31,Q190900
Q199,P31,Q14390192
Q199,P31,Q13825533
Q199,P31,Q663029
Q199,P31,Q1081248
Q199,P31,Q967999
Q199,P31,Q606977
Q199,P31,Q1165838
Q199,P31,Q1990975
Q199,P31,Q13823786
Q199,P31,Q2702442
Q199,P31,Q2634498
Q199,P31,Q674928
Q199,P31,Q2708903
Q199,P31,Q1403502
Q199,P31,Q18949
Q199,P31,Q1885380
Q199,P31,Q2524197
Q199,P31,Q3879425
Q199,P31,Q975166
Q199,P31,Q47577
Q199,P31,Q21199
Q199,P31,Q1136880
Q199,P31,Q184611
Q199,P31,Q41068772
Q199,P31,Q2198779
Q199,P31,Q28920052
Q199,P31,Q840676
Q199,P31,Q10549775
Q199,P31,Q37947496
Q199,P31,Q37947505
Q199,P31,Q10338607
Q199,P31,Q1199125
Q199,P31,Q68019776
Q199,P31,Q69197847
Q199,P31,Q1618549
Q199,P31,Q84752530
Q199,P31,Q91025251
Q199,P460,Q73026
Q199,P460,Q713113
Q199,P910,Q8485348
Q199,P179,Q23835349
Q199,P1889,Q27721
Q199,P1889,Q23108
Q199,P1889,Q13012262
Q199,P2959,Q56446900
Q199,P2959,Q56639902
Q199,P2959,Q60454562
Q199,P2959,Q60455150
Q199,P2959,Q89813770
Q199,P461,Q310395
Q199,P461,Q199
Q199,P1343,Q1970746
Q199,P629,Q80799905
Q199,P629,Q82285393
Q199,P629,Q63579660
Q199,P111,Q126818
Q11472,P279,Q16829513
Q11472,P279,Q3327760
Q11472,P279,Q286583
Q11472,P279,Q65768838
Q11472,P910,Q7006844
Q11472,P1343,Q2041543
Q11472,P1343,Q602358
Q11472,P1343,Q1768721
Q11472,P1552,Q216678
Q11472,P1552,Q910035
Q11472,P1552,Q46997943
Q11472,P1552,Q256699
Q11472,P2184,Q1811550
Q11472,P366,Q436625
Q11472,P366,Q28942342
Q11472,P366,Q549563
Q11472,P366,Q206615
Q11472,P366,Q735
Q11472,P366,Q207822
Q11472,P366,Q162297
Q11472,P366,Q47433
Q11472,P366,Q191529
Q11472,P186,Q1625473
Q11472,P186,Q47089651
Q11472,P186,Q189720
Q11472,P186,Q11587
Q11472,P2079,Q335415
Q11472,P1889,Q226697
Q11472,P1889,Q189897
Q11472,P2670,Q196878
Q11472,P5008,Q5460604
Q11472,P2579,Q7132695
Q11472,P50,Q735112
Q11472,P138,Q125576
Q192630,P910,Q15100058
Q192630,P279,Q11471
Q192630,P156,Q193168
Q192630,P361,Q11471
Q192630,P31,Q173253
Q192630,P1552,Q19829125
Q192630,P1889,Q33056852
Q192630,P461,Q344
Q192630,P2579,Q65928774
Q187931,P910,Q6022691
Q187931,P279,Q1786828
Q187931,P279,Q20817253
Q187931,P279,Q12767945
Q187931,P527,Q2303637
Q187931,P361,Q41796
Q187931,P1889,Q41796
Q187931,P1382,Q778333
Q3401405,P31,Q4167410
Q62395707,P31,Q4167410
Q62395707,P1889,Q215408
Q62395707,P460,Q3409086
Q62395707,P460,Q62396355
Q47092,P910,Q7011471
Q47092,P279,Q673281
Q47092,P1995,Q2861470
Q47092,P3095,Q22962951
Q47092,P1552,Q2148678
Q47092,P1552,Q19358049
Q47092,P31,Q5801919
Q47092,P7084,Q6628760
Q3933774,P31,Q4167410
Q4022,P910,Q6965093
Q4022,P910,Q9800951
Q4022,P527,Q283
Q4022,P2959,Q22828765
Q4022,P1424,Q20314733
Q4022,P1424,Q6643401
Q4022,P2354,Q486047
Q4022,P279,Q55659167
Q4022,P5008,Q5460604
Q4022,P1963,P885
Q4022,P1963,P403
Q4022,P1963,P2043
Q4022,P1963,P4614
Q4022,P1963,P469
Q4022,P1963,P17
Q4022,P460,Q7167858
Q4022,P1889,Q30092769
Q4022,P1889,Q355304
Q4022,P6186,Q6408865
Q4022,P5869,Q3783
Q4022,P5869,Q5413
Q4022,P5869,Q19686
Q4022,P5869,Q3503
Q4022,P5869,Q1497
Q4022,P1343,Q602358
Q4022,P1343,Q19180675
Q4022,P1343,Q1970746
Q4022,P1343,Q602358
Q4022,P1343,Q1768721
Q4022,P166,Q864861
Q4022,P361,Q285451
Q350112,P31,Q4167410
Q350112,P1889,Q19872949
Q350112,P1889,Q13560071
Q350112,P1889,Q1671085
Q350112,P460,Q14551008
Q41521,P910,Q6151571
Q41521,P279,Q7311342
Q41521,P279,Q3249551
Q41521,P1343,Q602358
Q41521,P1343,Q19180675
Q41521,P1343,Q1970746
Q41521,P31,Q190539
Q41521,P1889,Q9585
Q40847,P279,Q1760958
Q40847,P279,Q2578402
Q40847,P910,Q7487028
Q40847,P1343,Q2657718
Q40847,P1343,Q19190511
Q40847,P1343,Q1768721
Q40847,P527,Q330946
Q40847,P527,Q200266
Q40847,P527,Q3754170
Q40847,P1889,Q21859015
Q11461,P279,Q1132631
Q11461,P279,Q19829125
Q11461,P910,Q8773175
Q11461,P1343,Q2041543
Q11461,P1343,Q27680201
Q11461,P1343,Q1768721
Q11461,P437,Q7391292
Q11461,P461,Q502261
Q11461,P1687,P4733
Q11461,P5008,Q5460604
Q11461,P2579,Q82811
Q11461,P2579,Q40998
Q392536,P31,Q4167410
Q340383,P31,Q4167410
Q340383,P1889,Q37476726
Q15808312,P31,Q4167410
Q15808312,P1889,Q38222743
Q15808312,P460,Q64769834
Q15808312,P460,Q64770007
Q15808312,P460,Q3502786
Q15808312,P460,Q64770170
Q15808312,P460,Q64770256
Q15808312,P460,Q10374630
Q398847,P31,Q4167410
Q398847,P1889,Q4353748
Q224952,P1343,Q2657718
Q224952,P279,Q5
Q224952,P361,Q7748
Q224952,P31,Q13642845
Q44539,P279,Q24398318
Q44539,P279,Q697295
Q44539,P279,Q1370598
Q44539,P910,Q7374131
Q44539,P1343,Q2657718
Q44539,P1343,Q234535
Q44539,P1343,Q20078554
Q44539,P1343,Q1970746
Q44539,P1343,Q19180675
Q44539,P1343,Q30059240
Q44539,P1343,Q602358
Q44539,P1343,Q2041543
Q44539,P1343,Q602358
Q44539,P1343,Q1768721
Q44539,P1889,Q605315
Q170544,P279,Q7493941
Q170544,P910,Q9103996
Q170544,P156,Q3338943
Q170544,P1343,Q2657718
Q170544,P1343,Q20078554
Q170544,P366,Q49389
Q170544,P1889,Q32451617
Q3984436,P31,Q4167410
Q553,P279,Q25570959
Q553,P279,Q66545296
Q553,P910,Q7139374
Q553,P927,Q27042858
Q553,P1889,Q24697468
Q553,P6440,Q93935
Q553,P1343,Q602358
Q553,P1343,Q19180675
Q553,P1343,Q1768721
Q553,P31,Q712378
Q553,P186,Q100274207
Q82821,P910,Q7131102
Q82821,P910,Q16929851
Q82821,P361,Q11042
Q82821,P361,Q251777
Q82821,P1343,Q2041543
Q82821,P279,Q251777
Q405416,P31,Q4167410
Q405416,P279,Q1150070
Q133311,P279,Q41710
Q133311,P279,Q874405
Q133311,P279,Q1063239
Q133311,P910,Q7029169
Q133311,P1424,Q14914895
Q46744,P828,Q133500
Q46744,P1889,Q2297282
Q46744,P1889,Q5156948
Q46744,P279,Q1347367
Q46744,P279,Q54989186
Q46744,P361,Q77468620
Q46744,P1382,Q9081
Q46744,P1382,Q164359
Q95377384,P31,Q4167410
Q95377384,P460,Q95376693
Q95377384,P460,Q95377034
Q95377384,P460,Q1294087
Q95377384,P460,Q95377784
Q95377384,P1889,Q37204827
Q5189153,P31,Q4167410
Q5189153,P460,Q16726223
Q5189153,P460,Q10712515
Q5189153,P1343,Q2041543
Q16280097,P31,Q4167410
Q16280097,P1889,Q20826013
Q16280097,P1889,Q1079369
Q16280097,P1889,Q155171
Q16280097,P1889,Q212688
Q16280097,P1889,Q214272
Q16280097,P1889,Q2414843
Q16280097,P1889,Q7922695
Q16280097,P1889,Q7922697
Q16280097,P1889,Q7922694
Q16280097,P1889,Q7922696
Q16280097,P1889,Q16623773
Q16280097,P1889,Q760256
Q16280097,P460,Q8501802
Q33999,P1424,Q14358369
Q33999,P425,Q222749
Q33999,P279,Q713200
Q33999,P910,Q3919792
Q33999,P460,Q713200
Q33999,P460,Q21169216
Q33999,P31,Q28640
Q33999,P1687,P161
Q33999,P1687,P175
Q33999,P1963,P1283
Q33999,P1963,P569
Q33999,P1963,P4666
Q33999,P1963,P106
Q33999,P1963,P345
Q33999,P1963,P2604
Q33999,P417,Q969022
Q33999,P1343,Q1138524
Q33999,P1343,Q602358
Q33999,P6186,Q7163246
Q33999,P1889,Q713200
Q33999,P1552,Q6581097
Q82760,P31,Q4167410
Q1772698,P279,Q608
Q1772698,P279,Q223642
Q1772698,P460,Q234213
Q178342,P910,Q8260263
Q178342,P279,Q235113
Q178342,P279,Q10822464
Q178342,P461,Q657473
Q178342,P361,Q6586528
Q178342,P2579,Q2671341
Q178342,P2579,Q48582594
Q178342,P1343,Q19211082
Q178342,P1343,Q3181656
Q3010,P279,Q7569
Q3010,P279,Q84048850
Q3010,P461,Q3031
Q3010,P910,Q9632107
Q3010,P1344,Q211354
Q381072,P279,Q1190554
Q381072,P279,Q104493
Q381072,P910,Q9127156
Q381072,P1343,Q602358
Q381072,P2579,Q1141276
Q1983062,P361,Q15709880
Q1983062,P361,Q526877
Q1983062,P1343,Q2657718
Q1983062,P1343,Q63284758
Q1983062,P1889,Q21191270
Q1983062,P1889,Q1980247
Q1983062,P1963,P1573
Q1983062,P1963,P1545
Q1983062,P279,Q2431196
Q1983062,P1687,P1811
Q1983062,P1687,P1113
Q7958,P1343,Q20743760
Q7958,P279,Q1200750
Q7958,P1687,P6208
Q7958,P3712,Q46744
Q7958,P366,Q352842
Q6502154,P1151,Q18857150
Q6502154,P279,Q61509
Q6502154,P910,Q7216217
Q6502154,P1151,Q18857150
Q6502154,P279,Q61509
Q6502154,P910,Q7216217
Q179274,P910,Q7244385
Q179274,P279,Q1911852
Q8253,P461,Q213051
Q8253,P910,Q7233872
Q8253,P1343,Q19180675
Q8253,P1343,Q602358
Q8253,P5008,Q5460604
Q8253,P31,Q483394
Q8253,P1889,Q17537576
Q8253,P1889,Q9134
Q8253,P1889,Q87482979
Q8253,P2670,Q87482979
Q8253,P279,Q17537576
Q530527,P31,Q4167410
Q1255864,P31,Q205555
Q1255864,P910,Q9723268
Q81989,P460,Q3467762
Q81989,P31,Q1266031
Q81989,P31,Q690175
Q81989,P31,Q178342
Q81989,P31,Q10822464
Q81989,P910,Q8479421
Q81989,P411,Q43115
Q81989,P1343,Q19180675
Q81989,P1343,Q602358
Q81989,P1343,Q3181656
Q81989,P1441,Q28754
Q81989,P735,Q65944752
Q81989,P841,Q2882
Q3031,P279,Q7569
Q3031,P279,Q84048852
Q3031,P461,Q3010
Q3031,P910,Q9632042
Q3031,P1889,Q49835
Q162808,P910,Q8520991
Q162808,P31,Q20203727
Q162808,P1343,Q19180675
Q162808,P1343,Q602358
Q162808,P1441,Q715768
Q162808,P1441,Q1195086
Q162808,P2789,Q6964304
Q162808,P1080,Q18176971
Q162808,P5800,Q488733
Q162808,P1269,Q51633
Q1174821,P31,Q4167410
Q1329012,P361,Q641118
Q1329012,P31,Q2393196
Q1329012,P1343,Q1768721
Q706622,P910,Q7494754
Q706622,P31,Q151885
Q706622,P1343,Q2041543
Q706622,P1382,Q4503831
Q706622,P279,Q54989186
Q706622,P460,Q17285911
Q706622,P527,Q4503831
Q1387137,P31,Q4167410
Q1387137,P460,Q3800793
Q44342,P279,Q8253
Q44342,P279,Q7832362
Q44342,P910,Q7217247
Q44342,P31,Q223393
Q44342,P1343,Q2657718
Q44342,P1343,Q602358
Q15173,P910,Q8591790
Q15173,P279,Q18534278
Q15173,P279,Q66536543
Q15173,P31,Q18534278
Q15173,P2286,Q484813
Q15173,P2289,Q6029346
Q15173,P2959,Q12715466
Q15173,P361,Q712819
Q15173,P527,Q6693954
Q15173,P527,Q3740460
Q162032,P31,Q4167410
Q162032,P1889,Q1828075
Q162032,P1343,Q2041543
Q1692143,P31,Q4167410
Q1692143,P1889,Q37206910
Q35758,P279,Q28728771
Q35758,P910,Q5550631
Q35758,P527,Q28729648
Q35758,P3113,Q28728673
Q35758,P361,Q221392
Q35758,P1552,Q11423
Q35758,P1552,Q29539
Q35758,P1552,Q11466
Q35758,P1552,Q11430
Q9635,P366,Q213449
Q9635,P366,Q4393922
Q9635,P366,Q9530
Q9635,P366,Q1663054
Q9635,P361,Q23640
Q9635,P910,Q7132788
Q9635,P279,Q24060765
Q9635,P279,Q66544250
Q9635,P927,Q23640
Q9635,P527,Q27042858
Q9635,P527,Q6769276
Q9635,P2959,Q22828737
Q9635,P1889,Q10431873
Q9635,P5008,Q5460604
Q9635,P1343,Q602358
Q9635,P1343,Q19180675
Q9635,P1343,Q1768721
Q12827256,P279,Q7832362
Q12827256,P910,Q9874695
Q12827256,P2579,Q580854
Q12827256,P31,Q4263830
Q8261,P910,Q9644291
Q8261,P910,Q3919902
Q8261,P31,Q4263830
Q8261,P31,Q223393
Q8261,P279,Q38072107
Q8261,P279,Q1318295
Q8261,P279,Q571
Q8261,P1963,P136
Q8261,P1963,P50
Q8261,P1963,P123
Q8261,P1963,P212
Q8261,P1151,Q11774360
Q8261,P5008,Q5460604
Q8261,P6186,Q8923122
Q8261,P1889,Q12799318
Q8261,P1889,Q149537
Q8261,P1889,Q59126
Q8261,P1889,Q54894431
Q8261,P3095,Q6625963
Q8261,P1343,Q602358
Q8261,P1343,Q19180675
Q8261,P1343,Q1970746
Q8261,P361,Q2005755
Q9147,P105,Q35409
Q9147,P31,Q16521
Q9147,P171,Q12198609
Q9147,P910,Q6138454
Q9147,P1343,Q602358
Q9147,P1343,Q19180675
Q9147,P3512,Q372949
Q418416,P31,Q4167410
Q418416,P1889,Q16881915
Q418416,P460,Q203065
Q199657,P910,Q7014557
Q199657,P279,Q1914636
Q199657,P279,Q2200417
Q199657,P3095,Q26899865
Q199657,P2283,Q47461344
Q199657,P1343,Q1768721
Q199657,P31,Q11862829
Q121769,P910,Q7014563
Q121769,P1687,P6184
Q121769,P1687,P1659
Q121769,P279,Q930933
Q121769,P1889,Q57699384
Q62075492,P31,Q4167410
Q1074648,P31,Q100195948
Q1074648,P1382,Q16886469
Q1074648,P279,Q21263262
Q547388,P31,Q4167410
Q547388,P1889,Q96745698
Q547388,P1889,Q7311630
Q547388,P460,Q96745811
Q547388,P460,Q96745814
Q192906,P910,Q6930068
Q192906,P1343,Q602358
Q192906,P1343,Q19180675
Q192906,P1343,Q4173137
Q192906,P1343,Q19190511
Q192906,P279,Q1914636
Q25635316,P279,Q9332
Q25635316,P366,Q571571
Q25635316,P31,Q9332
Q25635316,P1889,Q3319384
Q214339,P910,Q9120339
Q214339,P279,Q4897819
Q214339,P1343,Q2657718
Q214339,P527,Q9332
Q214339,P527,Q2648051
Q165,P279,Q2507626
Q165,P279,Q337567
Q165,P279,Q2221906
Q165,P527,Q184395
Q165,P910,Q9630857
Q165,P910,Q6491872
Q165,P1343,Q2041543
Q165,P1343,Q1768721
Q165,P1424,Q26095412
Q165,P5008,Q5460604
Q165,P2354,Q229088
Q165,P1465,Q8757264
Q165,P974,Q573344
Q165,P974,Q591942
Q165,P1889,Q61744472
Q165,P1151,Q61791277
Q7445743,P31,Q4167410
Q2934264,P31,Q4167410
Q2934264,P460,Q3989259
Q2934264,P1889,Q37551802
Q2934264,P1889,Q1931144
Q7397,P1151,Q15021033
Q7397,P279,Q17537576
Q7397,P279,Q2424752
Q7397,P279,Q47461344
Q7397,P461,Q3966
Q7397,P910,Q4105269
Q7397,P2354,Q25344612
Q7397,P2959,Q12715472
Q7397,P1687,P2749
Q7397,P1424,Q5621231
Q7397,P1963,P178
Q7397,P1963,P571
Q7397,P1963,P275
Q7397,P1963,P348
Q7397,P1963,P1324
Q7397,P1963,P856
Q7397,P1963,P2078
Q7397,P1963,P408
Q7397,P1963,P1547
Q7397,P1963,P1072
Q7397,P1963,P1073
Q7397,P1963,P1414
Q7397,P1963,P306
Q7397,P1963,P400
Q7397,P1963,P479
Q7397,P1963,P943
Q7397,P1963,P1032
Q7397,P1963,P3418
Q7397,P1963,P3442
Q7397,P1963,P3597
Q7397,P1963,P3861
Q7397,P1963,P2749
Q7397,P1963,P2537
Q7397,P1963,P277
Q7397,P1963,P407
Q7397,P1963,P154
Q7397,P1963,P18
Q7397,P1963,P1482
Q7397,P1963,P3499
Q7397,P1963,P3454
Q7397,P1963,P3473
Q7397,P1963,P3463
Q7397,P1963,P5196
Q7397,P276,Q3966
Q7397,P437,Q3966
Q7397,P5008,Q5460604
Q7397,P5125,Q18922260
Q7397,P2184,Q17155144
Q7397,P5869,Q11248
Q7397,P5869,Q698
Q7397,P5869,Q94
Q7397,P5869,Q319417
Q7397,P5869,Q171477
Q7397,P6104,Q15659621
Q7397,P361,Q68
Q7397,P527,Q40056
Q7397,P527,Q494756
Q7397,P1889,Q40056
Q7397,P1552,Q17155032
Q7397,P1552,Q1412670
Q7397,P1552,Q128751
Q7397,P1552,Q4485156
Q253510,P31,Q4167410
Q253510,P1889,Q37501471
Q600717,P279,Q371174
Q34178,P910,Q6189466
Q34178,P31,Q11862829
Q34178,P31,Q4671286
Q34178,P1889,Q34187
Q34178,P1889,Q209295
Q34178,P361,Q944537
Q34178,P279,Q944537
Q34178,P5125,Q7112799
Q34178,P2578,Q9174
Q34178,P2578,Q5410500
Q34178,P3095,Q1234713
Q34178,P3095,Q28498214
Q34178,P3095,Q74764304
Q34178,P1343,Q602358
Q34178,P1343,Q19180675
Q16364,P1343,Q19558994
Q16364,P1343,Q20078554
Q16364,P31,Q4936952
Q16364,P279,Q66557825
Q16364,P910,Q7031965
Q6813080,P31,Q4167410
Q6813080,P1889,Q37492224
Q1714531,P31,Q4167410
Q1714531,P460,Q74735530
Q1714531,P460,Q74736027
Q7390,P910,Q7056901
Q7390,P1343,Q20961706
Q7390,P1343,Q19180675
Q7390,P1343,Q1970746
Q7390,P1343,Q602358
Q7390,P1343,Q602358
Q7390,P1343,Q20078554
Q7390,P1889,Q17172850
Q7390,P1889,Q63869413
Q7390,P361,Q31479975
Q7390,P279,Q98277941
Q7390,P2283,Q4142193
Q7390,P366,Q52946
Q7390,P366,Q27939
Q7390,P366,Q170579
Q7390,P366,Q152247
Q7390,P366,Q1206488
Q7390,P366,Q25481968
Q7390,P527,Q4393922
Q7390,P1552,Q176501
Q7390,P2579,Q40998
Q7390,P2579,Q82811
Q25236,P31,Q10387689
Q25236,P31,Q68618328
Q25236,P31,Q69197847
Q25236,P31,Q82047057
Q25236,P31,Q208469
Q25236,P111,Q1253356
Q25236,P111,Q25342
Q25236,P460,Q92711514
Q25236,P138,Q9041
Q25236,P1343,Q2041543
Q25236,P1343,Q602358
Q25236,P144,Q25269
Q25236,P144,Q11574
Q23387,P31,Q1790144
Q23387,P31,Q82047057
Q23387,P910,Q5915079
Q23387,P111,Q2199864
Q23387,P279,Q29441572
Q23387,P2670,Q573
Q23387,P2670,Q41825
Q23387,P2670,Q19906285
Q23387,P2670,Q211391
Q23387,P361,Q5151
Q23387,P460,Q30722989
Q23387,P1343,Q19190511
Q226469,P31,Q4167410
Q226469,P1889,Q288810
Q226469,P460,Q12961262
Q15699988,P1889,Q3620748
Q15699988,P17,Q41
Q15699988,P460,Q43412
Q15699988,P31,Q1969448
Q534659,P31,Q4167410
Q534659,P1889,Q28737603
Q534659,P1889,Q65545857
Q534659,P1889,Q65546774
Q534659,P460,Q30337773
Q534659,P460,Q815605
Q4,P527,Q2383867
Q4,P527,Q22269697
Q4,P527,Q22269530
Q4,P31,Q2996394
Q4,P461,Q14819852
Q4,P461,Q3
Q4,P910,Q7022842
Q4,P279,Q3505845
Q4,P279,Q2956046
Q4,P1151,Q11109938
Q4,P1424,Q10728979
Q4,P1343,Q602358
Q4,P1343,Q4173137
Q4,P1343,Q4086271
Q4,P1343,Q1970746
Q4,P1343,Q602358
Q4,P1889,Q223867
Q4,P1269,Q2347178
Q4,P1963,P585
Q4,P1963,P1196
Q4,P1963,P509
Q4,P1963,P276
Q4,P2670,Q18748141
Q4,P2670,Q18658526
Q4,P2670,Q1931388
Q4,P2670,Q2438541
Q4,P5008,Q5460604
Q4,P5125,Q25047919
Q4,P361,Q3
Q4,P1478,Q267505
Q4,P828,Q149086
Q4,P828,Q1931388
Q4,P828,Q10737
Q36192,P1151,Q14615795
Q36192,P361,Q309
Q36192,P361,Q4384751
Q36192,P910,Q7216460
Q36192,P1343,Q2657718
Q36192,P1343,Q602358
Q36192,P279,Q17537576
Q36192,P2579,Q132116
Q36192,P31,Q483394
Q36192,P31,Q11862829
Q1175274,P31,Q4167410
Q1175274,P1889,Q16871003
Q6498826,P910,Q6548197
Q6498826,P1343,Q2041543
Q6498826,P279,Q17573152
Q6498826,P279,Q1851760
Q6498826,P31,Q12737077
Q6498826,P793,Q46999986
Q6498826,P910,Q6548197
Q6498826,P1343,Q2041543
Q6498826,P279,Q17573152
Q6498826,P279,Q1851760
Q6498826,P31,Q12737077
Q6498826,P793,Q46999986
Q188681,P527,Q12184524
Q188681,P910,Q9486836
Q188681,P1343,Q20961706
Q188681,P1343,Q4173137
Q188681,P1343,Q4086271
Q188681,P1343,Q12609286
Q188681,P31,Q98088085
Q188681,P279,Q1190554
Q188681,P1382,Q2997437
Q878352,P1889,Q189349
Q878352,P1889,Q12016844
Q878352,P1889,Q25345174
Q878352,P1889,Q44342
Q878352,P1889,Q12827256
Q878352,P1889,Q8253
Q878352,P279,Q34394
Q878352,P6477,Q953429
Q878352,P1552,Q13649246
Q258460,P31,Q4167410
Q258460,P1889,Q36955130
Q258460,P1889,Q3676019
Q258460,P1889,Q63108953
Q1441519,P279,Q2200417
Q1441519,P279,Q781413
Q1441519,P1889,Q15117383
Q1441519,P1552,Q9476
Q1441519,P361,Q77468620
Q10953930,P31,Q4167410
Q10953930,P1343,Q2657718
Q10953930,P1889,Q37504522
Q6256,P1151,Q6988967
Q6256,P460,Q7275
Q6256,P279,Q1048835
Q6256,P910,Q4026570
Q6256,P1687,P17
Q6256,P1687,P495
Q6256,P1687,P27
Q6256,P1687,P1532
Q6256,P1963,P17
Q6256,P1963,P30
Q6256,P1963,P150
Q6256,P1963,P35
Q6256,P1963,P36
Q6256,P1963,P138
Q6256,P1963,P463
Q6256,P1963,P832
Q6256,P1963,P237
Q6256,P1963,P6
Q6256,P1963,P122
Q6256,P1963,P1082
Q6256,P1963,P530
Q6256,P1963,P856
Q6256,P1963,P1689
Q6256,P1963,P421
Q6256,P1963,P1464
Q6256,P1963,P1465
Q6256,P1963,P1792
Q6256,P1963,P1740
Q6256,P1963,P1791
Q6256,P1963,P1566
Q6256,P1963,P935
Q6256,P1963,P1125
Q6256,P1963,P443
Q6256,P1963,P625
Q6256,P1963,P1332
Q6256,P1963,P1333
Q6256,P1963,P1335
Q6256,P1963,P1334
Q6256,P1963,P901
Q6256,P1963,P984
Q6256,P1963,P474
Q6256,P1963,P402
Q6256,P1963,P297
Q6256,P1963,P298
Q6256,P1963,P299
Q6256,P1963,P610
Q6256,P1963,P1589
Q6256,P1963,P209
Q6256,P1963,P242
Q6256,P1963,P47
Q6256,P1963,P194
Q6256,P1963,P163
Q6256,P1963,P78
Q6256,P1963,P37
Q6256,P1963,P94
Q6256,P1963,P41
Q6256,P1963,P85
Q6256,P1963,P38
Q6256,P1963,P1081
Q6256,P1963,P1622
Q6256,P1963,P3221
Q6256,P1963,P3106
Q6256,P1963,P2853
Q6256,P1963,P2852
Q6256,P1963,P2979
Q6256,P1963,P2988
Q6256,P1963,P3024
Q6256,P1963,P3067
Q6256,P1963,P2936
Q6256,P1963,P2046
Q6256,P150,Q10864048
Q6256,P2959,Q22828881
Q6256,P1424,Q5621162
Q6256,P1889,Q231002
Q6256,P1889,Q7275
Q6256,P527,Q183366
Q6256,P5008,Q5460604
Q6256,P5869,Q183
Q6256,P6186,Q5641433
Q6256,P6104,Q8503406
Q6256,P2670,Q1020994
Q6256,P31,Q104098715
Q44619,P31,Q16748867
Q44619,P31,Q60539481
Q44619,P31,Q77468620
Q44619,P910,Q7232869
Q44619,P361,Q9357054
Q44619,P828,Q3858303
Q44619,P828,Q175854
Q44619,P1542,Q14916351
Q44619,P279,Q154430
Q44619,P279,Q16748867
Q44619,P461,Q362547
Q44619,P1889,Q1522565
Q44619,P1343,Q1768721
Q16783743,P31,Q4167410
Q170084,P279,Q151885
Q170084,P461,Q2890061
Q170084,P361,Q44325
Q170084,P361,Q484761
Q170084,P361,Q9471
Q170084,P828,Q23009459
Q170084,P828,Q9420
Q33767,P279,Q17781690
Q33767,P279,Q26962795
Q33767,P361,Q24517852
Q33767,P527,Q620207
Q33767,P527,Q2001588
Q33767,P527,Q228027
Q33767,P527,Q192298
Q33767,P527,Q184848
Q33767,P527,Q167131
Q33767,P527,Q83360
Q33767,P527,Q232377
Q33767,P527,Q237229
Q33767,P527,Q66516289
Q33767,P910,Q7237891
Q33767,P2289,Q3324393
Q33767,P2286,Q599817
Q33767,P2789,Q228537
Q33767,P1552,Q3085221
Q33767,P1343,Q602358
Q33767,P1343,Q1768721
Q33767,P3190,Q254580
Q33767,P3190,Q1364876
Q33767,P3190,Q1365325
Q708,P910,Q7034673
Q708,P279,Q19591
Q708,P31,Q11344
Q708,P31,Q2512777
Q708,P31,Q55427776
Q708,P31,Q55427774
Q708,P31,Q72941151
Q708,P31,Q187661
Q708,P1542,Q110315
Q708,P1343,Q2657718
Q708,P1343,Q1138524
Q708,P1343,Q602358
Q708,P1343,Q1768721
Q708,P2959,Q29014733
Q708,P1889,Q947546
Q708,P462,Q42519
Q708,P1552,Q691914
Q708,P361,Q239813
Q708,P361,Q106693
Q708,P366,Q3535009
Q16877945,P31,Q4167410
Q16877945,P1889,Q36961117
Q16877945,P1889,Q31906
Q851824,P910,Q7014736
Q851824,P279,Q124490
Q851824,P279,Q252000
Q851824,P279,Q1920219
Q3972943,P279,Q1914636
Q3972943,P279,Q268592
Q3972943,P910,Q5836947
Q3972943,P1056,Q732577
Q3972943,P3095,Q2085381
Q3972943,P3095,Q2516866
Q3972943,P31,Q268592
Q3972943,P31,Q11862829
Q3972943,P1687,P1433
Q3972943,P460,Q194105
Q61745744,P31,Q4167410
Q502261,P279,Q154242
Q502261,P279,Q19829125
Q502261,P910,Q8744897
Q502261,P461,Q11461
Q502261,P31,Q17587776
Q502261,P5008,Q5460604
Q1689278,P31,Q4167410
Q1689278,P1889,Q234460
Q1903435,P31,Q4167410
Q226611,P31,Q4167410
Q5029199,P31,Q4167410
Q276258,P156,Q131774
Q276258,P31,Q785260
Q276258,P31,Q185836
Q276258,P31,Q1406161
Q276258,P910,Q8913288
Q276258,P2670,Q7569
Q276258,P1889,Q1766899
Q276258,P1889,Q47508159
Q276258,P2184,Q4204823
Q276258,P155,Q34581
Q276258,P828,Q34581
Q276258,P527,Q3377398
Q276258,P461,Q83705447
Q188889,P910,Q7014666
Q188889,P1343,Q2657718
Q188889,P279,Q11801374
Q188889,P279,Q1783551
Q10781077,P31,Q4167410
Q10781077,P1889,Q37258164
Q1572519,P31,Q4167410
Q1297532,P31,Q4167410
Q1297532,P460,Q14325447
Q15292,P279,Q3796713
Q15292,P361,Q10797504
Q15292,P461,Q15290
Q1235072,P31,Q4167410
Q41397,P279,Q4817637
Q41397,P279,Q750215
Q41397,P910,Q5568721
Q41397,P460,Q154278
Q41397,P1889,Q3199915
Q41397,P61,Q505586
Q41397,P5008,Q13382529
Q219221,P31,Q4167410
Q219221,P1889,Q37499992
Q219221,P1889,Q5574677
Q4503831,P910,Q15968322
Q4503831,P460,Q198942
Q4503831,P1542,Q16513426
Q4503831,P1687,P3712
Q4503831,P1889,Q6515020
Q4503831,P279,Q1789452
Q4503831,P279,Q706622
Q4503831,P1382,Q706622
Q189183,P279,Q1202868
Q189183,P31,Q3062294
Q189183,P1343,Q2041543
Q189183,P1343,Q602358
Q189183,P1343,Q101314624
Q189183,P1889,Q501390
Q16533,P31,Q15987302
Q16533,P31,Q83856136
Q16533,P910,Q7217252
Q16533,P460,Q217029
Q16533,P425,Q105985
Q16533,P1343,Q2041543
Q16533,P1343,Q2657718
Q16533,P1687,P1594
Q16533,P1889,Q19532167
Q16533,P1889,Q47244249
Q16533,P279,Q185351
Q7081,P910,Q7465113
Q7081,P1269,Q9471
Q7081,P1269,Q35277
Q7081,P5008,Q5460604
Q7081,P361,Q178801
Q7081,P461,Q33442
Q450,P910,Q6643238
Q450,P279,Q7184903
Q450,P279,Q3895768
Q450,P460,Q353284
Q450,P5008,Q5460604
Q450,P461,Q18237
Q450,P2579,Q1138951
Q450,P1552,Q6817489
Q450,P1552,Q317309
Q450,P1552,Q54989186
Q450,P1889,Q20400796
Q123705,P279,Q56061
Q123705,P279,Q48907157
Q123705,P910,Q5189380
Q123705,P460,Q16837104
Q123705,P460,Q604435
Q123705,P361,Q515
Q123705,P1963,P276
Q123705,P1963,P131
Q123705,P1963,P625
Q123705,P1963,P17
Q123705,P1963,P281
Q123705,P1963,P373
Q123705,P1963,P18
Q123705,P1889,Q18114025
Q123705,P1889,Q1348006
Q123705,P1889,Q2983893
Q123705,P1889,Q61089180
Q123705,P1343,Q101314624
Q2011843,P31,Q4167410
Q18621601,P910,Q6228362
Q18621601,P279,Q12136
Q18621601,P279,Q7830382
Q18621601,P828,Q114953
Q18621601,P1343,Q602358
Q18621601,P1343,Q19180675
Q18621601,P1343,Q19190511
Q18621601,P1343,Q30059240
Q18621601,P1424,Q15176839
Q7231827,P31,Q4167410
Q104161454,P31,Q4167410
Q298413,P31,Q4167410
Q298413,P1889,Q185957
Q298413,P460,Q12323209
Q69314267,P31,Q4167410
Q69314267,P1889,Q3421539
Q69314267,P460,Q219042
Q69314267,P460,Q69315040
Q69314267,P460,Q24034107
Q178354,P279,Q781413
Q178354,P910,Q7214939
Q178354,P1343,Q1970746
Q178354,P1343,Q19180675
Q178354,P1343,Q602358
Q178354,P461,Q430727
Q178354,P361,Q77468620
Q178354,P1382,Q1156402
Q235028,P31,Q4167410
Q235028,P460,Q9072310
Q235028,P1889,Q10666489
Q235028,P1889,Q37206770
Q8434,P279,Q133500
Q8434,P279,Q7406919
Q8434,P910,Q4103249
Q8434,P1343,Q4173137
Q8434,P1343,Q602358
Q8434,P1343,Q302556
Q8434,P1343,Q19190511
Q8434,P1343,Q1768721
Q8434,P1343,Q3181656
Q8434,P1343,Q101314624
Q8434,P460,Q1326354
Q8434,P2959,Q22828648
Q8434,P1151,Q13359951
Q8434,P31,Q2465832
Q8434,P31,Q11862829
Q8434,P1424,Q14400727
Q8434,P1424,Q11838819
Q8434,P1889,Q12150409
Q8434,P1889,Q57173735
Q8434,P1889,Q4103249
Q8434,P3095,Q974144
Q8434,P3095,Q37226
Q8434,P3095,Q10509151
Q8434,P5008,Q5460604
Q8434,P5125,Q7112612
Q8434,P1542,Q57173735
Q8434,P6104,Q8486648
Q8434,P2579,Q7922
Q8434,P2670,Q64801076
Q8434,P1552,Q18189
Q25288,P1343,Q2657718
Q25288,P1343,Q602358
Q25288,P1343,Q4086271
Q25288,P1343,Q1970746
Q25288,P1343,Q19180675
Q25288,P1343,Q26711933
Q25288,P1343,Q73391977
Q25288,P1343,Q20078554
Q25288,P279,Q11402
Q25288,P279,Q2672914
Q25288,P279,Q107715
Q25288,P828,Q11412
Q25288,P828,Q178733
Q25288,P461,Q6497624
Q25288,P1889,Q11423
Q25288,P4934,Q11423
Q25288,P4934,Q30006
Q25288,P8111,Q12438
Q25288,P31,Q107715
Q2585301,P31,Q4167410
Q223642,P910,Q7237794
Q223642,P279,Q3769299
Q223642,P279,Q853725
Q223642,P1424,Q7641127
Q223642,P1424,Q20333655
Q223642,P5125,Q7112715
Q1845,P31,Q179461
Q1845,P31,Q47461344
Q1845,P31,Q105420
Q1845,P527,Q19786
Q1845,P527,Q18813
Q1845,P910,Q5461062
Q1845,P747,Q1555509
Q1845,P747,Q5083751
Q1845,P747,Q10511148
Q1845,P747,Q10602364
Q1845,P747,Q10519521
Q1845,P747,Q10397145
Q1845,P747,Q1626958
Q1845,P747,Q7083917
Q1845,P747,Q2462802
Q1845,P747,Q18918473
Q1845,P747,Q131175
Q1845,P747,Q1138103
Q1845,P747,Q1502139
Q1845,P747,Q866134
Q1845,P747,Q623398
Q1845,P747,Q1240869
Q1845,P747,Q4264194
Q1845,P747,Q8035681
Q1845,P747,Q20157264
Q1845,P747,Q20160290
Q1845,P747,Q20165852
Q1845,P747,Q19525492
Q1845,P747,Q19523670
Q1845,P747,Q19523683
Q1845,P747,Q1786390
Q1845,P747,Q11145376
Q1845,P747,Q20201728
Q1845,P747,Q20201776
Q1845,P747,Q20203353
Q1845,P747,Q1571095
Q1845,P747,Q29334
Q1845,P747,Q20278655
Q1845,P747,Q9170726
Q1845,P747,Q9170725
Q1845,P747,Q9170712
Q1845,P747,Q9170728
Q1845,P747,Q3943129
Q1845,P747,Q570121
Q1845,P747,Q9170718
Q1845,P747,Q11687962
Q1845,P747,Q5363012
Q1845,P747,Q3492456
Q1845,P747,Q603882
Q1845,P747,Q170093
Q1845,P747,Q338373
Q1845,P747,Q476495
Q1845,P747,Q1756168
Q1845,P747,Q6888651
Q1845,P747,Q15892006
Q1845,P747,Q6457532
Q1845,P747,Q11910252
Q1845,P747,Q11145141
Q1845,P747,Q20203353
Q1845,P747,Q11854224
Q1845,P747,Q1123442
Q1845,P747,Q795334
Q1845,P747,Q1216026
Q1845,P747,Q1417592
Q1845,P747,Q1483497
Q1845,P747,Q1543043
Q1845,P747,Q1880111
Q1845,P747,Q1880117
Q1845,P747,Q1885752
Q1845,P747,Q2121759
Q1845,P747,Q2287666
Q1845,P747,Q2901001
Q1845,P747,Q3480204
Q1845,P747,Q3563671
Q1845,P747,Q6104615
Q1845,P747,Q11145117
Q1845,P747,Q11963657
Q1845,P747,Q11990718
Q1845,P747,Q14641971
Q1845,P747,Q15042015
Q1845,P747,Q16532404
Q1845,P747,Q16532409
Q1845,P747,Q4350033
Q1845,P747,Q19448725
Q1845,P747,Q19448728
Q1845,P747,Q21009621
Q1845,P747,Q21209375
Q1845,P747,Q23051789
Q1845,P747,Q28028138
Q1845,P747,Q29142291
Q1845,P747,Q33076684
Q1845,P747,Q33076723
Q1845,P747,Q33076890
Q1845,P747,Q55889879
Q1845,P747,Q129906
Q1845,P747,Q233185
Q1845,P747,Q591016
Q1845,P747,Q847327
Q1845,P747,Q856058
Q1845,P747,Q856316
Q1845,P747,Q13222412
Q1845,P747,Q49614458
Q1845,P747,Q6472319
Q1845,P747,Q1639090
Q1845,P747,Q1121746
Q1845,P747,Q1978417
Q1845,P747,Q4174798
Q1845,P747,Q3740879
Q1845,P747,Q16532491
Q1845,P747,Q3270198
Q1845,P747,Q3304105
Q1845,P747,Q7318434
Q1845,P747,Q7397312
Q1845,P747,Q28222051
Q1845,P747,Q86598286
Q1845,P747,Q248436
Q1845,P747,Q94261922
Q1845,P747,Q95473315
Q1845,P747,Q95567890
Q1845,P747,Q16537611
Q1845,P747,Q95984329
Q1845,P747,Q96064829
Q1845,P747,Q4272875
Q1845,P747,Q97654396
Q1845,P747,Q15725803
Q1845,P747,Q98312639
Q1845,P747,Q3639485
Q1845,P747,Q96390494
Q1845,P1343,Q4086271
Q1845,P1343,Q4173137
Q1845,P1343,Q19180675
Q1845,P1343,Q602358
Q1845,P1343,Q867541
Q1845,P1343,Q20089963
Q1845,P1343,Q302556
Q1845,P1343,Q1970746
Q1845,P1343,Q19211082
Q1845,P1343,Q19538713
Q1845,P1343,Q4086271
Q1845,P1343,Q602358
Q1845,P1343,Q602358
Q1845,P1343,Q4086271
Q1845,P1343,Q3181656
Q1845,P2959,Q24259089
Q1845,P2959,Q56525707
Q1845,P1151,Q8588115
Q1845,P2670,Q29154430
Q1845,P2579,Q794605
Q1845,P1881,Q28020925
Q1845,P407,Q1982248
Q1845,P407,Q28602
Q1845,P407,Q35497
Q1845,P5125,Q28220763
Q1845,P6104,Q15629160
Q1845,P840,Q7204
Q1845,P136,Q179461
Q38695,P279,Q16920758
Q38695,P910,Q6010682
Q38695,P361,Q11042
Q38695,P155,Q6418247
Q38695,P155,Q2991771
Q38695,P156,Q3480053
Q38695,P156,Q1321148
Q38695,P156,Q213449
Q38695,P276,Q43164
Q38695,P276,Q628858
Q38695,P121,Q2095
Q38695,P31,Q891382
Q38695,P1056,Q746549
Q38695,P2283,Q1039303
Q38695,P2283,Q44432
Q38695,P1343,Q602358
Q55368,P31,Q4167410
Q491,P910,Q6425721
Q491,P279,Q223642
Q491,P461,Q5275945
Q491,P1343,Q20743760
Q491,P3095,Q17297777
Q491,P1889,Q16519308
Q491,P460,Q16514899
Q491,P1552,Q7302495
Q25114,P31,Q4167410
Q25114,P460,Q1531982
Q25114,P460,Q225764
Q25114,P1889,Q36909772
Q25114,P1889,Q26213106
Q935526,P31,Q16748867
Q935526,P31,Q60539479
Q935526,P461,Q169251
Q935526,P461,Q2809148
Q935526,P361,Q9357054
Q935526,P361,Q77468620
Q935526,P460,Q8
Q935526,P460,Q203994
Q326942,P910,Q8705457
Q326942,P31,Q4167410
Q341826,P31,Q4167410
Q341826,P1889,Q37474895
Q400168,P31,Q4167410
Q400168,P1889,Q37570301
Q400168,P1889,Q909314
Q400168,P1889,Q791916
Q400168,P1889,Q2636486
Q3972943,P279,Q1914636
Q3972943,P279,Q268592
Q3972943,P279,Q11024
Q3972943,P910,Q5836947
Q3972943,P1056,Q732577
Q3972943,P3095,Q2085381
Q3972943,P3095,Q2516866
Q3972943,P31,Q268592
Q3972943,P31,Q11862829
Q3972943,P1687,P1433
Q3972943,P460,Q194105
Q8188,P361,Q8171
Q8188,P910,Q9118327
Q8188,P279,Q6671777
Q8188,P279,Q202064
Q8188,P527,Q9788
Q8188,P527,Q8183
Q8188,P527,Q72383392
Q8188,P1889,Q521164
Q8188,P1889,Q8183
Q8188,P5008,Q5460604
Q8188,P1343,Q4532138
Q43016,P31,Q21199
Q43016,P31,Q13366104
Q43016,P31,Q861555
Q43016,P31,Q18451098
Q43016,P31,Q41068772
Q43016,P31,Q184611
Q43016,P31,Q50707
Q43016,P31,Q63116
Q43016,P910,Q22063276
Q43016,P5236,Q200
Q43016,P5236,Q203
Q43016,P1889,Q1165799
Q43016,P1889,Q11186300
Q15112254,P31,Q28640
Q181623,P279,Q655686
Q181623,P279,Q55315265
Q181623,P1343,Q2041543
Q181623,P366,Q9158768
Q181623,P460,Q1362225
Q181623,P1889,Q459195
Q181623,P910,Q8169257
Q338902,P31,Q4167410
Q288928,P910,Q4266695
Q288928,P1343,Q302556
Q288928,P1343,Q2041543
Q288928,P1343,Q602358
Q288928,P1343,Q19180675
Q288928,P1343,Q4173137
Q288928,P1343,Q3181656
Q288928,P1889,Q637230
Q288928,P1889,Q620834
Q288928,P1889,Q7066
Q288928,P1889,Q48420
Q288928,P31,Q20978643
Q288928,P31,Q5303685
Q288928,P31,Q13649246
Q288928,P461,Q35277
Q432905,P31,Q4167410
Q432905,P1889,Q16148040
Q109411,P279,Q1999796
Q109411,P279,Q2229858
Q109411,P361,Q690768
Q109411,P361,Q259745
Q109411,P910,Q7014321
Q109411,P1343,Q4173137
Q109411,P1343,Q2657718
Q109411,P1343,Q4086271
Q109411,P1343,Q602358
Q109411,P1343,Q4173137
Q109411,P1343,Q1970746
Q109411,P461,Q2637365
Q109411,P461,Q626510
Q109411,P1382,Q690140
Q109411,P1552,Q80837
Q33456,P31,Q1569997
Q33456,P910,Q7013402
Q33456,P1343,Q47755251
Q33456,P1343,Q602358
Q33456,P527,Q55091520
Q33456,P527,Q2233915
Q33456,P527,Q55091534
Q33456,P279,Q164307
Q33456,P461,Q601053
Q33456,P461,Q11197
Q33456,P366,Q168698
Q33456,P366,Q1173515
Q33456,P366,Q47306354
Q33456,P1889,Q5254619
Q33456,P460,Q577570
Q2995529,P279,Q736427
Q2995529,P279,Q25403900
Q2995529,P910,Q8497995
Q2995529,P1552,Q216678
Q2995529,P527,Q12117
Q2995529,P527,Q749997
Q2995529,P1889,Q1551263
Q2029226,P31,Q4167410
Q16883938,P31,Q4167410
Q7553,P910,Q5646576
Q7553,P279,Q2989679
Q7553,P279,Q11398090
Q7553,P279,Q451967
Q7553,P5008,Q5460604
Q7553,P1687,P5972
Q7553,P3095,Q333634
Q7553,P3095,Q21185790
Q7553,P747,Q1256959
Q7553,P31,Q4671286
Q7553,P1889,Q39811647
Q44377,P279,Q12146012
Q44377,P279,Q1550194
Q44377,P279,Q13634881
Q44377,P910,Q8957353
Q44377,P1343,Q2657718
Q44377,P527,Q2780955
Q44377,P527,Q16682031
Q44377,P1424,Q6763143
Q615806,P31,Q4167410
Q9820,P361,Q8229
Q9820,P361,Q606972
Q9820,P361,Q754673
Q9820,P361,Q607188
Q9820,P361,Q76228
Q9820,P361,Q1095058
Q9820,P361,Q1187758
Q9820,P361,Q622712
Q9820,P361,Q637405
Q9820,P361,Q550383
Q9820,P361,Q755124
Q9820,P361,Q18691434
Q9820,P361,Q994407
Q9820,P361,Q384749
Q9820,P361,Q2839543
Q9820,P31,Q19776628
Q9820,P31,Q3841820
Q9820,P1299,Q17021870
Q9820,P1343,Q1138524
Q9820,P1343,Q2041543
Q9820,P1343,Q867541
Q9820,P1889,Q179873
Q9820,P1889,Q28006
Q9820,P910,Q9552625
Q2329,P460,Q909510
Q2329,P1151,Q8588364
Q2329,P910,Q1457474
Q2329,P1343,Q19180675
Q2329,P1343,Q602358
Q2329,P1343,Q2657718
Q2329,P1343,Q3181656
Q2329,P2959,Q19942174
Q2329,P2184,Q501353
Q2329,P2184,Q39689
Q2329,P3095,Q593644
Q2329,P5008,Q5460604
Q2329,P1365,Q39689
Q2329,P2578,Q11173
Q2329,P2578,Q17339814
Q2329,P2578,Q11344
Q2329,P2578,Q79529
Q2329,P527,Q11351
Q2329,P527,Q11372
Q2329,P527,Q11165
Q2329,P527,Q369472
Q2329,P527,Q321150
Q2329,P527,Q7094
Q2329,P6104,Q8487234
Q2329,P2579,Q11023
Q2329,P279,Q14632398
Q2329,P31,Q2465832
Q2329,P31,Q11862829
Q2329,P31,Q189533
Q2329,P138,Q39689
Q2329,P1552,Q11790203
Q2329,P1552,Q6503924
Q193526,P1343,Q2657718
Q193526,P1343,Q602358
Q193526,P1343,Q19180675
Q193526,P1343,Q1970746
Q193526,P31,Q937228
Q193526,P5008,Q13382529
Q189643,P1995,Q7867
Q189643,P1995,Q9418
Q189643,P828,Q721073
Q189643,P828,Q170082
Q189643,P31,Q30897648
Q189643,P910,Q56927752
Q189643,P279,Q1188698
Q189643,P361,Q1356411
Q265264,P31,Q215380
Q265264,P136,Q483251
Q265264,P495,Q183
Q265264,P910,Q55290440
Q265264,P264,Q158886
Q225648,P31,Q4167410
Q33,P1344,Q189266
Q33,P1344,Q134949
Q33,P1344,Q1994771
Q33,P1344,Q211855
Q33,P1344,Q122100
Q33,P1344,Q1417787
Q33,P1151,Q8287709
Q33,P5125,Q7112263
Q33,P38,Q4916
Q33,P38,Q203354
Q33,P1792,Q6995781
Q33,P2852,Q1061257
Q33,P2852,Q2806478
Q33,P2853,Q1378312
Q33,P2853,Q1123613
Q33,P2633,Q213878
Q33,P1313,Q738695
Q33,P417,Q445357
Q33,P17,Q33
Q33,P2959,Q13202719
Q33,P2959,Q30277425
Q33,P2959,Q42294376
Q33,P122,Q4198907
Q33,P1552,Q3174312
Q33,P206,Q545
Q33,P530,Q16
Q33,P530,Q38
Q33,P530,Q183
Q33,P530,Q842199
Q33,P530,Q408
Q33,P530,Q212
Q33,P530,Q184
Q33,P530,Q142
Q33,P530,Q211
Q33,P530,Q35
Q33,P530,Q801
Q33,P530,Q1029
Q33,P530,Q1030
Q33,P530,Q1246
Q33,P530,Q17
Q33,P530,Q189
Q33,P530,Q20
Q33,P530,Q215
Q33,P530,Q258
Q33,P530,Q191
Q33,P530,Q298
Q33,P530,Q115
Q33,P530,Q34
Q33,P530,Q43
Q33,P530,Q811
Q33,P530,Q833
Q33,P530,Q843
Q33,P530,Q865
Q33,P530,Q96
Q33,P530,Q30
Q33,P530,Q794
Q33,P530,Q41
Q33,P530,Q148
Q33,P530,Q28
Q33,P530,Q423
Q33,P194,Q643412
Q33,P421,Q6723
Q33,P421,Q6760
Q33,P421,Q5412105
Q33,P421,Q190252
Q33,P421,Q1109976
Q33,P2184,Q202808
Q33,P2184,Q10495363
Q33,P1365,Q62633
Q33,P1365,Q1811029
Q33,P30,Q46
Q33,P36,Q1757
Q33,P237,Q171708
Q33,P910,Q4367709
Q33,P35,Q29207
Q33,P1791,Q7978585
Q33,P6,Q503143
Q33,P6,Q1711532
Q33,P6,Q11852228
Q33,P6,Q16986436
Q33,P463,Q458
Q33,P463,Q1065
Q33,P463,Q41550
Q33,P463,Q8908
Q33,P463,Q42262
Q33,P463,Q7825
Q33,P463,Q146165
Q33,P463,Q674182
Q33,P463,Q1998131
Q33,P463,Q151991
Q33,P463,Q789769
Q33,P463,Q81299
Q33,P463,Q191384
Q33,P463,Q827525
Q33,P463,Q656801
Q33,P463,Q1043527
Q33,P463,Q899770
Q33,P463,Q340195
Q33,P463,Q188822
Q33,P463,Q782942
Q33,P463,Q663492
Q33,P463,Q1928989
Q33,P463,Q1072120
Q33,P463,Q8475
Q33,P463,Q1480793
Q33,P463,Q842490
Q33,P463,Q3866537
Q33,P463,Q1579424
Q33,P463,Q233611
Q33,P463,Q826700
Q33,P463,Q7809
Q33,P463,Q5611262
Q33,P463,Q17495
Q33,P463,Q376150
Q33,P463,Q1969730
Q33,P463,Q45177
Q33,P463,Q170424
Q33,P463,Q7817
Q33,P463,Q4426190
Q33,P5658,Q14565199
Q33,P706,Q604496
Q33,P1740,Q7140653
Q33,P208,Q2366737
Q33,P1830,Q136893
Q33,P1830,Q151782
Q33,P1830,Q613116
Q33,P1830,Q616376
Q33,P1830,Q1512172
Q33,P1830,Q2367199
Q33,P1830,Q3279961
Q33,P1830,Q3487053
Q33,P1830,Q5492961
Q33,P1830,Q11894823
Q33,P1830,Q11903269
Q33,P1830,Q15195872
Q33,P1830,Q16222989
Q33,P1830,Q20809643
Q33,P1830,Q28225884
Q33,P1465,Q7482595
Q33,P85,Q162483
Q33,P1906,Q29558
Q33,P361,Q604496
Q33,P361,Q52062
Q33,P361,Q27479
Q33,P78,Q37164
Q33,P47,Q34
Q33,P47,Q20
Q33,P47,Q159
Q33,P47,Q15180
Q33,P31,Q3624078
Q33,P31,Q6256
Q33,P31,Q179164
Q33,P31,Q63791824
Q33,P610,Q216035
Q33,P1464,Q8077216
Q33,P1622,Q14565199
Q33,P1589,Q545
Q33,P37,Q1412
Q33,P37,Q9027
Q33,P150,Q5712
Q33,P150,Q5711
Q33,P150,Q5709
Q33,P150,Q5708
Q33,P150,Q5706
Q33,P150,Q5704
Q33,P150,Q5703
Q33,P150,Q5702
Q33,P150,Q5701
Q33,P150,Q5700
Q33,P150,Q5698
Q33,P150,Q5697
Q33,P150,Q5696
Q33,P150,Q5695
Q33,P150,Q5694
Q33,P150,Q5693
Q33,P150,Q5692
Q33,P150,Q5691
Q33,P150,Q5689
Q33,P138,Q170284
Q33,P163,Q47891
Q33,P1343,Q602358
Q33,P1343,Q19180675
Q33,P1343,Q4173137
Q33,P1343,Q4532138
Q33,P1343,Q4532138
Q33,P6104,Q15060259
Q33,P2936,Q2093214
Q33,P2936,Q5450448
Q33,P2936,Q13271
Q33,P2936,Q13357
Q33,P2936,Q33225
Q33,P2936,Q33462
Q33,P2936,Q33557
Q33,P2936,Q33947
Q33,P2936,Q747153
Q33,P2936,Q1412
Q33,P2936,Q9027
Q33,P2936,Q7737
Q33,P2936,Q9072
Q33,P2936,Q13955
Q33,P2936,Q1860
Q33,P2936,Q13275
Q33,P2936,Q36368
Q33,P2936,Q9168
Q33,P2936,Q7850
Q33,P2936,Q8748
Q33,P2936,Q9199
Q33,P2936,Q9217
Q33,P2936,Q256
Q33,P2936,Q1321
Q33,P2936,Q188
Q33,P2936,Q809
Q33,P2936,Q8798
Q33,P2936,Q7913
Q33,P2936,Q33298
Q33,P2936,Q150
Q33,P2936,Q9610
Q33,P2936,Q33823
Q33,P2936,Q1617
Q33,P2936,Q5146
Q33,P2936,Q9067
Q33,P2936,Q652
Q33,P2936,Q7918
Q33,P2936,Q1568
Q33,P2936,Q9303
Q33,P2936,Q7838
Q33,P2936,Q9078
Q33,P2936,Q5885
Q33,P2936,Q56463
Q33,P2936,Q7411
Q33,P2936,Q9129
Q33,P2936,Q5287
Q33,P2936,Q28244
Q33,P2936,Q9083
Q33,P2936,Q34124
Q33,P2936,Q9301
Q33,P2936,Q58680
Q33,P2936,Q58635
Q33,P2936,Q33573
Q33,P2936,Q8097
Q33,P2936,Q9264
Q33,P2936,Q34311
Q33,P2936,Q36217
Q33,P2936,Q33578
Q33,P2936,Q9176
Q33,P2936,Q9056
Q33,P2936,Q9043
Q33,P2936,Q9228
Q33,P2936,Q9299
Q33,P2936,Q9035
Q33,P2936,Q36850
Q33,P2936,Q9058
Q33,P2936,Q36236
Q33,P2936,Q1571
Q33,P2936,Q9267
Q33,P2936,Q28026
Q33,P2936,Q6654
Q33,P2936,Q9296
Q33,P2936,Q34257
Q33,P2936,Q33673
Q33,P2936,Q33587
Q33,P2936,Q56475
Q33,P2936,Q9091
Q33,P2936,Q25285
Q33,P2936,Q294
Q33,P2936,Q9063
Q33,P2936,Q9252
Q33,P2936,Q30005
Q33,P2936,Q7026
Q33,P2936,Q14196
Q33,P2936,Q33997
Q33,P2936,Q33810
Q33,P2936,Q9255
Q33,P2936,Q9246
Q33,P2936,Q9211
Q33,P2936,Q9260
Q33,P2936,Q27811
Q33,P2936,Q33552
Q33,P2936,Q9166
Q33,P2936,Q35224
Q33,P2936,Q33243
Q33,P2936,Q33968
Q33,P2936,Q10179
Q33,P2936,Q29401
Q33,P2936,Q25258
Q33,P2936,Q9142
Q33,P2936,Q34002
Q33,P2596,Q2275419
Q33,P1304,Q194060
Q33,P209,Q500459
Q33,P832,Q419595
Q33,P7867,Q8607366
Q33,P140,Q1379849
Q33,P140,Q752470
Q33,P3075,Q1379849
Q33,P3075,Q752470
Q33,P190,Q201117
Q33,P8402,Q97127776
Q235544,P361,Q3196
Q235544,P279,Q36534
Q235544,P1552,Q124291
Q235544,P1552,Q28128222
Q235544,P2670,Q36496
Q235544,P460,Q10251
Q235544,P910,Q47501404
Q235544,P1889,Q10683446
Q11410,P1151,Q13583042
Q11410,P279,Q17538258
Q11410,P279,Q173799
Q11410,P279,Q1150958
Q11410,P910,Q4477074
Q11410,P527,Q4197743
Q11410,P527,Q1151067
Q11410,P1424,Q6130572
Q11410,P3095,Q4197743
Q11410,P1343,Q602358
Q11410,P5008,Q5460604
Q11410,P5125,Q7112644
Q11410,P361,Q11042
Q11410,P2354,Q4988478
Q11410,P2354,Q1723911
Q11410,P2354,Q2416693
Q11410,P2579,Q675281
Q11410,P1889,Q7889
Q11410,P1889,Q15079592
Q5615391,P31,Q4167410
Q12147,P279,Q7189713
Q12147,P279,Q16681739
Q12147,P279,Q19829125
Q12147,P910,Q7486603
Q12147,P31,Q190258
Q12147,P31,Q28877
Q12147,P461,Q12136
Q12147,P1151,Q11015739
Q12147,P5008,Q5460604
Q12147,P1269,Q13100823
Q12147,P2579,Q11190
Q12147,P2579,Q31218
Q12147,P1552,Q6806605
Q12147,P1343,Q1768721
Q20033,P31,Q4167410
Q20033,P1889,Q60955876
Q20033,P1889,Q72589279
Q20033,P460,Q1604505
Q227672,P31,Q4167410
Q2796622,P910,Q7144559
Q2796622,P1343,Q2657718
Q2796622,P279,Q12916
Q2796622,P279,Q734219
Q2796622,P31,Q47103999
Q2796622,P31,Q210588
Q2796622,P1424,Q22884851
Q1062803,P31,Q1047698
Q1062803,P31,Q937228
Q47048,P47,Q985451
Q47048,P47,Q985461
Q47048,P47,Q992376
Q47048,P47,Q1569280
Q47048,P47,Q986327
Q47048,P47,Q992898
Q47048,P47,Q985447
Q47048,P47,Q912952
Q47048,P47,Q853584
Q47048,P47,Q985443
Q47048,P47,Q992275
Q47048,P47,Q992356
Q47048,P47,Q119845
Q47048,P47,Q1001613
Q47048,P47,Q3107445
Q47048,P47,Q25855
Q47048,P190,Q245126
Q47048,P190,Q40738
Q47048,P190,Q2938
Q47048,P190,Q1874
Q47048,P190,Q2814
Q47048,P190,Q509476
Q47048,P190,Q6535
Q47048,P190,Q1851
Q47048,P190,Q1520
Q47048,P190,Q13616
Q47048,P190,Q740853
Q47048,P190,Q155863
Q47048,P190,Q4970
Q47048,P17,Q33
Q47048,P17,Q34
Q47048,P17,Q34266
Q47048,P131,Q5704
Q47048,P131,Q202112
Q47048,P131,Q3277199
Q47048,P131,Q1191412
Q47048,P31,Q515
Q47048,P31,Q856076
Q47048,P31,Q13539802
Q47048,P31,Q2264924
Q47048,P31,Q1549591
Q47048,P910,Q6868042
Q47048,P1464,Q8067327
Q47048,P1465,Q15896362
Q47048,P237,Q18662611
Q47048,P421,Q6723
Q47048,P421,Q6760
Q47048,P1792,Q9237726
Q47048,P6,Q11881667
Q47048,P6,Q16989345
Q47048,P6,Q11890910
Q47048,P6,Q6031942
Q47048,P6,Q28720770
Q47048,P2184,Q18658628
Q47048,P206,Q13234218
Q47048,P206,Q736575
Q47048,P112,Q52939
Q47048,P194,Q18659950
Q47048,P37,Q1412
Q47048,P1376,Q202112
Q47048,P1376,Q5704
Q47048,P1830,Q620916
Q47048,P1830,Q926373
Q47048,P1830,Q3662283
Q47048,P1830,Q3663115
Q47048,P1830,Q4357886
Q47048,P1830,Q5391306
Q47048,P1830,Q5410336
Q47048,P1830,Q7278440
Q47048,P1830,Q11861984
Q47048,P1830,Q11866232
Q47048,P1830,Q11886062
Q47048,P1830,Q11886097
Q47048,P1830,Q11886119
Q47048,P1830,Q11889112
Q47048,P1830,Q11889974
Q47048,P1830,Q11897082
Q47048,P1830,Q15720786
Q47048,P1830,Q17515968
Q47048,P1830,Q18643976
Q47048,P1830,Q18659788
Q47048,P1830,Q18660146
Q47048,P1830,Q18660730
Q47048,P1830,Q18661185
Q47048,P1830,Q18662035
Q47048,P1830,Q18663119
Q47048,P1830,Q23040239
Q47048,P1889,Q2224475
Q47048,P155,Q1001613
Q47048,P155,Q985443
Q47048,P155,Q992275
Q47048,P155,Q992356
Q47048,P155,Q119845
Q47048,P1343,Q602358
Q47048,P1343,Q20078554
Q47048,P1313,Q696776
Q47048,P7867,Q84048826
Q47048,P8402,Q97063871
Q47048,P7938,Q7110478
Q413,P1151,Q6082802
Q413,P910,Q1457258
Q413,P279,Q14632398
Q413,P279,Q475023
Q413,P31,Q2465832
Q413,P31,Q11862829
Q413,P1343,Q2041543
Q413,P2959,Q22828391
Q413,P5008,Q5460604
Q413,P5125,Q2427913
Q413,P527,Q37547
Q413,P527,Q18366
Q413,P3095,Q169470
Q413,P2184,Q212881
Q413,P1424,Q6986097
Q634,P31,Q17444909
Q634,P279,Q400144
Q634,P279,Q16873378
Q634,P361,Q206717
Q634,P910,Q2944685
Q634,P1343,Q2041543
Q634,P1343,Q602358
Q634,P1343,Q19180675
Q634,P397,Q595871
Q634,P1424,Q5864499
Q634,P1424,Q22772854
Q634,P398,Q26540
Q634,P5008,Q5460604
Q634,P1552,Q11423
Q634,P1552,Q272626
Q634,P1552,Q185836
Q634,P1552,Q173817
Q634,P1552,Q4274059
Q634,P1552,Q39297
Q634,P5869,Q308
Q634,P5869,Q313
Q634,P5869,Q2
Q634,P5869,Q111
Q634,P5869,Q319
Q634,P5869,Q193
Q634,P5869,Q324
Q634,P5869,Q332
Q634,P5869,Q339
Q634,P5869,Q596
Q908656,P910,Q7901900
Q908656,P279,Q1775867
Q9510,P910,Q7210806
Q9510,P1343,Q2657718
Q9510,P460,Q1365054
Q9510,P1552,Q468777
Q9510,P1552,Q1365054
Q9510,P461,Q4445091
Q9510,P31,Q151885
Q9510,P5008,Q5460604
Q9510,P361,Q77468620
Q9510,P1889,Q10494269
Q1527023,P910,Q8727323
Q1527023,P279,Q1231428
Q1527023,P279,Q905726
Q1527023,P279,Q10968643
Q1527023,P279,Q9332
Q1527023,P1269,Q154136
Q1527023,P1269,Q905726
Q1527023,P527,Q208704
Q1527023,P366,Q608
Q1527023,P1889,Q7445408
Q1527023,P1889,Q27901110
Q1527023,P1889,Q10369354
Q1527023,P1889,Q90013751
Q1527023,P1889,Q28846259
Q9165,P279,Q450
Q9165,P361,Q215627
Q9165,P361,Q77468620
Q9165,P1343,Q302556
Q9165,P1343,Q4086271
Q9165,P1343,Q4173137
Q9165,P1343,Q19180675
Q9165,P1343,Q1970746
Q9165,P1343,Q602358
Q9165,P1343,Q20961706
Q9165,P1343,Q602358
Q9165,P5008,Q5460604
Q9165,P910,Q9934755
Q233293,P31,Q4167410
Q1179464,P31,Q4167410
Q1096,P279,Q19591
Q1096,P279,Q244982
Q1096,P279,Q11426
Q1096,P910,Q9104691
Q1096,P31,Q11344
Q1096,P31,Q79529
Q1096,P1542,Q7807844
Q1096,P1343,Q2657718
Q1096,P1343,Q4086271
Q1096,P1343,Q19180675
Q1096,P1343,Q602358
Q1096,P1343,Q19190511
Q1096,P1343,Q1768721
Q1096,P2868,Q7831165
Q1096,P5008,Q5460604
Q1096,P361,Q3886818
Q1096,P361,Q244982
Q1096,P361,Q106693
Q1096,P4952,Q2005334
Q1096,P462,Q317802
Q132781,P910,Q8790484
Q132781,P910,Q21686731
Q132781,P460,Q3516835
Q132781,P1343,Q1138524
Q132781,P1889,Q21057449
Q132781,P279,Q451967
Q132781,P279,Q83267
Q132781,P279,Q65969379
Q132781,P279,Q11376059
Q132781,P6104,Q59962934
Q132781,P92,Q851857
Q132781,P5008,Q13382529
Q132781,P1542,Q81938
Q132781,P3095,Q20725072
Q37260,P279,Q11024
Q37260,P279,Q974688
Q37260,P910,Q7014659
Q37260,P366,Q11024
Q37260,P1535,Q5
Q37260,P1535,Q1264681
Q37260,P1552,Q12055124
Q37260,P1552,Q2243831
Q37260,P1151,Q11056665
Q37260,P1889,Q10926511
Q37260,P1889,Q11499915
Q37260,P1889,Q60527758
Q37260,P3095,Q36180
Q37260,P2283,Q3327760
Q37260,P2283,Q121916
Q37260,P1269,Q1340267
Q37260,P2579,Q181260
Q37260,P2579,Q185133
Q37260,P527,Q4537333
Q37260,P527,Q378408
Q37260,P527,Q1786161
Q36180,P1424,Q5615832
Q36180,P1424,Q6535605
Q36180,P279,Q482980
Q36180,P425,Q37260
Q36180,P31,Q28640
Q36180,P910,Q5849863
Q36180,P1687,P50
Q36180,P1687,P2093
Q36180,P6186,Q6963972
Q36180,P2354,Q13019738
Q43471,P910,Q8985567
Q43471,P31,Q17781690
Q43471,P31,Q4936952
Q43471,P2286,Q502164
Q43471,P2289,Q682122
Q43471,P1343,Q2041543
Q43471,P927,Q24517852
Q43471,P2789,Q228537
Q43471,P2789,Q756066
Q43471,P3113,Q33767
Q43471,P3113,Q16363
Q43471,P279,Q42349081
Q43471,P279,Q66589791
Q43471,P279,Q4936952
Q127197,P279,Q1384616
Q127197,P910,Q6479261
Q127197,P1552,Q193227
Q127197,P1889,Q51185
Q127197,P1424,Q25791701
Q127123,P31,Q4167410
Q127123,P1889,Q5026943
Q206887,P1343,Q2657718
Q206887,P1343,Q2041543
Q206887,P461,Q47064
Q206887,P156,Q158668
Q206887,P279,Q215627
Q206887,P5008,Q13382529
Q3686031,P910,Q28333122
Q3686031,P1687,P6274
Q3686031,P279,Q3387041
Q3686031,P279,Q67598515
Q3686031,P1889,Q39078574
Q408711,P31,Q4167410
Q408711,P1889,Q16869468
Q29485,P910,Q6158814
Q29485,P279,Q5801290
Q29485,P279,Q86923152
Q29485,P279,Q937228
Q29485,P279,Q451967
Q29485,P279,Q4026292
Q29485,P279,Q849149
Q29485,P1552,Q60528728
Q29485,P461,Q1648040
Q29485,P1343,Q602358
Q29485,P1343,Q1768721
Q29485,P1889,Q55022242
Q29485,P1889,Q170028
Q359385,P31,Q15916459
Q29572867,P31,Q101352
Q29572867,P1889,Q1908400
Q29572867,P460,Q13554166
Q29572867,P460,Q27678605
Q29572867,P460,Q1267979
Q29572867,P460,Q37109583
Q29572867,P460,Q37121329
Q29572867,P460,Q37435870
Q29572867,P460,Q37210503
Q29572867,P460,Q37510377
Q29572867,P460,Q37528677
Q29572867,P460,Q28440828
Q29572867,P460,Q37534692
Q29572867,P460,Q37847328
Q29572867,P460,Q15829824
Q29572867,P460,Q20726376
Q29572867,P460,Q25352523
Q29572867,P460,Q42896913
Q29572867,P460,Q29905256
Q29572867,P460,Q25936416
Q29572867,P460,Q12796051
Q29572867,P460,Q18092125
Q29572867,P460,Q26906568
Q29572867,P282,Q8229
Q29572867,P407,Q1860
Q6880010,P31,Q4167410
Q297869,P31,Q4167410
Q297869,P1889,Q1133828
Q297869,P1889,Q3109221
Q398902,P31,Q4167410
Q398902,P460,Q10350675
Q398902,P460,Q295890
Q398902,P1889,Q5405444
Q398902,P1889,Q25342
Q398902,P1889,Q25107
Q398902,P1889,Q42506454
Q16869132,P31,Q21278897
Q198,P1151,Q10632410
Q198,P461,Q454
Q198,P279,Q350604
Q198,P279,Q1920219
Q198,P279,Q1190554
Q198,P910,Q8394144
Q198,P910,Q4476237
Q198,P1343,Q678259
Q198,P1343,Q4114391
Q198,P1343,Q4173137
Q198,P1343,Q4086271
Q198,P1424,Q13479477
Q198,P1424,Q19410114
Q198,P527,Q178561
Q198,P5008,Q5460604
Q198,P3095,Q178197
Q198,P2579,Q192781
Q198,P1687,P607
Q747802,P910,Q8808767
Q747802,P112,Q47102
Q747802,P279,Q1097673
Q747802,P31,Q13414953
Q747802,P138,Q459842
Q747802,P1343,Q602358
Q747802,P1424,Q100512942
Q189171,P31,Q4167410
Q189171,P460,Q15847072
Q189171,P1889,Q25221865
Q1053973,P1343,Q4086271
Q1053973,P1343,Q1970746
Q1053973,P1343,Q602358
Q1053973,P1343,Q19211082
Q1053973,P1889,Q28771892
Q1053973,P1889,Q44454
Q1053973,P279,Q775842
Q830,P910,Q7138082
Q830,P31,Q55983715
Q830,P1672,Q192628
Q830,P1672,Q10988133
Q830,P1672,Q12492880
Q830,P1672,Q10498626
Q830,P279,Q57814795
Q830,P1343,Q20961706
Q830,P460,Q11748378
Q830,P2959,Q24025129
Q830,P1034,Q43238
Q830,P5008,Q5460604
Q830,P1889,Q11748378
Q16997,P31,Q4167410
Q16997,P1889,Q5227515
Q16997,P1889,Q27177995
Q16997,P1889,Q27180886
Q416616,P31,Q4167410
Q30192,P31,Q6313217
Q30192,P31,Q12143
Q30192,P31,Q4127125
Q30192,P421,Q6574
Q30192,P460,Q6574
Q30192,P460,Q1536
Q30192,P460,Q843589
Q872,P31,Q11033
Q872,P31,Q268592
Q872,P31,Q15265344
Q872,P910,Q7153700
Q872,P279,Q15078788
Q872,P1151,Q50760
Q872,P2184,Q1517374
Q872,P2184,Q4501817
Q872,P2959,Q27131928
Q872,P5008,Q5460604
Q872,P1889,Q159391
Q872,P1889,Q273623
Q872,P3095,Q2722764
Q1414725,P31,Q4167410
Q226673,P31,Q4167410
Q226673,P1889,Q37484380
Q25250,P31,Q68618328
Q25250,P31,Q69197847
Q25250,P31,Q82047057
Q25250,P111,Q25428
Q25250,P111,Q185329
Q25250,P111,Q55451
Q25250,P111,Q77597807
Q25250,P111,Q1048073
Q25250,P111,Q389844
Q25250,P138,Q680
Q25250,P1343,Q19180675
Q25250,P1343,Q602358
Q235672,P31,Q4167410
Q16220058,P31,Q4167410
Q16220058,P1889,Q37465548
Q16220058,P1889,Q5375804
Q16220058,P460,Q236597
Q1314,P155,Q1313
Q1314,P156,Q1311
Q1314,P461,Q1312
Q1314,P279,Q24384
Q1314,P910,Q7354232
Q1314,P31,Q15275719
Q1314,P1343,Q2041543
Q1314,P1343,Q19190511
Q1314,P1343,Q1768721
Q1314,P2959,Q45972410
Q1314,P2959,Q46115302
Q1314,P2959,Q46119306
Q1314,P1889,Q787459
Q1314,P2922,Q110
Q1314,P2922,Q118
Q1314,P2922,Q119
Q1314,P2922,Q123
Q1314,P2922,Q124
Q1314,P2922,Q125
Q38926,P1151,Q4597488
Q38926,P910,Q7019904
Q38926,P279,Q11024
Q38926,P1889,Q4325628
Q38926,P1889,Q5707594
Q38926,P3095,Q270389
Q657881,P31,Q121359
Q657881,P361,Q75
Q657881,P361,Q11024
Q657881,P910,Q8677764
Q657881,P279,Q193162
Q180516,P279,Q1299240
Q180516,P279,Q811979
Q180516,P279,Q17334923
Q180516,P279,Q13226383
Q180516,P910,Q7163968
Q131877,P1582,Q156538
Q131877,P910,Q7145101
Q131877,P279,Q18113858
Q131877,P1343,Q2657718
Q131877,P1889,Q1554471
Q131877,P1889,Q6714735
Q131877,P1889,Q18113858
Q131877,P461,Q6714735
Q131877,P31,Q28969364
Q11446,P279,Q1229765
Q11446,P279,Q16391167
Q11446,P910,Q6198611
Q11446,P527,Q6750281
Q11446,P527,Q15688633
Q11446,P527,Q846929
Q11446,P1343,Q2657718
Q11446,P1343,Q1970746
Q11446,P1343,Q602358
Q11446,P1343,Q4114391
Q11446,P1343,Q4086271
Q11446,P1343,Q19180675
Q11446,P1424,Q14407125
Q11446,P1424,Q10562008
Q11446,P1963,P1093
Q11446,P1963,P137
Q11446,P1963,P458
Q11446,P1963,P587
Q11446,P1963,P18
Q11446,P1963,P2261
Q11446,P1963,P504
Q11446,P1963,P532
Q11446,P1963,P289
Q11446,P1963,P176
Q11446,P1963,P1071
Q11446,P1963,P617
Q11446,P1963,P879
Q11446,P1963,P2043
Q11446,P1963,P793
Q11446,P1963,P607
Q11446,P1963,P2262
Q11446,P1963,P2049
Q11446,P1963,P2790
Q11446,P1963,P527
Q11446,P1963,P1099
Q11446,P5008,Q5460604
Q11446,P31,Q2235308
Q11446,P6104,Q10782171
Q11446,P366,Q7590
Q11446,P1889,Q35872
Q11446,P1552,Q2235308
Q186612,P279,Q1183543
Q186612,P910,Q9216445
Q351303,P31,Q4167410
Q351303,P1889,Q36992648
Q351303,P460,Q10700976
Q30722989,P279,Q186081
Q30722989,P361,Q23387
Q30722989,P460,Q23387
Q30722989,P31,Q21484471
Q30722989,P921,Q19906285
Q30722989,P921,Q211391
Q189004,P460,Q5146315
Q189004,P279,Q38723
Q189004,P279,Q1497375
Q189004,P910,Q9563247
Q189004,P1343,Q678259
Q189004,P1343,Q2657718
Q189004,P1343,Q602358
Q189004,P1424,Q17615621
Q189004,P1889,Q344476
Q11681054,P31,Q4167410
Q246977,P31,Q4167410
Q246977,P1889,Q783912
Q246977,P1889,Q60382912
Q246977,P1889,Q23013730
Q246977,P1889,Q3316306
Q468777,P460,Q203872
Q468777,P460,Q24255051
Q468777,P1889,Q404130
Q468777,P461,Q16120406
Q468777,P31,Q33104279
Q468777,P279,Q35120
Q7111908,P31,Q4167410
Q2553213,P136,Q484344
Q2553213,P31,Q215380
Q2553213,P495,Q30
Q2553213,P264,Q7852732
Q1306150,P31,Q4167410
Q355937,P31,Q4167410
Q355937,P1889,Q37516841
Q742736,P910,Q9831780
Q742736,P279,Q12578182
Q742736,P279,Q5937752
Q742736,P279,Q47002783
Q742736,P1424,Q6717264
Q742736,P1343,Q2041543
Q742736,P1382,Q98688632
Q742736,P1382,Q82785806
Q41650356,P31,Q63116
Q41650356,P1269,Q862978
Q41650356,P1269,Q16021
Q41650356,P1343,Q4532135
Q41650356,P1343,Q19180675
Q41650356,P1343,Q602358
Q41650356,P1343,Q2041543
Q193918,P1995,Q171171
Q193918,P1343,Q2657718
Q193918,P1343,Q19190511
Q193918,P279,Q18123741
Q193918,P279,Q949302
Q174583,P361,Q37144
Q174583,P279,Q49393
Q174583,P279,Q185785
Q174583,P279,Q1310239
Q174583,P1889,Q831691
Q174583,P1889,Q1004342
Q174583,P1889,Q318028
Q174583,P1889,Q37144
Q174583,P1889,Q52293
Q174583,P31,Q15142889
Q174583,P910,Q32763459
Q174583,P527,Q11832525
Q9645,P279,Q66600683
Q9645,P279,Q592177
Q9645,P910,Q9509722
Q9645,P1343,Q19558994
Q9645,P1343,Q2657718
Q9645,P1343,Q602358
Q9645,P1343,Q602358
Q9645,P654,Q16938806
Q9645,P461,Q133279
Q9645,P460,Q592177
Q9645,P361,Q592177
Q5158445,P31,Q4167410
Q5163182,P31,Q4167410
Q2257515,P31,Q4167410
Q16278392,P31,Q4167410
Q16278392,P1889,Q2070449
Q16278392,P641,Q2736
Q620749,P1343,Q17329836
Q620749,P1343,Q17378135
Q620749,P1343,Q2498180
Q620749,P1343,Q2041543
Q620749,P279,Q211364
Q620749,P910,Q7573423
Q620749,P1889,Q5891
Q1339251,P31,Q4167410
Q288514,P279,Q464980
Q288514,P910,Q5896906
Q288514,P1343,Q2657718
Q288514,P1343,Q602358
Q288514,P1343,Q63284758
Q288514,P1343,Q19180675
Q288514,P276,Q2948561
Q288514,P361,Q601401
Q288514,P1424,Q22869003
Q288514,P1889,Q132510
Q1289773,P31,Q4167410
Q1194773,P279,Q153556
Q1194773,P31,Q15142889
Q1194773,P910,Q7213594
Q1194773,P2579,Q184631
Q1194773,P461,Q222405
Q1194773,P2789,Q97384104
Q15098235,P1889,Q2021163
Q15098235,P1382,Q481609
Q15098235,P1382,Q20888800
Q15098235,P31,Q2135465
Q15098235,P31,Q33104279
Q46158,P910,Q6543512
Q46158,P279,Q2198855
Q46158,P31,Q49447
Q46158,P31,Q1387659
Q46158,P31,Q58927801
Q46158,P1343,Q19538713
Q46158,P1151,Q24820267
Q46158,P3095,Q10527030
Q46158,P1424,Q6818748
Q46158,P5125,Q7112660
Q46158,P1889,Q1426400
Q46158,P910,Q6543512
Q46158,P279,Q2198855
Q46158,P31,Q49447
Q46158,P31,Q1387659
Q46158,P31,Q58927801
Q46158,P1343,Q19538713
Q46158,P1151,Q24820267
Q46158,P3095,Q10527030
Q46158,P1424,Q6818748
Q46158,P5125,Q7112660
Q46158,P1889,Q1426400
Q245962,P361,Q80993
Q245962,P361,Q11023
Q245962,P361,Q2144042
Q245962,P910,Q50825758
Q245962,P279,Q3249551
Q189222,P1343,Q678259
Q189222,P1343,Q602358
Q189222,P1343,Q19180675
Q189222,P1343,Q101314624
Q189222,P279,Q781413
Q189222,P1889,Q53570527
Q189222,P361,Q77468620
Q251898,P31,Q4167410
Q251898,P1889,Q1046315
Q251898,P1889,Q37491373
Q9128,P461,Q204170
Q9128,P910,Q8590087
Q9128,P279,Q11386
Q9128,P527,Q3198
Q9128,P460,Q46999906
Q9128,P5008,Q5460604
Q9128,P1343,Q4091875
Q9128,P2959,Q25691278
Q9128,P2579,Q14620
Q6683617,P31,Q4167410
Q6683617,P1889,Q37433916
Q1175672,P31,Q4167410
Q728455,P910,Q7414990
Q728455,P279,Q620805
Q728455,P1343,Q2041543
Q728455,P1343,Q20078554
Q728455,P1343,Q602358
Q728455,P1343,Q19180675
Q728455,P1343,Q4091878
Q728455,P1889,Q221390
Q5891,P31,Q11862829
Q5891,P31,Q4671286
Q5891,P910,Q1983674
Q5891,P1151,Q3290113
Q5891,P1343,Q302556
Q5891,P1343,Q2041543
Q5891,P1343,Q602358
Q5891,P1343,Q4532138
Q5891,P1889,Q620749
Q5891,P527,Q44325
Q5891,P527,Q35277
Q5891,P527,Q9471
Q5891,P527,Q59115
Q5891,P2959,Q12960900
Q5891,P2184,Q27654
Q5891,P1542,Q30046560
Q5891,P1424,Q5621485
Q5891,P1424,Q6176449
Q5891,P5008,Q5460604
Q5891,P2578,Q813912
Q5891,P2578,Q16722960
Q5891,P2578,Q16502
Q5891,P2578,Q9081
Q5891,P6104,Q8503311
Q5891,P3095,Q4964182
Q5891,P3095,Q26973007
Q5891,P2283,Q7186193
Q321703,P361,Q8078
Q321703,P279,Q108163
Q321703,P460,Q260460
Q40357,P279,Q13226383
Q40357,P279,Q16831714
Q40357,P279,Q178706
Q40357,P910,Q7214719
Q40357,P1687,P2632
Q40357,P1343,Q1970746
Q40357,P1343,Q602358
Q40357,P1343,Q602358
Q40357,P1343,Q602358
Q40357,P1343,Q602358
Q40357,P1343,Q19180675
Q40357,P1343,Q30059240
Q40357,P1343,Q4532138
Q40357,P1343,Q1768721
Q40357,P366,Q186361
Q40357,P366,Q900406
Q40357,P366,Q853735
Q40357,P1424,Q8784047
Q1862087,P279,Q57735705
Q1862087,P279,Q22947
Q1862087,P910,Q7044970
Q1862087,P1552,Q28100974
Q1862087,P1889,Q13219330
Q1862087,P6477,Q1344824
Q1862087,P1687,P5630
Q483024,P31,Q5389993
Q483024,P31,Q1387659
Q483024,P910,Q8635208
Q483024,P361,Q77468620
Q483024,P1889,Q938185
Q483024,P461,Q83368
Q483024,P1343,Q101314624
Q1074,P279,Q24060765
Q1074,P279,Q629103
Q1074,P910,Q7337096
Q1074,P1343,Q19558994
Q1074,P1552,Q1146989
Q1074,P5008,Q5460604
Q1074,P1889,Q5259911
Q1074,P31,Q4936952
Q1074,P4843,Q14599571
Q1074,P527,Q505531
Q1074,P527,Q212743
Q10737,P910,Q7011999
Q10737,P279,Q844482
Q10737,P279,Q4072473
Q10737,P1343,Q302556
Q10737,P1343,Q1138524
Q10737,P1995,Q7867
Q10737,P1995,Q9418
Q10737,P1424,Q13378273
Q10737,P1424,Q15634300
Q10737,P5008,Q5460604
Q10737,P31,Q2438541
Q10737,P1889,Q603780
Q10737,P793,Q985684
Q224615,P31,Q4167410
Q224615,P1889,Q37315170
Q224615,P1889,Q9357563
Q27318,P910,Q8844594
Q27318,P279,Q1379672
Q27318,P279,Q1656682
Q27318,P1889,Q1355298
Q27318,P1889,Q1003030
Q27318,P1552,Q5372350
Q27318,P1552,Q96273743
Q27318,P31,Q96273743
Q1,P793,Q323
Q1,P793,Q837317
Q1,P793,Q1208634
Q1,P793,Q1079826
Q1,P793,Q273508
Q1,P793,Q1079806
Q1,P793,Q3491753
Q1,P31,Q36906466
Q1,P910,Q21079384
Q1,P527,Q133327
Q1,P527,Q221392
Q1,P527,Q1133705
Q1,P2670,Q6999
Q1,P2670,Q18343
Q1,P2670,Q79925
Q1,P2670,Q2504088
Q1,P2670,Q185674
Q1,P2670,Q28732711
Q1,P2670,Q6005984
Q1,P1419,Q209306
Q1,P1419,Q326905
Q1,P1419,Q5457948
Q1,P2184,Q136407
Q1,P2184,Q170835
Q1,P1552,Q11412
Q1,P1552,Q104934
Q1,P1343,Q602358
Q1,P1343,Q19190511
Q1,P1343,Q2041543
Q1,P1343,Q88672152
Q1,P461,Q2051667
Q1,P828,Q323
Q1,P5008,Q5460604
Q1,P361,Q3327819
Q1,P1889,Q2708714
Q1,P1889,Q221392
Q1,P2579,Q338
Q1,P1424,Q22903368
Q1,P1424,Q6312136
Q623184,P279,Q9332
Q623184,P910,Q7711807
Q623184,P31,Q151885
Q7602551,P31,Q4167410
Q233975,P31,Q4167410
Q233975,P1889,Q37178613
Q211364,P279,Q6671777
Q211364,P279,Q1151067
Q211364,P279,Q17736
Q211364,P910,Q7138880
Q211364,P1343,Q2657718
Q211364,P1343,Q602358
Q211364,P1343,Q4532138
Q211364,P527,Q105210
Q211364,P527,Q3455898
Q211364,P1382,Q29524
Q211364,P1889,Q1151067
Q419329,P31,Q4167410
Q419329,P1889,Q37152136
Q19357312,P279,Q1864008
Q791801,P279,Q37112258
Q791801,P279,Q2695280
Q791801,P1542,Q37113960
Q791801,P1889,Q745328
Q791801,P31,Q10843872
Q170028,P910,Q7216269
Q170028,P279,Q11024
Q170028,P1343,Q2041543
Q170028,P1889,Q33056942
Q170028,P1889,Q29485
Q170028,P2670,Q4925193
Q170028,P2283,Q690194
Q170028,P460,Q5282225
Q170028,P1552,Q706622
Q170028,P461,Q337349
Q815577,P910,Q16811268
Q815577,P461,Q9081
Q815577,P828,Q19829125
Q815577,P828,Q1121708
Q815577,P828,Q19829125
Q815577,P828,Q7257
Q815577,P31,Q33104279
Q815577,P279,Q19829125
Q815577,P1889,Q30029014
Q815577,P361,Q77468620
Q190258,P279,Q2301186
Q108163,P910,Q8798433
Q108163,P279,Q11028
Q108163,P279,Q474328
Q108163,P279,Q246672
Q108163,P31,Q33104279
Q108163,P1889,Q134316
Q108163,P1889,Q12621536
Q2090618,P1269,Q8078
Q2090618,P2579,Q8078
Q2090618,P31,Q12812139
Q2090618,P279,Q186619
Q438656,P31,Q4167410
Q420391,P31,Q4167410
Q394206,P31,Q4167410
Q394206,P1889,Q16275231
Q394206,P1889,Q37572740
Q394206,P460,Q20428653
Q181591,P31,Q4167410
Q181591,P460,Q39393635
Q181591,P910,Q52707832
Q1367353,P361,Q77468620
Q1367353,P31,Q9415
Q1367353,P31,Q54989186
Q1367353,P31,Q19829125
Q1367353,P1269,Q9418
Q1367353,P1382,Q5166129
Q3196,P910,Q8226663
Q3196,P279,Q1293220
Q3196,P1343,Q2657718
Q3196,P1343,Q2041543
Q3196,P1343,Q19190511
Q3196,P1343,Q1768721
Q3196,P1542,Q209233
Q3196,P828,Q133235
Q3196,P1056,Q152079
Q3196,P1552,Q28128222
Q3196,P1536,Q33374019
Q3196,P1536,Q210064
Q3196,P1536,Q28128222
Q3196,P5008,Q5460604
Q3196,P1424,Q30312828
Q3196,P6254,L222280
Q12097,P31,Q355567
Q12097,P31,Q4164871
Q12097,P31,Q28640
Q12097,P910,Q54059
Q12097,P279,Q116
Q12097,P279,Q8441
Q12097,P1343,Q19538713
Q12097,P1343,Q602358
Q12097,P461,Q16511993
Q12097,P511,Q669458
Q81938,P279,Q169872
Q81938,P279,Q47455774
Q81938,P279,Q160402
Q81938,P910,Q6535795
Q81938,P361,Q9357054
Q81938,P31,Q60539481
Q81938,P31,Q42014143
Q81938,P31,Q2057971
Q81938,P31,Q1441305
Q81938,P2176,Q419383
Q81938,P2176,Q3272027
Q81938,P2176,Q304782
Q81938,P2176,Q407541
Q81938,P2176,Q284321
Q81938,P2176,Q2964133
Q81938,P2176,Q422745
Q81938,P2176,Q221174
Q81938,P2176,Q243547
Q81938,P2176,Q130336
Q81938,P2176,Q186969
Q81938,P2176,Q6823309
Q81938,P2176,Q81225
Q81938,P2176,Q5103226
Q81938,P2176,Q377270
Q81938,P2176,Q1109018
Q81938,P2176,Q423741
Q81938,P2176,Q347613
Q81938,P2176,Q416760
Q81938,P2176,Q273169
Q81938,P2176,Q416791
Q81938,P2176,Q239426
Q81938,P2176,Q415793
Q81938,P2176,Q417204
Q81938,P2176,Q423288
Q81938,P2176,Q2496906
Q81938,P2176,Q898407
Q81938,P2176,Q425386
Q81938,P2176,Q410352
Q81938,P2176,Q409192
Q81938,P2176,Q3294630
Q81938,P2176,Q407592
Q81938,P2176,Q3292273
Q81938,P2176,Q5198674
Q81938,P2176,Q422806
Q81938,P2176,Q409231
Q81938,P2176,Q3114549
Q81938,P2176,Q412133
Q81938,P2176,Q1185089
Q81938,P2176,Q58396
Q81938,P2176,Q244408
Q81938,P2176,Q216935
Q81938,P2176,Q422970
Q81938,P2176,Q2555245
Q81938,P2176,Q407535
Q81938,P2176,Q41576
Q81938,P2176,Q510494
Q81938,P2176,Q2465218
Q81938,P2176,Q417902
Q81938,P2176,Q423538
Q81938,P2176,Q415578
Q81938,P2176,Q2602750
Q81938,P2176,Q1320691
Q81938,P2176,Q416905
Q81938,P2176,Q419175
Q81938,P2176,Q2487682
Q81938,P2176,Q277979
Q81938,P2176,Q421297
Q81938,P2176,Q413598
Q81938,P2176,Q1215575
Q81938,P2176,Q411441
Q81938,P2176,Q407418
Q81938,P2176,Q12745763
Q81938,P2176,Q417915
Q81938,P2176,Q408801
Q81938,P2176,Q425207
Q81938,P2176,Q18216
Q81938,P2176,Q422740
Q81938,P2176,Q57055
Q81938,P2176,Q2579108
Q81938,P2176,Q423380
Q81938,P2176,Q407721
Q81938,P2176,Q418445
Q81938,P2176,Q411412
Q81938,P2176,Q58397
Q81938,P2176,Q419608
Q81938,P2176,Q58713
Q81938,P2176,Q418361
Q81938,P2176,Q411456
Q81938,P2176,Q303646
Q81938,P2176,Q174259
Q81938,P2176,Q61387
Q81938,P2176,Q27262770
Q81938,P2176,Q27292429
Q81938,P2176,Q421259
Q81938,P2176,Q5002339
Q81938,P2176,Q1240076
Q81938,P2176,Q174723
Q81938,P2176,Q7845153
Q81938,P2176,Q55434
Q81938,P2176,Q417603
Q81938,P2176,Q423000
Q81938,P2176,Q20817210
Q81938,P2176,Q2823284
Q81938,P2176,Q409133
Q81938,P2176,Q202218
Q81938,P2176,Q27107089
Q81938,P461,Q208195
Q81938,P1424,Q19798602
Q81938,P1995,Q83042
Q81938,P1995,Q3259956
Q81938,P1995,Q615057
Q81938,P1995,Q2861470
Q81938,P1995,Q29483
Q7119560,P31,Q4167410
Q2112047,P31,Q4167410
Q2112047,P1889,Q37185946
Q2112047,P1889,Q2112073
Q2112047,P1889,Q2920660
Q2112047,P460,Q16795985
Q42857,P910,Q5824768
Q42857,P31,Q2642184
Q42857,P31,Q12737077
Q42857,P279,Q17573152
Q42857,P1889,Q2191756
Q42857,P6186,Q59522371
Q42857,P1343,Q602358
Q6279182,P31,Q12136
Q6279182,P279,Q852376
Q6279182,P279,Q102187224
Q6279182,P1995,Q83042
Q6279182,P1995,Q23688644
Q6279182,P828,Q41571
Q3679142,P31,Q4167410
Q3679142,P1889,Q36854415
Q443536,P31,Q4167410
Q443536,P460,Q7732425
Q443536,P460,Q60506932
Q443536,P460,Q16265998
Q443536,P1889,Q648472
Q443536,P1889,Q11290237
Q443536,P1889,Q81094418
Q443536,P1889,Q5399492
Q7233418,P910,Q8787518
Q7233418,P31,Q4167410
Q7544723,P31,Q4167410
Q7544723,P1889,Q37451192
Q241636,P31,Q4167410
Q241636,P1343,Q2657718
Q340724,P31,Q4167410
Q340724,P1343,Q2657718
Q340724,P1343,Q2041543
Q1298376,P31,Q4167410
Q8434,P279,Q133500
Q8434,P279,Q7406919
Q8434,P910,Q4103249
Q8434,P1343,Q4173137
Q8434,P1343,Q602358
Q8434,P1343,Q302556
Q8434,P1343,Q19190511
Q8434,P1343,Q1768721
Q8434,P1343,Q3181656
Q8434,P1343,Q101314624
Q8434,P460,Q1326354
Q8434,P2959,Q22828648
Q8434,P1151,Q13359951
Q8434,P31,Q2465832
Q8434,P31,Q11862829
Q8434,P1424,Q14400727
Q8434,P1424,Q11838819
Q8434,P1889,Q12150409
Q8434,P1889,Q57173735
Q8434,P1889,Q4103249
Q8434,P3095,Q974144
Q8434,P3095,Q37226
Q8434,P3095,Q10509151
Q8434,P5008,Q5460604
Q8434,P5125,Q7112612
Q8434,P1542,Q57173735
Q8434,P6104,Q8486648
Q8434,P2579,Q7922
Q8434,P2670,Q64801076
Q8434,P1552,Q18189
Q210027,P31,Q4167410
Q210027,P1889,Q2368580
Q210027,P460,Q98212552
Q210027,P460,Q98212661
Q436305,P31,Q4167410
Q436305,P1889,Q20996210
Q1179515,P31,Q13406463
Q18237,P279,Q6804646
Q18237,P279,Q9332
Q18237,P1343,Q1970746
Q18237,P1343,Q602358
Q18237,P1343,Q19180675
Q18237,P910,Q9558938
Q18237,P461,Q450
Q18237,P361,Q77468620
Q443767,P279,Q661199
Q443767,P279,Q7551384
Q443767,P910,Q13313896
Q443767,P1343,Q19180675
Q443767,P1343,Q1970746
Q28146826,P1889,Q37128887
Q28146826,P31,Q4167410
Q39552,P910,Q7022824
Q39552,P1687,P2077
Q39552,P1687,P2228
Q39552,P1343,Q2657718
Q39552,P1343,Q26711933
Q39552,P1343,Q73391977
Q39552,P279,Q30337763
Q39552,P279,Q181175
Q39552,P279,Q107715
Q39552,P279,Q3387041
Q39552,P279,Q67598689
Q39552,P4934,Q11402
Q39552,P4934,Q11500
Q39552,P4934,Q91093255
Q39552,P8111,Q44395
Q39552,P8111,Q39469927
Q39552,P1889,Q206175
Q7312191,P31,Q4167410
Q7312191,P460,Q11173754
Q419647,P31,Q4167410
Q419647,P1889,Q30152380
Q393687,P31,Q4167410
Q185467,P910,Q8758360
Q185467,P279,Q1136816
Q185467,P1889,Q370735
Q185467,P1889,Q366435
Q185467,P1269,Q97830117
Q3918,P1151,Q11290210
Q3918,P910,Q5851345
Q3918,P279,Q38723
Q3918,P279,Q4671277
Q3918,P1343,Q302556
Q3918,P1343,Q2657718
Q3918,P1343,Q2041543
Q3918,P1343,Q4173137
Q3918,P1963,P6375
Q3918,P1963,P1449
Q3918,P1963,P3876
Q3918,P1963,P571
Q3918,P1963,P17
Q3918,P1963,P856
Q3918,P1963,P131
Q3918,P1963,P576
Q3918,P2184,Q1667633
Q3918,P1424,Q5624848
Q3918,P101,Q136822
Q3918,P6104,Q8486755
Q3918,P5869,Q34433
Q3918,P5869,Q131262
Q3918,P5869,Q378014
Q3918,P5869,Q406402
Q3918,P5869,Q815432
Q3918,P1889,Q3551559
Q3918,P2283,Q19844914
Q8034885,P31,Q4167410
Q8034885,P1889,Q37571884
Q44,P279,Q154
Q44,P279,Q169336
Q44,P910,Q7214361
Q44,P1424,Q11202881
Q44,P1343,Q2041543
Q44,P1343,Q1138524
Q44,P2738,Q23766486
Q44,P1552,Q1517187
Q44,P5008,Q5460604
Q44,P6104,Q13341435
Q44,P527,Q61665121
Q44,P527,Q3214940
Q44,P527,Q283
Q44,P527,Q45422
Q44,P1151,Q8289204
Q44,P2184,Q1517305
Q44,P186,Q61665121
Q44,P186,Q3214940
Q44,P176,Q131734
Q40050,P279,Q11435
Q40050,P279,Q2095
Q40050,P910,Q6543743
Q40050,P1424,Q6288622
Q40050,P31,Q19861951
Q40050,P1535,Q876776
Q40050,P1343,Q2041543
Q779859,P31,Q4167410
Q779859,P1889,Q16798631
Q779859,P460,Q4338078
Q83500,P910,Q7214211
Q83500,P1542,Q29651519
Q83500,P1880,Q1141779
Q83500,P1880,Q1572850
Q83500,P1880,Q1763297
Q83500,P1880,Q1143555
Q83500,P31,Q937228
Q83500,P31,Q1211967
Q83500,P461,Q795
Q83500,P1343,Q4208106
Q83500,P1343,Q19180675
Q83500,P1343,Q101314624
Q83500,P460,Q353284
Q83500,P279,Q2200417
Q974850,P279,Q32050
Q974850,P279,Q41291
Q974850,P279,Q153556
Q974850,P910,Q6464240
Q974850,P1343,Q2657718
Q974850,P2354,Q3244242
Q974850,P1424,Q14357890
Q974850,P1424,Q20690094
Q237891,P31,Q4167410
Q12876,P910,Q7238140
Q12876,P910,Q9974239
Q12876,P279,Q130368
Q12876,P137,Q383108
Q12876,P137,Q4709134
Q12876,P137,Q9212
Q12876,P31,Q22999537
Q12876,P31,Q728
Q12876,P5008,Q5460604
Q12876,P2184,Q2328012
Q12876,P138,Q838858
Q12876,P1889,Q1756525
Q6661273,P31,Q4167410
Q6661273,P1889,Q37056273
Q6661273,P1889,Q677428
Q42973,P31,Q28640
Q42973,P31,Q11488158
Q42973,P31,Q12737077
Q42973,P425,Q12271
Q42973,P425,Q385378
Q42973,P910,Q6875304
Q42973,P279,Q3391743
Q42973,P279,Q5322166
Q42973,P279,Q255274
Q42973,P417,Q43669
Q42973,P417,Q192816
Q42973,P417,Q44265
Q42973,P1963,P2194
Q42973,P1963,P2385
Q42973,P1963,P2418
Q42973,P1963,P3058
Q42973,P1963,P4488
Q42973,P1963,P4534
Q42973,P1963,P4694
Q42973,P1963,P5308
Q42973,P1963,P5508
Q42973,P1963,P5745
Q42973,P1424,Q10973090
Q42973,P1687,P84
Q42973,P6186,Q8105488
Q42973,P2283,Q66747539
Q1220541,P31,Q4167410
Q1220541,P1889,Q37564073
Q93352,P910,Q7029544
Q93352,P279,Q468756
Q93352,P1889,Q1701967
Q93352,P31,Q25894868
Q1107656,P910,Q7157161
Q1107656,P279,Q107425
Q1107656,P279,Q21950738
Q1107656,P279,Q1165944
Q1107656,P279,Q628858
Q1107656,P279,Q17350442
Q1107656,P279,Q22652
Q1107656,P279,Q35145743
Q1107656,P279,Q386724
Q1107656,P1889,Q624114
Q1107656,P366,Q208195
Q1107656,P166,Q864861
Q1107656,P1343,Q1768721
Q2047030,P186,Q13099586
Q2047030,P279,Q282
Q526349,P31,Q4167410
Q526349,P1889,Q37572422
Q282,P279,Q154
Q282,P910,Q9480494
Q282,P1343,Q2041543
Q282,P1343,Q20078554
Q282,P1343,Q4086271
Q282,P1343,Q602358
Q282,P186,Q10978
Q282,P186,Q45422
Q282,P2849,Q3237250
Q282,P2849,Q41760
Q282,P5008,Q5460604
Q282,P5125,Q7112812
Q282,P366,Q8193047
Q282,P366,Q40050
Q282,P462,Q3142
Q282,P462,Q429220
Q282,P462,Q23444
Q282,P462,Q39338
Q282,P6104,Q15885167
Q282,P1441,Q2385
Q282,P1582,Q20634
Q430727,P461,Q178354
Q430727,P1343,Q20078554
Q430727,P1343,Q2041543
Q226521,P31,Q4167410
Q226521,P1889,Q336958
Q226521,P1889,Q37553064
Q226521,P1889,Q813063
Q792040,P31,Q4167410
Q5265697,P31,Q726
Q5265697,P22,Q4725645
Q5265697,P21,Q44148
Q5265697,P40,Q5249150
Q5265697,P17,Q30
Q5265697,P25,Q61995158
Q5265697,P4743,Q210826
Q5265697,P366,Q2442470
Q10361123,P279,Q167312
Q10361123,P279,Q381060
Q10361123,P156,Q13134154
Q10361123,P1889,Q5318387
Q10361123,P1889,Q167312
Q10361123,P1535,Q1498321
Q10361123,P1542,Q2920592
Q10361123,P910,Q7005209
Q15290,P361,Q10797504
Q15290,P461,Q15292
Q15290,P31,Q595523
Q15290,P1343,Q2041543
Q15290,P1343,Q602358
Q15290,P279,Q211364
Q15290,P279,Q194112
Q15290,P1889,Q1056351
Q15290,P1382,Q28877
Q80968,P31,Q117850
Q80968,P910,Q7336649
Q80968,P361,Q9357054
Q80968,P1343,Q19190511
Q74950,P910,Q8691160
Q74950,P31,Q5891
Q74950,P31,Q2198855
Q74950,P112,Q132524
Q83188,P910,Q7453729
Q83188,P31,Q151885
Q83188,P461,Q875797
Q83188,P1343,Q2041543
Q83188,P1889,Q43514
Q83188,P279,Q17737
Q10931,P279,Q1510761
Q10931,P279,Q1673271
Q10931,P279,Q180684
Q10931,P910,Q6755467
Q10931,P910,Q8660133
Q10931,P461,Q755138
Q10931,P1424,Q13420668
Q10931,P1343,Q1970746
Q10931,P1343,Q602358
Q10931,P1343,Q19180675
Q10931,P1889,Q54894708
Q10931,P1889,Q49122026
Q41500,P361,Q756
Q41500,P910,Q8765136
Q41500,P279,Q24060707
Q41500,P1343,Q1970746
Q41500,P1343,Q602358
Q41500,P1343,Q19180675
Q3236990,P910,Q7165155
Q3236990,P279,Q215627
Q3236990,P279,Q254474
Q3236990,P461,Q11582035
Q3236990,P972,Q5460604
Q3236990,P5125,Q1436654
Q3236990,P1889,Q5348142
Q3236990,P5008,Q13382529
Q1327819,P31,Q4167410
Q1327819,P1343,Q2041543
Q1071659,P910,Q8823382
Q1071659,P1343,Q2657718
Q1071659,P61,Q9191
Q1071659,P1269,Q9471
Q1071659,P1269,Q9465
Q1071659,P279,Q5389993
Q7283,P1151,Q11215268
Q7283,P279,Q2571535
Q7283,P910,Q7011213
Q7283,P1343,Q2041543
Q7283,P461,Q909459
Q7283,P1424,Q6818454
Q7283,P5008,Q5460604
Q7283,P3095,Q14886050
Q7283,P31,Q466439
Q328835,P279,Q16354711
Q328835,P910,Q7210263
Q328835,P1343,Q2657718
Q328835,P828,Q877674
Q328835,P366,Q21108053
Q8094,P279,Q483247
Q8094,P279,Q459428
Q8094,P910,Q9870773
Q8094,P910,Q6823810
Q8094,P1269,Q11663
Q8094,P5008,Q5460604
Q8094,P1343,Q30059240
Q8094,P1343,Q4114391
Q8094,P1343,Q1970746
Q8094,P1343,Q19180675
Q8094,P1343,Q602358
Q8094,P1343,Q1768721
Q8094,P1542,Q57385793
Q8094,P6254,L222291
Q8094,P1056,Q52664317
Q8094,P1889,Q52664317
Q8094,P1889,Q43302
Q5282029,P31,Q4167410
Q1210451,P31,Q4167410
Q1210451,P1889,Q37563177
Q2625603,P279,Q16334298
Q2625603,P279,Q1949963
Q2625603,P279,Q322481
Q2625603,P361,Q184806
Q2625603,P1343,Q2041543
Q2625603,P1343,Q101314624
Q2625603,P1889,Q1613416
Q2625603,P1552,Q904564
Q2625603,P1552,Q189800
Q2625603,P1552,Q349856
Q2625603,P1552,Q188419
Q73434,P31,Q4167410
Q73434,P1889,Q37547581
Q170518,P279,Q193078
Q170518,P279,Q1441305
Q170518,P1995,Q2861470
Q170518,P2176,Q422745
Q170518,P2176,Q420984
Q170518,P2176,Q216935
Q170518,P2176,Q5445335
Q170518,P2176,Q207442
Q170518,P1343,Q1970746
Q170518,P1343,Q602358
Q170518,P1343,Q19190511
Q16515017,P460,Q281287
Q16515017,P1889,Q188907
Q16515017,P1343,Q101314624
Q138045,P279,Q205
Q138045,P279,Q186081
Q138045,P460,Q398085
Q138045,P1343,Q602358
Q138045,P1343,Q19180675
Q138045,P1343,Q4086271
Q138045,P461,Q47001369
Q138045,P1382,Q20742557
Q417213,P31,Q4167410
Q417213,P1889,Q162392
Q190539,P279,Q1066689
Q190539,P279,Q3622126
Q190539,P279,Q52943
Q190539,P1343,Q20743760
Q190539,P31,Q33104279
Q190539,P361,Q3030248
Q190539,P361,Q1066689
Q190539,P1889,Q71341460
Q173799,P910,Q6337045
Q173799,P279,Q1914636
Q173799,P279,Q8148
Q173799,P366,Q180910
Q173799,P366,Q208195
Q173799,P5125,Q7112620
Q173799,P1151,Q42351492
Q173799,P3095,Q138858
Q20811561,P31,Q4167410
Q1114765,P31,Q101352
Q1114765,P1889,Q1034440
Q1114765,P460,Q23935685
Q1114765,P282,Q8229
Q406615,P31,Q4167410
Q406615,P1889,Q37114346
Q225038,P31,Q4167410
Q225038,P1889,Q11703653
Q57090360,P31,Q4167410
Q203764,P910,Q7014667
Q203764,P279,Q1283504
Q203764,P279,Q1914636
Q203764,P279,Q28640
Q203764,P3095,Q15253558
Q203764,P361,Q49773
Q203764,P361,Q4116870
Q203764,P5008,Q13382529
Q296252,P31,Q4167410
Q210804,P31,Q4167410
Q210804,P1889,Q19968494
Q231043,P461,Q19358049
Q231043,P279,Q451967
Q231043,P279,Q628523
Q231043,P279,Q83492918
Q231043,P1889,Q32098
Q231043,P1889,Q3687211
Q231043,P1889,Q3908166
Q231043,P460,Q11371059
Q11424,P1151,Q3296835
Q11424,P279,Q4502142
Q11424,P279,Q2431196
Q11424,P279,Q20937557
Q11424,P279,Q10301427
Q11424,P910,Q1458269
Q11424,P910,Q55321
Q11424,P1343,Q2657718
Q11424,P1963,P57
Q11424,P1963,P161
Q11424,P1963,P136
Q11424,P1963,P577
Q11424,P1963,P162
Q11424,P1963,P1431
Q11424,P1963,P58
Q11424,P1963,P144
Q11424,P1963,P495
Q11424,P1963,P915
Q11424,P1963,P840
Q11424,P1963,P344
Q11424,P1963,P1237
Q11424,P1963,P345
Q11424,P1963,P2408
Q11424,P1963,P2047
Q11424,P1963,P1040
Q11424,P1963,P480
Q11424,P1963,P2639
Q11424,P1963,P921
Q11424,P1963,P86
Q11424,P1963,P750
Q11424,P1963,P2515
Q11424,P1963,P2554
Q11424,P1963,P2603
Q11424,P1963,P2142
Q11424,P1963,P2208
Q11424,P1963,P2755
Q11424,P1963,P3803
Q11424,P1963,P3816
Q11424,P1963,P1476
Q11424,P1963,P676
Q11424,P1963,P364
Q11424,P1424,Q6171351
Q11424,P527,Q20820424
Q11424,P527,Q622550
Q11424,P527,Q795160
Q11424,P527,Q4458345
Q11424,P527,Q441606
Q11424,P2959,Q27131943
Q11424,P460,Q16144339
Q11424,P5008,Q5460604
Q11424,P5125,Q7112632
Q11424,P5869,Q2345
Q11424,P5869,Q192724
Q11424,P5869,Q16672466
Q11424,P5869,Q17738
Q11424,P5869,Q24815
Q11424,P6104,Q8485793
Q11424,P6186,Q8104425
Q11424,P2579,Q28793
Q11424,P2579,Q1660187
Q131250,P105,Q36602
Q131250,P171,Q2087279
Q131250,P31,Q16521
Q131250,P910,Q8606376
Q131250,P1343,Q1768721
Q131250,P2354,Q195730
Q2029226,P31,Q4167410
Q265158,P361,Q58854
Q265158,P361,Q59156192
Q265158,P1343,Q2657718
Q265158,P1343,Q4532138
Q265158,P910,Q25277858
Q265158,P279,Q386724
Q265158,P279,Q1379672
Q265158,P279,Q483394
Q265158,P1687,P6977
Q192628,P910,Q7134135
Q192628,P279,Q10990
Q192628,P1582,Q830
Q192628,P1889,Q18493000
Q192628,P1343,Q1970746
Q225337,P31,Q4167410
Q225337,P1889,Q2671214
Q225337,P1889,Q42331794
Q225337,P1889,Q5166998
Q225337,P460,Q16769779
Q60227,P910,Q7242748
Q60227,P910,Q8747830
Q60227,P1343,Q2041543
Q60227,P1343,Q4086271
Q60227,P279,Q451967
Q60227,P279,Q6765918
Q60227,P1889,Q15962815
Q60227,P1269,Q1559849
Q60227,P461,Q157811
Q60227,P2579,Q940590
Q9332,P910,Q1458590
Q9332,P1889,Q2515874
Q9332,P279,Q1914636
Q9332,P5008,Q5460604
Q9332,P2579,Q3919817
Q9332,P361,Q77468620
Q9332,P1552,Q1299714
Q9332,P1552,Q1375683
Q9332,P1552,Q2724302
Q9332,P1552,Q2515887
Q89889115,P31,Q4167410
Q89889115,P460,Q671064
Q89889115,P460,Q449749
Q89889115,P460,Q89889752
Q5121762,P31,Q4167410
Q42138,P1687,P27
Q42138,P361,Q7275
Q42138,P910,Q9533563
Q42138,P31,Q930933
Q42138,P31,Q33104069
Q42138,P1343,Q678259
Q42138,P1343,Q20743760
Q42138,P1343,Q21002838
Q42138,P1343,Q2041543
Q42138,P1343,Q602358
Q42138,P279,Q60844538
Q42138,P1269,Q7275
Q42138,P1889,Q5583088
Q42138,P1889,Q837313
Q1779341,P31,Q4167410
Q1779341,P460,Q18141863
Q1779341,P460,Q28195326
Q1779341,P460,Q61780767
Q1779341,P460,Q16286777
Q1779341,P460,Q61780830
Q1779341,P460,Q61780858
Q1779341,P460,Q61780882
Q1779341,P460,Q61780896
Q1779341,P460,Q398150
Q1779341,P460,Q3602392
Q1779341,P460,Q7328910
Q1779341,P1889,Q86670936
Q3043042,P31,Q4167410
Q2,P1589,Q459173
Q2,P1589,Q1491734
Q2,P1589,Q2586548
Q2,P1419,Q3241540
Q2,P1419,Q185969
Q2,P1419,Q838611
Q2,P1419,Q238231
Q2,P527,Q15316
Q2,P527,Q193927
Q2,P527,Q101949
Q2,P527,Q3230
Q2,P527,Q1349417
Q2,P527,Q42762
Q2,P527,Q83169
Q2,P527,Q83296
Q2,P527,Q6500960
Q2,P527,Q5107
Q2,P527,Q399984
Q2,P522,Q737809
Q2,P398,Q405
Q2,P398,Q1323537
Q2,P398,Q3270674
Q2,P398,Q25271
Q2,P398,Q48604
Q2,P398,Q2513
Q2,P398,Q25426699
Q2,P397,Q525
Q2,P610,Q513
Q2,P610,Q14081
Q2,P910,Q1458521
Q2,P2184,Q200325
Q2,P2184,Q156312
Q2,P913,Q426529
Q2,P2633,Q1071
Q2,P1343,Q2041543
Q2,P1343,Q4086271
Q2,P1343,Q4173137
Q2,P1343,Q1970746
Q2,P1343,Q602358
Q2,P1343,Q19180675
Q2,P1343,Q1768721
Q2,P1343,Q867541
Q2,P2959,Q22828183
Q2,P1557,Q898312
Q2,P361,Q18589965
Q2,P1552,Q25935139
Q2,P1552,Q6500960
Q2,P1552,Q846030
Q2,P1889,Q11081619
Q2,P1889,Q36133
Q2,P2579,Q8008
Q2,P2579,Q1069
Q2,P2579,Q46255
Q2,P5008,Q5460604
Q2,P460,Q16502
Q2,P5125,Q28231576
Q2,P31,Q3504248
Q2,P461,Q527
Q2,P170,Q825
Q2,P163,Q2293672
Q2,P276,Q7879772
Q2,P138,Q36133
Q2,P138,Q21152267
Q2,P706,Q215913
Q252022,P31,Q4167410
Q61951,P279,Q25383999
Q61951,P1343,Q19190511
Q49371,P527,Q7243147
Q49371,P527,Q694045
Q49371,P279,Q820655
Q49371,P910,Q8967526
Q49371,P910,Q10813747
Q49371,P1343,Q2657718
Q49371,P1687,P92
Q49371,P361,Q7766927
Q49371,P1889,Q820655
Q49371,P828,Q3406566
Q49371,P3095,Q4175034
Q697327,P910,Q8585488
Q697327,P1343,Q2657718
Q697327,P279,Q2334719
Q697327,P1889,Q3365641
Q7363,P279,Q24060765
Q7363,P279,Q18534278
Q7363,P910,Q6529465
Q7363,P366,Q1541064
Q7363,P366,Q9530
Q7363,P2286,Q488936
Q7363,P527,Q27043772
Q7363,P527,Q156104
Q7363,P527,Q38155
Q7363,P527,Q502730
Q7363,P527,Q16331
Q7363,P527,Q7086517
Q7363,P527,Q858590
Q7363,P527,Q1899093
Q7363,P2959,Q22828723
Q7363,P5008,Q5460604
Q7363,P1889,Q2673594
Q7363,P1343,Q602358
Q7363,P1343,Q19190511
Q7363,P1343,Q19190511
Q7363,P1343,Q1768721
Q193181,P910,Q7022256
Q193181,P3095,Q28973077
Q193181,P366,Q1172399
Q193181,P31,Q1914636
Q193181,P279,Q160402
Q193181,P361,Q77468620
Q3427349,P31,Q4167410
Q3427349,P31,Q4164871
Q3427349,P805,Q11997597
Q179723,P910,Q7496050
Q179723,P1343,Q19538713
Q179723,P1343,Q2657718
Q179723,P1343,Q1138524
Q179723,P1343,Q4173137
Q179723,P1343,Q30059240
Q179723,P279,Q628455
Q179723,P279,Q64534006
Q179723,P1269,Q9174
Q179723,P2283,Q729
Q179723,P2283,Q5
Q179723,P2283,Q173486
Q179723,P2283,Q273131
Q179723,P2283,Q1362381
Q179723,P1889,Q65424978
Q614806,P279,Q11460
Q614806,P279,Q10485329
Q614806,P910,Q8824799
Q614806,P1343,Q28859637
Q614806,P2670,Q1522424
Q614806,P2670,Q18088270
Q292088,P31,Q4167410
Q292088,P460,Q21048799
Q415767,P31,Q4167410
Q415767,P1889,Q16869470
Q293618,P31,Q4167410
Q293618,P460,Q12262258
Q293618,P460,Q414069
Q293618,P460,Q60445027
Q293618,P460,Q60445044
Q293618,P460,Q60445068
Q293618,P460,Q20024970
Q293618,P1889,Q37187228
Q40953,P31,Q23847174
Q40953,P31,Q223393
Q40953,P31,Q98088085
Q40953,P279,Q1914636
Q40953,P279,Q451967
Q40953,P279,Q234460
Q40953,P1343,Q4086271
Q40953,P1343,Q602358
Q40953,P1343,Q4173137
Q40953,P1343,Q19190511
Q40953,P910,Q5831389
Q40953,P527,Q173445
Q40953,P527,Q8866546
Q40953,P361,Q9174
Q870,P279,Q15618781
Q870,P279,Q1301433
Q870,P279,Q350783
Q870,P910,Q7348735
Q870,P366,Q3565868
Q870,P31,Q334166
Q870,P527,Q208502
Q870,P527,Q93301
Q870,P5008,Q5460604
Q870,P1424,Q5902995
Q870,P1889,Q15141321
Q327651,P910,Q7014561
Q327651,P279,Q1914636
Q327651,P279,Q3533467
Q327651,P1343,Q678259
Q327651,P1343,Q1768721
Q327651,P2283,Q283
Q413637,P31,Q4167410
Q413637,P1889,Q36925853
Q413157,P31,Q4167410
Q413157,P1889,Q16883238
Q2205075,P31,Q4167410
Q2205075,P460,Q226386
Q2205075,P460,Q7713254
Q2205075,P460,Q16032114
Q5669212,P31,Q4167410
Q178561,P361,Q198
Q178561,P279,Q650711
Q178561,P279,Q13418847
Q178561,P279,Q645883
Q178561,P910,Q7145329
Q178561,P1963,P4220
Q178561,P1963,P361
Q178561,P1963,P17
Q178561,P1963,P276
Q178561,P1963,P585
Q178561,P1963,P580
Q178561,P1963,P582
Q178561,P1963,P710
Q178561,P1343,Q2041543
Q178561,P1687,P607
Q268146,P31,Q4167410
Q268146,P1889,Q36985852
Q202805,P31,Q24034552
Q202805,P31,Q3737844
Q202805,P279,Q7447725
Q202805,P1889,Q2985056
Q202805,P1889,Q161519
Q202805,P1343,Q2041543
Q202805,P2579,Q76592
Q1221457,P31,Q4167410
Q45382,P279,Q1673271
Q45382,P279,Q83267
Q45382,P910,Q6931409
Q45382,P1343,Q19180675
Q45382,P1343,Q602358
Q45382,P2283,Q5467425
Q45382,P1889,Q25906438
Q296648,P31,Q4167410
Q296648,P1889,Q37565920
Q296648,P1889,Q313105
Q3013486,P31,Q4167410
Q3013486,P1889,Q37075046
Q7174,P910,Q7235741
Q7174,P279,Q28108
Q7174,P1343,Q20743760
Q7174,P1343,Q20751032
Q7174,P1343,Q2041543
Q7174,P1343,Q1138524
Q7174,P1343,Q3181656
Q7174,P1343,Q101314624
Q7174,P2184,Q587404
Q7174,P527,Q171174
Q7174,P527,Q188759
Q7174,P527,Q5290079
Q7174,P527,Q30461
Q7174,P527,Q3705343
Q7174,P31,Q1307214
Q7174,P31,Q183039
Q7174,P5008,Q5460604
Q7174,P5008,Q13382529
Q7174,P461,Q173424
Q7174,P5125,Q25112605
Q7174,P361,Q7202412
Q7174,P1552,Q7112606
Q183318,P1343,Q2657718
Q183318,P1889,Q236885
Q183318,P1889,Q55399268
Q183318,P1889,Q55399371
Q183318,P31,Q4164871
Q183318,P910,Q9008869
Q183318,P460,Q180095
Q183318,P5869,Q352
Q183318,P5869,Q5816
Q183318,P279,Q48352
Q183318,P1552,Q2324993
Q183318,P6477,Q581993
Q183318,P6477,Q428148
Q9907,P361,Q8229
Q9907,P361,Q606972
Q9907,P361,Q754673
Q9907,P361,Q76228
Q9907,P361,Q607188
Q9907,P361,Q20581324
Q9907,P361,Q1095058
Q9907,P361,Q1187758
Q9907,P361,Q372785
Q9907,P361,Q754989
Q9907,P361,Q622712
Q9907,P361,Q637405
Q9907,P361,Q570693
Q9907,P361,Q550383
Q9907,P361,Q755124
Q9907,P361,Q18691434
Q9907,P361,Q994407
Q9907,P361,Q384749
Q9907,P361,Q2839543
Q9907,P361,Q90681288
Q9907,P31,Q19776628
Q9907,P31,Q9398093
Q9907,P6254,L45485
Q9907,P4969,Q342616
Q9907,P4969,Q9995
Q9907,P4969,Q342696
Q9907,P4969,Q10010
Q9907,P4969,Q342701
Q9907,P4969,Q342673
Q9907,P4969,Q10009
Q9907,P4969,Q28844
Q9907,P4969,Q394587
Q9907,P4969,Q30750200
Q9907,P4969,Q30749998
Q9907,P4969,Q30754301
Q9907,P4969,Q30750129
Q9907,P4969,Q30750161
Q9907,P4969,Q648411
Q9907,P4969,Q30750845
Q9907,P4969,Q18100
Q9907,P4969,Q472548
Q9907,P4969,Q10008
Q9907,P4969,Q3594602
Q9907,P1889,Q82435
Q9907,P1889,Q30431
Q9907,P1889,Q14392
Q9907,P1889,Q27290
Q9907,P910,Q9696004
Q9907,P1299,Q17021932
Q9907,P1343,Q867541
Q81096,P425,Q11023
Q81096,P31,Q28640
Q81096,P31,Q189533
Q81096,P31,Q4164871
Q81096,P910,Q6996692
Q81096,P121,Q2424752
Q81096,P2354,Q337064
Q81096,P279,Q327055
Q81096,P6186,Q59522174
Q81096,P1424,Q8265455
Q11023,P279,Q28797
Q11023,P279,Q3958441
Q11023,P910,Q4057258
Q11023,P1151,Q3639906
Q11023,P460,Q2695280
Q11023,P460,Q12015335
Q11023,P2184,Q5867819
Q11023,P2959,Q22827871
Q11023,P31,Q11862829
Q11023,P31,Q2465832
Q11023,P5008,Q5460604
Q11023,P5125,Q7112617
Q11023,P3095,Q81096
Q11023,P3095,Q61764256
Q11023,P2578,Q11650
Q11023,P2578,Q12725
Q11023,P2578,Q385378
Q11023,P2283,Q413
Q11023,P2283,Q2329
Q11023,P1424,Q9348751
Q11023,P361,Q89358787
Q16513600,P279,Q17334923
Q16513600,P460,Q629593
Q16513600,P1889,Q1311819
Q201650,P910,Q15957557
Q201650,P279,Q622645
Q201650,P31,Q1411242
Q201650,P1343,Q4173137
Q201650,P1343,Q4086271
Q451942,P31,Q4167410
Q467011,P279,Q2001676
Q467011,P279,Q5919191
Q467011,P910,Q7069077
Q299564,P31,Q4167410
Q299564,P460,Q401834
Q299564,P460,Q178571
Q299564,P460,Q25394390
Q299564,P460,Q1224140
Q299564,P1889,Q37457748
Q299564,P1889,Q1931937
Q299564,P1889,Q202729
Q25478470,P31,Q4167410
Q1368,P279,Q1643989
Q1368,P279,Q1659862
Q1368,P279,Q7598359
Q1368,P910,Q4056882
Q1368,P1889,Q8142
Q1368,P1889,Q19455626
Q1368,P1343,Q2041543
Q1368,P1343,Q602358
Q1368,P1343,Q602358
Q1368,P1343,Q602358
Q1368,P1687,P2232
Q1368,P5008,Q5460604
Q1368,P366,Q1148747
Q1368,P366,Q601401
Q1368,P2184,Q167328
Q1368,P2184,Q6158487
Q395712,P31,Q4167410
Q395712,P1889,Q11792792
Q42962,P910,Q7001987
Q42962,P279,Q15401930
Q42962,P1343,Q1768721
Q42962,P1889,Q127980
Q42962,P1889,Q22656
Q42962,P1382,Q127980
Q42962,P1382,Q22656
Q309100,P279,Q205961
Q309100,P279,Q3249551
Q309100,P910,Q7013788
Q309100,P3095,Q2462658
Q309100,P3095,Q20481199
Q309100,P3095,Q2029941
Q309100,P3095,Q816432
Q309100,P1889,Q7216332
Q309100,P1889,Q1371819
Q309100,P2283,Q7201355
Q309100,P1056,Q1371819
Q9852,P31,Q19776628
Q9852,P31,Q3841820
Q9852,P361,Q8229
Q9852,P361,Q606972
Q9852,P361,Q754673
Q9852,P361,Q76228
Q9852,P361,Q607188
Q9852,P361,Q20581324
Q9852,P361,Q1187758
Q9852,P361,Q637405
Q9852,P361,Q570693
Q9852,P361,Q550383
Q9852,P361,Q755124
Q9852,P361,Q18691434
Q9852,P361,Q384749
Q9852,P361,Q994407
Q9852,P361,Q1493494
Q9852,P361,Q2839543
Q9852,P1299,Q17021588
Q9852,P910,Q16363426
Q9852,P1343,Q2041543
Q9852,P1343,Q867541
Q9852,P1424,Q14403116
Q245117,P461,Q2520013
Q245117,P910,Q9100388
Q245117,P31,Q56055944
Q245117,P31,Q11177771
Q245117,P31,Q3249551
Q245117,P31,Q483394
Q245117,P279,Q860861
Q245117,P1343,Q2041543
Q407075,P31,Q4167410
Q8463,P279,Q853725
Q8463,P910,Q6584909
Q8463,P1343,Q302556
Q8463,P1343,Q2657718
Q8463,P1343,Q2041543
Q8463,P1343,Q602358
Q8463,P1343,Q19180675
Q8463,P1343,Q4086271
Q8463,P1343,Q4173137
Q8463,P460,Q5936334
Q8463,P461,Q2979
Q8463,P2184,Q12981973
Q8463,P1889,Q1122364
Q8463,P5008,Q5460604
Q8463,P5008,Q13382529
Q8463,P5008,Q15304953
Q8463,P5008,Q85931561
Q8463,P31,Q132781
Q8463,P2670,Q12773225
Q8463,P2670,Q10076267
Q8463,P1151,Q24040623
Q912820,P279,Q3312438
Q912820,P279,Q186619
Q3516794,P31,Q4167410
Q3516794,P1889,Q37121311
Q11422,P910,Q7216425
Q11422,P279,Q17537576
Q11422,P279,Q2424752
Q11422,P1343,Q2657718
Q11422,P1343,Q2041543
Q11422,P1343,Q602358
Q11422,P1535,Q4197743
Q11422,P1535,Q974144
Q11422,P1535,Q7569
Q11422,P366,Q11410
Q11422,P5008,Q5460604
Q11422,P1889,Q54894998
Q11422,P1382,Q65088916
Q11422,P1424,Q11016646
Q1080137,P279,Q176799
Q1080137,P1343,Q19219752
Q1080137,P31,Q176799
Q180095,P910,Q8250874
Q180095,P31,Q4164871
Q180095,P279,Q1097498
Q180095,P279,Q599151
Q180095,P460,Q183318
Q180095,P1343,Q602358
Q180095,P1343,Q602358
Q180095,P1343,Q19180675
Q180095,P1889,Q1097498
Q298210,P31,Q4167410
Q298210,P1889,Q1191537
Q283,P527,Q629
Q283,P527,Q556
Q283,P910,Q6529461
Q283,P873,Q106410
Q283,P873,Q111059
Q283,P2959,Q52634190
Q283,P703,Q15978631
Q283,P1552,Q128709
Q283,P1552,Q30007162
Q283,P1552,Q30100868
Q283,P1552,Q179388
Q283,P1552,Q182677
Q283,P1552,Q1075
Q283,P1552,Q180600
Q283,P1552,Q3236003
Q283,P462,Q5960345
Q283,P462,Q3133
Q283,P462,Q17244894
Q283,P462,Q5960345
Q283,P462,Q3142
Q283,P462,Q11567495
Q283,P462,Q23444
Q283,P462,Q11567495
Q283,P462,Q5148636
Q283,P4147,Q849881
Q283,P4149,Q199877
Q283,P5008,Q5460604
Q283,P5125,Q7112809
Q283,P4952,Q2005334
Q283,P4952,Q51139288
Q283,P1542,Q57385793
Q283,P1889,Q29053744
Q283,P1889,Q75820688
Q283,P1889,Q2637515
Q283,P1889,Q56877699
Q283,P1889,Q232974
Q283,P1343,Q602358
Q283,P1343,Q19180675
Q283,P1343,Q1970746
Q283,P1343,Q1768721
Q283,P1343,Q4086271
Q283,P31,Q11173
Q283,P31,Q11723014
Q283,P31,Q50690
Q283,P366,Q3535009
Q283,P361,Q2095
Q283,P361,Q103135
Q293641,P31,Q4167410
Q398752,P31,Q4167410
Q48277,P910,Q6916101
Q48277,P1343,Q20743760
Q48277,P31,Q151885
Q48277,P31,Q2393196
Q48277,P1687,P21
Q48277,P1552,Q11491601
Q48277,P2579,Q1662673
Q48277,P2579,Q21201
Q48277,P361,Q5110203
Q48277,P527,Q15404978
Q48277,P1889,Q5531000
Q48277,P1889,Q162378
Q48277,P1889,Q290
Q48277,P279,Q844569
Q48277,P460,Q99485732
Q411291,P31,Q4167410
Q411291,P1889,Q24979011
Q7216430,P31,Q79529
Q169207,P910,Q7015415
Q169207,P279,Q9332
Q169207,P279,Q160232
Q169207,P279,Q1920219
Q169207,P279,Q83267
Q169207,P1343,Q2657718
Q169207,P1343,Q1186818
Q169207,P461,Q27976816
Q169207,P461,Q58375253
Q169207,P1424,Q13107827
Q169207,P1424,Q7583764
Q169207,P460,Q1772837
Q169207,P1889,Q7015415
Q5507838,P31,Q4167410
Q294197,P31,Q4167410
Q294197,P1889,Q9282911
Q722218,P910,Q8950079
Q722218,P1424,Q22729264
Q722218,P279,Q845734
Q722218,P279,Q6504956
Q722218,P31,Q223557
Q107,P361,Q133327
Q107,P279,Q3054889
Q107,P31,Q33104303
Q107,P31,Q21550639
Q107,P1343,Q302556
Q107,P910,Q1458583
Q107,P1557,Q133327
Q107,P460,Q23055553
Q107,P1889,Q3943294
Q107,P1552,Q4440864
Q189114,P279,Q161973
Q189114,P910,Q6994524
Q189114,P1889,Q1072483
Q189114,P1889,Q25629903
Q189114,P1889,Q201717
Q12299433,P31,Q4167410
Q12299433,P1889,Q37223092
Q924703,P31,Q4167410
Q209542,P279,Q16334298
Q209542,P361,Q431
Q209542,P361,Q1484503
Q209542,P366,Q2153464
Q209542,P1552,Q1609678
Q6765918,P527,Q24962887
Q6765918,P1382,Q1456832
Q6765918,P279,Q1914636
Q6765918,P3095,Q99485144
Q32112,P910,Q8265388
Q32112,P279,Q7128792
Q32112,P495,Q21
Q32112,P31,Q31629
Q32112,P31,Q4356073
Q32112,P2184,Q23809296
Q32112,P1343,Q2041543
Q32112,P1151,Q14615515
Q32112,P3095,Q11338576
Q32112,P2283,Q895679
Q32112,P2283,Q2290113
Q32112,P527,Q4573533
Q32112,P527,Q2631720
Q10791,P910,Q7216236
Q10791,P279,Q1190554
Q10791,P2184,Q5868306
Q203872,P279,Q35120
Q203872,P31,Q151885
Q203872,P910,Q9460878
Q203872,P1343,Q2657718
Q203872,P460,Q468777
Q203872,P461,Q16120406
Q203872,P1889,Q3591791
Q203872,P361,Q2165236
Q308194,P279,Q239526
Q308194,P279,Q84048852
Q308194,P279,Q29514218
Q308194,P31,Q171318
Q308194,P910,Q29553242
Q308194,P461,Q177232
Q308194,P461,Q7566
Q308194,P1552,Q6581072
Q308194,P1343,Q1970746
Q308194,P1343,Q4086271
Q29244,P31,Q4167410
Q29244,P1889,Q28018967
Q29244,P1889,Q28018964
Q29244,P1889,Q74418
Q29244,P1889,Q928547
Q29244,P1889,Q949658
Q29244,P1889,Q5532774
Q595094,P279,Q31184
Q595094,P279,Q84048852
Q595094,P1552,Q6581072
Q595094,P461,Q10861465
Q595094,P461,Q31184
Q595094,P31,Q171318
Q595094,P1687,P3373
Q595094,P1343,Q1768721
Q188830,P461,Q212878
Q188830,P279,Q84048852
Q188830,P279,Q1196129
Q188830,P361,Q3046146
Q188830,P1552,Q6581072
Q188830,P31,Q954007
Q188830,P1343,Q4173137
Q188830,P1687,P26
Q16769650,P31,Q4167410
Q177499,P1441,Q74287
Q177499,P1441,Q15228
Q177499,P1441,Q131074
Q177499,P1441,Q332388
Q177499,P1441,Q79762
Q177499,P1441,Q208002
Q177499,P1441,Q127367
Q177499,P1441,Q164963
Q177499,P1080,Q81738
Q177499,P31,Q3658341
Q177499,P31,Q719506
Q177499,P31,Q15773347
Q177499,P463,Q287669
Q177499,P463,Q2071479
Q177499,P463,Q1059791
Q177499,P21,Q6581097
Q177499,P1344,Q2631743
Q177499,P1344,Q1646073
Q177499,P170,Q892
Q177499,P138,Q587350
Q177499,P175,Q170510
Q177499,P1830,Q931279
Q177499,P1830,Q2088108
Q177499,P1830,Q2707949
Q177499,P7047,Q2281
Q273081,P279,Q170483
Q273081,P910,Q8383452
Q273081,P31,Q2235308
Q273081,P1343,Q2657718
Q273081,P1343,Q4114391
Q403887,P31,Q4167410
Q7188,P910,Q54070
Q7188,P1343,Q2657718
Q7188,P1557,Q25107
Q7188,P527,Q35535
Q7188,P5008,Q5460604
Q7188,P5125,Q25113003
Q7188,P1963,P6
Q7188,P1963,P527
Q7188,P1963,P17
Q7188,P1963,P571
Q7188,P1963,P576
Q7188,P1963,P279
Q7188,P1963,P3842
Q7188,P1963,P1313
Q7188,P1963,P355
Q7188,P2388,Q2285706
Q7188,P1889,Q6199
Q7188,P1889,Q188670
Q7188,P1889,Q192424
Q7188,P279,Q7210356
Q7188,P461,Q192852
Q7188,P361,Q35798
Q7188,P1552,Q1307214
Q1624316,P31,Q4167410
Q1624316,P1889,Q37551801
Q660064,P910,Q8549424
Q660064,P31,Q16910014
Q660064,P31,Q14625153
Q660064,P279,Q171174
Q660064,P279,Q16837407
Q660064,P279,Q15275192
Q660064,P279,Q1864008
Q660064,P1889,Q1663557
Q660064,P1889,Q15275192
Q242186,P31,Q4167410
Q242186,P1889,Q16871354
Q242186,P1889,Q483980
Q242186,P460,Q453879
Q176691,P910,Q7485340
Q176691,P31,Q31855
Q176691,P31,Q1328899
Q176691,P159,Q752719
Q176691,P488,Q7146316
Q176691,P488,Q4784423
Q176691,P17,Q30
Q176691,P749,Q503577
Q176691,P2388,Q7883160
Q176691,P355,Q1586184
Q176691,P355,Q45133995
Q176691,P1056,Q7397
Q176691,P276,Q752719
Q176691,P463,Q37033
Q176691,P463,Q15731702
Q176691,P463,Q72936141
Q1229994,P910,Q7362933
Q1229994,P1880,Q556298
Q1229994,P1880,Q7395139
Q1229994,P1995,Q7867
Q1229994,P1995,Q9418
Q1229994,P1995,Q183257
Q1229994,P1343,Q2041543
Q1229994,P279,Q2903417
Q1229994,P1889,Q2606101
Q1229994,P1889,Q28914244
Q1229994,P1542,Q57756307
Q2108886,P31,Q4167410
Q2108886,P1889,Q16881394
Q170584,P279,Q1914636
Q170584,P910,Q6470788
Q170584,P1343,Q2657718
Q170584,P1963,P3712
Q170584,P1424,Q25989294
Q170584,P31,Q151885
Q170584,P1552,Q4503831
Q170584,P1552,Q5316263
Q170584,P1552,Q327245
Q170584,P1552,Q2658317
Q170584,P1552,Q472160
Q170584,P1552,Q4180161
Q2534388,P31,Q4167410
Q2251595,P31,Q9332
Q2251595,P31,Q1914636
Q2251595,P31,Q4167410
Q2251595,P361,Q2526135
Q2251595,P527,Q28553669
Q2251595,P527,Q28553760
Q2251595,P461,Q1174599
Q2251595,P279,Q1717246
Q2251595,P1889,Q19798609
Q2251595,P1343,Q101314624
Q351889,P31,Q4167410
Q256458,P279,Q28935403
Q256458,P910,Q25218452
Q452800,P31,Q4167410
Q1067529,P910,Q8834638
Q1067529,P279,Q320769
Q579371,P1533,Q16860571
Q579371,P31,Q12308941
Q579371,P1889,Q230695
Q579371,P407,Q1860
Q579371,P407,Q7411
Q579371,P282,Q8229
Q579371,P460,Q29052029
Q579371,P460,Q16275099
Q579371,P5323,Q21644845
Q404866,P31,Q4167410
Q404866,P1889,Q37197220
Q132744,P279,Q1183543
Q132744,P279,Q340169
Q132744,P910,Q8444457
Q132744,P31,Q340169
Q132744,P1687,P2900
Q132744,P1365,Q7695656
Q132744,P2283,Q1373572
Q132744,P366,Q11024
Q1081491,P279,Q877517
Q1081491,P279,Q216048
Q1081491,P910,Q8967563
Q1081491,P495,Q174193
Q1081491,P1889,Q2736
Q1081491,P1889,Q10962
Q1081491,P1889,Q5849
Q1081491,P1889,Q41323
Q1081491,P2283,Q262090
Q1081491,P3095,Q17270000
Q1081491,P31,Q31629
Q225829,P31,Q4167410
Q2920921,P910,Q7012003
Q2920921,P279,Q338754
Q2920921,P279,Q29017603
Q2920921,P279,Q1783823
Q2920921,P1269,Q43229
Q2920921,P2079,Q309100
Q2920921,P2079,Q31728
Q2920921,P2079,Q623971
Q2920921,P460,Q50412353
Q2920921,P31,Q1914636
Q2920921,P31,Q11862829
Q2920921,P3095,Q999897
Q2920921,P3095,Q20481199
Q2920921,P3095,Q978044
Q2920921,P3095,Q2462658
Q2920921,P1424,Q14399581
Q2920921,P361,Q2043282
Q2920921,P1889,Q29017603
Q2920921,P1552,Q1481177
Q2920921,P1552,Q1888611
Q2920921,P1552,Q1474521
Q2920921,P1552,Q96247293
Q3979784,P31,Q4167410
Q3979784,P1889,Q37543388
Q3979784,P1889,Q33026836
Q382466,P31,Q4167410
Q2674068,P31,Q4167410
Q2674068,P1889,Q37554716
Q225814,P31,Q4167410
Q225814,P1889,Q16876864
Q7566,P279,Q25098571
Q7566,P361,Q5362237
Q7566,P31,Q171318
Q7566,P461,Q29514218
Q7566,P910,Q33084685
Q7566,P1441,Q63892461
Q7566,P1343,Q1768721
Q5357120,P279,Q3237993
Q5357120,P279,Q186361
Q5357120,P910,Q8717401
Q230479,P31,Q4167410
Q189225,P159,Q1218
Q189225,P31,Q7278
Q189225,P1343,Q602358
Q189225,P1343,Q4173137
Q411459,P31,Q4167410
Q411459,P1889,Q16032112
Q6501338,P910,Q8275282
Q6501338,P1343,Q2041543
Q6501338,P279,Q781413
Q6501338,P279,Q2200417
Q6501338,P1995,Q9418
Q6501338,P361,Q77468620
Q4818684,P31,Q4167410
Q468777,P460,Q203872
Q468777,P460,Q24255051
Q468777,P1889,Q404130
Q468777,P461,Q16120406
Q468777,P31,Q33104279
Q468777,P279,Q35120
Q729805,P910,Q8448768
Q729805,P31,Q4038559
Q729805,P1889,Q15731702
Q685817,P31,Q11424
Q685817,P57,Q25191
Q685817,P161,Q1619100
Q685817,P161,Q331638
Q685817,P161,Q242951
Q685817,P161,Q12858652
Q685817,P161,Q1313592
Q685817,P161,Q29051751
Q685817,P364,Q1860
Q685817,P162,Q242951
Q685817,P162,Q1313592
Q685817,P162,Q25191
Q685817,P272,Q984047
Q685817,P58,Q25191
Q685817,P495,Q145
Q685817,P136,Q2421031
Q685817,P136,Q959790
Q685817,P136,Q2484376
Q685817,P136,Q130232
Q685817,P840,Q84
Q685817,P86,Q331638
Q685817,P344,Q25191
Q685817,P462,Q838368
Q685817,P750,Q15622197
Q685817,P2747,Q23830578
Q685817,P3306,Q27253947
Q685817,P1981,Q20644797
Q685817,P1552,Q45172088
Q685817,P1040,Q29051860
Q685817,P1040,Q25191
Q193607,P279,Q183560
Q193607,P31,Q61915880
Q193607,P1343,Q2041543
Q178651,P910,Q8552003
Q178651,P279,Q3030248
Q178651,P279,Q15621286
Q178651,P1151,Q28555919
Q178651,P31,Q483394
Q1213632,P31,Q4167410
Q1213632,P1889,Q37436697
Q456,P1464,Q8061504
Q456,P190,Q5687
Q456,P190,Q2079
Q456,P190,Q580
Q456,P190,Q6506
Q456,P190,Q2256
Q456,P190,Q490
Q456,P190,Q1794
Q456,P190,Q38022
Q456,P190,Q16572
Q456,P190,Q41843
Q456,P190,Q2280
Q456,P190,Q38283
Q456,P190,Q168057
Q456,P190,Q656
Q456,P190,Q1461
Q456,P190,Q1953
Q456,P190,Q3820
Q456,P190,Q4361
Q456,P190,Q41183
Q456,P190,Q41572
Q456,P190,Q45779
Q456,P190,Q172415
Q456,P190,Q52502
Q456,P190,Q5753
Q456,P190,Q25409
Q456,P1151,Q11381422
Q456,P30,Q46
Q456,P17,Q142
Q456,P17,Q17167
Q456,P17,Q2277
Q456,P17,Q42834
Q456,P17,Q13590051
Q456,P17,Q146246
Q456,P17,Q46370
Q456,P17,Q70972
Q456,P17,Q58296
Q456,P17,Q71084
Q456,P17,Q142
Q456,P17,Q69808
Q456,P131,Q2874
Q456,P131,Q16665897
Q456,P131,Q46130
Q456,P131,Q535140
Q456,P131,Q10971
Q456,P421,Q6655
Q456,P421,Q6723
Q456,P910,Q7149773
Q456,P31,Q484170
Q456,P31,Q1549591
Q456,P1465,Q9218914
Q456,P1740,Q10218836
Q456,P150,Q3337
Q456,P150,Q3344
Q456,P150,Q3348
Q456,P150,Q3351
Q456,P150,Q3354
Q456,P150,Q3358
Q456,P150,Q3360
Q456,P150,Q3366
Q456,P1792,Q6825867
Q456,P1376,Q16665897
Q456,P1376,Q463
Q456,P1376,Q46130
Q456,P1376,Q535140
Q456,P1376,Q18338206
Q456,P1376,Q18914778
Q456,P1376,Q10971
Q456,P1376,Q88521126
Q456,P1365,Q2706299
Q456,P1365,Q3463259
Q456,P1365,Q3209735
Q456,P1365,Q18326099
Q456,P1365,Q665
Q456,P1343,Q2657718
Q456,P1343,Q1138524
Q456,P1343,Q4114391
Q456,P1343,Q602358
Q456,P1343,Q4173137
Q456,P1343,Q19180675
Q456,P1456,Q3252117
Q456,P708,Q1364921
Q456,P47,Q8358
Q456,P47,Q1617042
Q456,P47,Q1615759
Q456,P47,Q1617501
Q456,P47,Q828676
Q456,P47,Q387460
Q456,P47,Q1647506
Q456,P47,Q13598
Q456,P47,Q582
Q456,P47,Q1291
Q456,P47,Q244717
Q456,P47,Q1617133
Q456,P47,Q1469657
Q456,P47,Q273748
Q456,P47,Q4054
Q456,P47,Q772460
Q456,P6,Q33018704
Q456,P6,Q12956
Q456,P6,Q12957
Q456,P6,Q3310469
Q456,P6,Q800007
Q456,P6,Q1871927
Q456,P6,Q274344
Q456,P6,Q3190446
Q456,P6,Q12956
Q456,P6,Q85305187
Q456,P206,Q602
Q456,P206,Q187834
Q456,P206,Q17156468
Q456,P2184,Q2029
Q456,P1791,Q8328662
Q456,P361,Q16665897
Q456,P485,Q2860539
Q456,P1313,Q61958687
Q456,P793,Q1136002
Q456,P793,Q18415359
Q456,P7867,Q84112107
Q456,P1454,Q22927616
Q456,P8402,Q97126056
Q456,P8744,Q3578764
Q9941,P31,Q19776628
Q9941,P31,Q9398093
Q9941,P361,Q8229
Q9941,P361,Q606972
Q9941,P361,Q754673
Q9941,P361,Q76228
Q9941,P361,Q607188
Q9941,P361,Q20581324
Q9941,P361,Q18694620
Q9941,P361,Q1187758
Q9941,P361,Q637405
Q9941,P361,Q1142033
Q9941,P361,Q550383
Q9941,P361,Q755124
Q9941,P361,Q18691434
Q9941,P361,Q384749
Q9941,P361,Q994407
Q9941,P361,Q2839543
Q9941,P361,Q1493494
Q9941,P1299,Q17021833
Q9941,P1889,Q294219
Q9941,P1889,Q17278
Q9941,P1889,Q204
Q9941,P1889,Q203
Q9941,P1889,Q79383438
Q9941,P1889,Q178213
Q9941,P4969,Q16686279
Q9941,P910,Q32080311
Q448480,P31,Q4167410
Q1226236,P31,Q4167410
Q9946,P279,Q19776632
Q9946,P31,Q19776628
Q9946,P31,Q3841820
Q9946,P1299,Q17021525
Q9946,P361,Q8229
Q9946,P361,Q606972
Q9946,P361,Q754673
Q9946,P361,Q76228
Q9946,P361,Q607188
Q9946,P361,Q20581324
Q9946,P361,Q1187758
Q9946,P361,Q637405
Q9946,P361,Q570693
Q9946,P361,Q550383
Q9946,P361,Q755124
Q9946,P361,Q18691434
Q9946,P361,Q384749
Q9946,P361,Q994407
Q9946,P361,Q1493494
Q9946,P361,Q2839543
Q9946,P1343,Q2041543
Q9946,P1343,Q867541
Q9946,P910,Q13337537
Q9946,P1889,Q181460
Q478798,P910,Q28736179
Q478798,P910,Q6135725
Q478798,P1889,Q12021511
Q478798,P1889,Q21419567
Q478798,P1687,P18
Q478798,P279,Q11795009
Q346589,P31,Q4167410
Q346589,P1889,Q37464553
Q7307090,P31,Q4167410
Q19819782,P31,Q3409032
Q19819782,P460,Q12800694
Q19819782,P1889,Q2217525
Q19819782,P282,Q8229
Q19819782,P1533,Q37475706
Q133363,P910,Q8705196
Q133363,P910,Q8705196
Q133363,P31,Q9174
Q133363,P3095,Q28057248
Q290,P1687,P21
Q290,P910,Q7214518
Q290,P279,Q4897819
Q290,P1343,Q2041543
Q290,P1343,Q20961706
Q290,P1343,Q867541
Q290,P1889,Q608
Q290,P1889,Q48277
Q290,P1889,Q48264
Q290,P1889,Q5873
Q290,P5008,Q5460604
Q290,P460,Q18382802
Q290,P361,Q5110203
Q290,P1382,Q4369513
Q290,P1269,Q11990
Q290,P1424,Q25733581
Q290,P1424,Q24379920
Q192003,P31,Q3062294
Q192003,P31,Q8171
Q192003,P1343,Q4532138
Q2362888,P31,Q4167410
Q462024,P31,Q5389993
Q259745,P279,Q9198102
Q259745,P279,Q81741
Q259745,P910,Q6153275
Q259745,P460,Q18380502
Q259745,P1343,Q4173137
Q259745,P1343,Q602358
Q259745,P1343,Q2041543
Q259745,P3095,Q47429760
Q467,P279,Q80994
Q467,P279,Q84048852
Q467,P461,Q8441
Q467,P1343,Q2041543
Q467,P1343,Q602358
Q467,P1343,Q602358
Q467,P1343,Q1768721
Q467,P1889,Q6581072
Q467,P1889,Q84048852
Q467,P2959,Q22828751
Q467,P4733,Q50810224
Q467,P1552,Q50810224
Q467,P5008,Q5460604
Q467,P6104,Q21712210
Q467,P6186,Q60607743
Q467,P910,Q1410688
Q467,P910,Q7473085
Q467,P155,Q3031
Q467,P2354,Q6626611
Q416981,P31,Q4167410
Q416981,P1889,Q21143192
Q416981,P1889,Q37249495
Q998426,P279,Q126793
Q998426,P910,Q7315220
Q998426,P3095,Q998550
Q998426,P31,Q1914636
Q408067,P31,Q4167410
Q408067,P1889,Q851213
Q24629528,P31,Q4167410
Q49845,P31,Q268592
Q49845,P910,Q7215680
Q49845,P1343,Q19180675
Q49845,P1343,Q602358
Q49845,P279,Q7590
Q49845,P1424,Q14468215
Q49845,P17,Q38
Q49845,P2184,Q2966971
Q49845,P2184,Q81517295
Q49845,P2579,Q1516929
Q411815,P31,Q4167410
Q411815,P1889,Q16880907
Q12410582,P31,Q4167410
Q12410582,P1889,Q16881201
Q2443272,P31,Q4167410
Q2443272,P1889,Q37095180
Q679,P461,Q684
Q679,P461,Q667
Q679,P461,Q659
Q679,P1343,Q2657718
Q679,P1343,Q2041543
Q679,P2959,Q21200422
Q679,P910,Q23759329
Q679,P1889,Q225822
Q679,P1889,Q356190
Q679,P1889,Q1183149
Q679,P1889,Q1922947
Q679,P1889,Q10553801
Q679,P1889,Q233543
Q679,P1889,Q410022
Q679,P1889,Q51350747
Q679,P1889,Q176845
Q679,P1889,Q2552209
Q679,P1889,Q4869252
Q679,P31,Q23718
Q3882219,P279,Q132821
Q3882219,P910,Q7216205
Q3882219,P1889,Q81672
Q3882219,P1889,Q132821
Q3882219,P1889,Q4676786
Q3882219,P1889,Q149086
Q3882219,P1889,Q1642263
Q3882219,P460,Q9026907
Q3882219,P460,Q1139665
Q3882219,P3095,Q55983771
Q3882219,P1382,Q1139665
Q3882219,P1343,Q1768721
Q569320,P31,Q4167410
Q7755,P279,Q820655
Q7755,P279,Q846882
Q7755,P910,Q5618119
Q7755,P1343,Q2041543
Q7755,P1343,Q602358
Q7755,P1343,Q602358
Q7755,P1687,P92
Q7755,P5008,Q5460604
Q7755,P2670,Q19917774
Q7755,P1963,P17
Q7755,P1963,P571
Q385378,P279,Q7406919
Q385378,P279,Q451967
Q385378,P279,Q11398090
Q385378,P279,Q1190554
Q385378,P279,Q10843872
Q385378,P910,Q5646658
Q385378,P155,Q836900
Q385378,P155,Q1068633
Q385378,P1343,Q2657718
Q385378,P1343,Q101314624
Q385378,P1269,Q811979
Q385378,P31,Q8187769
Q385378,P31,Q11862829
Q385378,P31,Q3958441
Q385378,P361,Q55639
Q385378,P361,Q89358787
Q385378,P361,Q3422086
Q385378,P156,Q15051339
Q385378,P156,Q98068581
Q385378,P156,Q3276932
Q385378,P1552,Q811972
Q385378,P1056,Q41176
Q385378,P1056,Q1322402
Q385378,P1056,Q121359
Q385378,P5008,Q54439832
Q385378,P3095,Q42973
Q385378,P3095,Q13582652
Q385378,P3095,Q1340643
Q385378,P3095,Q289612
Q385378,P3095,Q102382810
Q385378,P1889,Q811979
Q385378,P2579,Q11023
Q385378,P2579,Q3741966
Q385378,P460,Q3875186
Q385378,P460,Q329637
Q1184933,P31,Q4167410
Q1184933,P1889,Q15059449
Q84122,P31,Q41863069
Q84122,P361,Q205740
Q84122,P21,Q6581097
Q84122,P910,Q9465324
Q84122,P460,Q20857111
Q84122,P40,Q727053
Q84122,P40,Q1128502
Q84122,P40,Q1141220
Q84122,P40,Q1164867
Q84122,P40,Q1344074
Q84122,P1343,Q2657718
Q84122,P1343,Q602358
Q84122,P1343,Q19180675
Q84122,P1343,Q1138524
Q84122,P1343,Q30059240
Q84122,P1343,Q20078554
Q84122,P25,Q79876
Q84122,P1049,Q447131
Q84122,P22,Q46491
Q28248,P31,Q4167410
Q28248,P1889,Q28637106
Q1949738,P31,Q4167410
Q1949738,P460,Q11990109
Q1949738,P1343,Q2657718
Q756,P105,Q36732
Q756,P171,Q19088
Q756,P171,Q879246
Q756,P910,Q1457109
Q756,P944,Q693148
Q756,P31,Q16521
Q756,P1889,Q764
Q756,P527,Q41500
Q756,P527,Q5935823
Q756,P527,Q134267
Q756,P527,Q660498
Q756,P5008,Q5460604
Q756,P1343,Q602358
Q756,P1343,Q19180675
Q756,P1343,Q1768721
Q756,P2579,Q7201518
Q756,P2579,Q441
Q756,P279,Q7239
Q756,P1552,Q2355817
Q756,P1552,Q1138178
Q756,P1424,Q13217916
Q351786,P31,Q4167410
Q124490,P910,Q7023068
Q124490,P461,Q76611
Q124490,P527,Q855919
Q124490,P279,Q4026292
Q124490,P279,Q1914636
Q124490,P1542,Q81938
Q124490,P1542,Q193078
Q124490,P1889,Q190845
Q124490,P361,Q600571
Q124490,P1343,Q19190511
Q124490,P1343,Q101314624
Q124490,P1537,Q855919
Q124490,P1537,Q1712140
Q13440398,P910,Q30826295
Q13440398,P527,Q327055
Q13440398,P361,Q33829
Q13440398,P31,Q29028649
Q13440398,P279,Q16334295
Q13440398,P1552,Q628895
Q200481,P910,Q8285826
Q200481,P1343,Q2041543
Q200481,P1343,Q3181656
Q200481,P279,Q83267
Q200481,P5008,Q13382529
Q7954209,P31,Q4167410
Q332237,P31,Q4167410
Q137372,P31,Q4167410
Q137372,P527,Q21855254
Q137372,P1343,Q2041543
Q177634,P279,Q874405
Q177634,P279,Q16334295
Q177634,P279,Q43229
Q177634,P910,Q7217023
Q177634,P910,Q8269994
Q177634,P1343,Q20743760
Q177634,P1343,Q2041543
Q177634,P1343,Q101314624
Q177634,P1889,Q517760
Q177634,P1889,Q874405
Q177634,P1889,Q13430821
Q177634,P1424,Q7645747
Q177634,P5125,Q7112588
Q177634,P460,Q4430245
Q177634,P460,Q15220584
Q1255828,P279,Q179875
Q1255828,P910,Q7464075
Q235962,P31,Q4167410
Q235962,P1889,Q19902158
Q235962,P1889,Q5179150
Q235962,P1889,Q92479548
Q235962,P460,Q84956469
Q235962,P460,Q84956475
Q235962,P460,Q84956484
Q235962,P460,Q84956487
Q235962,P460,Q84956493
Q235962,P460,Q84956499
Q235962,P460,Q3696323
Q178885,P279,Q15619164
Q178885,P279,Q28855038
Q178885,P279,Q4271324
Q178885,P460,Q17398299
Q178885,P460,Q190
Q178885,P460,Q1379405
Q178885,P910,Q5648972
Q178885,P1889,Q13397408
Q178885,P1889,Q17624054
Q178885,P1963,P4185
Q178885,P1963,P2925
Q178885,P1963,P1049
Q178885,P1963,P460
Q178885,P1963,P4675
Q178885,P1963,P551
Q178885,P1687,P2925
Q178885,P1424,Q10809670
Q178885,P2354,Q614503
Q8514,P279,Q107425
Q8514,P910,Q7217334
Q8514,P1343,Q2041543
Q8514,P1343,Q19180675
Q8514,P1343,Q4173137
Q8514,P5008,Q5460604
Q8514,P2354,Q593814
Q8514,P1424,Q26117270
Q8514,P1424,Q11644534
Q8514,P1889,Q182940
Q8514,P17,Q7409088
Q10967832,P31,Q4167410
Q8436,P279,Q874405
Q8436,P279,Q16334295
Q8436,P279,Q178706
Q8436,P279,Q1313923
Q8436,P910,Q7216461
Q8436,P1343,Q302556
Q8436,P1343,Q2657718
Q8436,P1343,Q602358
Q8436,P1343,Q4173137
Q8436,P1343,Q19180675
Q8436,P1343,Q1138524
Q8436,P1343,Q101314624
Q8436,P1542,Q203516
Q8436,P527,Q8441
Q8436,P527,Q467
Q8436,P527,Q21075684
Q8436,P527,Q12758374
Q8436,P1424,Q6459756
Q8436,P1424,Q5623668
Q8436,P5008,Q5460604
Q8436,P5008,Q13382529
Q8436,P1687,P53
Q8436,P1687,P1538
Q8436,P1889,Q101352
Q8436,P1552,Q66363776
Q8436,P1552,Q1811480
Q167918,P461,Q3603531
Q167918,P31,Q171318
Q167918,P279,Q402152
Q167918,P279,Q24882651
Q571571,P1343,Q2041543
Q571571,P279,Q11024
Q571571,P361,Q77468620
Q571571,P31,Q9415
Q571571,P1269,Q9418
Q571571,P1382,Q4122037
Q571571,P910,Q9112283
Q432,P1151,Q6123605
Q432,P910,Q1984000
Q432,P279,Q47280
Q432,P1343,Q20089963
Q432,P1343,Q302556
Q432,P1343,Q4173137
Q432,P1343,Q19180675
Q432,P1343,Q602358
Q432,P1343,Q867541
Q432,P1343,Q2041543
Q432,P1343,Q19190511
Q432,P2184,Q642379
Q432,P31,Q6957341
Q432,P31,Q9174
Q432,P31,Q11042
Q432,P5008,Q5460604
Q432,P5125,Q7112303
Q432,P112,Q9458
Q432,P457,Q428
Q432,P2959,Q22827757
Q432,P6104,Q5496999
Q432,P37,Q13955
Q432,P740,Q169977
Q432,P1299,Q47740
Q7075,P279,Q1030034
Q7075,P279,Q5193377
Q7075,P279,Q13226383
Q7075,P279,Q2668072
Q7075,P910,Q8588607
Q7075,P361,Q199655
Q7075,P1343,Q2657718
Q7075,P1343,Q4114391
Q7075,P1343,Q19180675
Q7075,P1343,Q19211082
Q7075,P1343,Q602358
Q7075,P1343,Q4173137
Q7075,P1424,Q5636579
Q7075,P841,Q2779
Q7075,P841,Q2955
Q7075,P1889,Q856584
Q7075,P1889,Q26944999
Q7075,P1889,Q28324850
Q7075,P1889,Q29843656
Q7075,P1889,Q856592
Q7075,P1889,Q188860
Q7075,P5869,Q856419
Q7075,P5869,Q23308
Q7075,P5869,Q213678
Q7075,P5869,Q219555
Q7075,P5869,Q477675
Q7075,P5869,Q435
Q7075,P527,Q4431094
Q7075,P6104,Q69901156
Q7075,P6186,Q8906797
Q7075,P1552,Q25397890
Q7075,P2388,Q63970319
Q7075,P2283,Q856584
Q7075,P2354,Q4740571
Q132821,P279,Q149086
Q132821,P279,Q83267
Q132821,P910,Q6922908
Q132821,P1343,Q2657718
Q132821,P1343,Q2041543
Q132821,P1343,Q602358
Q132821,P1343,Q19180675
Q132821,P1343,Q4173137
Q132821,P1343,Q4086271
Q132821,P2670,Q17197559
Q132821,P2670,Q1295558
Q132821,P2670,Q7918620
Q132821,P2670,Q81672
Q132821,P1889,Q81672
Q132821,P1889,Q149086
Q132821,P1889,Q3882219
Q132821,P1889,Q3882220
Q132821,P1889,Q8038640
Q132821,P92,Q674827
Q132821,P92,Q7054993
Q47740,P140,Q432
Q47740,P910,Q7237892
Q47740,P910,Q9639866
Q47740,P279,Q17573152
Q47740,P31,Q4392985
Q47740,P2354,Q67198618
Q47740,P1889,Q1137457
Q1141803,P279,Q1207505
Q1141803,P31,Q1047698
Q1141803,P31,Q98088085
Q1141803,P1269,Q825
Q443728,P31,Q4167410
Q440243,P31,Q4167410
Q36633,P910,Q6491519
Q36633,P361,Q837322
Q36633,P361,Q50851
Q36633,P1343,Q2041543
Q36633,P1343,Q4532138
Q36633,P31,Q1914636
Q36633,P279,Q7833728
Q36633,P2184,Q948371
Q36633,P3095,Q14915751
Q36633,P3095,Q187958
Q36633,P3095,Q828544
Q273120,P279,Q1190554
Q273120,P279,Q1914636
Q273120,P910,Q6539908
Q273120,P1424,Q6923869
Q273120,P1889,Q6539908
Q406475,P31,Q4167410
Q406475,P2061,Q21062414
Q406475,P1889,Q37539980
Q916292,P31,Q16335296
Q916292,P279,Q499134
Q916292,P910,Q8723383
Q916292,P1343,Q2041543
Q916292,P2283,Q8192
Q162668,P910,Q8181337
Q162668,P361,Q1051623
Q162668,P361,Q77468620
Q162668,P279,Q14859561
Q162668,P31,Q2996394
Q162668,P1889,Q31257060
Q162668,P1889,Q23091183
Q162668,P1889,Q558363
Q162668,P1343,Q1210353
Q162668,P1343,Q602358
Q162668,P460,Q760329
Q130768,P910,Q8755212
Q130768,P527,Q498957
Q130768,P527,Q11432
Q130768,P1343,Q2657718
Q130768,P1343,Q1768721
Q130768,P1269,Q558363
Q130768,P1269,Q9530
Q130768,P279,Q104541
Q130768,P279,Q1779287
Q130768,P279,Q498957
Q130768,P279,Q10861378
Q130768,P1479,Q133235
Q130768,P1889,Q320173
Q130768,P1478,Q60969690
Q130768,P1478,Q171043
Q130768,P1478,Q168983
Q130768,P1478,Q1067247
Q130768,P1478,Q9396351
Q130768,P366,Q193713
Q130768,P1536,Q4
Q224350,P31,Q4167410
Q224350,P460,Q11262688
Q224350,P1889,Q37552559
Q1172063,P31,Q4167410
Q3989798,P31,Q4167410
Q3989798,P1889,Q7897438
Q534423,P31,Q4167410
Q161973,P910,Q5443526
Q161973,P279,Q208920
Q161973,P279,Q211548
Q161973,P279,Q207961
Q161973,P1343,Q2657718
Q161973,P31,Q21550639
Q161973,P527,Q44946
Q161973,P460,Q1228250
Q351991,P31,Q4167410
Q351991,P1889,Q37567626
Q351991,P1889,Q67196704
Q126017,P361,Q8087
Q126017,P279,Q181175
Q126017,P279,Q30241068
Q126017,P279,Q865746
Q126017,P279,Q107715
Q126017,P279,Q36253
Q126017,P910,Q9648275
Q126017,P1343,Q26711932
Q126017,P1343,Q2041543
Q126017,P1343,Q90137277
Q126017,P1552,Q37105
Q126017,P1687,P3157
Q126017,P8111,Q11573
Q246491,P31,Q4167410
Q246491,P1889,Q26437766
Q294490,P31,Q4167410
Q294490,P1889,Q16870008
Q11412,P31,Q104934
Q11412,P31,Q1293220
Q11412,P910,Q6429350
Q11412,P1343,Q2657718
Q11412,P1542,Q25288
Q11412,P1542,Q11868838
Q11412,P1542,Q29652844
Q11412,P1269,Q11455
Q11412,P1269,Q11452
Q11412,P1269,Q856292
Q11412,P1269,Q761383
Q11412,P5008,Q5460604
Q11412,P461,Q38084560
Q11412,P527,Q11402
Q11412,P527,Q18373
Q11412,P527,Q11423
Q11412,P527,Q126017
Q43261,P1343,Q2657718
Q43261,P1343,Q2041543
Q43261,P1343,Q20078554
Q43261,P460,Q21970361
Q43261,P910,Q47392618
Q43261,P31,Q14506045
Q43261,P828,Q207961
Q43261,P1537,Q193294
Q43261,P1537,Q166564
Q43261,P1552,Q126017
Q43261,P279,Q3241107
Q43261,P1479,Q2221906
Q43261,P1479,Q190200
Q40861,P279,Q47069
Q40861,P910,Q7482760
Q40861,P1542,Q21174830
Q40861,P1343,Q602358
Q40861,P1343,Q19180675
Q40861,P1343,Q30059240
Q40861,P1343,Q4086271
Q40861,P1343,Q19190511
Q40861,P138,Q2481517
Q40861,P1889,Q2118764
Q395,P527,Q12479
Q395,P527,Q8087
Q395,P527,Q3968
Q395,P527,Q149972
Q395,P527,Q217413
Q395,P527,Q12482
Q395,P527,Q12483
Q395,P527,Q5862903
Q395,P527,Q131476
Q395,P527,Q42989
Q395,P527,Q7754
Q395,P1151,Q7778173
Q395,P910,Q4619
Q395,P31,Q11862829
Q395,P31,Q4671286
Q395,P31,Q41511
Q395,P279,Q816264
Q395,P279,Q475023
Q395,P2184,Q185264
Q395,P2184,Q737279
Q395,P2578,Q246672
Q395,P2578,Q24034552
Q395,P1343,Q2041543
Q395,P1343,Q30059240
Q395,P2737,Q23766486
Q395,P2959,Q20829391
Q395,P3095,Q170790
Q395,P5008,Q5460604
Q395,P5125,Q3610632
Q395,P6104,Q8487137
Q401355,P31,Q4167410
Q43115,P31,Q15978876
Q43115,P31,Q216353
Q43115,P910,Q9723874
Q43115,P155,Q2369287
Q43115,P279,Q17573152
Q43115,P279,Q4120621
Q43115,P140,Q5043
Q43115,P140,Q9089
Q43115,P140,Q9316
Q43115,P140,Q432
Q43115,P1343,Q2657718
Q43115,P1343,Q19180675
Q43115,P1343,Q602358
Q43115,P1343,Q1970746
Q43115,P1343,Q1768721
Q43115,P1424,Q6144374
Q43115,P1552,Q1151419
Q43115,P6186,Q8972576
Q43115,P1659,P411
Q43115,P1889,Q65956597
Q43115,P1687,P2925
Q1288878,P31,Q4167410
Q1288878,P1889,Q52160113
Q411392,P31,Q4167410
Q411392,P1889,Q28972855
Q415407,P31,Q4167410
Q415407,P1889,Q16884653
Q415407,P1889,Q643716
Q398529,P31,Q4167410
Q398529,P460,Q7773208
Q398529,P460,Q1368110
Q398529,P1889,Q16282563
Q398529,P1889,Q922778
Q398529,P1889,Q60650214
Q22687,P279,Q1416431
Q22687,P279,Q730038
Q22687,P279,Q6881511
Q22687,P279,Q5260792
Q22687,P910,Q7393030
Q22687,P1343,Q19180675
Q22687,P1343,Q602358
Q22687,P1963,P2627
Q22687,P1424,Q10584970
Q22687,P366,Q837171
Q22687,P461,Q1291453
Q22687,P2283,Q18761864
Q22687,P1889,Q18761864
Q22687,P7084,Q9442603
Q10948641,P1343,Q2657718
Q10948641,P279,Q676459
Q10948641,P1889,Q5260774
Q7958,P1343,Q20743760
Q7958,P279,Q1200750
Q7958,P1687,P6208
Q7958,P3712,Q46744
Q7958,P366,Q352842
Q13501137,P31,Q12308941
Q13501137,P460,Q4925477
Q13501137,P460,Q1715043
Q13501137,P460,Q2117521
Q13501137,P460,Q1158906
Q13501137,P460,Q10303410
Q13501137,P460,Q7521081
Q13501137,P460,Q7331879
Q13501137,P460,Q10989273
Q13501137,P460,Q632842
Q13501137,P460,Q11122389
Q13501137,P460,Q18638754
Q13501137,P460,Q18336315
Q13501137,P460,Q1159009
Q13501137,P460,Q475210
Q13501137,P460,Q830350
Q13501137,P460,Q1671988
Q13501137,P460,Q1627330
Q13501137,P460,Q1676756
Q13501137,P460,Q1715025
Q13501137,P460,Q1691019
Q13501137,P460,Q3481828
Q13501137,P460,Q1762022
Q13501137,P460,Q2449962
Q13501137,P460,Q3571821
Q13501137,P460,Q7533488
Q13501137,P460,Q12173670
Q13501137,P460,Q13564380
Q13501137,P460,Q15075907
Q13501137,P460,Q16652258
Q13501137,P460,Q16276296
Q13501137,P460,Q15733003
Q13501137,P460,Q19800591
Q13501137,P460,Q19801202
Q13501137,P460,Q19830574
Q13501137,P460,Q19819816
Q13501137,P460,Q16916120
Q13501137,P460,Q19967521
Q13501137,P460,Q17493832
Q13501137,P460,Q16916178
Q13501137,P460,Q17125945
Q13501137,P460,Q23821304
Q13501137,P460,Q18057623
Q13501137,P460,Q18393856
Q13501137,P460,Q27739500
Q13501137,P460,Q5254911
Q13501137,P460,Q1522259
Q13501137,P460,Q18196476
Q13501137,P460,Q931093
Q13501137,P460,Q21104340
Q13501137,P460,Q19688630
Q13501137,P460,Q16566853
Q13501137,P460,Q17343739
Q13501137,P460,Q26771806
Q13501137,P460,Q20001865
Q13501137,P460,Q2262123
Q13501137,P460,Q19636846
Q13501137,P460,Q20001675
Q13501137,P460,Q19968456
Q13501137,P460,Q18171082
Q13501137,P460,Q686532
Q13501137,P460,Q20735430
Q13501137,P460,Q19914600
Q13501137,P460,Q28044436
Q13501137,P1750,Q2665
Q13501137,P1750,Q2823
Q13501137,P407,Q1321
Q13501137,P407,Q9035
Q13501137,P407,Q9027
Q13501137,P407,Q1860
Q13501137,P1889,Q999160
Q13501137,P1889,Q22485838
Q13501137,P282,Q8229
Q13501137,P1533,Q37441830
Q13501137,P1343,Q151
Q228588,P31,Q4167410
Q228588,P460,Q48688883
Q6498684,P279,Q1146011
Q6498684,P910,Q15100051
Q6498684,P361,Q2250903
Q6498684,P361,Q1149275
Q6498684,P361,Q1574901
Q6498684,P1343,Q2657718
Q6498684,P1343,Q2041543
Q6498684,P460,Q1400881
Q6498684,P1382,Q829909
Q6498684,P1889,Q829909
Q6498684,P31,Q2135465
Q6498684,P31,Q930933
Q6498684,P1269,Q11917765
Q6498684,P1687,P1830
Q6498684,P1552,Q2519156
Q6498684,P828,Q601401
Q6498684,P828,Q200303
Q6498684,P828,Q11398090
Q6498684,P828,Q795041
Q6498684,P828,Q707482
Q6498684,P828,Q14208553
Q6498684,P828,Q4895359
Q6498684,P828,Q4668392
Q6498684,P828,Q1096438
Q6498684,P828,Q12772819
Q6498684,P828,Q313326
Q7281,P910,Q8797585
Q7281,P279,Q905726
Q7281,P279,Q11024
Q7281,P279,Q98144857
Q7281,P5008,Q5460604
Q7281,P1889,Q5341269
Q7281,P1889,Q1231428
Q7281,P3095,Q1685363
Q7281,P31,Q483394
Q7281,P1343,Q4532138
Q2920921,P910,Q7012003
Q2920921,P279,Q338754
Q2920921,P279,Q29017603
Q2920921,P279,Q1783823
Q2920921,P1269,Q43229
Q2920921,P2079,Q309100
Q2920921,P2079,Q31728
Q2920921,P2079,Q623971
Q2920921,P460,Q50412353
Q2920921,P31,Q1914636
Q2920921,P31,Q11862829
Q2920921,P3095,Q999897
Q2920921,P3095,Q20481199
Q2920921,P3095,Q978044
Q2920921,P3095,Q2462658
Q2920921,P1424,Q14399581
Q2920921,P361,Q2043282
Q2920921,P1889,Q29017603
Q2920921,P1552,Q1481177
Q2920921,P1552,Q1888611
Q2920921,P1552,Q1474521
Q2920921,P1552,Q96247293
Q104493,P910,Q7023213
Q104493,P279,Q1202245
Q104493,P279,Q13649246
Q104493,P461,Q3851114
Q104493,P1542,Q16301153
Q104493,P1269,Q1331926
Q104493,P1382,Q84426668
Q104493,P460,Q3013519
Q104493,P1479,Q1475848
Q104493,P828,Q86923152
Q104493,P1889,Q1209971
Q104493,P31,Q21170479
Q104493,P1552,Q9492
Q104493,P1552,Q1775867
Q104493,P1552,Q20888800
Q104493,P1552,Q13649246
Q104493,P1552,Q94704927
Q104493,P2579,Q189447
Q399476,P31,Q4167410
Q399476,P1889,Q37121266
Q2513043,P31,Q4167410
Q2513043,P1889,Q37231600
Q2513043,P1889,Q29550570
Q2513043,P1889,Q28373321
Q2513043,P460,Q246162
Q2513043,P460,Q422047
Q117364,P279,Q1786828
Q117364,P1343,Q2657718
Q216774,P31,Q151885
Q216774,P910,Q7134412
Q216774,P1343,Q678259
Q216774,P1343,Q2657718
Q216774,P1343,Q1768721
Q216774,P1889,Q33056011
Q216774,P1889,Q54895076
Q216774,P460,Q24075297
Q224083,P31,Q4167410
Q224083,P1889,Q11200864
Q1026040,P910,Q8501149
Q1026040,P31,Q60539481
Q1026040,P1995,Q9418
Q1026040,P460,Q750652
Q1026040,P361,Q77468620
Q193078,P910,Q6266940
Q193078,P279,Q2057971
Q193078,P279,Q481609
Q193078,P1995,Q2861470
Q193078,P1995,Q376680
Q193078,P1889,Q1064904
Q193078,P828,Q1174599
Q193078,P828,Q171558
Q193078,P1542,Q267505
Q193078,P2176,Q407535
Q193078,P2176,Q408283
Q193078,P1687,P1339
Q6658727,P17,Q145
Q6658727,P131,Q880782
Q6658727,P31,Q1115575
Q336392,P31,Q157811
Q336392,P1269,Q5043
Q336392,P1343,Q4086271
Q1205736,P31,Q4167410
Q49848,P279,Q340169
Q49848,P279,Q234460
Q49848,P279,Q47461344
Q49848,P279,Q37866906
Q49848,P361,Q199655
Q49848,P910,Q5461105
Q49848,P1424,Q8085455
Q49848,P1687,P1574
Q49848,P1963,P2679
Q49848,P1963,P2680
Q49848,P1963,P1104
Q49848,P1343,Q602358
Q49848,P527,Q59157099
Q49848,P1889,Q11853106
Q226911,P31,Q4167410
Q226911,P1889,Q21142107
Q226911,P1889,Q19694228
Q226911,P460,Q254360
Q226911,P460,Q217855
Q227737,P31,Q4167410
Q227737,P460,Q398627
Q178,P279,Q736427
Q178,P279,Q27496539
Q178,P279,Q26835502
Q178,P279,Q46018558
Q178,P279,Q7493597
Q178,P279,Q746549
Q178,P910,Q8964844
Q178,P1343,Q2657718
Q178,P1343,Q27554871
Q178,P1343,Q27554985
Q178,P495,Q38
Q178,P495,Q148
Q178,P527,Q618324
Q178,P8431,Q11942732
Q4126704,P105,Q7432
Q4126704,P141,Q11394
Q4126704,P171,Q80174
Q4126704,P31,Q16521
Q4126704,P1403,Q46122413
Q4126704,P910,Q55301048
Q4126704,P1343,Q3181656
Q7239,P1557,Q3
Q7239,P1557,Q6506039
Q7239,P1557,Q7020
Q7239,P279,Q27043950
Q7239,P910,Q5626060
Q7239,P1343,Q2041543
Q7239,P1343,Q602358
Q7239,P1343,Q19180675
Q7239,P361,Q2625603
Q7239,P361,Q16334298
Q7239,P2354,Q13644563
Q7239,P2283,Q11379
Q7239,P2283,Q2095
Q7239,P527,Q7868
Q7239,P527,Q188193
Q7239,P527,Q28845870
Q7239,P2579,Q420
Q7239,P2579,Q19924411
Q7239,P1382,Q170494
Q7239,P1552,Q250388
Q7239,P1552,Q513359
Q7239,P1552,Q16521
Q7239,P1552,Q103191
Q7239,P1552,Q1053008
Q7239,P1552,Q2389905
Q71197628,P31,Q4167410
Q126807,P279,Q3914
Q126807,P279,Q12307014
Q126807,P361,Q446760
Q126807,P361,Q1472221
Q126807,P910,Q9500092
Q126807,P1343,Q2657718
Q126807,P1343,Q2041543
Q126807,P1343,Q28724557
Q126807,P1343,Q602358
Q126807,P460,Q1076052
Q126807,P2959,Q3162443
Q126807,P1889,Q64219648
Q336007,P31,Q4167410
Q32043,P910,Q15707568
Q32043,P913,Q6265342
Q32043,P31,Q1569997
Q32043,P461,Q40754
Q32043,P1552,Q165474
Q32043,P1552,Q177251
Q32043,P527,Q12777194
Q32043,P527,Q55091460
Q32043,P279,Q164307
Q32043,P1343,Q4532138
Q3092752,P910,Q6471018
Q3092752,P910,Q22013143
Q3092752,P31,Q223393
Q3092752,P1889,Q170207
Q3092752,P1343,Q19211082
Q3092752,P1343,Q19190511
Q3092752,P279,Q47461344
Q3092752,P527,Q170207
Q28602,P31,Q34770
Q28602,P910,Q8880049
Q28602,P279,Q162996
Q28602,P282,Q26978
Q28602,P1343,Q21065550
Q28602,P1343,Q2657718
Q28602,P1343,Q4532135
Q28602,P1343,Q3181656
Q28602,P155,Q3398392
Q28602,P4132,Q166097
Q28602,P2579,Q42417703
Q5152388,P31,Q4167410
Q5419252,P461,Q12498580
Q5419252,P361,Q77468620
Q74013814,P31,Q4167410
Q74013814,P460,Q236629
Q74013814,P460,Q55225531
Q381160,P31,Q12737077
Q381160,P461,Q1183487
Q381160,P1382,Q1391344
Q381160,P1382,Q2248623
Q381160,P1542,Q644238
Q381160,P425,Q644238
Q381160,P460,Q20826540
Q1313396,P361,Q191067
Q1313396,P279,Q3529597
Q1313396,P136,Q15975772
Q1313396,P910,Q8506732
Q62955,P527,Q2897903
Q62955,P1687,P2136
Q62955,P1343,Q2657718
Q62955,P1343,Q2041543
Q62955,P1343,Q602358
Q62955,P461,Q182722
Q62955,P910,Q30858711
Q62955,P279,Q178803
Q11032,P279,Q11033
Q11032,P279,Q1002697
Q11032,P279,Q28877
Q11032,P279,Q43229
Q11032,P279,Q17172633
Q11032,P279,Q4830453
Q11032,P910,Q6161946
Q11032,P1343,Q19538713
Q11032,P1424,Q9460683
Q11032,P1963,P3912
Q11032,P1963,P1476
Q11032,P1963,P495
Q11032,P1963,P407
Q11032,P1963,P571
Q11032,P1963,P159
Q11032,P1963,P5769
Q11032,P1963,P463
Q11032,P5008,Q5460604
Q11032,P2184,Q25312622
Q11032,P6104,Q59961429
Q1930187,P31,Q28640
Q1930187,P279,Q15980804
Q1930187,P279,Q482980
Q1930187,P279,Q28640
Q1930187,P425,Q11030
Q1930187,P910,Q7076967
Q1930187,P1963,P800
Q1930187,P1963,P1455
Q1930187,P6186,Q32451653
Q1930187,P1424,Q14458505
Q1930187,P1889,Q1970438
Q1930187,P1889,Q42909
Q2248623,P279,Q901
Q2248623,P1889,Q20826540
Q2248623,P31,Q28640
Q2248623,P1382,Q381160
Q2248623,P361,Q28640
Q2248623,P910,Q6997821
Q720106,P279,Q340169
Q720106,P279,Q87167
Q720106,P279,Q121916
Q720106,P910,Q13314464
Q720106,P31,Q3744877
Q720106,P1889,Q92311493
Q29334,P629,Q83367
Q29334,P629,Q3620673
Q29334,P629,Q1845
Q29334,P629,Q19786
Q29334,P629,Q7882596
Q29334,P910,Q7416507
Q29334,P31,Q3331189
Q29334,P747,Q20278655
Q29334,P747,Q75164247
Q29334,P747,Q4961699
Q29334,P1343,Q19180675
Q29334,P1343,Q602358
Q29334,P1343,Q867541
Q29334,P407,Q35497
Q29334,P1889,Q18522764
Q29334,P136,Q86860
Q29334,P527,Q1052253
Q29334,P361,Q55017318
Q322481,P910,Q8749074
Q322481,P279,Q2091629
Q180210,P31,Q4167410
Q180210,P1889,Q37550012
Q180210,P1889,Q2153877
Q180210,P1889,Q7646573
Q180210,P1889,Q28457559
Q180210,P460,Q59507013
Q180210,P460,Q59507037
Q180210,P460,Q59507083
Q180210,P460,Q59507173
Q180210,P460,Q19697789
Q7553,P910,Q5646576
Q7553,P279,Q2989679
Q7553,P279,Q11398090
Q7553,P279,Q451967
Q7553,P5008,Q5460604
Q7553,P1687,P5972
Q7553,P3095,Q333634
Q7553,P3095,Q21185790
Q7553,P747,Q1256959
Q7553,P31,Q4671286
Q7553,P1889,Q39811647
Q224581,P31,Q4167410
Q224581,P1343,Q2657718
Q7722,P461,Q283102
Q7722,P461,Q7725
Q7722,P361,Q573
Q7722,P910,Q9686364
Q7722,P156,Q986787
Q7722,P1889,Q1209716
Q7722,P1889,Q717310
Q7722,P31,Q1260524
Q7722,P155,Q575
Q7722,P6254,L295091
Q132382,P1343,Q2041543
Q132382,P1343,Q2657718
Q132382,P1343,Q4532138
Q132382,P31,Q2608811
Q1901582,P31,Q4167410
Q1901582,P1889,Q37159650
Q525,P361,Q544
Q525,P398,Q308
Q525,P398,Q313
Q525,P398,Q2
Q525,P398,Q111
Q525,P398,Q319
Q525,P398,Q193
Q525,P398,Q324
Q525,P398,Q332
Q525,P398,Q22133699
Q525,P398,Q339
Q525,P398,Q604
Q525,P398,Q2179
Q525,P398,Q126026
Q525,P398,Q149417
Q525,P398,Q153790
Q525,P398,Q155689
Q525,P398,Q156636
Q525,P398,Q336004
Q525,P398,Q386772
Q525,P398,Q568075
Q525,P398,Q1090519
Q525,P398,Q4603190
Q525,P398,Q8085978
Q525,P398,Q13400711
Q525,P398,Q13400718
Q525,P398,Q13400719
Q525,P398,Q13400716
Q525,P398,Q13400728
Q525,P398,Q13400764
Q525,P398,Q15980607
Q525,P398,Q16525588
Q525,P398,Q18615985
Q525,P398,Q20035472
Q525,P398,Q20980674
Q525,P398,Q21028590
Q525,P398,Q21028595
Q525,P398,Q21099874
Q525,P398,Q21143824
Q525,P398,Q21468748
Q525,P398,Q21512512
Q525,P398,Q21704658
Q525,P398,Q22341316
Q525,P398,Q23021024
Q525,P398,Q23056362
Q525,P398,Q23092550
Q525,P398,Q23973392
Q525,P398,Q24289081
Q525,P398,Q24297554
Q525,P398,Q24353838
Q525,P398,Q24355646
Q525,P398,Q24356002
Q525,P398,Q24424712
Q525,P398,Q24451653
Q525,P398,Q24484646
Q525,P398,Q24578926
Q525,P398,Q24732849
Q525,P398,Q25393240
Q525,P398,Q25395482
Q525,P398,Q25395494
Q525,P398,Q25395498
Q525,P398,Q25395502
Q525,P398,Q25395500
Q525,P398,Q25395506
Q525,P398,Q25395510
Q525,P398,Q25395515
Q525,P398,Q25395513
Q525,P398,Q25396490
Q525,P398,Q25396494
Q525,P398,Q25397081
Q525,P398,Q25397090
Q525,P398,Q25397088
Q525,P398,Q25397117
Q525,P398,Q25397694
Q525,P398,Q25397715
Q525,P398,Q25397718
Q525,P398,Q25397719
Q525,P398,Q25397717
Q525,P398,Q25397720
Q525,P398,Q25397721
Q525,P398,Q596
Q525,P398,Q601
Q525,P398,Q611
Q525,P398,Q3030
Q525,P398,Q8595
Q525,P398,Q11560
Q525,P398,Q18325885
Q525,P398,Q156875
Q525,P398,Q29051368
Q525,P398,Q12300
Q525,P398,Q2265762
Q525,P398,Q121510
Q525,P398,Q56855015
Q525,P398,Q213636
Q525,P398,Q580354
Q525,P398,Q602898
Q525,P398,Q666243
Q525,P398,Q782906
Q525,P398,Q799263
Q525,P398,Q912665
Q525,P398,Q149412
Q525,P398,Q2213914
Q525,P398,Q2213935
Q525,P398,Q2477427
Q525,P398,Q2622745
Q525,P398,Q2625651
Q525,P398,Q3597398
Q525,P398,Q6713719
Q525,P398,Q8268447
Q525,P398,Q15839177
Q525,P398,Q845593
Q525,P398,Q28518594
Q525,P398,Q28518592
Q525,P398,Q28518593
Q525,P398,Q2803875
Q525,P398,Q47477614
Q525,P398,Q59825975
Q525,P398,Q209461
Q525,P398,Q459031
Q525,P398,Q11527
Q525,P398,Q11530
Q525,P398,Q11531
Q525,P398,Q11528
Q525,P398,Q11533
Q525,P398,Q757151
Q525,P398,Q118370
Q525,P398,Q118939
Q525,P398,Q119257
Q525,P398,Q119261
Q525,P398,Q119279
Q525,P398,Q119282
Q525,P398,Q11534
Q525,P398,Q11537
Q525,P398,Q11540
Q525,P398,Q11541
Q525,P398,Q11546
Q525,P398,Q11544
Q525,P398,Q11551
Q525,P398,Q11548
Q525,P398,Q11549
Q525,P398,Q11554
Q525,P398,Q11555
Q525,P398,Q11552
Q525,P398,Q11553
Q525,P398,Q11557
Q525,P398,Q11561
Q525,P398,Q11564
Q525,P398,Q11565
Q525,P398,Q132879
Q525,P398,Q132876
Q525,P398,Q132882
Q525,P398,Q132886
Q525,P398,Q132890
Q525,P398,Q132892
Q525,P398,Q132896
Q525,P398,Q132897
Q525,P398,Q132902
Q525,P398,Q132901
Q525,P398,Q132907
Q525,P398,Q132909
Q525,P398,Q132912
Q525,P398,Q132919
Q525,P398,Q132917
Q525,P398,Q132920
Q525,P398,Q132926
Q525,P398,Q132928
Q525,P398,Q132934
Q525,P398,Q132932
Q525,P398,Q132938
Q525,P398,Q132940
Q525,P398,Q121353
Q525,P398,Q121464
Q525,P398,Q121472
Q525,P398,Q121476
Q525,P398,Q121489
Q525,P398,Q121495
Q525,P398,Q121512
Q525,P398,Q121528
Q525,P398,Q121547
Q525,P398,Q121566
Q525,P398,Q121577
Q525,P398,Q121593
Q525,P398,Q121603
Q525,P398,Q132843
Q525,P398,Q132850
Q525,P398,Q132849
Q525,P398,Q132854
Q525,P398,Q132852
Q525,P398,Q132858
Q525,P398,Q132861
Q525,P398,Q132866
Q525,P398,Q132864
Q525,P398,Q132871
Q525,P398,Q132869
Q525,P398,Q132875
Q525,P398,Q132878
Q525,P398,Q135963
Q525,P398,Q135979
Q525,P398,Q136010
Q525,P398,Q136011
Q525,P398,Q136036
Q525,P398,Q136057
Q525,P398,Q136067
Q525,P398,Q136091
Q525,P398,Q136095
Q525,P398,Q136111
Q525,P398,Q136117
Q525,P398,Q136127
Q525,P398,Q136140
Q525,P398,Q136144
Q525,P398,Q136161
Q525,P398,Q136178
Q525,P398,Q136191
Q525,P398,Q136194
Q525,P398,Q136203
Q525,P398,Q136204
Q525,P398,Q136211
Q525,P398,Q136212
Q525,P398,Q136222
Q525,P398,Q136226
Q525,P398,Q136240
Q525,P398,Q136265
Q525,P398,Q136276
Q525,P398,Q136300
Q525,P398,Q117086
Q525,P398,Q120592
Q525,P398,Q132944
Q525,P398,Q135721
Q525,P398,Q135735
Q525,P398,Q135746
Q525,P398,Q135750
Q525,P398,Q135760
Q525,P398,Q135767
Q525,P398,Q135773
Q525,P398,Q135786
Q525,P398,Q135789
Q525,P398,Q135805
Q525,P398,Q135822
Q525,P398,Q135824
Q525,P398,Q135840
Q525,P398,Q135849
Q525,P398,Q135857
Q525,P398,Q135870
Q525,P398,Q135875
Q525,P398,Q135890
Q525,P398,Q135894
Q525,P398,Q135927
Q525,P398,Q135934
Q525,P398,Q135947
Q525,P398,Q135954
Q525,P398,Q136641
Q525,P398,Q136659
Q525,P398,Q136657
Q525,P398,Q136666
Q525,P398,Q136667
Q525,P398,Q136686
Q525,P398,Q136685
Q525,P398,Q136700
Q525,P398,Q136718
Q525,P398,Q136737
Q525,P398,Q136740
Q525,P398,Q136761
Q525,P398,Q549318
Q525,P398,Q735592
Q525,P398,Q752794
Q525,P398,Q136299
Q525,P398,Q136323
Q525,P398,Q136343
Q525,P398,Q136350
Q525,P398,Q136362
Q525,P398,Q136370
Q525,P398,Q136379
Q525,P398,Q136400
Q525,P398,Q136418
Q525,P398,Q136419
Q525,P398,Q136427
Q525,P398,Q136430
Q525,P398,Q136442
Q525,P398,Q136455
Q525,P398,Q136458
Q525,P398,Q136468
Q525,P398,Q136476
Q525,P398,Q136499
Q525,P398,Q136531
Q525,P398,Q136548
Q525,P398,Q136554
Q525,P398,Q136582
Q525,P398,Q136581
Q525,P398,Q136598
Q525,P398,Q136621
Q525,P398,Q136642
Q525,P398,Q136762
Q525,P398,Q136771
Q525,P398,Q136780
Q525,P398,Q136794
Q525,P398,Q136796
Q525,P398,Q136811
Q525,P398,Q136820
Q525,P398,Q136830
Q525,P398,Q136833
Q525,P398,Q136841
Q525,P398,Q136845
Q525,P398,Q136853
Q525,P398,Q136858
Q525,P398,Q136862
Q525,P398,Q136867
Q525,P398,Q136870
Q525,P398,Q136880
Q525,P398,Q136891
Q525,P398,Q136889
Q525,P398,Q136898
Q525,P398,Q136900
Q525,P398,Q136907
Q525,P398,Q136910
Q525,P398,Q136919
Q525,P398,Q136917
Q525,P398,Q136924
Q525,P398,Q136942
Q525,P398,Q137148
Q525,P398,Q137153
Q525,P398,Q137160
Q525,P398,Q137170
Q525,P398,Q137183
Q525,P398,Q137180
Q525,P398,Q137199
Q525,P398,Q137204
Q525,P398,Q136955
Q525,P398,Q136960
Q525,P398,Q136967
Q525,P398,Q136973
Q525,P398,Q136977
Q525,P398,Q136984
Q525,P398,Q136994
Q525,P398,Q137007
Q525,P398,Q137005
Q525,P398,Q137016
Q525,P398,Q137035
Q525,P398,Q137036
Q525,P398,Q137048
Q525,P398,Q137049
Q525,P398,Q137060
Q525,P398,Q137061
Q525,P398,Q137072
Q525,P398,Q137079
Q525,P398,Q137088
Q525,P398,Q137100
Q525,P398,Q137114
Q525,P398,Q137112
Q525,P398,Q137127
Q525,P398,Q137124
Q525,P398,Q137137
Q525,P398,Q137140
Q525,P398,Q137212
Q525,P398,Q137217
Q525,P398,Q137227
Q525,P398,Q137230
Q525,P398,Q137239
Q525,P398,Q137248
Q525,P398,Q137259
Q525,P398,Q137267
Q525,P398,Q137268
Q525,P398,Q137282
Q525,P398,Q137281
Q525,P398,Q137291
Q525,P398,Q137295
Q525,P398,Q137303
Q525,P398,Q137327
Q525,P398,Q137334
Q525,P398,Q137337
Q525,P398,Q137344
Q525,P398,Q137349
Q525,P398,Q137358
Q525,P398,Q137366
Q525,P398,Q137365
Q525,P398,Q137377
Q525,P398,Q137383
Q525,P398,Q137394
Q525,P398,Q26772
Q525,P398,Q137401
Q525,P398,Q137404
Q525,P398,Q137412
Q525,P398,Q137416
Q525,P398,Q137427
Q525,P398,Q137424
Q525,P398,Q137435
Q525,P398,Q137439
Q525,P398,Q137447
Q525,P398,Q137456
Q525,P398,Q137464
Q525,P398,Q137478
Q525,P398,Q137487
Q525,P398,Q137498
Q525,P398,Q137505
Q525,P398,Q137508
Q525,P398,Q137519
Q525,P398,Q137522
Q525,P398,Q137530
Q525,P398,Q137542
Q525,P398,Q137554
Q525,P398,Q137564
Q525,P398,Q137565
Q525,P398,Q137583
Q525,P398,Q137585
Q525,P398,Q137598
Q525,P398,Q137596
Q525,P398,Q137613
Q525,P398,Q137616
Q525,P398,Q137631
Q525,P398,Q137644
Q525,P398,Q137650
Q525,P398,Q137661
Q525,P398,Q137674
Q525,P398,Q137681
Q525,P398,Q137693
Q525,P398,Q137702
Q525,P398,Q137715
Q525,P398,Q137722
Q525,P398,Q137770
Q525,P398,Q137780
Q525,P398,Q137795
Q525,P398,Q137793
Q525,P398,Q137809
Q525,P398,Q137812
Q525,P398,Q137826
Q525,P398,Q137825
Q525,P398,Q137845
Q525,P398,Q137866
Q525,P398,Q137883
Q525,P398,Q137891
Q525,P398,Q137903
Q525,P398,Q137908
Q525,P398,Q137915
Q525,P398,Q137922
Q525,P398,Q137930
Q525,P398,Q137940
Q525,P398,Q137949
Q525,P398,Q137971
Q525,P398,Q137992
Q525,P398,Q137999
Q525,P398,Q138015
Q525,P398,Q138018
Q525,P398,Q138036
Q525,P398,Q138041
Q525,P398,Q138057
Q525,P398,Q138079
Q525,P398,Q138077
Q525,P398,Q138095
Q525,P398,Q138111
Q525,P398,Q138124
Q525,P398,Q138139
Q525,P398,Q138162
Q525,P398,Q138165
Q525,P398,Q138175
Q525,P398,Q138178
Q525,P398,Q138186
Q525,P398,Q138184
Q525,P398,Q138195
Q525,P398,Q138210
Q525,P398,Q138215
Q525,P398,Q138223
Q525,P398,Q138233
Q525,P398,Q138236
Q525,P398,Q138250
Q525,P398,Q138249
Q525,P398,Q138260
Q525,P398,Q138265
Q525,P398,Q138269
Q525,P398,Q138275
Q525,P398,Q138283
Q525,P398,Q138281
Q525,P398,Q138290
Q525,P398,Q138298
Q525,P398,Q138300
Q525,P398,Q138310
Q525,P398,Q138308
Q525,P398,Q138319
Q525,P398,Q138316
Q525,P398,Q138332
Q525,P398,Q138343
Q525,P398,Q138404
Q525,P398,Q138417
Q525,P398,Q138427
Q525,P398,Q138433
Q525,P398,Q138439
Q525,P398,Q138444
Q525,P398,Q138451
Q525,P398,Q138454
Q525,P398,Q138463
Q525,P398,Q138471
Q525,P398,Q138468
Q525,P398,Q138483
Q525,P398,Q138485
Q525,P398,Q138495
Q525,P398,Q138497
Q525,P398,Q138507
Q525,P398,Q138511
Q525,P398,Q138523
Q525,P398,Q138538
Q525,P398,Q138552
Q525,P398,Q138565
Q525,P398,Q138570
Q525,P398,Q138582
Q525,P398,Q138590
Q525,P398,Q138601
Q525,P398,Q138611
Q525,P398,Q138616
Q525,P398,Q138624
Q525,P398,Q138641
Q525,P398,Q138660
Q525,P398,Q138668
Q525,P398,Q138687
Q525,P398,Q138685
Q525,P398,Q138707
Q525,P398,Q138705
Q525,P398,Q138720
Q525,P398,Q138725
Q525,P398,Q138734
Q525,P398,Q138770
Q525,P398,Q138779
Q525,P398,Q138790
Q525,P398,Q138797
Q525,P398,Q138810
Q525,P398,Q138816
Q525,P398,Q138831
Q525,P398,Q138835
Q525,P398,Q138849
Q525,P398,Q138862
Q525,P398,Q138877
Q525,P398,Q138891
Q525,P398,Q138895
Q525,P398,Q138902
Q525,P398,Q138907
Q525,P398,Q138917
Q525,P398,Q138920
Q525,P398,Q138930
Q525,P398,Q138940
Q525,P398,Q138957
Q525,P398,Q138978
Q525,P398,Q139003
Q525,P398,Q139005
Q525,P398,Q139022
Q525,P398,Q139028
Q525,P398,Q139049
Q525,P398,Q139054
Q525,P398,Q139071
Q525,P398,Q139068
Q525,P398,Q139089
Q525,P398,Q139107
Q525,P398,Q139114
Q525,P398,Q139123
Q525,P398,Q139129
Q525,P398,Q139140
Q525,P398,Q139148
Q525,P398,Q139158
Q525,P398,Q139165
Q525,P398,Q139175
Q525,P398,Q139178
Q525,P398,Q139193
Q525,P398,Q139219
Q525,P398,Q139222
Q525,P398,Q139234
Q525,P398,Q139232
Q525,P398,Q139249
Q525,P398,Q139252
Q525,P398,Q139267
Q525,P398,Q139265
Q525,P398,Q139294
Q525,P398,Q139317
Q525,P398,Q139695
Q525,P398,Q139703
Q525,P398,Q139719
Q525,P398,Q139740
Q525,P398,Q139328
Q525,P398,Q139332
Q525,P398,Q139353
Q525,P398,Q139357
Q525,P398,Q139374
Q525,P398,Q139378
Q525,P398,Q139407
Q525,P398,Q139404
Q525,P398,Q139433
Q525,P398,Q139455
Q525,P398,Q139461
Q525,P398,Q139489
Q525,P398,Q139496
Q525,P398,Q139534
Q525,P398,Q139537
Q525,P398,Q139553
Q525,P398,Q139556
Q525,P398,Q139579
Q525,P398,Q139587
Q525,P398,Q139608
Q525,P398,Q139621
Q525,P398,Q139628
Q525,P398,Q139640
Q525,P398,Q139647
Q525,P398,Q139667
Q525,P398,Q139672
Q525,P398,Q140214
Q525,P398,Q140228
Q525,P398,Q140237
Q525,P398,Q140286
Q525,P398,Q140297
Q525,P398,Q140315
Q525,P398,Q140322
Q525,P398,Q140330
Q525,P398,Q140338
Q525,P398,Q140346
Q525,P398,Q126315
Q525,P398,Q139767
Q525,P398,Q139769
Q525,P398,Q139807
Q525,P398,Q139805
Q525,P398,Q139830
Q525,P398,Q139858
Q525,P398,Q139876
Q525,P398,Q139884
Q525,P398,Q139916
Q525,P398,Q139946
Q525,P398,Q139944
Q525,P398,Q139972
Q525,P398,Q139976
Q525,P398,Q140003
Q525,P398,Q140008
Q525,P398,Q140029
Q525,P398,Q140034
Q525,P398,Q140066
Q525,P398,Q140140
Q525,P398,Q140151
Q525,P398,Q140164
Q525,P398,Q140177
Q525,P398,Q140190
Q525,P398,Q140197
Q525,P398,Q63853
Q525,P398,Q121988
Q525,P398,Q140353
Q525,P398,Q140362
Q525,P398,Q140370
Q525,P398,Q140382
Q525,P398,Q140399
Q525,P398,Q140397
Q525,P398,Q140410
Q525,P398,Q140419
Q525,P398,Q140426
Q525,P398,Q140434
Q525,P398,Q140452
Q525,P398,Q140469
Q525,P398,Q140474
Q525,P398,Q140488
Q525,P398,Q140507
Q525,P398,Q140504
Q525,P398,Q140519
Q525,P398,Q140524
Q525,P398,Q140539
Q525,P398,Q140548
Q525,P398,Q140553
Q525,P398,Q140558
Q525,P398,Q140576
Q525,P398,Q140597
Q525,P398,Q140610
Q525,P398,Q141878
Q525,P398,Q141885
Q525,P398,Q141895
Q525,P398,Q141892
Q525,P398,Q141912
Q525,P398,Q141928
Q525,P398,Q141932
Q525,P398,Q141950
Q525,P398,Q141949
Q525,P398,Q141964
Q525,P398,Q141965
Q525,P398,Q141984
Q525,P398,Q141990
Q525,P398,Q142006
Q525,P398,Q142021
Q525,P398,Q178996
Q525,P398,Q722279
Q525,P398,Q756932
Q525,P398,Q140622
Q525,P398,Q140630
Q525,P398,Q140639
Q525,P398,Q140647
Q525,P398,Q140659
Q525,P398,Q140674
Q525,P398,Q140677
Q525,P398,Q140689
Q525,P398,Q140708
Q525,P398,Q140730
Q525,P398,Q140745
Q525,P398,Q140748
Q525,P398,Q140763
Q525,P398,Q140765
Q525,P398,Q140777
Q525,P398,Q140780
Q525,P398,Q140794
Q525,P398,Q140792
Q525,P398,Q140810
Q525,P398,Q140827
Q525,P398,Q140824
Q525,P398,Q140843
Q525,P398,Q140852
Q525,P398,Q140859
Q525,P398,Q140874
Q525,P398,Q140876
Q525,P398,Q140888
Q525,P398,Q140889
Q525,P398,Q140904
Q525,P398,Q140921
Q525,P398,Q140924
Q525,P398,Q140939
Q525,P398,Q140958
Q525,P398,Q140956
Q525,P398,Q141006
Q525,P398,Q141009
Q525,P398,Q141034
Q525,P398,Q141050
Q525,P398,Q141072
Q525,P398,Q141085
Q525,P398,Q141088
Q525,P398,Q141104
Q525,P398,Q141111
Q525,P398,Q141125
Q525,P398,Q141135
Q525,P398,Q141151
Q525,P398,Q141148
Q525,P398,Q141163
Q525,P398,Q141176
Q525,P398,Q141184
Q525,P398,Q141190
Q525,P398,Q141197
Q525,P398,Q141209
Q525,P398,Q141218
Q525,P398,Q141225
Q525,P398,Q141238
Q525,P398,Q141241
Q525,P398,Q141287
Q525,P398,Q141292
Q525,P398,Q141305
Q525,P398,Q141308
Q525,P398,Q141331
Q525,P398,Q141335
Q525,P398,Q141350
Q525,P398,Q141360
Q525,P398,Q141367
Q525,P398,Q141377
Q525,P398,Q141396
Q525,P398,Q141412
Q525,P398,Q141418
Q525,P398,Q141439
Q525,P398,Q141443
Q525,P398,Q141465
Q525,P398,Q141473
Q525,P398,Q141491
Q525,P398,Q141497
Q525,P398,Q141519
Q525,P398,Q141554
Q525,P398,Q141559
Q525,P398,Q141583
Q525,P398,Q141586
Q525,P398,Q141607
Q525,P398,Q141609
Q525,P398,Q141631
Q525,P398,Q141634
Q525,P398,Q141656
Q525,P398,Q141682
Q525,P398,Q141701
Q525,P398,Q141706
Q525,P398,Q141730
Q525,P398,Q141736
Q525,P398,Q141756
Q525,P398,Q141776
Q525,P398,Q141795
Q525,P398,Q141815
Q525,P398,Q141832
Q525,P398,Q141841
Q525,P398,Q141851
Q525,P398,Q141863
Q525,P398,Q141866
Q525,P398,Q116421
Q525,P398,Q120246
Q525,P398,Q122010
Q525,P398,Q125562
Q525,P398,Q127164
Q525,P398,Q142030
Q525,P398,Q142042
Q525,P398,Q142048
Q525,P398,Q142062
Q525,P398,Q142077
Q525,P398,Q142081
Q525,P398,Q142103
Q525,P398,Q142100
Q525,P398,Q142126
Q525,P398,Q142144
Q525,P398,Q142158
Q525,P398,Q142168
Q525,P398,Q142177
Q525,P398,Q142191
Q525,P398,Q142198
Q525,P398,Q142210
Q525,P398,Q142232
Q525,P398,Q142236
Q525,P398,Q142253
Q525,P398,Q142276
Q525,P398,Q142287
Q525,P398,Q143744
Q525,P398,Q143749
Q525,P398,Q143773
Q525,P398,Q143794
Q525,P398,Q143797
Q525,P398,Q143826
Q525,P398,Q143834
Q525,P398,Q143853
Q525,P398,Q143876
Q525,P398,Q143883
Q525,P398,Q143906
Q525,P398,Q142299
Q525,P398,Q142317
Q525,P398,Q142329
Q525,P398,Q142343
Q525,P398,Q142362
Q525,P398,Q142366
Q525,P398,Q142382
Q525,P398,Q142388
Q525,P398,Q142409
Q525,P398,Q142431
Q525,P398,Q142435
Q525,P398,Q142458
Q525,P398,Q142457
Q525,P398,Q142477
Q525,P398,Q142491
Q525,P398,Q142499
Q525,P398,Q142514
Q525,P398,Q142522
Q525,P398,Q142574
Q525,P398,Q142577
Q525,P398,Q142595
Q525,P398,Q142608
Q525,P398,Q142625
Q525,P398,Q142628
Q525,P398,Q142646
Q525,P398,Q142649
Q525,P398,Q142681
Q525,P398,Q142687
Q525,P398,Q142704
Q525,P398,Q142734
Q525,P398,Q142743
Q525,P398,Q142750
Q525,P398,Q142761
Q525,P398,Q142783
Q525,P398,Q142787
Q525,P398,Q142802
Q525,P398,Q142818
Q525,P398,Q142830
Q525,P398,Q142837
Q525,P398,Q142854
Q525,P398,Q142870
Q525,P398,Q142879
Q525,P398,Q142889
Q525,P398,Q142901
Q525,P398,Q142909
Q525,P398,Q142929
Q525,P398,Q142952
Q525,P398,Q142961
Q525,P398,Q142973
Q525,P398,Q142981
Q525,P398,Q142992
Q525,P398,Q143006
Q525,P398,Q143009
Q525,P398,Q143029
Q525,P398,Q143033
Q525,P398,Q143062
Q525,P398,Q143094
Q525,P398,Q143096
Q525,P398,Q143114
Q525,P398,Q143136
Q525,P398,Q143149
Q525,P398,Q143153
Q525,P398,Q143168
Q525,P398,Q143191
Q525,P398,Q143207
Q525,P398,Q143220
Q525,P398,Q143243
Q525,P398,Q143240
Q525,P398,Q143256
Q525,P398,Q143262
Q525,P398,Q143282
Q525,P398,Q143280
Q525,P398,Q143307
Q525,P398,Q143310
Q525,P398,Q143362
Q525,P398,Q143364
Q525,P398,Q143389
Q525,P398,Q143411
Q525,P398,Q143415
Q525,P398,Q143437
Q525,P398,Q143440
Q525,P398,Q143466
Q525,P398,Q143465
Q525,P398,Q143492
Q525,P398,Q143517
Q525,P398,Q143530
Q525,P398,Q143543
Q525,P398,Q143556
Q525,P398,Q143578
Q525,P398,Q143592
Q525,P398,Q143602
Q525,P398,Q143627
Q525,P398,Q143625
Q525,P398,Q143649
Q525,P398,Q143672
Q525,P398,Q143678
Q525,P398,Q143706
Q525,P398,Q143704
Q525,P398,Q143726
Q525,P398,Q143727
Q525,P398,Q143909
Q525,P398,Q143933
Q525,P398,Q143963
Q525,P398,Q143987
Q525,P398,Q143985
Q525,P398,Q144011
Q525,P398,Q144009
Q525,P398,Q144031
Q525,P398,Q144046
Q525,P398,Q144055
Q525,P398,Q144082
Q525,P398,Q144089
Q525,P398,Q144114
Q525,P398,Q144146
Q525,P398,Q144154
Q525,P398,Q144189
Q525,P398,Q144207
Q525,P398,Q144221
Q525,P398,Q144233
Q525,P398,Q144243
Q525,P398,Q144256
Q525,P398,Q144277
Q525,P398,Q144299
Q525,P398,Q144304
Q525,P398,Q144323
Q525,P398,Q144324
Q525,P398,Q144346
Q525,P398,Q144349
Q525,P398,Q144382
Q525,P398,Q144386
Q525,P398,Q144413
Q525,P398,Q144434
Q525,P398,Q144459
Q525,P398,Q144461
Q525,P398,Q144479
Q525,P398,Q144485
Q525,P398,Q144504
Q525,P398,Q144512
Q525,P398,Q144528
Q525,P398,Q144544
Q525,P398,Q144558
Q525,P398,Q144582
Q525,P398,Q144607
Q525,P398,Q144605
Q525,P398,Q144630
Q525,P398,Q144634
Q525,P398,Q144648
Q525,P398,Q144655
Q525,P398,Q144673
Q525,P398,Q144680
Q525,P398,Q144701
Q525,P398,Q144721
Q525,P398,Q487893
Q525,P398,Q152485
Q525,P398,Q144733
Q525,P398,Q144744
Q525,P398,Q144755
Q525,P398,Q144765
Q525,P398,Q144789
Q525,P398,Q144811
Q525,P398,Q144822
Q525,P398,Q144833
Q525,P398,Q144849
Q525,P398,Q144868
Q525,P398,Q144883
Q525,P398,Q144913
Q525,P398,Q144927
Q525,P398,Q144935
Q525,P398,Q144951
Q525,P398,Q144962
Q525,P398,Q144976
Q525,P398,Q144993
Q525,P398,Q145004
Q525,P398,Q145034
Q525,P398,Q145059
Q525,P398,Q145064
Q525,P398,Q145086
Q525,P398,Q145089
Q525,P398,Q145119
Q525,P398,Q145116
Q525,P398,Q145147
Q525,P398,Q145144
Q525,P398,Q145169
Q525,P398,Q145197
Q525,P398,Q145215
Q525,P398,Q145225
Q525,P398,Q145240
Q525,P398,Q145256
Q525,P398,Q145267
Q525,P398,Q145282
Q525,P398,Q145299
Q525,P398,Q145326
Q525,P398,Q145325
Q525,P398,Q145360
Q525,P398,Q145385
Q525,P398,Q145393
Q525,P398,Q145410
Q525,P398,Q27181
Q525,P398,Q145423
Q525,P398,Q145430
Q525,P398,Q145449
Q525,P398,Q145482
Q525,P398,Q145500
Q525,P398,Q145580
Q525,P398,Q145591
Q525,P398,Q145605
Q525,P398,Q145613
Q525,P398,Q145636
Q525,P398,Q145650
Q525,P398,Q145667
Q525,P398,Q145681
Q525,P398,Q145695
Q525,P398,Q145708
Q525,P398,Q145740
Q525,P398,Q145763
Q525,P398,Q145772
Q525,P398,Q145803
Q525,P398,Q145822
Q525,P398,Q145849
Q525,P398,Q145859
Q525,P398,Q145883
Q525,P398,Q145891
Q525,P398,Q145933
Q525,P398,Q145967
Q525,P398,Q145990
Q525,P398,Q145995
Q525,P398,Q146023
Q525,P398,Q146020
Q525,P398,Q146044
Q525,P398,Q146049
Q525,P398,Q146069
Q525,P398,Q146073
Q525,P398,Q146093
Q525,P398,Q146109
Q525,P398,Q146126
Q525,P398,Q146128
Q525,P398,Q146143
Q525,P398,Q146145
Q525,P398,Q146161
Q525,P398,Q146166
Q525,P398,Q146179
Q525,P398,Q146176
Q525,P398,Q146192
Q525,P398,Q146210
Q525,P398,Q146226
Q525,P398,Q146229
Q525,P398,Q146247
Q525,P398,Q146249
Q525,P398,Q146267
Q525,P398,Q146265
Q525,P398,Q146287
Q525,P398,Q146285
Q525,P398,Q146304
Q525,P398,Q603328
Q525,P398,Q76945
Q525,P398,Q146318
Q525,P398,Q146323
Q525,P398,Q146347
Q525,P398,Q146369
Q525,P398,Q146388
Q525,P398,Q146392
Q525,P398,Q1045262
Q525,P398,Q1045855
Q525,P398,Q1045998
Q525,P398,Q1046096
Q525,P398,Q1046245
Q525,P398,Q1046263
Q525,P398,Q1046776
Q525,P398,Q1046796
Q525,P398,Q1046852
Q525,P398,Q1047090
Q525,P398,Q1047098
Q525,P398,Q1047124
Q525,P398,Q1047262
Q525,P398,Q1047488
Q525,P398,Q1048189
Q525,P398,Q1048214
Q525,P398,Q1051143
Q525,P398,Q1062249
Q525,P398,Q1069271
Q525,P398,Q146407
Q525,P398,Q146411
Q525,P398,Q146426
Q525,P398,Q146432
Q525,P398,Q146443
Q525,P398,Q146447
Q525,P398,Q146462
Q525,P398,Q146480
Q525,P398,Q146493
Q525,P398,Q146518
Q525,P398,Q146531
Q525,P398,Q146546
Q525,P398,Q146549
Q525,P398,Q146583
Q525,P398,Q146709
Q525,P398,Q146736
Q525,P398,Q146758
Q525,P398,Q146781
Q525,P398,Q146822
Q525,P398,Q146848
Q525,P398,Q146875
Q525,P398,Q146904
Q525,P398,Q146963
Q525,P398,Q146980
Q525,P398,Q147023
Q525,P398,Q147039
Q525,P398,Q147059
Q525,P398,Q147113
Q525,P398,Q147141
Q525,P398,Q149051
Q525,P398,Q149064
Q525,P398,Q149068
Q525,P398,Q149073
Q525,P398,Q149078
Q525,P398,Q149085
Q525,P398,Q149112
Q525,P398,Q149113
Q525,P398,Q149139
Q525,P398,Q149147
Q525,P398,Q149165
Q525,P398,Q149176
Q525,P398,Q149199
Q525,P398,Q149202
Q525,P398,Q149255
Q525,P398,Q149290
Q525,P398,Q149294
Q525,P398,Q149308
Q525,P398,Q149314
Q525,P398,Q149438
Q525,P398,Q149457
Q525,P398,Q150434
Q525,P398,Q150442
Q525,P398,Q150450
Q525,P398,Q150459
Q525,P398,Q150466
Q525,P398,Q150476
Q525,P398,Q150488
Q525,P398,Q150497
Q525,P398,Q150555
Q525,P398,Q150563
Q525,P398,Q150567
Q525,P398,Q150574
Q525,P398,Q150579
Q525,P398,Q150596
Q525,P398,Q150633
Q525,P398,Q150643
Q525,P398,Q151601
Q525,P398,Q151612
Q525,P398,Q151620
Q525,P398,Q151641
Q525,P398,Q151655
Q525,P398,Q151675
Q525,P398,Q151686
Q525,P398,Q151697
Q525,P398,Q151718
Q525,P398,Q151723
Q525,P398,Q151727
Q525,P398,Q152404
Q525,P398,Q152410
Q525,P398,Q154154
Q525,P398,Q154169
Q525,P398,Q154189
Q525,P398,Q226112
Q525,P398,Q240988
Q525,P398,Q252845
Q525,P398,Q260907
Q525,P398,Q267659
Q525,P398,Q302333
Q525,P398,Q370402
Q525,P398,Q370810
Q525,P398,Q370933
Q525,P398,Q372015
Q525,P398,Q373206
Q525,P398,Q383661
Q525,P398,Q384222
Q525,P398,Q386779
Q525,P398,Q510350
Q525,P398,Q514684
Q525,P398,Q535874
Q525,P398,Q537927
Q525,P398,Q544183
Q525,P398,Q544526
Q525,P398,Q547677
Q525,P398,Q550022
Q525,P398,Q550265
Q525,P398,Q567901
Q525,P398,Q573054
Q525,P398,Q586863
Q525,P398,Q587625
Q525,P398,Q591469
Q525,P398,Q593756
Q525,P398,Q597794
Q525,P398,Q600930
Q525,P398,Q609272
Q525,P398,Q628103
Q525,P398,Q634909
Q525,P398,Q641236
Q525,P398,Q641866
Q525,P398,Q647038
Q525,P398,Q648491
Q525,P398,Q648846
Q525,P398,Q651039
Q525,P398,Q651880
Q525,P398,Q656827
Q525,P398,Q657762
Q525,P398,Q663846
Q525,P398,Q665753
Q525,P398,Q668601
Q525,P398,Q671245
Q525,P398,Q671634
Q525,P398,Q682897
Q525,P398,Q684920
Q525,P398,Q690435
Q525,P398,Q722276
Q525,P398,Q729320
Q525,P398,Q732963
Q525,P398,Q734327
Q525,P398,Q743552
Q525,P398,Q744720
Q525,P398,Q753710
Q525,P398,Q753718
Q525,P398,Q753739
Q525,P398,Q753736
Q525,P398,Q757332
Q525,P398,Q757338
Q525,P398,Q757336
Q525,P398,Q757340
Q525,P398,Q757347
Q525,P398,Q763788
Q525,P398,Q763810
Q525,P398,Q769538
Q525,P398,Q777599
Q525,P398,Q778842
Q525,P398,Q779759
Q525,P398,Q780184
Q525,P398,Q782166
Q525,P398,Q785282
Q525,P398,Q834682
Q525,P398,Q844007
Q525,P398,Q844942
Q525,P398,Q854492
Q525,P398,Q906863
Q525,P398,Q909116
Q525,P398,Q912757
Q525,P398,Q918771
Q525,P398,Q918935
Q525,P398,Q918998
Q525,P398,Q919508
Q525,P398,Q925202
Q525,P398,Q930380
Q525,P398,Q930956
Q525,P398,Q931031
Q525,P398,Q931064
Q525,P398,Q939809
Q525,P398,Q944306
Q525,P398,Q948187
Q525,P398,Q949229
Q525,P398,Q950569
Q525,P398,Q956323
Q525,P398,Q977141
Q525,P398,Q844672
Q525,P398,Q23054
Q525,P398,Q11558
Q525,P398,Q155716
Q525,P398,Q15194513
Q525,P398,Q40864
Q525,P398,Q308803
Q525,P398,Q140980
Q525,P398,Q156721
Q525,P398,Q25395514
Q525,P398,Q84082435
Q525,P398,Q90914968
Q525,P398,Q15008074
Q525,P31,Q5864
Q525,P31,Q3592493
Q525,P910,Q7217154
Q525,P913,Q3241584
Q525,P1889,Q835804
Q525,P1889,Q2006082
Q525,P1889,Q341677
Q525,P1889,Q11510312
Q525,P1889,Q7561938
Q525,P397,Q649112
Q525,P1343,Q13022640
Q525,P1343,Q1768721
Q525,P527,Q221699
Q525,P5008,Q5460604
Q525,P4777,Q170754
Q525,P1441,Q1092
Q525,P1299,Q3443929
Q525,P1424,Q11153427
Q525,P1424,Q12646389
Q9420,P279,Q781413
Q9420,P910,Q6509832
Q9420,P460,Q349047
Q9420,P1343,Q2657718
Q9420,P1343,Q2041543
Q9420,P5008,Q5460604
Q9420,P5125,Q7112801
Q9420,P2579,Q147638
Q9420,P1889,Q7784616
Q9420,P361,Q77468620
Q246392,P31,Q4167410
Q246392,P1889,Q16479423
Q246392,P1889,Q29551604
Q246392,P1889,Q810560
Q5072871,P31,Q4167410
Q5072871,P1889,Q36959271
Q27939,P279,Q685884
Q27939,P279,Q1914636
Q27939,P910,Q6993633
Q27939,P1343,Q2657718
Q27939,P1343,Q4532138
Q27939,P460,Q2529757
Q27939,P31,Q20202269
Q27939,P31,Q34379
Q27939,P2283,Q4142193
Q27939,P3095,Q177220
Q200539,P279,Q11460
Q200539,P910,Q8389977
Q200539,P2670,Q2160801
Q200539,P2670,Q930924
Q200539,P5008,Q24909800
Q200539,P1963,P571
Q200539,P1963,P287
Q200539,P1963,P170
Q200539,P1963,P7376
Q200539,P1963,P462
Q200539,P1963,P186
Q200539,P1963,P195
Q403069,P31,Q4167410
Q403069,P1889,Q37519184
Q10953930,P31,Q4167410
Q10953930,P1343,Q2657718
Q10953930,P1889,Q37504522
Q1154736,P31,Q4167410
Q1154736,P1889,Q20064981
Q1154736,P1889,Q19968503
Q1154736,P1889,Q20083697
Q1154736,P1889,Q31212446
Q1154736,P460,Q3839895
Q234343,P910,Q8503695
Q234343,P279,Q7725634
Q234343,P1889,Q1220535
Q3026787,P910,Q8706504
Q3026787,P279,Q384876
Q3026787,P1889,Q5551966
Q3026787,P460,Q184511
Q3230,P527,Q40631
Q3230,P527,Q108376
Q3230,P527,Q162219
Q3230,P527,Q1621662
Q3230,P527,Q486613
Q3230,P527,Q205397
Q3230,P527,Q757229
Q3230,P527,Q186433
Q3230,P361,Q2
Q3230,P910,Q6191468
Q3230,P31,Q8104
Q3230,P31,Q2627400
Q3230,P31,Q241284
Q3230,P1424,Q5931320
Q3230,P2579,Q25261
Q3230,P2579,Q46255
Q3230,P376,Q2
Q3230,P186,Q627
Q3230,P186,Q629
Q3230,P186,Q696
Q3230,P186,Q1997
Q3230,P186,Q654
Q3230,P186,Q560
Q3230,P186,Q37129
Q3230,P186,Q888
Q7802,P279,Q736427
Q7802,P279,Q4498085
Q7802,P910,Q5827742
Q7802,P186,Q283
Q7802,P186,Q36465
Q7802,P186,Q12370
Q7802,P527,Q36465
Q7802,P527,Q283
Q7802,P1343,Q2041543
Q7802,P1343,Q1138524
Q7802,P1343,Q602358
Q7802,P1343,Q19180675
Q7802,P1343,Q1970746
Q7802,P5008,Q5460604
Q7802,P2079,Q720398
Q7802,P1889,Q2095
Q5164758,P31,Q4167410
Q211022,P31,Q4167410
Q211022,P1343,Q2041543
Q40614,P910,Q7032513
Q40614,P279,Q223557
Q40614,P1889,Q23038290
Q40614,P1424,Q14396966
Q40614,P828,Q772845
Q40614,P1343,Q19190511
Q40614,P1687,P1137
Q40614,P2579,Q7205
Q40614,P2079,Q772845
Q42501,P279,Q79529
Q42501,P279,Q837718
Q42501,P279,Q5376832
Q42501,P910,Q9610151
Q42501,P1343,Q2041543
Q42501,P1343,Q602358
Q42501,P1343,Q602358
Q42501,P1343,Q19180675
Q42501,P1537,Q168983
Q42501,P1552,Q133235
Q42501,P1889,Q3775643
Q42501,P1889,Q12385831
Q42501,P2670,Q216830
Q42501,P1557,Q355777
Q42501,P366,Q837718
Q42501,P5008,Q99671171
Q27787138,P31,Q4167410
Q27787138,P1889,Q37524549
Q1660986,P31,Q4167410
Q1660986,P1889,Q25975824
Q11229,P31,Q27084
Q11229,P31,Q47574
Q11229,P31,Q82047057
Q11229,P913,Q7559698
Q11229,P156,Q181011
Q11229,P1889,Q278568
Q11229,P1343,Q4532138
Q11229,P111,Q126818
Q11229,P279,Q3481047
Q61509,P279,Q79782
Q61509,P279,Q1914636
Q61509,P279,Q1190554
Q61509,P910,Q8894303
Q61509,P3095,Q22813352
Q61509,P5008,Q54439832
Q61509,P1424,Q14158821
Q61509,P1889,Q7590
Q289,P910,Q7018418
Q289,P279,Q15078788
Q289,P31,Q268592
Q289,P31,Q11033
Q289,P31,Q121359
Q289,P1343,Q2657718
Q289,P1343,Q2657718
Q289,P1151,Q10316697
Q289,P2184,Q1517344
Q289,P527,Q1616075
Q289,P527,Q2001305
Q289,P527,Q1254874
Q289,P527,Q8075
Q289,P527,Q3982960
Q289,P527,Q1260632
Q289,P2959,Q27131926
Q289,P5008,Q5460604
Q289,P3095,Q1371925
Q289,P3095,Q28834672
Q289,P61,Q360098
Q289,P61,Q1064424
Q289,P417,Q191107
Q289,P1889,Q841645
Q162244,P910,Q6940083
Q162244,P1343,Q2657718
Q162244,P279,Q215627
Q162244,P31,Q12737077
Q162244,P1552,Q15290
Q162244,P1552,Q11709673
Q162244,P1889,Q4137454
Q162244,P1889,Q25535646
Q162244,P1889,Q110910
Q12160502,P31,Q4167410
Q2514663,P361,Q9174
Q2514663,P910,Q9675982
Q2514663,P31,Q23847174
Q2514663,P279,Q33111788
Q2514663,P1889,Q5658250
Q400889,P31,Q4167410
Q400889,P910,Q7207746
Q295554,P31,Q4167410
Q295554,P460,Q96645486
Q295554,P460,Q96645510
Q295554,P460,Q96645735
Q295554,P460,Q5165770
Q354935,P31,Q4167410
Q1412340,P461,Q938185
Q1412340,P31,Q1127759
Q1412340,P361,Q77468620
Q397813,P31,Q4167410
Q1938414,P1687,P8876
Q11038979,P910,Q6151340
Q11038979,P279,Q874405
Q11038979,P279,Q1920219
Q11038979,P3095,Q43373553
Q11038979,P2283,Q743263
Q11038979,P1889,Q756820
Q11038979,P1889,Q19097
Q176125,P31,Q20643955
Q176125,P21,Q6581097
Q176125,P1441,Q81240
Q176125,P1441,Q128608
Q176125,P1343,Q4086271
Q176125,P1343,Q4173137
Q176125,P1343,Q19180675
Q176125,P1343,Q602358
Q176125,P1343,Q4086271
Q176125,P40,Q480279
Q176125,P40,Q6294444
Q176125,P106,Q1500489
Q176125,P551,Q163329
Q176125,P119,Q168225
Q176125,P411,Q43115
Q176125,P841,Q2885
Q176125,P22,Q14925384
Q160232,P31,Q60539481
Q160232,P910,Q7023199
Q160232,P461,Q316
Q160232,P279,Q13631330
Q160232,P1542,Q770480
Q160232,P1343,Q1970746
Q160232,P361,Q77468620
Q346448,P31,Q4167410
Q346448,P1889,Q1091558
Q18957,P461,Q264965
Q18957,P461,Q188976
Q18957,P461,Q209672
Q18957,P279,Q1387659
Q483247,P279,Q1190554
Q483247,P279,Q16722960
Q483247,P910,Q8799829
Q483247,P1343,Q2657718
Q483247,P5008,Q5460604
Q483247,P460,Q16722960
Q483247,P461,Q239581
Q483247,P1552,Q193181
Q282228,P31,Q4167410
Q400711,P31,Q4167410
Q400711,P1889,Q1932590
Q400711,P460,Q72221482
Q83301,P361,Q2857578
Q83301,P2959,Q22828362
Q83301,P279,Q1322005
Q83301,P279,Q6980787
Q83301,P828,Q33741
Q83301,P1889,Q31757745
Q83301,P1889,Q7852962
Q83301,P5008,Q5460604
Q355882,P31,Q4167410
Q355882,P1889,Q18638465
Q355882,P1889,Q16884749
Q355882,P460,Q405101
Q160289,P279,Q160402
Q160289,P31,Q173253
Q160289,P527,Q11461
Q160289,P910,Q6511253
Q160289,P361,Q1051623
Q160289,P1343,Q2657718
Q160289,P1343,Q1970746
Q160289,P1343,Q602358
Q160289,P927,Q7362
Q16886469,P1382,Q1074648
Q16886469,P31,Q151885
Q16886469,P31,Q192276
Q14208553,P279,Q174165
Q14208553,P279,Q451967
Q14208553,P279,Q1656682
Q14208553,P279,Q6958747
Q14208553,P910,Q7013053
Q14208553,P1343,Q2657718
Q14208553,P1343,Q2041543
Q14208553,P3095,Q205375
Q14208553,P460,Q6531961
Q14208553,P1424,Q17378218
Q14208553,P1687,P61
Q14208553,P1687,P575
Q1196314,P910,Q6572301
Q1196314,P279,Q169489
Q1196314,P1552,Q756115
Q1196314,P1552,Q180107
Q1196314,P2959,Q22828634
Q361991,P31,Q4167410
Q361991,P1343,Q2041543
Q446253,P31,Q4167410
Q395956,P31,Q4167410
Q395956,P1889,Q37281228
Q395956,P1889,Q17715826
Q1369832,P31,Q151885
Q1369832,P279,Q601401
Q1369832,P279,Q451967
Q1369832,P2079,Q39809
Q1369832,P461,Q194189
Q1369832,P1889,Q10552154
Q1369832,P1889,Q1057954
Q227542,P31,Q4167410
Q227542,P460,Q5995956
Q227542,P1889,Q44320
Q4925193,P461,Q7949
Q4925193,P910,Q30645538
Q4925193,P279,Q108163
Q4925193,P279,Q17949
Q4925193,P279,Q170028
Q4925193,P31,Q451967
Q4925193,P366,Q170028
Q4925193,P1343,Q1970746
Q4925193,P1343,Q602358
Q4925193,P1343,Q4173137
Q623282,P910,Q7031911
Q623282,P31,Q5410500
Q623282,P31,Q24334893
Q623282,P31,Q98088085
Q446078,P31,Q4167410
Q446078,P1889,Q37247462
Q184303,P910,Q8999834
Q184303,P279,Q28877
Q184303,P1343,Q2041543
Q184303,P1889,Q31259650
Q184303,P460,Q707482
Q21201,P910,Q6642550
Q21201,P279,Q34749
Q21201,P2578,Q8425
Q21201,P2578,Q48277
Q21201,P2578,Q3533467
Q21201,P2578,Q8434
Q21201,P2578,Q6958747
Q21201,P2578,Q187588
Q21201,P2578,Q2672648
Q21201,P2578,Q517966
Q21201,P1424,Q8086768
Q21201,P31,Q11862829
Q21201,P31,Q4671286
Q21201,P5125,Q1377671
Q21201,P1343,Q602358
Q21201,P1343,Q19180675
Q21201,P1343,Q4532138
Q21201,P361,Q34749
Q21201,P2184,Q932233
Q21201,P3095,Q2306091
Q21201,P1151,Q85513
Q21201,P2579,Q932233
Q319608,P279,Q3702971
Q319608,P279,Q82799
Q319608,P279,Q6545185
Q319608,P279,Q17334923
Q319608,P910,Q19330460
Q319608,P1687,P6375
Q319608,P527,Q24574749
Q319608,P527,Q37447
Q319608,P527,Q27134986
Q319608,P527,Q28008314
Q2994387,P31,Q28640
Q2994387,P425,Q268626
Q2994387,P460,Q15978655
Q2994387,P910,Q13243302
Q2994387,P279,Q15978655
Q2994387,P279,Q4164871
Q360503,P31,Q4167410
Q360503,P1889,Q16860131
Q133156,P279,Q161243
Q133156,P910,Q8879898
Q133156,P828,Q815962
Q133156,P2388,Q42953119
Q133156,P1343,Q4114391
Q133156,P1343,Q602358
Q133156,P1343,Q19180675
Q133156,P1343,Q1970746
Q133156,P1889,Q7167
Q133156,P1889,Q354341
Q170156,P910,Q9594788
Q170156,P361,Q4394526
Q170156,P279,Q484652
Q170156,P279,Q22676603
Q170156,P1343,Q2657718
Q170156,P527,Q458
Q170156,P527,Q39
Q170156,P527,Q81931
Q170156,P1889,Q43702
Q5107,P1687,P30
Q5107,P279,Q205895
Q5107,P279,Q2221906
Q5107,P279,Q35145263
Q5107,P910,Q2945667
Q5107,P1889,Q2418896
Q5107,P1889,Q858571
Q5107,P1889,Q97235040
Q5107,P1424,Q6075519
Q5107,P1424,Q6263301
Q5107,P461,Q9430
Q5107,P5008,Q5460604
Q5107,P31,Q15316
Q5107,P706,Q858571
Q5107,P361,Q15316
Q1184054,P31,Q4167410
Q358652,P279,Q11024
Q15078136,P31,Q4167410
Q605704,P460,Q12339940
Q605704,P460,Q245254
Q605704,P460,Q93465857
Q605704,P31,Q2360980
Q605704,P1343,Q1970746
Q605704,P1343,Q602358
Q605704,P279,Q16887380
Q605704,P1557,Q36977
Q605704,P527,Q488383
Q605704,P111,Q126818
Q5419764,P31,Q4167410
Q7565,P1687,P22
Q7565,P31,Q171318
Q7565,P279,Q7566
Q7565,P279,Q84048850
Q7565,P910,Q7353782
Q7565,P1552,Q6581097
Q7565,P179,Q267388
Q7565,P461,Q7560
Q7565,P461,Q29514218
Q7565,P1889,Q4837249
Q1620068,P31,Q4167410
Q1620068,P1889,Q15055195
Q1620068,P460,Q1890339
Q1178827,P31,Q4167410
Q188823,P910,Q7037053
Q188823,P361,Q814279
Q188823,P279,Q618779
Q188823,P279,Q10968259
Q188823,P1535,Q20013419
Q188823,P31,Q707482
Q188823,P1889,Q3278939
Q188823,P1343,Q4532138
Q1395219,P910,Q8749474
Q1395219,P1343,Q2657718
Q1395219,P1343,Q63284758
Q1395219,P1343,Q30059240
Q1395219,P1343,Q602358
Q1395219,P1343,Q101314624
Q1395219,P1424,Q8005825
Q1395219,P1382,Q245781
Q1395219,P31,Q2393196
Q1395219,P31,Q622645
Q1395219,P279,Q82785806
Q52946,P910,Q7013403
Q52946,P1889,Q10485156
Q52946,P461,Q9510
Q52946,P279,Q11024
Q52946,P279,Q4127956
Q52946,P2079,Q170475
Q52946,P366,Q11024
Q52946,P121,Q712819
Q52946,P527,Q25481968
Q52946,P1343,Q4532138
Q1124733,P279,Q35140
Q227388,P31,Q4167410
Q227388,P1889,Q37160358
Q627319,P31,Q162940
Q627319,P31,Q55215312
Q627319,P460,Q14594695
Q627319,P180,Q181767
Q627319,P1889,Q178890
Q627319,P1424,Q14335375
Q8452,P910,Q6156380
Q8452,P1343,Q302556
Q8452,P1343,Q2657718
Q8452,P1343,Q1138524
Q8452,P1343,Q2041543
Q8452,P1343,Q20078554
Q8452,P31,Q7189713
Q8452,P31,Q55214844
Q8452,P1889,Q28693
Q8452,P1889,Q745832
Q8452,P1889,Q625506
Q8452,P1889,Q916412
Q8452,P92,Q674827
Q8452,P92,Q747110
Q8452,P5008,Q5460604
Q8452,P5008,Q13382529
Q8452,P279,Q663296
Q8452,P279,Q796194
Q8452,P279,Q96649463
Q8452,P1995,Q5284418
Q8452,P7084,Q8762067
Q11451,P31,Q268592
Q11451,P31,Q3958441
Q11451,P31,Q11862829
Q11451,P279,Q8148
Q11451,P279,Q11862829
Q11451,P279,Q2207288
Q11451,P279,Q55640
Q11451,P910,Q5658978
Q11451,P417,Q379685
Q11451,P1343,Q2041543
Q11451,P1343,Q1768721
Q11451,P1343,Q101314624
Q11451,P1151,Q8210598
Q11451,P361,Q55640
Q11451,P361,Q5465532
Q11451,P155,Q2991771
Q11451,P5008,Q5460604
Q11451,P5125,Q7112548
Q11451,P527,Q3606845
Q11451,P3095,Q19261760
Q11451,P3095,Q131512
Q11451,P3095,Q55630100
Q11451,P6104,Q59078555
Q11451,P1424,Q10963661
Q11451,P2579,Q396077
Q156,P279,Q174211
Q156,P279,Q71421787
Q156,P910,Q5920511
Q156,P527,Q104116
Q156,P31,Q47154513
Q156,P1343,Q19180675
Q156,P361,Q21114284
Q156,P361,Q14911777
Q156,P361,Q21157764
Q156,P361,Q22274656
Q156,P361,Q22273442
Q156,P361,Q22273187
Q156,P361,Q22320731
Q156,P361,Q22323548
Q156,P361,Q21097300
Q156,P5008,Q5460604
Q235113,P279,Q6949149
Q235113,P279,Q193291
Q235113,P279,Q42104541
Q235113,P279,Q4271324
Q235113,P910,Q8546797
Q235113,P910,Q5824382
Q235113,P1343,Q20961706
Q235113,P1343,Q1138524
Q235113,P1343,Q4086271
Q235113,P1343,Q602358
Q235113,P1343,Q19180675
Q235113,P1343,Q602358
Q235113,P1343,Q2041543
Q235113,P2959,Q13202723
Q235113,P1889,Q42092139
Q235113,P2579,Q2671341
Q235113,P1441,Q1029715
Q235113,P1441,Q2851767
Q235113,P7084,Q18723769
Q23498,P279,Q34749
Q23498,P279,Q1066186
Q23498,P910,Q7215366
Q23498,P1343,Q2657718
Q23498,P1343,Q602358
Q23498,P1343,Q19211082
Q23498,P1343,Q19180675
Q23498,P1343,Q4173137
Q23498,P1343,Q4114391
Q23498,P1343,Q29551022
Q23498,P1343,Q4173137
Q23498,P1343,Q3181656
Q23498,P31,Q11862829
Q23498,P31,Q4671286
Q23498,P2959,Q20825506
Q23498,P1151,Q7076022
Q23498,P2578,Q839954
Q23498,P3095,Q3621491
Q23498,P5125,Q7112557
Q23498,P527,Q145903
Q23498,P527,Q59220886
Q23498,P527,Q819121
Q23498,P527,Q637284
Q23498,P2354,Q7112557
Q23498,P1889,Q21071559
Q174834,P1889,Q25107
Q174834,P1343,Q20743760
Q174834,P1343,Q20078554
Q174834,P1343,Q602358
Q174834,P1343,Q101314624
Q174834,P910,Q7210473
Q174834,P279,Q25107
Q174834,P279,Q780687
Q174834,P31,Q151885
Q233765,P31,Q4167410
Q233765,P1889,Q14639707
Q233765,P460,Q26966281
Q4880495,P31,Q4167410
Q4880495,P460,Q919148
Q14819852,P279,Q22271532
Q14819852,P279,Q22294339
Q14819852,P279,Q529711
Q14819852,P910,Q8527147
Q14819852,P461,Q4
Q14819852,P31,Q2996394
Q14819852,P828,Q28627
Q14819852,P361,Q3
Q14819852,P155,Q34581
Q14819852,P1889,Q203516
Q14819852,P1889,Q34581
Q8432,P279,Q8425
Q8432,P910,Q6576454
Q8432,P1343,Q2041543
Q8432,P1269,Q1156970
Q8432,P5008,Q5460604
Q8432,P461,Q83781188
Q8432,P460,Q8036557
Q8486,P910,Q7232723
Q8486,P279,Q40050
Q8486,P279,Q1365365
Q8486,P279,Q37756327
Q8486,P279,Q147538
Q8486,P1343,Q2041543
Q8486,P2959,Q21287180
Q8486,P2184,Q2635744
Q8486,P1552,Q1517187
Q8486,P5008,Q5460604
Q8486,P186,Q153697
Q8486,P495,Q115
Q8486,P495,Q96
Q8486,P495,Q774
Q8486,P495,Q800
Q8486,P1424,Q6492500
Q8486,P361,Q65129864
Q17994054,P31,Q4167410
Q251998,P31,Q4167410
Q48349,P279,Q3624078
Q48349,P279,Q3024240
Q48349,P279,Q1250464
Q48349,P910,Q6135095
Q48349,P1343,Q20743760
Q48349,P1343,Q2041543
Q48349,P1343,Q867541
Q48349,P1343,Q101314624
Q48349,P2354,Q1151047
Q48349,P1151,Q42351379
Q48349,P1889,Q187587
Q48349,P1424,Q7477250
Q17987816,P31,Q4167410
Q17987816,P460,Q1383371
Q402735,P31,Q4167410
Q28813,P279,Q19
Q28813,P279,Q170028
Q28813,P279,Q83267
Q28813,P279,Q78908682
Q28813,P279,Q15734480
Q28813,P279,Q1772449
Q28813,P910,Q5634760
Q28813,P1343,Q2041543
Q28813,P1343,Q19190511
Q28813,P1343,Q602358
Q28813,P460,Q41548574
Q28813,P1889,Q905644
Q28813,P3095,Q14948222
Q28813,P1382,Q483677
Q28813,P1424,Q22719725
Q28813,P1001,Q188
Q28813,P31,Q20820018
Q9149,P1343,Q20743760
Q9149,P31,Q7257
Q9149,P31,Q33104279
Q9149,P5008,Q5460604
Q9149,P279,Q49447
Q897,P462,Q208045
Q897,P910,Q7036426
Q897,P279,Q11426
Q897,P31,Q11344
Q897,P31,Q1924900
Q897,P31,Q186752
Q897,P1343,Q2657718
Q897,P1343,Q4086271
Q897,P1343,Q30059240
Q897,P1343,Q1970746
Q897,P1343,Q602358
Q897,P1343,Q602358
Q897,P1343,Q19180675
Q897,P1343,Q1768721
Q897,P2959,Q22828621
Q897,P2175,Q187255
Q897,P1889,Q228391
Q897,P1889,Q223822
Q897,P1889,Q226229
Q897,P1889,Q2619585
Q897,P1889,Q355663
Q897,P1889,Q13381679
Q897,P1889,Q18450732
Q897,P1889,Q1334908
Q897,P1889,Q243459
Q897,P1889,Q396751
Q897,P1889,Q1039080
Q897,P1889,Q5590004
Q897,P5008,Q5460604
Q897,P556,Q473227
Q897,P1441,Q2385
Q897,P361,Q239813
Q897,P361,Q185870
Q160598,P461,Q383258
Q160598,P910,Q8508774
Q160598,P1343,Q678259
Q160598,P1343,Q4086271
Q160598,P1343,Q19180675
Q160598,P1343,Q602358
Q160598,P1343,Q867541
Q160598,P1343,Q302556
Q160598,P1343,Q2657718
Q160598,P1343,Q2041543
Q160598,P1343,Q19538713
Q160598,P279,Q117850
Q160598,P279,Q7311342
Q160598,P279,Q7311382
Q160598,P527,Q23670057
Q160598,P31,Q117850
Q160598,P1889,Q1211464
Q27686,P279,Q1431026
Q27686,P279,Q4830453
Q27686,P279,Q41176
Q27686,P910,Q7215567
Q27686,P1343,Q2657718
Q27686,P1343,Q602358
Q27686,P1343,Q4086271
Q27686,P1963,P3607
Q27686,P1963,P3134
Q27686,P1963,P3898
Q27686,P1963,P5651
Q27686,P1963,P5734
Q27686,P1963,P5735
Q27686,P1963,P5774
Q27686,P1963,P5834
Q27686,P1963,P5890
Q27686,P1963,P6008
Q27686,P366,Q7406919
Q27686,P366,Q7406919
Q27686,P1424,Q6499145
Q27686,P2283,Q63099748
Q27686,P1889,Q67961412
Q27686,P1889,Q367125
Q27686,P1889,Q1956672
Q27686,P5008,Q99671171
Q21004260,P31,Q1914636
Q21004260,P279,Q1355298
Q21004260,P361,Q2135597
Q21004260,P527,Q1127717
Q21004260,P910,Q8549605
Q345847,P279,Q11030
Q345847,P31,Q4167410
Q9268,P1151,Q9083667
Q9268,P910,Q1984047
Q9268,P5125,Q7112316
Q9268,P1343,Q4173137
Q9268,P1343,Q19180675
Q9268,P1343,Q602358
Q9268,P1343,Q2041543
Q9268,P460,Q7452625
Q9268,P2959,Q22828237
Q9268,P2959,Q16867629
Q9268,P1424,Q7959316
Q9268,P31,Q9174
Q9268,P31,Q47280
Q9268,P31,Q1189816
Q9268,P31,Q19842652
Q9268,P17,Q801
Q9268,P279,Q19842652
Q9268,P5008,Q5460604
Q9268,P3095,Q7325
Q484275,P910,Q6579704
Q484275,P31,Q2393196
Q484275,P3095,Q1251441
Q484275,P279,Q1914636
Q484275,P1343,Q44835238
Q484275,P1552,Q6508686
Q484275,P1552,Q6508669
Q484275,P1552,Q5190563
Q484275,P2579,Q97008347
Q484275,P2579,Q28426188
Q7602551,P31,Q4167410
Q11426,P279,Q214609
Q11426,P279,Q34669510
Q11426,P910,Q7215585
Q11426,P2670,Q19588
Q11426,P2959,Q28970841
Q11426,P461,Q19600
Q11426,P1963,P922
Q11426,P5008,Q5460604
Q11426,P1343,Q602358
Q11426,P1552,Q11646940
Q411888,P31,Q4167410
Q411888,P460,Q48540112
Q3177118,P460,Q6896644
Q3177118,P31,Q2061186
Q3177118,P140,Q5043
Q599151,P279,Q212238
Q599151,P1889,Q3130384
Q599151,P460,Q61022630
Q599151,P1343,Q20078554
Q599151,P910,Q17315175
Q599151,P31,Q4164871
Q599151,P31,Q12737077
Q383258,P461,Q160598
Q383258,P279,Q9174
Q383258,P279,Q9420
Q383258,P1382,Q3333484
Q415419,P31,Q4167410
Q415419,P1889,Q16865965
Q291,P31,Q483394
Q291,P910,Q7161914
Q291,P1151,Q11052852
Q291,P1424,Q19822711
Q291,P1424,Q13379779
Q291,P279,Q1260632
Q291,P279,Q17537576
Q291,P1889,Q181001
Q291,P1343,Q2041543
Q291,P1343,Q4532138
Q291,P2579,Q97360329
Q63532478,P31,Q4167410
Q63532478,P460,Q1175634
Q63532478,P460,Q16283443
Q63532478,P460,Q63532503
Q63532478,P460,Q20493131
Q63532478,P460,Q16296545
Q63532478,P1889,Q37504420
Q63532478,P1889,Q18162364
Q63532478,P1889,Q1255921
Q1176086,P31,Q4167410
Q11254,P910,Q7185914
Q11254,P31,Q10675206
Q11254,P31,Q169336
Q11254,P31,Q25403900
Q11254,P1343,Q302556
Q11254,P1343,Q30059240
Q11254,P1343,Q602358
Q11254,P1343,Q19180675
Q11254,P1343,Q1768721
Q11254,P460,Q2314
Q11254,P460,Q5314
Q11254,P527,Q2314
Q11254,P527,Q7216430
Q11254,P527,Q189567
Q11254,P527,Q726460
Q11254,P527,Q121874
Q11254,P1889,Q5314
Q11254,P1889,Q12370
Q11254,P1889,Q2314
Q11254,P1889,Q1440231
Q11254,P279,Q25403900
Q11254,P1557,Q3734963
Q11254,P1424,Q22755621
Q7439360,P140,Q9592
Q80687,P31,Q28640
Q80687,P31,Q4164871
Q80687,P31,Q12737077
Q80687,P910,Q8726733
Q80687,P1889,Q5155576
Q80687,P1889,Q93521113
Q80687,P279,Q255274
Q80687,P460,Q2072485
Q11427,P527,Q677
Q11427,P527,Q623
Q11427,P910,Q8789342
Q11427,P910,Q9725517
Q11427,P279,Q10772391
Q11427,P2079,Q482090
Q11427,P1889,Q1158653
Q11427,P462,Q42519
Q11427,P5008,Q5460604
Q227609,P31,Q4167410
Q227609,P1889,Q16291072
Q227609,P1889,Q16883838
Q227609,P460,Q228569
Q227609,P460,Q12960020
Q12791,P279,Q9180322
Q12791,P279,Q15407649
Q12791,P910,Q7217157
Q12791,P1343,Q19538713
Q12791,P1343,Q1768721
Q12791,P527,Q330946
Q12791,P527,Q1593696
Q12791,P527,Q3355832
Q12791,P527,Q200266
Q12791,P5008,Q5460604
Q12791,P1889,Q27989963
Q6097,P910,Q6122375
Q6097,P279,Q61951
Q6097,P279,Q19359564
Q6097,P279,Q1365365
Q6097,P279,Q11090700
Q6097,P279,Q2647467
Q6097,P1424,Q6374344
Q6097,P1424,Q6307179
Q6097,P527,Q187607
Q6097,P527,Q283
Q6097,P527,Q60235
Q6097,P186,Q1419245
Q6097,P186,Q32022234
Q6097,P186,Q11002
Q6097,P186,Q187607
Q6097,P186,Q283
Q6097,P186,Q60235
Q6097,P1889,Q379932
Q6097,P1889,Q11090700
Q6097,P5008,Q5460604
Q6097,P361,Q3505826
Q6097,P1343,Q602358
Q6097,P1343,Q2041543
Q6097,P1343,Q1768721
Q6097,P2079,Q3309953
Q1566,P31,Q2424752
Q1566,P31,Q211036
Q1566,P910,Q7145143
Q1566,P527,Q33971
Q1566,P5008,Q5460604
Q1566,P1542,Q152100
Q1566,P1535,Q104526
Q1566,P1535,Q1576
Q1566,P1535,Q1578
Q1566,P1889,Q7672854
Q347910,P31,Q4167410
Q1311,P155,Q1314
Q1311,P156,Q1312
Q1311,P461,Q1313
Q1311,P910,Q6483597
Q1311,P1343,Q2041543
Q1311,P1343,Q1768721
Q1311,P2959,Q45969667
Q1311,P2959,Q46115432
Q1311,P2959,Q46119213
Q1311,P1889,Q21064929
Q1311,P2922,Q120
Q1311,P2922,Q121
Q1311,P2922,Q122
Q1311,P2922,Q126
Q1311,P2922,Q108
Q1311,P2922,Q109
Q1311,P31,Q15275719
Q1311,P279,Q24384
Q8338,P3095,Q12377274
Q8338,P1343,Q602358
Q8338,P1343,Q27680201
Q8338,P1343,Q602358
Q8338,P5008,Q5460604
Q8338,P910,Q9106052
Q8338,P166,Q48757486
Q8338,P31,Q34379
Q8338,P279,Q180744
Q234213,P910,Q15696622
Q234213,P1343,Q302556
Q234213,P1343,Q2041543
Q234213,P1343,Q1138524
Q234213,P1343,Q20078554
Q234213,P1343,Q4532138
Q234213,P279,Q629129
Q234213,P279,Q2914621
Q234213,P460,Q1772698
Q234213,P461,Q31207759
Q234213,P3095,Q78952848
Q847337,P910,Q8898839
Q83267,P279,Q24962887
Q83267,P279,Q1456832
Q83267,P279,Q1920219
Q83267,P279,Q7766927
Q83267,P910,Q6478924
Q83267,P828,Q734611
Q83267,P3095,Q2159907
Q83267,P3095,Q2384039
Q83267,P1889,Q1184244
Q83267,P1889,Q2995853
Q83267,P1889,Q24962887
Q83267,P1889,Q1456832
Q83267,P1382,Q1456832
Q83267,P1424,Q15977905
Q83267,P460,Q12754227
Q83267,P1557,Q12754227
Q83267,P1343,Q4532138
Q175928,P31,Q2920592
Q175928,P527,Q16889133
Q175928,P527,Q21503252
Q367837,P31,Q4167410
Q13370881,P1343,Q2657718
Q13370881,P31,Q2135465
Q13370881,P279,Q1190554
Q1603129,P31,Q4167410
Q322590,P31,Q4167410
Q322590,P1889,Q16001421
Q322590,P1889,Q27321414
Q322590,P1889,Q27157472
Q322590,P460,Q12817171
Q272035,P527,Q962365
Q272035,P527,Q1298969
Q272035,P910,Q18744590
Q272035,P279,Q622821
Q309314,P279,Q937228
Q309314,P279,Q246672
Q309314,P910,Q8614185
Q309314,P1889,Q614112
Q309314,P460,Q614112
Q309314,P460,Q1370617
Q309314,P1269,Q12453
Q309314,P1552,Q951437
Q309314,P461,Q7268708
Q309314,P2670,Q4049983
Q877517,P279,Q349
Q877517,P279,Q11047409
Q877517,P279,Q11410
Q877517,P910,Q7379346
Q877517,P2283,Q18545
Q877517,P1343,Q602358
Q877517,P31,Q31629
Q877517,P2354,Q11573502
Q187456,P279,Q5307737
Q187456,P910,Q9068103
Q187456,P1889,Q131734
Q4962591,P31,Q4167410
Q363948,P31,Q27949697
Q363948,P461,Q209555
Q363948,P461,Q1319773
Q363948,P279,Q29431432
Q363948,P279,Q1207505
Q363948,P279,Q12040628
Q130352,P910,Q8942168
Q130352,P31,Q2728698
Q130352,P31,Q483677
Q130352,P1343,Q2657718
Q130352,P461,Q1063
Q130352,P361,Q5183475
Q130352,P1889,Q1430216
Q1064858,P279,Q14748
Q1064858,P279,Q14745
Q1064858,P910,Q8375185
Q1064858,P366,Q12823105
Q1064858,P366,Q199657
Q1064858,P366,Q37260
Q258098,P31,Q4167410
Q258098,P1889,Q37468204
Q258098,P460,Q64995210
Q8386,P279,Q79529
Q8386,P279,Q409205
Q8386,P910,Q6498320
Q8386,P910,Q56167128
Q8386,P1542,Q2068896
Q8386,P1889,Q12140
Q8386,P1552,Q1251001
Q8386,P1343,Q1768721
Q190995,P361,Q378078
Q190995,P279,Q937228
Q190995,P461,Q424630
Q190995,P1889,Q35120
Q190995,P1889,Q776754
Q190995,P1889,Q1411075
Q190995,P31,Q56043481
Q341954,P31,Q4167410
Q341954,P4969,Q7670997
Q74950,P910,Q8691160
Q74950,P31,Q5891
Q74950,P31,Q2198855
Q74950,P112,Q132524
Q7079061,P31,Q4167410
Q169429,P31,Q182545
Q169429,P910,Q32072253
Q169429,P1269,Q11706438
Q748250,P910,Q7216160
Q748250,P279,Q1190554
Q748250,P1552,Q10350689
Q748250,P1552,Q2534066
Q748250,P1552,Q7239678
Q748250,P1382,Q7216332
Q748250,P1269,Q932522
Q30762,P31,Q4167410
Q2742181,P31,Q4167410
Q2742181,P1889,Q37573769
Q1308274,P2579,Q865083
Q1308274,P460,Q10485156
Q1308274,P527,Q64534202
Q1308274,P1382,Q1047050
Q1308274,P1343,Q60326059
Q1308274,P279,Q1724915
Q9968,P31,Q19776628
Q9968,P31,Q3841820
Q9968,P361,Q8229
Q9968,P361,Q754673
Q9968,P361,Q1095058
Q9968,P361,Q2335779
Q9968,P361,Q1187758
Q9968,P361,Q372785
Q9968,P361,Q622712
Q9968,P361,Q570693
Q9968,P361,Q755124
Q9968,P361,Q76228
Q9968,P361,Q18691434
Q9968,P1343,Q2041543
Q9968,P1343,Q19180675
Q9968,P1343,Q867541
Q9968,P1299,Q17021818
Q9968,P1889,Q179860
Q9968,P1889,Q21048
Q9968,P910,Q32084939
Q748,P1151,Q8207681
Q748,P910,Q1983832
Q748,P5125,Q7112212
Q748,P1424,Q6328236
Q748,P2579,Q1000976
Q748,P740,Q176767
Q748,P3095,Q6926246
Q748,P112,Q9441
Q748,P138,Q7055
Q748,P5008,Q5460604
Q748,P1343,Q19180675
Q748,P1343,Q602358
Q748,P1343,Q4532135
Q748,P1343,Q2041543
Q748,P1343,Q3181656
Q748,P1343,Q19211082
Q748,P1343,Q1768721
Q748,P6104,Q11008004
Q748,P747,Q19523829
Q748,P31,Q9174
Q748,P31,Q32090
Q748,P31,Q2915955
Q748,P279,Q9174
Q748,P301,Q100851212
Q748,P1151,Q8207681
Q748,P910,Q1983832
Q748,P5125,Q7112212
Q748,P1424,Q6328236
Q748,P2579,Q1000976
Q748,P740,Q176767
Q748,P3095,Q6926246
Q748,P112,Q9441
Q748,P138,Q7055
Q748,P5008,Q5460604
Q748,P1343,Q19180675
Q748,P1343,Q602358
Q748,P1343,Q4532135
Q748,P1343,Q2041543
Q748,P1343,Q3181656
Q748,P1343,Q19211082
Q748,P1343,Q1768721
Q748,P6104,Q11008004
Q748,P747,Q19523829
Q748,P31,Q9174
Q748,P31,Q32090
Q748,P31,Q2915955
Q748,P279,Q9174
Q1404101,P279,Q618779
Q1404101,P279,Q4164871
Q1404101,P910,Q28198566
Q1404101,P31,Q618779
Q1404101,P31,Q12737077
Q1211276,P31,Q4167410
Q1211276,P1889,Q22062163
Q1211276,P1889,Q36988497
Q1211276,P1889,Q2254667
Q1211276,P1889,Q48754332
Q1211276,P1889,Q7852920
Q5090,P1582,Q690633
Q5090,P1582,Q831681
Q5090,P1582,Q161426
Q5090,P279,Q12117
Q5090,P279,Q736427
Q5090,P279,Q506139
Q5090,P279,Q25403900
Q5090,P279,Q502895
Q5090,P279,Q7493597
Q5090,P279,Q235352
Q5090,P910,Q7020086
Q5090,P366,Q186817
Q5090,P366,Q251265
Q5090,P366,Q208105
Q5090,P366,Q510666
Q5090,P527,Q41534
Q5090,P1889,Q161426
Q5090,P5008,Q5460604
Q5090,P1343,Q1768721
Q5090,P1343,Q1768721
Q247144,P31,Q4167410
Q247144,P1889,Q37125551
Q75809,P279,Q23540
Q75809,P279,Q346575
Q75809,P138,Q9554
Q75809,P910,Q8805537
Q75809,P31,Q879146
Q75809,P1151,Q14614976
Q75809,P1343,Q2657718
Q75809,P1343,Q19538713
Q75809,P1343,Q602358
Q75809,P1343,Q19180675
Q75809,P3095,Q96236305
Q75809,P2184,Q4204862
Q280874,P31,Q4167410
Q280874,P1889,Q2160353
Q280874,P1889,Q21003018
Q280874,P1889,Q7277323
Q182076,P910,Q6572456
Q182076,P279,Q189539
Q182076,P279,Q3196867
Q182076,P1343,Q2041543
Q182076,P1889,Q305253
Q1347355,P279,Q1150070
Q66055,P527,Q2279584
Q66055,P527,Q3044574
Q66055,P279,Q1244890
Q66055,P279,Q1140046
Q66055,P910,Q7307097
Q66055,P1343,Q602358
Q66055,P1343,Q2041543
Q1939238,P31,Q4167410
Q792838,P31,Q4167410
Q792838,P460,Q226456
Q792838,P460,Q15787650
Q792838,P460,Q817124
Q792838,P460,Q816895
Q792838,P460,Q388539
Q792838,P460,Q344056
Q792838,P460,Q418439
Q792838,P460,Q564687
Q792838,P460,Q816816
Q792838,P460,Q816786
Q792838,P460,Q809630
Q792838,P460,Q20659422
Q792838,P460,Q232452
Q792838,P460,Q232224
Q792838,P460,Q225652
Q792838,P460,Q250248
Q792838,P460,Q174960
Q792838,P460,Q225640
Q792838,P460,Q299090
Q792838,P1889,Q18342151
Q792838,P1889,Q37305727
Q3916071,P31,Q4167410
Q233646,P31,Q4167410
Q6636,P910,Q6495884
Q6636,P31,Q17888
Q6636,P460,Q592
Q6636,P1343,Q2041543
Q6636,P1343,Q20078554
Q6636,P279,Q339014
Q6636,P279,Q3242821
Q6636,P279,Q1632385
Q6636,P1889,Q610757
Q6636,P527,Q592
Q6636,P527,Q6649
Q6636,P5008,Q15092984
Q6636,P5008,Q97285685
Q7318420,P31,Q4167410
Q342013,P31,Q4167410
Q342013,P1889,Q37194953
Q9592,P140,Q1841
Q9592,P910,Q6468962
Q9592,P527,Q597526
Q9592,P527,Q64842
Q9592,P527,Q64868
Q9592,P527,Q49378
Q9592,P527,Q755970
Q9592,P527,Q64900
Q9592,P527,Q64885
Q9592,P527,Q64871
Q9592,P527,Q256178
Q9592,P527,Q856349
Q9592,P527,Q472189
Q9592,P527,Q657390
Q9592,P527,Q64849
Q9592,P527,Q911398
Q9592,P527,Q18813575
Q9592,P527,Q950310
Q9592,P527,Q2664136
Q9592,P527,Q44476
Q9592,P527,Q846093
Q9592,P527,Q3586020
Q9592,P527,Q3443559
Q9592,P527,Q519571
Q9592,P527,Q64852
Q9592,P527,Q792212
Q9592,P159,Q237
Q9592,P1343,Q302556
Q9592,P1343,Q602358
Q9592,P1343,Q602358
Q9592,P1343,Q19180675
Q9592,P112,Q302
Q9592,P2959,Q22827784
Q9592,P2388,Q19546
Q9592,P488,Q450675
Q9592,P31,Q879146
Q9592,P31,Q34651
Q9592,P2670,Q6566418
Q9592,P797,Q159583
Q9592,P740,Q1218
Q9592,P5008,Q5460604
Q9592,P5125,Q3262605
Q9592,P1830,Q980982
Q9592,P1830,Q1086358
Q9592,P1830,Q1193480
Q9592,P1830,Q1896273
Q9592,P1830,Q2919096
Q9592,P1830,Q3919090
Q9592,P1830,Q5188475
Q9592,P1830,Q5567497
Q9592,P1830,Q7792541
Q9592,P1830,Q18480054
Q9592,P1830,Q5901
Q9592,P1830,Q145093
Q9592,P1830,Q204243
Q9592,P1830,Q323155
Q9592,P1830,Q496966
Q9592,P1830,Q572697
Q9592,P1830,Q577165
Q9592,P1830,Q577248
Q9592,P166,Q2517928
Q9592,P2184,Q1517265
Q9592,P463,Q627468
Q9592,P2579,Q25109832
Q9592,P6379,Q17153751
Q9592,P1151,Q7779176
Q9592,P279,Q34651
Q9592,P279,Q5043
Q9592,P279,Q4204511
Q342005,P31,Q4167410
Q342005,P1889,Q16870148
Q342005,P1889,Q54198448
Q342005,P460,Q1723318
Q1140140,P279,Q11081619
Q1140140,P279,Q82794
Q1140140,P279,Q15989253
Q1140140,P279,Q205895
Q6241,P910,Q7461193
Q6241,P1343,Q2657718
Q6241,P1343,Q2041543
Q6241,P31,Q12909644
Q6241,P31,Q49447
Q6241,P1889,Q6235
Q6241,P1889,Q226418
Q6241,P461,Q188843
Q482,P1151,Q11774659
Q482,P31,Q4263830
Q482,P31,Q223393
Q482,P910,Q8263
Q482,P1343,Q2657718
Q482,P1343,Q2041543
Q482,P1343,Q602358
Q482,P1343,Q19180675
Q482,P1343,Q4532138
Q482,P1343,Q1768721
Q482,P279,Q7725634
Q482,P279,Q223393
Q482,P2959,Q27131931
Q482,P1889,Q5185279
Q482,P3095,Q49757
Q482,P5008,Q5460604
Q482,P5125,Q7112700
Q482,P5869,Q18146776
Q482,P5869,Q520372
Q482,P5869,Q258331
Q482,P5869,Q27214182
Q482,P5869,Q44590028
Q23540,P910,Q6189519
Q23540,P279,Q5043
Q23540,P2959,Q22827778
Q23540,P1343,Q602358
Q23540,P1343,Q19180675
Q23540,P1343,Q4532138
Q23540,P1424,Q10542137
Q23540,P5125,Q7112416
Q23540,P31,Q879146
Q23540,P138,Q645920
Q23540,P361,Q842798
Q23540,P2354,Q4381713
Q1712140,P910,Q8659903
Q1712140,P1343,Q2657718
Q1712140,P1343,Q602358
Q1712140,P1343,Q19180675
Q1712140,P1343,Q1970746
Q1712140,P1343,Q4173137
Q1712140,P279,Q9332
Q1712140,P1889,Q54894712
Q1209358,P31,Q4167410
Q346903,P31,Q4167410
Q346903,P1889,Q28812109
Q38113,P31,Q4167410
Q165800,P1343,Q2657718
Q165800,P1343,Q20078554
Q165800,P461,Q103983
Q165800,P31,Q4115113
Q165800,P61,Q868
Q575,P279,Q1260524
Q575,P910,Q7007430
Q575,P155,Q166564
Q575,P527,Q36402
Q575,P156,Q7722
Q575,P156,Q635954
Q575,P2959,Q22828600
Q575,P461,Q52643
Q575,P361,Q573
Q575,P1552,Q204170
Q575,P1889,Q2357973
Q4130,P361,Q184274
Q4130,P910,Q6453069
Q4130,P279,Q193139
Q4130,P1552,Q4112212
Q4130,P1552,Q104486
Q4130,P1552,Q270897
Q4130,P1552,Q2269302
Q4130,P1552,Q37640
Q4130,P1552,Q1088950
Q4130,P1552,Q2858363
Q4130,P1552,Q218124
Q4130,P1552,Q171594
Q4130,P1552,Q216715
Q4130,P1552,Q2718934
Q4130,P1552,Q1371512
Q4130,P1552,Q2264448
Q4130,P1552,Q2000619
Q4130,P1552,Q1002613
Q4130,P1552,Q3560803
Q4130,P1552,Q1720536
Q4130,P1552,Q200924
Q4130,P2354,Q1467586
Q4130,P1687,P491
Q4130,P1687,P522
Q4130,P31,Q2221906
Q4130,P1424,Q7361592
Q4130,P1343,Q19190511
Q4130,P1343,Q2041543
Q186619,P910,Q6985940
Q186619,P279,Q190539
Q186619,P279,Q628523
Q186619,P3712,Q1231428
Q186619,P1552,Q1047000
Q186619,P31,Q108163
Q417488,P31,Q4167410
Q363948,P31,Q27949697
Q363948,P461,Q209555
Q363948,P461,Q1319773
Q363948,P279,Q29431432
Q363948,P279,Q1207505
Q363948,P279,Q12040628
Q9465,P279,Q5891
Q9465,P910,Q5985562
Q9465,P31,Q22811234
Q9465,P31,Q11862829
Q9465,P1343,Q302556
Q9465,P1343,Q63284758
Q9465,P1343,Q19180675
Q9465,P1424,Q9177432
Q9465,P1151,Q13406057
Q9465,P5008,Q5460604
Q9465,P5008,Q54439832
Q9465,P5125,Q7112626
Q9465,P3095,Q5403434
Q408386,P910,Q20918412
Q408386,P279,Q3249551
Q408386,P31,Q1156402
Q1642833,P460,Q7114795
Q358007,P31,Q4167410
Q11563,P361,Q3054943
Q11563,P910,Q5460837
Q11563,P460,Q1289248
Q11563,P1963,P1171
Q11563,P279,Q309314
Q11563,P279,Q246672
Q11563,P279,Q614112
Q11563,P1343,Q47755251
Q11563,P1343,Q602358
Q11563,P5008,Q5460604
Q11563,P2959,Q56402551
Q11563,P1687,P1181
Q11563,P1552,Q47460393
Q3348126,P31,Q4167410
Q432386,P31,Q28640
Q432386,P31,Q63187345
Q432386,P279,Q4504549
Q432386,P279,Q12859263
Q432386,P910,Q8011686
Q432386,P6186,Q59576219
Q160066,P366,Q124946
Q160066,P366,Q211439
Q160066,P366,Q133235
Q160066,P366,Q337540
Q160066,P366,Q549563
Q160066,P910,Q21930133
Q160066,P279,Q28969364
Q160066,P2959,Q25634243
Q160066,P1889,Q17984167
Q160066,P1889,Q12502053
Q396568,P31,Q2393196
Q396568,P31,Q151885
Q396568,P1889,Q3286081
Q396568,P1343,Q101314624
Q396568,P279,Q622645
Q1362323,P279,Q3317524
Q297896,P31,Q4167410
Q297896,P1889,Q16884381
Q466707,P910,Q6486940
Q466707,P31,Q29028649
Q466707,P31,Q64513524
Q466707,P31,Q84475169
Q466707,P279,Q878143
Q466707,P460,Q3880991
Q466707,P1382,Q21189091
Q77076,P31,Q4167410
Q77076,P460,Q31283802
Q764844,P31,Q4167410
Q4290,P910,Q7013555
Q4290,P279,Q1369832
Q4290,P279,Q3380760
Q4290,P3095,Q557880
Q1277907,P31,Q4167410
Q1277907,P1889,Q37474016
Q209577,P31,Q4167410
Q360797,P31,Q4167410
Q360797,P1889,Q33545594
Q360797,P1889,Q1754082
Q7915854,P452,Q941594
Q7915854,P31,Q4830453
Q7915854,P17,Q17
Q81669,P279,Q18691599
Q81669,P279,Q41176
Q81669,P279,Q2538889
Q81669,P910,Q8264830
Q81669,P1343,Q2657718
Q127197,P279,Q1384616
Q127197,P279,Q185785
Q127197,P910,Q6479261
Q127197,P1552,Q193227
Q127197,P1889,Q51185
Q127197,P1424,Q25791701
Q1009501,P31,Q4167410
Q1009501,P1889,Q37468315
Q622821,P910,Q9720716
Q622821,P279,Q3249551
Q622821,P1687,P4934
Q2941545,P31,Q4167410
Q124964,P279,Q16873390
Q124964,P910,Q9722090
Q124964,P1343,Q2657718
Q124964,P1343,Q2041543
Q124964,P1889,Q11691274
Q240673,P279,Q1499548
Q240673,P361,Q159810
Q240673,P31,Q151885
Q240673,P910,Q7416774
Q240673,P1687,P2130
Q240673,P461,Q2383321
Q3519259,P910,Q8811040
Q3519259,P460,Q28989
Q3519259,P460,Q21013264
Q3519259,P460,Q5260221
Q3519259,P460,Q1128240
Q3519259,P460,Q13424482
Q3519259,P279,Q5737899
Q3519259,P279,Q16744001
Q3519259,P279,Q1097498
Q3519259,P31,Q355567
Q3519259,P31,Q4164871
Q3519259,P1889,Q141488
Q3519259,P1365,Q22932
Q481609,P279,Q3249551
Q481609,P279,Q47496130
Q481609,P1343,Q2041543
Q481609,P1889,Q16391412
Q481609,P1687,P3081
Q481609,P461,Q21255975
Q481609,P1382,Q20888800
Q481609,P1382,Q15098235
Q8454,P279,Q1763090
Q8454,P279,Q1931388
Q8454,P279,Q149086
Q8454,P279,Q186361
Q8454,P910,Q7013221
Q8454,P1343,Q302556
Q8454,P1343,Q21002838
Q8454,P1343,Q1768721
Q8454,P5008,Q5460604
Q8454,P5008,Q13382529
Q8454,P1542,Q3966286
Q8454,P3095,Q207651
Q5464688,P31,Q4167410
Q4489450,P910,Q6980654
Q4489450,P461,Q564
Q4489450,P31,Q23847174
Q4489450,P279,Q86901
Q4489450,P279,Q24334893
Q4489450,P1343,Q2041543
Q37413,P31,Q21199
Q37413,P31,Q50707
Q37413,P31,Q50705
Q37413,P31,Q13366104
Q37413,P31,Q18452301
Q37413,P31,Q184611
Q37413,P910,Q24067623
Q37413,P5236,Q200
Q37413,P5236,Q203
Q37413,P1889,Q13012283
Q841236,P279,Q1763090
Q841236,P279,Q28100974
Q841236,P1269,Q40357
Q1594352,P641,Q41323
Q1594352,P31,Q28829877
Q1594352,P279,Q79782
Q1594352,P1542,Q43867072
Q677,P910,Q6274301
Q677,P279,Q12140
Q677,P279,Q2512777
Q677,P922,Q184207
Q677,P31,Q11344
Q677,P31,Q11426
Q677,P31,Q42300473
Q677,P1343,Q4086271
Q677,P1343,Q19180675
Q677,P1343,Q602358
Q677,P1343,Q2657718
Q677,P1343,Q2041543
Q677,P1343,Q1768721
Q677,P2175,Q954674
Q677,P2175,Q2306782
Q677,P2959,Q22828608
Q677,P2868,Q7831165
Q677,P5008,Q5460604
Q677,P1889,Q3068471
Q677,P1889,Q20418737
Q677,P1552,Q184207
Q677,P361,Q239825
Q677,P361,Q202224
Q11081619,P279,Q205895
Q11081619,P361,Q1349417
Q11081619,P361,Q690092
Q11081619,P361,Q786270
Q11081619,P1889,Q2
Q11081619,P1889,Q18941711
Q596866,P31,Q4167410
Q347474,P31,Q4167410
Q347474,P1889,Q19825036
Q7100867,P31,Q4167410
Q226165,P31,Q4167410
Q226165,P460,Q20660918
Q402285,P31,Q4167410
Q402285,P460,Q9061903
Q2108242,P31,Q4167410
Q30762,P31,Q4167410
Q227463,P31,Q4167410
Q227463,P1889,Q16281059
Q227463,P1889,Q34907056
Q227463,P1889,Q633544
Q227463,P1889,Q3395500
Q2526135,P461,Q1132455
Q2526135,P527,Q189900
Q2526135,P527,Q294240
Q2526135,P527,Q181467
Q2526135,P527,Q7225111
Q2526135,P527,Q2497445
Q2526135,P527,Q2780922
Q2526135,P1889,Q10566551
Q2526135,P1889,Q169489
Q2526135,P279,Q813912
Q2526135,P279,Q4026292
Q2526135,P910,Q5815424
Q2526135,P1552,Q196626
Q2526135,P1552,Q2251595
Q2526135,P1552,Q96264607
Q2526135,P3712,Q10566551
Q2526135,P2579,Q365674
Q527,P910,Q19955144
Q527,P461,Q2
Q527,P460,Q4119786
Q527,P279,Q107
Q192270,P1269,Q8134
Q192270,P910,Q8987099
Q192270,P437,Q22855
Q192270,P1687,P2292
Q192270,P1687,P2662
Q192270,P279,Q1369832
Q192270,P828,Q22855
Q407077,P31,Q4167410
Q407077,P1889,Q37451539
Q243046,P31,Q4167410
Q17278,P279,Q15974976
Q17278,P279,Q25967482
Q17278,P279,Q2064156
Q17278,P279,Q211548
Q17278,P279,Q4751134
Q17278,P279,Q40112
Q17278,P279,Q1155211
Q17278,P279,Q22808481
Q17278,P279,Q1192156
Q17278,P279,Q204352
Q17278,P361,Q2088417
Q17278,P361,Q12507
Q17278,P361,Q238231
Q17278,P910,Q9565824
Q17278,P910,Q8988616
Q17278,P1343,Q2657718
Q17278,P1343,Q19190511
Q17278,P1552,Q36253
Q17278,P1552,Q15921574
Q17278,P1552,Q173817
Q17278,P1552,Q37221
Q17278,P1889,Q238231
Q17278,P1889,Q31329998
Q17278,P1889,Q26269311
Q17278,P1889,Q9941
Q17278,P1889,Q204
Q17278,P1889,Q203
Q17278,P1889,Q294219
Q17278,P2959,Q1935579
Q17278,P156,Q12507
Q40357,P279,Q13226383
Q40357,P279,Q16831714
Q40357,P279,Q178706
Q40357,P910,Q7214719
Q40357,P1687,P2632
Q40357,P1343,Q1970746
Q40357,P1343,Q602358
Q40357,P1343,Q602358
Q40357,P1343,Q602358
Q40357,P1343,Q602358
Q40357,P1343,Q19180675
Q40357,P1343,Q30059240
Q40357,P1343,Q4532138
Q40357,P1343,Q1768721
Q40357,P366,Q186361
Q40357,P366,Q900406
Q40357,P366,Q853735
Q40357,P1424,Q8784047
Q256955,P31,Q4167410
Q256955,P1889,Q26157645
Q256955,P1889,Q27156927
Q256955,P1889,Q39241492
Q421639,P31,Q4167410
Q421639,P1889,Q158553
Q160020,P910,Q13336876
Q160020,P1343,Q2657718
Q160020,P279,Q219858
Q160020,P279,Q1293220
Q160020,P279,Q13415428
Q160020,P279,Q19829125
Q160020,P828,Q2080698
Q160020,P828,Q905921
Q160020,P527,Q30157802
Q160020,P527,Q14075887
Q160020,P366,Q3929317
Q192996,P31,Q4167410
Q192996,P460,Q18456688
Q192996,P1889,Q18456688
Q124734,P279,Q180684
Q124734,P279,Q13418847
Q124734,P910,Q6969040
Q124734,P910,Q7467067
Q124734,P1889,Q6107280
Q124734,P1343,Q2041543
Q124734,P1343,Q4114391
Q124734,P1343,Q602358
Q124734,P1343,Q19180675
Q124734,P1343,Q19190511
Q124734,P1424,Q6229891
Q124734,P3095,Q1125062
Q3679160,P31,Q4167410
Q3679160,P1889,Q5012675
Q3679160,P1889,Q29400857
Q3679160,P460,Q8346739
Q3679160,P460,Q5128044
Q3679160,P460,Q16738605
Q357817,P31,Q4167410
Q357817,P1889,Q16869754
Q357817,P1889,Q50369613
Q39861,P105,Q35409
Q39861,P171,Q25341
Q39861,P944,Q13011
Q39861,P31,Q16521
Q39861,P910,Q7038422
Q39861,P1343,Q4086271
Q39861,P1343,Q602358
Q39861,P1343,Q19180675
Q39861,P1343,Q1768721
Q411785,P31,Q4167410
Q411785,P1343,Q2657718
Q411785,P1889,Q37499917
Q760088,P31,Q4167410
Q760088,P1889,Q15982656
Q159810,P1151,Q7348224
Q159810,P910,Q9715089
Q159810,P460,Q19862406
Q159810,P2633,Q187097
Q159810,P2579,Q8134
Q159810,P2670,Q3958441
Q159810,P1889,Q8134
Q159810,P1889,Q8187769
Q159810,P1889,Q6456916
Q159810,P279,Q1639378
Q159810,P527,Q3958441
Q159810,P1343,Q4532138
Q182722,P910,Q8432068
Q182722,P31,Q218005
Q182722,P461,Q62955
Q182722,P1687,P2135
Q182722,P1343,Q63284758
Q394024,P31,Q4167410
Q7188,P910,Q54070
Q7188,P1343,Q2657718
Q7188,P1557,Q25107
Q7188,P527,Q35535
Q7188,P5008,Q5460604
Q7188,P5125,Q25113003
Q7188,P1963,P6
Q7188,P1963,P527
Q7188,P1963,P17
Q7188,P1963,P571
Q7188,P1963,P576
Q7188,P1963,P279
Q7188,P1963,P3842
Q7188,P1963,P1313
Q7188,P1963,P355
Q7188,P2388,Q2285706
Q7188,P1889,Q6199
Q7188,P1889,Q188670
Q7188,P1889,Q192424
Q7188,P279,Q1125239
Q7188,P461,Q192852
Q7188,P361,Q35798
Q7188,P1552,Q1307214
Q1206893,P31,Q4167410
Q1206893,P1889,Q28322494
Q225807,P31,Q4167410
Q225807,P1889,Q2311862
Q225807,P1889,Q750460
Q225807,P1889,Q3808212
Q225807,P1889,Q3177785
Q225807,P1889,Q2416859
Q225807,P1889,Q73494206
Q225807,P1889,Q7743172
Q225807,P1889,Q7743167
Q225807,P1889,Q5373585
Q225807,P1889,Q2700058
Q225807,P460,Q9010363
Q225807,P460,Q66436628
Q225807,P460,Q66436636
Q225807,P460,Q66436645
Q225807,P460,Q2737772
Q225807,P460,Q4637490
Q5151,P31,Q1790144
Q5151,P31,Q21684377
Q5151,P31,Q82047057
Q5151,P1889,Q18909655
Q5151,P910,Q5461174
Q5151,P2959,Q27094048
Q5151,P361,Q577
Q5151,P1687,P2922
Q5151,P279,Q186081
Q5151,P279,Q2199864
Q5151,P1343,Q19190511
Q5151,P111,Q2199864
Q309314,P279,Q937228
Q309314,P279,Q246672
Q309314,P910,Q8614185
Q309314,P1889,Q614112
Q309314,P460,Q614112
Q309314,P460,Q1370617
Q309314,P1269,Q12453
Q309314,P1552,Q951437
Q309314,P461,Q7268708
Q309314,P2670,Q4049983
Q6495050,P31,Q4167410
Q6495050,P1889,Q33616444
Q6495050,P1889,Q16882531
Q417280,P31,Q4167410
Q50000,P910,Q8897260
Q50000,P279,Q7632586
Q50000,P279,Q2995644
Q50000,P461,Q11499267
Q50000,P1687,P2522
Q1175124,P31,Q4167410
Q1175124,P1889,Q20160527
Q1175124,P1889,Q27157476
Q1175124,P1889,Q27166957
Q1175124,P1889,Q79783064
Q1175124,P460,Q226692
Q223681,P527,Q619801
Q223681,P527,Q864968
Q223681,P527,Q2390763
Q223681,P910,Q8257297
Q223681,P1269,Q9174
Q223681,P1269,Q8458
Q223681,P1343,Q2041543
Q223681,P1343,Q602358
Q223681,P1343,Q3181656
Q223681,P1382,Q904756
Q223681,P279,Q7313594
Q223681,P527,Q619801
Q223681,P527,Q864968
Q223681,P527,Q2390763
Q223681,P910,Q8257297
Q223681,P1269,Q9174
Q223681,P1269,Q8458
Q223681,P1343,Q2041543
Q223681,P1343,Q602358
Q223681,P1343,Q3181656
Q223681,P1382,Q904756
Q223681,P279,Q7313594
Q294834,P31,Q4167410
Q626510,P279,Q628455
Q626510,P279,Q40953
Q626510,P1343,Q2041543
Q626510,P1889,Q2637365
Q626510,P1889,Q45594
Q626510,P1889,Q896575
Q626510,P460,Q17052150
Q626510,P461,Q109411
Q352269,P31,Q4167410
Q352269,P1889,Q37040221
Q15078788,P279,Q11033
Q15078788,P910,Q6288345
Q15078788,P2670,Q209588
Q15078788,P2670,Q184452
Q15078788,P2670,Q175122
Q15078788,P2184,Q572818
Q15078788,P6104,Q60005978
Q15078788,P1424,Q6730352
Q15078788,P1552,Q67181652
Q15078788,P31,Q81941037
Q1121905,P31,Q4167410
Q1121905,P1889,Q91752
Q231557,P31,Q4167410
Q2571972,P279,Q694045
Q2571972,P279,Q1151067
Q2571972,P279,Q820655
Q2571972,P1343,Q2657718
Q2571972,P1343,Q2041543
Q2571972,P1343,Q1768721
Q2571972,P910,Q6215958
Q2571972,P460,Q6453643
Q352862,P31,Q4167410
Q352862,P1889,Q37289082
Q775842,P31,Q9415
Q775842,P1343,Q20743760
Q775842,P361,Q77468620
Q775842,P279,Q9415
Q775842,P1382,Q24238252
Q441265,P31,Q4167410
Q1229509,P31,Q4167410
Q878070,P279,Q31011
Q878070,P279,Q211364
Q7988482,P910,Q30815385
Q7988482,P279,Q131505
Q7988482,P361,Q842333
Q538934,P31,Q4167410
Q538934,P1343,Q2041543
Q416020,P31,Q4167410
Q3099327,P31,Q4167410
Q381160,P31,Q12737077
Q381160,P461,Q1183487
Q381160,P1382,Q1391344
Q381160,P1382,Q2248623
Q381160,P1542,Q644238
Q381160,P425,Q644238
Q381160,P460,Q20826540
Q5436609,P1889,Q183061
Q57821,P279,Q6852233
Q57821,P910,Q91520
Q57821,P1343,Q1138524
Q57821,P1889,Q57831
Q57821,P1424,Q8084813
Q57821,P527,Q2538929
Q424707,P31,Q4167410
Q424707,P1889,Q36985011
Q5999164,P31,Q4167410
Q125482,P31,Q4164871
Q125482,P31,Q216353
Q125482,P31,Q355567
Q125482,P31,Q63187345
Q125482,P31,Q3320743
Q125482,P279,Q15995642
Q125482,P1343,Q678259
Q125482,P140,Q432
Q125482,P361,Q177826
Q125482,P910,Q7213722
Q397977,P31,Q4167410
Q413109,P31,Q4167410
Q849545,P31,Q216353
Q849545,P31,Q4164871
Q849545,P31,Q355567
Q849545,P407,Q13955
Q849545,P1889,Q829800
Q332970,P279,Q76419834
Q2648051,P31,Q33104279
Q2648051,P1343,Q2041543
Q2648051,P1889,Q21006424
Q1413083,P279,Q50701
Q1413083,P366,Q1207505
Q1413083,P366,Q2667413
Q1413083,P366,Q1200750
Q1413083,P31,Q192276
Q1413083,P460,Q12717621
Q672154,P31,Q4167410
Q672154,P1343,Q2041543
Q1175919,P31,Q4167410
Q587289,P17,Q142
Q587289,P421,Q6655
Q587289,P421,Q6723
Q587289,P131,Q591385
Q587289,P131,Q12770
Q587289,P131,Q702153
Q587289,P166,Q2727598
Q587289,P31,Q484170
Q587289,P31,Q21869758
Q587289,P47,Q61791
Q587289,P47,Q1156386
Q587289,P47,Q254033
Q587289,P47,Q489512
Q587289,P47,Q587695
Q587289,P1366,Q24938087
Q587289,P1313,Q65429092
Q587289,P7938,Q1032351
Q208195,P31,Q60539479
Q208195,P910,Q7486589
Q208195,P361,Q9357054
Q208195,P361,Q77468620
Q208195,P461,Q81938
Q208195,P460,Q12357383
Q208195,P279,Q9415
Q208195,P50,Q735112
Q3401405,P31,Q4167410
Q184377,P361,Q34770
Q184377,P1687,P443
Q184377,P1687,P7243
Q184377,P2579,Q35395
Q184377,P279,Q1151067
Q184377,P910,Q9769227
Q184377,P460,Q12493444
Q732577,P527,Q191067
Q732577,P279,Q386724
Q732577,P910,Q7161159
Q732577,P1963,P1815
Q732577,P1963,P1973
Q732577,P1963,P629
Q732577,P1963,P393
Q732577,P1963,P1104
Q732577,P1963,P291
Q732577,P1963,P123
Q732577,P31,Q11033
Q120429,P31,Q4167410
Q428148,P910,Q6308051
Q428148,P279,Q1151067
Q428148,P361,Q7163
Q428148,P461,Q902410
Q428148,P31,Q151885
Q428148,P1889,Q29017603
Q428148,P1269,Q29017603
Q428148,P1552,Q96758092
Q774228,P279,Q1151067
Q774228,P279,Q1518244
Q774228,P1382,Q2301186
Q774228,P1269,Q15720608
Q230037,P31,Q4167410
Q230037,P460,Q2138673
Q230037,P460,Q4391911
Q230037,P460,Q23767178
Q230037,P1889,Q20727065
Q170219,P279,Q1142986
Q170219,P279,Q40050
Q170219,P910,Q8699078
Q170219,P1889,Q22386583
Q170219,P2184,Q11509280
Q170219,P186,Q2204436
Q170219,P92,Q11644367
Q170219,P2354,Q11509281
Q39645,P361,Q8162
Q39645,P361,Q60195
Q39645,P910,Q8728647
Q39645,P31,Q11862829
Q39645,P31,Q4671286
Q39645,P31,Q66745531
Q39645,P279,Q8162
Q39645,P2578,Q111352
Q39645,P1343,Q602358
Q39645,P1424,Q70112486
Q3482648,P31,Q4167410
Q3482648,P1889,Q16281447
Q3482648,P1889,Q37471496
Q165950,P910,Q5827774
Q165950,P279,Q1914636
Q165950,P279,Q83267
Q165950,P1343,Q2657718
Q165950,P1343,Q602358
Q165950,P1343,Q2041543
Q165950,P3095,Q9352089
Q165950,P3095,Q5179297
Q165950,P1382,Q2904148
Q1179955,P31,Q4167410
Q658255,P279,Q567521
Q658255,P279,Q62079110
Q658255,P1687,P355
Q658255,P1889,Q1410110
Q658255,P1889,Q1880737
Q658255,P1889,Q334453
Q658255,P461,Q1956113
Q234764,P910,Q9293371
Q234764,P1889,Q3503917
Q234764,P31,Q234343
Q234764,P50,Q9458
Q234764,P407,Q13955
Q37437,P910,Q7470706
Q37437,P361,Q8162
Q37437,P1343,Q2657718
Q37437,P31,Q66745531
Q37437,P1687,P2916
Q37437,P2578,Q1786828
Q2404880,P31,Q4167410
Q190157,P279,Q11019
Q190157,P279,Q811979
Q190157,P279,Q1780509
Q190157,P910,Q8316269
Q190157,P461,Q159391
Q190157,P1343,Q2657718
Q190157,P527,Q131214
Q190157,P527,Q211554
Q190157,P527,Q1942300
Q160128,P910,Q7006734
Q160128,P279,Q83267
Q160128,P1343,Q19180675
Q160128,P1343,Q602358
Q160128,P1343,Q2041543
Q160128,P92,Q674827
Q131569,P279,Q2635077
Q131569,P279,Q321839
Q131569,P279,Q49848
Q131569,P279,Q1151067
Q131569,P279,Q820655
Q131569,P361,Q4394526
Q131569,P910,Q6469367
Q131569,P1963,P1891
Q131569,P1963,P2058
Q131569,P1963,P6193
Q131569,P1424,Q6204205
Q7882338,P31,Q11424
Q7882338,P364,Q1860
Q7882338,P136,Q471839
Q7882338,P136,Q3272147
Q7882338,P495,Q30
Q7882338,P462,Q22006653
Q7882338,P840,Q1439
Q17000190,P31,Q4167410
Q6821213,P279,Q1742093
Q6821213,P1542,Q3028678
Q6821213,P1542,Q20106760
Q6821213,P1889,Q12523839
Q6821213,P1343,Q2041543
Q6821213,P1382,Q2364815
Q6821213,P461,Q194489
Q200535,P910,Q7023139
Q200535,P461,Q10294
Q200535,P279,Q3505845
Q200535,P1424,Q25730278
Q16847489,P1552,Q29485
Q16847489,P31,Q151885
Q2616305,P910,Q7484953
Q2616305,P279,Q100171002
Q4686783,P31,Q4167410
Q8366,P279,Q41689629
Q8366,P279,Q386724
Q8366,P138,Q9038
Q8366,P361,Q21198
Q8366,P361,Q13636890
Q8366,P361,Q395
Q8366,P910,Q7019560
Q8366,P1963,P2159
Q8366,P1963,P3753
Q8366,P1963,P3756
Q8366,P1963,P3752
Q8366,P1963,P3755
Q8366,P1963,P3754
Q8366,P1963,P3757
Q8366,P1424,Q5910871
Q8366,P1343,Q2041543
Q8366,P1343,Q47755251
Q8366,P1343,Q1768721
Q8366,P5008,Q5460604
Q8366,P6104,Q6526225
Q8366,P1552,Q5157286
Q8366,P1552,Q1296251
Q8366,P1552,Q7595718
Q224525,P31,Q4167410
Q224525,P1889,Q816089
Q224525,P460,Q21616879
Q864503,P279,Q18805
Q864503,P279,Q901
Q864503,P425,Q420
Q864503,P910,Q8300830
Q864503,P31,Q28640
Q864503,P2354,Q910047
Q864503,P6186,Q59576028
Q864503,P2283,Q77698139
Q1073,P527,Q507027
Q1073,P527,Q185080
Q1073,P527,Q182228
Q1073,P527,Q1137072
Q1073,P279,Q24060765
Q1073,P279,Q75865
Q1073,P910,Q5656267
Q1073,P828,Q1054543
Q1073,P828,Q14330969
Q1073,P1343,Q602358
Q1073,P1343,Q19180675
Q1073,P703,Q5173
Q1073,P2789,Q9606
Q1073,P1424,Q7465538
Q1073,P2579,Q207011
Q1073,P1889,Q492038
Q1073,P361,Q23640
Q1073,P361,Q47273
Q1073,P361,Q2330350
Q1073,P927,Q23640
Q1073,P5008,Q5460604
Q224161,P31,Q4167410
Q224161,P1889,Q20202419
Q224161,P1889,Q81304396
Q79529,P910,Q6117552
Q79529,P279,Q43460564
Q79529,P279,Q28732711
Q79529,P2737,Q23766486
Q79529,P2579,Q413
Q79529,P2579,Q2329
Q79529,P1552,Q216828
Q79529,P31,Q17339814
Q79529,P31,Q24017414
Q79529,P31,Q2424752
Q79529,P2670,Q2393187
Q79529,P1889,Q55661792
Q79529,P1889,Q1069267
Q19956728,P31,Q4167410
Q1075,P279,Q19829125
Q1075,P279,Q40890790
Q1075,P279,Q14506045
Q1075,P279,Q1207505
Q1075,P527,Q166902
Q1075,P31,Q4373292
Q1075,P1687,P462
Q1075,P1687,P6364
Q1075,P1687,P7253
Q1075,P2959,Q22827865
Q1075,P5008,Q5460604
Q1075,P1424,Q7975414
Q1075,P1424,Q7643757
Q1075,P461,Q11567495
Q1075,P1343,Q2657718
Q1075,P1343,Q602358
Q1075,P1343,Q1970746
Q1075,P1343,Q867541
Q1075,P460,Q30147439
Q1075,P910,Q8857950
Q1075,P910,Q5837092
Q7087,P910,Q8414358
Q7087,P279,Q54989186
Q7087,P461,Q18356391
Q7087,P460,Q4338318
Q7087,P460,Q282250
Q7087,P1424,Q73468036
Q7087,P361,Q77468620
Q7087,P1889,Q1307067
Q7087,P1552,Q15788410
Q294564,P31,Q4167410
Q294564,P1889,Q2998119
Q352862,P31,Q4167410
Q352862,P1889,Q37289082
Q1889,P910,Q7216166
Q1889,P279,Q202875
Q1889,P1343,Q2657718
Q1889,P3095,Q193391
Q1889,P5008,Q5460604
Q1889,P1269,Q166542
Q1889,P1269,Q181648
Q1889,P527,Q213283
Q1889,P527,Q3917681
Q180750,P31,Q4167410
Q11379,P910,Q8413436
Q11379,P910,Q6811051
Q11379,P1552,Q11423
Q11379,P1552,Q11382
Q11379,P1552,Q3935690
Q11379,P361,Q35875
Q11379,P361,Q1
Q11379,P1151,Q10766839
Q11379,P5008,Q5460604
Q11379,P5125,Q7112616
Q11379,P6104,Q15106301
Q11379,P279,Q107715
Q11379,P279,Q181175
Q11379,P279,Q3386703
Q11379,P1343,Q26711934
Q11379,P1343,Q63284758
Q11379,P1343,Q92157468
Q11379,P1343,Q101314624
Q11379,P2184,Q5867826
Q11379,P8111,Q25269
Q11379,P8111,Q83327
Q11379,P1424,Q8093244
Q11345,P279,Q976981
Q11345,P910,Q7156671
Q11345,P2354,Q3243244
Q11345,P1557,Q842346
Q11345,P5008,Q5460604
Q11345,P1963,P2534
Q11345,P461,Q165309
Q5421978,P31,Q4167410
Q257765,P31,Q4167410
Q257765,P1889,Q13560407
Q257765,P460,Q1201101
Q17052147,P279,Q685744
Q17052147,P1889,Q1188533
Q17052147,P1889,Q796919
Q17052147,P1889,Q946865
Q17052147,P828,Q1121708
Q17052147,P828,Q6875295
Q17052147,P828,Q47496130
Q17052147,P828,Q24410992
Q17052147,P828,Q9051832
Q17052147,P828,Q5282797
Q17052147,P828,Q21262209
Q248424,P31,Q4167410
Q248424,P1889,Q21396721
Q248424,P1889,Q9014839
Q344,P279,Q11471
Q344,P910,Q8476238
Q344,P155,Q193168
Q344,P361,Q11471
Q344,P461,Q192630
Q227907,P31,Q4167410
Q49835,P279,Q84048852
Q49835,P461,Q622404
Q49835,P1344,Q654810
Q49835,P1344,Q491
Q49835,P1344,Q841509
Q49835,P1889,Q3031
Q171283,P171,Q242047
Q171283,P171,Q635162
Q171283,P171,Q107588
Q171283,P171,Q605457
Q171283,P31,Q16521
Q171283,P105,Q34740
Q171283,P910,Q8396587
Q171283,P1420,Q21446423
Q171283,P1420,Q56424926
Q171283,P1420,Q21447470
Q171283,P1420,Q21447322
Q171283,P1420,Q21445681
Q171283,P1420,Q21447794
Q171283,P1420,Q56424760
Q171283,P1420,Q21447793
Q171283,P1420,Q1813596
Q171283,P1420,Q21358158
Q171283,P1420,Q21358163
Q171283,P1420,Q21358168
Q171283,P1420,Q21358174
Q171283,P1420,Q21358180
Q171283,P1420,Q21358185
Q171283,P1420,Q21358190
Q171283,P1420,Q21358195
Q171283,P427,Q15978631
Q182593,P910,Q6967695
Q182593,P279,Q46945201
Q182593,P279,Q11999558
Q182593,P1889,Q130741
Q182593,P361,Q77468620
Q211504,P31,Q4167410
Q211504,P1343,Q2041543
Q1553259,P279,Q46744
Q1553259,P1269,Q179289
Q1553259,P1269,Q7621861
Q1074648,P31,Q100195948
Q1074648,P1382,Q16886469
Q1074648,P279,Q21263262
Q224246,P31,Q4167410
Q224246,P1889,Q16872194
Q424222,P31,Q4167410
Q424222,P1889,Q12795058
Q9933,P31,Q19776628
Q9933,P31,Q3841820
Q9933,P361,Q8229
Q9933,P361,Q606972
Q9933,P361,Q754673
Q9933,P361,Q76228
Q9933,P361,Q607188
Q9933,P361,Q20581324
Q9933,P361,Q1187758
Q9933,P361,Q637405
Q9933,P361,Q550383
Q9933,P361,Q755124
Q9933,P361,Q18691434
Q9933,P361,Q384749
Q9933,P361,Q994407
Q9933,P361,Q1493494
Q9933,P361,Q2839543
Q9933,P1299,Q17021778
Q9933,P910,Q16325366
Q9933,P1889,Q875673
Q169336,P279,Q79529
Q169336,P910,Q7483887
Q169336,P2670,Q578779
Q169336,P31,Q41014950
Q169336,P461,Q578779
Q20830730,P31,Q4167410
Q20830730,P460,Q2178750
Q20830730,P460,Q19862999
Q20830730,P460,Q109406
Q20830730,P460,Q12339068
Q20830730,P460,Q98434073
Q20830730,P1889,Q9049609
Q83042,P910,Q7130316
Q83042,P31,Q930752
Q83042,P31,Q11862829
Q83042,P3095,Q783906
Q83042,P1343,Q1970746
Q83042,P1343,Q602358
Q83042,P1343,Q19190511
Q83042,P279,Q11190
Q83042,P1889,Q98464537
Q43054,P279,Q28845870
Q43054,P279,Q66568342
Q43054,P910,Q7214227
Q43054,P361,Q9404
Q43054,P361,Q203850
Q43054,P527,Q12821248
Q43054,P527,Q178999
Q43054,P527,Q187388
Q43054,P527,Q842429
Q43054,P527,Q40260
Q43054,P527,Q5413568
Q43054,P31,Q189118
Q43054,P1963,P928
Q43054,P1963,P970
Q43054,P1343,Q602358
Q43054,P1343,Q19190511
Q2042052,P31,Q4167410
Q2042052,P1889,Q1150771
Q2042052,P1889,Q17148708
Q181600,P910,Q15285698
Q181600,P279,Q5
Q181600,P279,Q12722854
Q181600,P279,Q100448831
Q181600,P1552,Q2057971
Q181600,P1687,P3205
Q181600,P1343,Q2041543
Q181600,P1382,Q6817461
Q181600,P31,Q3505845
Q181600,P1889,Q15304496
Q181600,P1889,Q170212
Q2083958,P1889,Q30322382
Q2083958,P279,Q4184950
Q2083958,P828,Q36993249
Q2083958,P910,Q6698600
Q160402,P279,Q781413
Q160402,P279,Q855395
Q160402,P910,Q7013560
Q160402,P1343,Q2657718
Q160402,P31,Q41172303
Q160402,P2283,Q1979154
Q160402,P361,Q77468620
Q160402,P361,Q4338318
Q160402,P1542,Q282250
Q160402,P1542,Q4338318
Q18627533,P31,Q101352
Q18627533,P1889,Q2080542
Q18627533,P460,Q18070772
Q18627533,P460,Q15897998
Q18627533,P460,Q20727004
Q18627533,P460,Q12044791
Q18627533,P460,Q21492623
Q18627533,P460,Q36896040
Q18627533,P460,Q37241772
Q18627533,P460,Q37235059
Q18627533,P460,Q37449535
Q18627533,P460,Q37495563
Q18627533,P460,Q37556804
Q18627533,P460,Q37565463
Q18627533,P460,Q37465894
Q18627533,P460,Q37520663
Q18627533,P460,Q37503018
Q18627533,P460,Q37548344
Q18627533,P460,Q37575717
Q18627533,P460,Q37537104
Q18627533,P460,Q37487662
Q18627533,P460,Q25365889
Q18627533,P460,Q30129022
Q18627533,P282,Q8229
Q169470,P910,Q7217521
Q169470,P279,Q901
Q169470,P279,Q1650915
Q169470,P425,Q413
Q169470,P31,Q28640
Q169470,P1889,Q39631
Q169470,P6186,Q32558478
Q1371819,P279,Q7184903
Q1371819,P180,Q344
Q1371819,P1343,Q2041543
Q1371819,P1889,Q309100
Q1371819,P828,Q309100
Q1211335,P31,Q4167410
Q1211335,P1889,Q37079245
Q95124485,P31,Q4167410
Q95124485,P460,Q1796457
Q95124485,P460,Q95124610
Q95124485,P1889,Q95124412
Q9418,P279,Q34749
Q9418,P279,Q843601
Q9418,P910,Q1983760
Q9418,P1343,Q302556
Q9418,P1343,Q2657718
Q9418,P1343,Q4532138
Q9418,P1151,Q8287968
Q9418,P2959,Q12960874
Q9418,P527,Q60680430
Q9418,P3095,Q212980
Q9418,P5008,Q5460604
Q9418,P2578,Q3769299
Q9418,P2578,Q3968640
Q9418,P2578,Q10355314
Q9418,P2578,Q194034
Q9418,P1424,Q8085019
Q9418,P2184,Q261215
Q9418,P31,Q11862829
Q9418,P1889,Q188391
Q13422881,P527,Q17457835
Q13422881,P527,Q3219606
Q13422881,P527,Q597040
Q13422881,P366,Q369570
Q13422881,P279,Q32489
Q13422881,P279,Q10528974
Q13422881,P910,Q55250246
Q13422881,P31,Q39546
Q13422881,P1889,Q7299618
Q13422881,P1889,Q96211828
Q345264,P31,Q4167410
Q874049,P31,Q4167410
Q395237,P31,Q4167410
Q395237,P1889,Q6127434
Q395237,P1889,Q37275019
Q107885,P31,Q1914636
Q107885,P1343,Q2657718
Q107885,P1343,Q2041543
Q107885,P3095,Q9340211
Q107885,P279,Q61788060
Q4114622,P361,Q77468620
Q12202,P910,Q6509660
Q12202,P1995,Q83042
Q12202,P1995,Q188449
Q12202,P279,Q3010352
Q12202,P1343,Q2657718
Q12202,P1343,Q602358
Q12202,P1343,Q19180675
Q12202,P1343,Q20078554
Q12202,P1343,Q4208106
Q12202,P2176,Q416331
Q12202,P2293,Q17832572
Q12202,P2293,Q18048631
Q12202,P2293,Q14911781
Q12202,P2293,Q18047096
Q12202,P2293,Q14881709
Q12202,P2293,Q18034627
Q12202,P2293,Q17816379
Q12202,P2293,Q18027905
Q12202,P31,Q12136
Q12202,P31,Q1931388
Q12202,P927,Q492038
Q12202,P276,Q492038
Q12202,P5008,Q5460604
Q12202,P5642,Q662860
Q12202,P460,Q3010352
Q223842,P31,Q4167410
Q39546,P279,Q16798631
Q39546,P279,Q35825432
Q39546,P279,Q2424752
Q39546,P910,Q9717109
Q39546,P1343,Q1970746
Q39546,P1343,Q19180675
Q39546,P1343,Q19190511
Q39546,P1687,P121
Q39546,P1552,Q73204959
Q39546,P1535,Q12333059
Q39546,P1535,Q1109139
Q39546,P1535,Q36460225
Q39546,P1535,Q24229398
Q39546,P1424,Q14447047
Q451968,P31,Q4167410
Q2362761,P279,Q653850
Q2362761,P279,Q193946
Q2362761,P279,Q11348
Q2362761,P2579,Q944
Q47253,P910,Q9745962
Q47253,P279,Q81875
Q47253,P31,Q2612572
Q47253,P1343,Q602358
Q47253,P1343,Q19180675
Q47253,P1343,Q4086271
Q47253,P1343,Q4091875
Q47253,P1343,Q4532138
Q47253,P1889,Q7921546
Q256165,P31,Q4167410
Q726,P910,Q7145036
Q726,P1151,Q10814975
Q726,P2839,Q754659
Q726,P1963,P21
Q726,P1963,P18
Q726,P1963,P569
Q726,P1963,P570
Q726,P1963,P462
Q726,P1963,P2048
Q726,P1963,P1705
Q726,P1963,P20
Q726,P1963,P3169
Q726,P1963,P3165
Q726,P366,Q179226
Q726,P366,Q11637629
Q726,P366,Q203788
Q726,P1672,Q964736
Q726,P1672,Q1124327
Q726,P1672,Q534853
Q726,P1672,Q25381748
Q726,P1672,Q929668
Q726,P527,Q841290
Q726,P527,Q7676058
Q726,P527,Q3037298
Q726,P527,Q5905688
Q726,P527,Q5384514
Q726,P2283,Q192130
Q726,P279,Q165115
Q726,P279,Q57814795
Q726,P1889,Q15962837
Q726,P4733,Q1742041
Q726,P1343,Q602358
Q726,P1343,Q4173137
Q726,P1343,Q19180675
Q726,P1343,Q1768721
Q726,P5008,Q5460604
Q726,P1535,Q2730732
Q726,P460,Q26644764
Q726,P2579,Q1157006
Q726,P1299,Q2962928
Q726,P1542,Q82747771
Q726,P31,Q55983715
Q1205789,P31,Q4167410
Q5447188,P279,Q12882296
Q5447188,P910,Q7158370
Q5447188,P828,Q739398
Q5447188,P1424,Q8084143
Q5447188,P527,Q1079788
Q5447188,P527,Q146505
Q5447188,P2579,Q2963660
Q5447188,P1557,Q739398
Q4968231,P31,Q4167410
Q4968231,P1889,Q21456956
Q1034411,P279,Q1207505
Q1034411,P361,Q21013863
Q1034411,P1889,Q2585693
Q1034411,P1343,Q3181656
Q1034411,P1343,Q101314624
Q505619,P910,Q8549615
Q505619,P31,Q781413
Q505619,P2959,Q17607608
Q505619,P461,Q2915214
Q400250,P31,Q4167410
Q52948,P910,Q8550126
Q52948,P279,Q4026292
Q52948,P527,Q104934
Q52948,P527,Q751436
Q52948,P527,Q11024
Q52948,P276,Q58778
Q52948,P828,Q30308136
Q52948,P2579,Q97008347
Q13698,P279,Q11410
Q13698,P910,Q6158885
Q13698,P361,Q77468620
Q13698,P1343,Q867541
Q407074,P31,Q4167410
Q407074,P460,Q7394986
Q407074,P1889,Q37575527
Q19623879,P31,Q4167410
Q19623879,P460,Q43305530
Q19623879,P460,Q15852456
Q19623879,P1889,Q554984
Q19623879,P1889,Q7915873
Q19623879,P1889,Q21647271
Q19623879,P1889,Q29107373
Q191776,P910,Q8257294
Q191776,P3095,Q619553
Q191776,P279,Q190539
Q190580,P31,Q4167410
Q190580,P460,Q4034431
Q190580,P460,Q271207
Q190580,P460,Q10396024
Q190580,P460,Q10726074
Q1116782,P31,Q4167410
Q2345019,P17,Q16
Q2345019,P287,Q513560
Q2345019,P279,Q41207
Q2345019,P180,Q9682
Q188681,P527,Q12184524
Q188681,P910,Q9486836
Q188681,P1343,Q20961706
Q188681,P1343,Q4173137
Q188681,P1343,Q4086271
Q188681,P1343,Q12609286
Q188681,P31,Q98088085
Q188681,P279,Q1190554
Q188681,P1382,Q2997437
Q177232,P31,Q171318
Q177232,P279,Q239526
Q177232,P279,Q84048850
Q177232,P279,Q29514218
Q177232,P1552,Q6581097
Q177232,P461,Q308194
Q177232,P461,Q7566
Q177232,P910,Q29553241
Q6554155,P31,Q4167410
Q6554155,P1889,Q5068913
Q6554155,P1889,Q1060070
Q6554155,P460,Q68814962
Q10264721,P31,Q4167410
Q10264721,P1889,Q2518727
Q224884,P31,Q4167410
Q395499,P31,Q4167410
Q210439,P910,Q8582729
Q210439,P279,Q7553
Q210439,P279,Q192581
Q18194755,P31,Q202444
Q18194755,P1889,Q562343
Q18194755,P282,Q8229
Q36539,P366,Q720398
Q36539,P366,Q264619
Q36539,P366,Q300472
Q36539,P366,Q911076
Q36539,P279,Q57583712
Q36539,P279,Q12269769
Q36539,P279,Q391414
Q36539,P1343,Q2657718
Q36539,P1343,Q2041543
Q36539,P1424,Q22862253
Q36539,P910,Q6832146
Q36539,P1889,Q203789
Q36539,P1889,Q182995
Q36539,P1889,Q78852033
Q1313,P155,Q1312
Q1313,P156,Q1314
Q1313,P461,Q1311
Q1313,P910,Q8894096
Q1313,P2959,Q45972122
Q1313,P2959,Q46000958
Q1313,P2959,Q46087106
Q1313,P2922,Q126
Q1313,P2922,Q108
Q1313,P2922,Q109
Q1313,P2922,Q120
Q1313,P2922,Q121
Q1313,P2922,Q122
Q1313,P1343,Q602358
Q1313,P1343,Q1768721
Q1313,P1343,Q1768721
Q1313,P31,Q15275719
Q1313,P1889,Q24384
Q1313,P1889,Q453350
Q1313,P1889,Q12220453
Q1313,P279,Q24384
Q11436,P279,Q7194062
Q11436,P910,Q2946040
Q11436,P910,Q7405461
Q11436,P137,Q24175393
Q11436,P1963,P878
Q11436,P1963,P1470
Q11436,P1963,P1956
Q11436,P1963,P1637
Q11436,P1963,P2362
Q11436,P5008,Q5460604
Q11436,P5008,Q99671171
Q11436,P5008,Q99671172
Q11436,P1424,Q6672945
Q11436,P527,Q194156
Q11436,P31,Q334166
Q11436,P1889,Q2037215
Q11436,P1552,Q15056995
Q11436,P1552,Q45296117
Q163446,P910,Q7030809
Q163446,P279,Q47011175
Q163446,P1343,Q2657718
Q163446,P1343,Q602358
Q163446,P186,Q42329
Q163446,P527,Q28823
Q163446,P1441,Q337078
Q376,P279,Q11019
Q376,P279,Q4198689
Q376,P279,Q42622779
Q376,P910,Q7233841
Q376,P366,Q327065
Q376,P366,Q186398
Q376,P1343,Q2041543
Q376,P1343,Q19180675
Q376,P1343,Q602358
Q376,P1343,Q602358
Q376,P5008,Q5460604
Q289891,P1552,Q5275945
Q289891,P1889,Q10484067
Q289891,P461,Q17297777
Q289891,P1687,P7047
Q1475291,P31,Q4167410
Q1475291,P1889,Q26229782
Q185785,P279,Q8205328
Q185785,P279,Q3054261
Q185785,P910,Q7459948
Q966960,P31,Q4167410
Q966960,P1889,Q37260031
Q27790922,P31,Q4167410
Q3481047,P279,Q126818
Q3481047,P279,Q930933
Q3481047,P910,Q6170999
Q3481047,P1343,Q19190511
Q82794,P279,Q618123
Q82794,P279,Q27096213
Q82794,P279,Q2221906
Q82794,P910,Q6581383
Q82794,P1963,P2082
Q82794,P1963,P3896
Q82794,P1963,P276
Q82794,P1963,P625
Q82794,P2579,Q817121
Q82794,P2579,Q1595873
Q82794,P2579,Q928786
Q82794,P1552,Q11500
Q82794,P1889,Q2221906
Q82794,P1889,Q1200511
Q82794,P1889,Q17334923
Q82794,P828,Q1299906
Q82794,P972,Q5460604
Q82794,P460,Q1251271
Q2397719,P31,Q4167410
Q1247670,P31,Q4167410
Q1247670,P1889,Q26262152
Q1949963,P1889,Q12483
Q1949963,P2579,Q12483
Q1949963,P279,Q516776
Q1949963,P279,Q15088658
Q1949963,P31,Q47103999
Q1949963,P1552,Q47103999
Q416683,P31,Q4167410
Q416683,P1889,Q25114879
Q40348,P425,Q7748
Q40348,P425,Q4116200
Q40348,P279,Q185351
Q40348,P910,Q7217430
Q40348,P31,Q15987302
Q40348,P417,Q179718
Q40348,P417,Q358325
Q40348,P417,Q969022
Q40348,P460,Q613087
Q40348,P460,Q380075
Q40348,P1343,Q2041543
Q40348,P1424,Q22830847
Q40348,P6186,Q59521970
Q40348,P1889,Q961769
Q40348,P1889,Q791243
Q40348,P1889,Q758225
Q557945,P31,Q2057971
Q557945,P279,Q1441305
Q557945,P279,Q54989186
Q557945,P279,Q99860490
Q557945,P361,Q77468620
Q557945,P1995,Q7867
Q35874,P279,Q1149305
Q35874,P279,Q9332
Q35874,P1151,Q11192591
Q35874,P910,Q8527584
Q35874,P2579,Q16247567
Q35874,P1889,Q170579
Q35874,P31,Q483394
Q35874,P1343,Q4091878
Q35874,P1343,Q602358
Q35874,P1343,Q19180675
Q35874,P1343,Q63284758
Q35874,P3095,Q245068
Q35874,P3095,Q12406482
Q131361,P910,Q8555171
Q131361,P1343,Q2657718
Q131361,P31,Q182545
Q232632,P31,Q4167410
Q232632,P1889,Q37453880
Q232632,P1889,Q65926049
Q1274115,P279,Q1969448
Q191035,P31,Q182545
Q191035,P1343,Q2657718
Q191035,P279,Q35874
Q191035,P279,Q131361
Q354799,P31,Q4167410
Q354799,P1889,Q25114312
Q342425,P31,Q4167410
Q178885,P279,Q15619164
Q178885,P279,Q28855038
Q178885,P279,Q4271324
Q178885,P460,Q17398299
Q178885,P460,Q190
Q178885,P460,Q1379405
Q178885,P910,Q5648972
Q178885,P1889,Q13397408
Q178885,P1889,Q17624054
Q178885,P1963,P4185
Q178885,P1963,P2925
Q178885,P1963,P1049
Q178885,P1963,P460
Q178885,P1963,P4675
Q178885,P1963,P551
Q178885,P1687,P2925
Q178885,P1424,Q10809670
Q178885,P2354,Q614503
Q8776407,P31,Q4167410
Q8776407,P1889,Q63020308
Q8776407,P1889,Q5380552
Q528658,P31,Q4167410
Q5264994,P31,Q4167410
Q788790,P910,Q7718758
Q788790,P279,Q1166770
Q788790,P279,Q11028
Q788790,P1269,Q1979154
Q788790,P1659,P2559
Q788790,P2079,Q99194075
Q1562146,P31,Q4167410
Q1562146,P1889,Q37486058
Q210439,P910,Q8582729
Q210439,P279,Q7553
Q210439,P279,Q192581
Q40634,P279,Q8162
Q40634,P279,Q944537
Q40634,P910,Q7045521
Q40634,P3095,Q13418253
Q40634,P31,Q11862829
Q40634,P31,Q4671286
Q40634,P1343,Q1970746
Q40634,P1343,Q602358
Q40634,P1343,Q19180675
Q40634,P1343,Q4532138
Q3695082,P279,Q7184903
Q3695082,P279,Q11028
Q3695082,P460,Q80071
Q3695082,P460,Q11801374
Q3695082,P527,Q340169
Q3695082,P1343,Q4114391
Q3695082,P910,Q8533525
Q228033,P31,Q4167410
Q228033,P1889,Q55634979
Q228033,P460,Q3989612
Q228033,P460,Q84596516
Q228033,P460,Q84596568
Q228033,P460,Q28337382
Q228033,P460,Q84597057
Q352850,P31,Q4167410
Q226283,P31,Q4167410
Q226283,P1889,Q37013550
Q226283,P1889,Q48727301
Q287,P279,Q40397
Q287,P279,Q1138571
Q287,P279,Q3300024
Q287,P279,Q28969364
Q287,P279,Q21685333
Q287,P910,Q6170879
Q287,P1343,Q2657718
Q287,P1343,Q602358
Q287,P1343,Q1768721
Q287,P1552,Q216678
Q287,P1424,Q15205293
Q287,P1535,Q6138343
Q287,P1535,Q326358
Q287,P1535,Q15977971
Q287,P5008,Q5460604
Q287,P1582,Q10884
Q287,P186,Q12020010
Q287,P186,Q184817
Q287,P186,Q87989458
Q4873270,P31,Q4167410
Q705914,P279,Q327197
Q705914,P279,Q49848
Q705914,P279,Q11028
Q705914,P910,Q9000725
Q705914,P1343,Q2041543
Q705914,P1343,Q19538713
Q705914,P1889,Q1864008
Q705914,P1889,Q224423
Q705914,P527,Q65768865
Q705914,P527,Q2099485
Q83437,P279,Q7946
Q83437,P910,Q7213521
Q83437,P366,Q161439
Q83437,P1343,Q4173137
Q83437,P1343,Q1768721
Q83437,P1424,Q25630962
Q1406719,P17,Q224
Q1406719,P31,Q486972
Q1406719,P421,Q6655
Q1406719,P421,Q6723
Q1406719,P131,Q57071
Q227668,P31,Q4167410
Q227668,P1889,Q16882248
Q227668,P1889,Q933726
Q227668,P1889,Q30724063
Q227668,P460,Q1250783
Q227668,P460,Q451453
Q227668,P460,Q20433927
Q227668,P460,Q196194
Q209465,P279,Q19691007
Q209465,P279,Q5341295
Q209465,P361,Q3918
Q209465,P361,Q1365560
Q209465,P527,Q19844914
Q209465,P910,Q8337572
Q209465,P1889,Q10572386
Q5327484,P31,Q4167410
Q48995880,P279,Q45701
Q170430,P910,Q8789531
Q170430,P361,Q4420891
Q170430,P279,Q1823478
Q128593,P910,Q7484787
Q128593,P31,Q23847174
Q128593,P31,Q1047698
Q128593,P361,Q5891
Q128593,P361,Q9174
Q128593,P1269,Q748
Q128593,P1269,Q9089
Q128593,P1343,Q1768721
Q413593,P31,Q4167410
Q413593,P1889,Q21286599
Q413593,P1889,Q30503965
Q413593,P460,Q1754576
Q347599,P31,Q4167410
Q9963,P361,Q8229
Q9963,P361,Q754673
Q9963,P361,Q76228
Q9963,P361,Q607188
Q9963,P361,Q20581324
Q9963,P361,Q1095058
Q9963,P361,Q1187758
Q9963,P361,Q372785
Q9963,P361,Q1193493
Q9963,P361,Q622712
Q9963,P361,Q637405
Q9963,P361,Q550383
Q9963,P361,Q755124
Q9963,P361,Q18691434
Q9963,P361,Q994407
Q9963,P361,Q384749
Q9963,P361,Q1493494
Q9963,P361,Q2839543
Q9963,P361,Q2352347
Q9963,P31,Q19776628
Q9963,P31,Q3841820
Q9963,P1343,Q2041543
Q9963,P1343,Q867541
Q9963,P1299,Q17021621
Q9963,P910,Q27560768
Q9963,P1889,Q27254
Q304157,P31,Q4167410
Q160232,P31,Q60539481
Q160232,P910,Q7023199
Q160232,P461,Q316
Q160232,P279,Q13631330
Q160232,P1542,Q770480
Q160232,P1343,Q1970746
Q160232,P361,Q77468620
Q178706,P279,Q43229
Q178706,P910,Q6642852
Q178706,P910,Q6529540
Q178706,P460,Q4430243
Q178706,P1889,Q1664720
Q29536,P910,Q8708871
Q29536,P527,Q12756954
Q29536,P279,Q9174
Q29536,P1343,Q2041543
Q29536,P1343,Q63284758
Q29536,P460,Q12371796
Q29536,P31,Q49447
Q551997,P279,Q11064354
Q551997,P279,Q214609
Q551997,P279,Q124291
Q551997,P186,Q11427
Q551997,P186,Q753
Q551997,P186,Q663
Q551997,P186,Q124291
Q551997,P1889,Q188447
Q551997,P1889,Q162
Q551997,P910,Q8084985
Q551997,P1343,Q602358
Q551997,P1343,Q4532138
Q570309,P31,Q878214
Q410470,P31,Q4167410
Q36348,P279,Q781413
Q36348,P910,Q6488379
Q36348,P1269,Q35831
Q36348,P1343,Q1768721
Q205555,P279,Q160402
Q205555,P527,Q328835
Q205555,P910,Q13696645
Q205555,P1889,Q159904
Q205555,P1889,Q9415
Q205555,P1889,Q331769
Q205555,P1889,Q173253
Q205555,P1889,Q3955369
Q205555,P828,Q9415
Q205555,P460,Q7451247
Q205555,P1343,Q4532138
Q3285888,P31,Q4167410
Q3326911,P31,Q4167410
Q3326911,P1889,Q1933604
Q3326911,P460,Q1223600
Q234455,P31,Q4167410
Q234455,P1889,Q25017056
Q706622,P910,Q7494754
Q706622,P31,Q151885
Q706622,P1343,Q2041543
Q706622,P1343,Q101314624
Q706622,P1382,Q4503831
Q706622,P279,Q54989186
Q706622,P460,Q17285911
Q706622,P527,Q4503831
Q172858,P1343,Q2657718
Q172858,P279,Q17281278
Q172858,P279,Q1293220
Q172858,P910,Q9888584
Q172858,P1552,Q28860419
Q193291,P279,Q15619164
Q193291,P279,Q28855038
Q193291,P279,Q4271324
Q193291,P1343,Q2657718
Q193291,P910,Q9520393
Q1320884,P31,Q4167410
Q1320884,P1889,Q12805837
Q1320884,P1889,Q16889150
Q1320884,P1889,Q56557290
Q1320884,P460,Q2528562
Q1320884,P460,Q13408895
Q1320884,P460,Q539636
Q28693,P1995,Q5284418
Q28693,P31,Q12136
Q28693,P460,Q20919213
Q28693,P1889,Q8452
Q28693,P279,Q96649463
Q28693,P279,Q102186871
Q28693,P279,Q102186786
Q28693,P910,Q60820199
Q28693,P5008,Q4099686
Q12024,P105,Q34740
Q12024,P171,Q101680
Q12024,P171,Q9339721
Q12024,P31,Q16521
Q12024,P1672,Q212933
Q12024,P1672,Q1503211
Q12024,P1672,Q6982026
Q12024,P1672,Q59672484
Q12024,P910,Q8980694
Q12024,P366,Q59668787
Q12024,P427,Q133128
Q179461,P279,Q12617225
Q179461,P279,Q49848
Q179461,P279,Q7725634
Q179461,P910,Q6141299
Q179461,P910,Q9232453
Q179461,P31,Q223393
Q394963,P31,Q4167410
Q394963,P460,Q226520
Q394963,P460,Q64831533
Q394963,P460,Q64831540
Q394963,P460,Q64831551
Q394963,P460,Q64831563
Q394963,P460,Q64831573
Q394963,P460,Q64831579
Q275186,P910,Q7254519
Q275186,P361,Q46952
Q275186,P279,Q1788992
Q275186,P2670,Q20650523
Q152,P171,Q26214
Q152,P31,Q16521
Q152,P31,Q55983715
Q152,P31,Q208755
Q152,P31,Q2612572
Q152,P31,Q55983715
Q152,P2579,Q60242
Q152,P1343,Q602358
Q152,P1343,Q19180675
Q152,P1343,Q1768721
Q152,P5008,Q5460604
Q152,P5125,Q7112636
Q152,P910,Q7132780
Q152,P1672,Q600396
Q152,P1672,Q219426
Q152,P1672,Q748786
Q152,P1672,Q96756279
Q152,P1672,Q96756315
Q152,P3512,Q5454646
Q152,P279,Q729
Q152,P105,Q37517
Q152,P1552,Q5283970
Q152,P1552,Q25622209
Q1487,P31,Q12737077
Q1487,P31,Q264965
Q1487,P279,Q82594
Q1487,P1889,Q2798820
Q1487,P910,Q9828254
Q1487,P1343,Q97941042
Q37425,P279,Q62394159
Q37425,P279,Q66516262
Q37425,P361,Q133105
Q37425,P910,Q6914036
Q37425,P1343,Q19558994
Q37425,P1343,Q602358
Q37425,P927,Q133105
Q37425,P527,Q28854756
Q37425,P527,Q62394131
Q37425,P527,Q62394973
Q37425,P366,Q8866546
Q9927,P31,Q19776628
Q9927,P31,Q3841820
Q9927,P361,Q606972
Q9927,P361,Q607188
Q9927,P361,Q20581324
Q9927,P361,Q1187758
Q9927,P361,Q637405
Q9927,P361,Q570693
Q9927,P361,Q550383
Q9927,P361,Q755124
Q9927,P361,Q18691434
Q9927,P361,Q384749
Q9927,P361,Q994407
Q9927,P361,Q2839543
Q9927,P361,Q1493494
Q9927,P361,Q76228
Q9927,P361,Q754673
Q9927,P361,Q8229
Q9927,P361,Q90681288
Q9927,P1299,Q17080934
Q9927,P910,Q32080321
Q9927,P1889,Q9893
Q9927,P1343,Q867541
Q3962,P279,Q16338
Q3962,P279,Q16917685
Q3962,P279,Q1820120
Q3962,P910,Q5113858
Q3962,P527,Q193395
Q3962,P527,Q250
Q3962,P527,Q5290
Q3962,P527,Q267298
Q3962,P527,Q4321
Q3962,P527,Q5295
Q3962,P527,Q165233
Q3962,P527,Q76824186
Q3962,P31,Q1148887
Q6881518,P31,Q431289
Q121176,P910,Q7013300
Q121176,P31,Q30109942
Q121176,P1424,Q10769058
Q121176,P527,Q2801621
Q121176,P279,Q48768031
Q121176,P3095,Q186360
Q121176,P3095,Q10718797
Q121176,P3095,Q85790021
Q121176,P101,Q70364769
Q83760,P31,Q4167410
Q83760,P1889,Q37489346
Q218975,P31,Q4167410
Q353589,P31,Q4167410
Q353589,P1889,Q36933283
Q2827815,P910,Q6036242
Q2827815,P361,Q166542
Q2827815,P361,Q3422086
Q2827815,P31,Q151885
Q2827815,P279,Q26132748
Q2827815,P279,Q1643184
Q2827815,P1889,Q296232
Q1121708,P910,Q7216531
Q1121708,P461,Q7632586
Q1121708,P279,Q2995644
Q1121708,P279,Q1190554
Q1121708,P279,Q944806
Q1121708,P1382,Q690140
Q1121708,P1889,Q2493625
Q201650,P910,Q15957557
Q201650,P279,Q622645
Q201650,P31,Q1411242
Q201650,P1343,Q4173137
Q201650,P1343,Q4086271
Q121359,P279,Q28877
Q121359,P910,Q7215300
Q121359,P361,Q159810
Q121359,P361,Q8425
Q121359,P1343,Q2657718
Q121359,P1424,Q8084842
Q121359,P1269,Q19720704
Q121359,P2184,Q22908914
Q121359,P1552,Q6031565
Q292572,P31,Q4167410
Q187939,P31,Q3958441
Q187939,P31,Q8148
Q187939,P31,Q8187769
Q187939,P910,Q6683771
Q187939,P279,Q4459228
Q187939,P279,Q10843872
Q187939,P279,Q7406919
Q187939,P361,Q55639
Q187939,P1889,Q739302
Q187939,P5125,Q3610525
Q187939,P2670,Q1824206
Q187939,P1343,Q2041543
Q187939,P1424,Q6839140
Q187939,P3095,Q87285943
Q187939,P3095,Q18244268
Q187939,P460,Q8148
Q663143,P31,Q4167410
Q663143,P1889,Q2897903
Q663143,P1889,Q20664838
Q663143,P1889,Q20664839
Q45701,P910,Q7470779
Q45701,P279,Q214609
Q45701,P2959,Q22828734
Q45701,P2354,Q3531616
Q45701,P1424,Q8084253
Q45701,P1343,Q19190511
Q45701,P1343,Q602358
Q45701,P1343,Q1970746
Q45701,P1343,Q101314624
Q45701,P460,Q72609855
Q2145614,P31,Q4167410
Q26540,P279,Q40218
Q26540,P279,Q1297322
Q26540,P910,Q6327070
Q26540,P397,Q2
Q26540,P361,Q967145
Q26540,P1424,Q28869388
Q211857,P31,Q4167410
Q11016,P1151,Q13172422
Q11016,P279,Q28797
Q11016,P910,Q4884546
Q11016,P2578,Q2695280
Q11016,P1424,Q8084427
Q11016,P2283,Q2695280
Q11016,P5008,Q5460604
Q11016,P5125,Q7112740
Q11016,P6104,Q9497549
Q11016,P2184,Q465352
Q11016,P2184,Q12161084
Q11016,P31,Q11862829
Q11016,P1343,Q4532138
Q11016,P3095,Q16026109
Q64418,P910,Q8269913
Q64418,P279,Q728
Q64418,P279,Q690109
Q64418,P1343,Q2657718
Q64418,P1343,Q4114391
Q64418,P1343,Q4114391
Q64418,P1343,Q4114391
Q64418,P1343,Q19180675
Q64418,P1343,Q1970746
Q64418,P1343,Q602358
Q64418,P1343,Q4114391
Q64418,P1535,Q1116728
Q64418,P137,Q383108
Q224419,P31,Q4167410
Q224419,P1889,Q37110837
Q1215780,P138,Q17781833
Q1215780,P31,Q4167410
Q1215780,P361,Q2707815
Q791801,P279,Q37112258
Q791801,P279,Q2695280
Q791801,P1542,Q37113960
Q791801,P1889,Q745328
Q791801,P31,Q10843872
Q12870,P910,Q6009239
Q12870,P279,Q79529
Q12870,P279,Q5376832
Q12870,P1542,Q786054
Q12870,P1542,Q179057
Q12870,P366,Q786054
Q12870,P1343,Q234535
Q12870,P1343,Q19180675
Q12870,P1343,Q602358
Q12870,P1343,Q4114391
Q12870,P1343,Q2041543
Q12870,P5008,Q5460604
Q12870,P1552,Q3738765
Q12870,P1552,Q899092
Q12870,P1552,Q903517
Q12870,P1552,Q77569705
Q12870,P2738,Q23766486
Q12870,P31,Q100434640
Q38867,P910,Q8583296
Q38867,P279,Q1146001
Q38867,P279,Q65037298
Q38867,P1343,Q2657718
Q38867,P1424,Q18857045
Q38867,P1056,Q65595739
Q402870,P31,Q4167410
Q12136,P279,Q2057971
Q12136,P279,Q567555
Q12136,P910,Q9789161
Q12136,P1343,Q2657718
Q12136,P1343,Q4114391
Q12136,P1343,Q602358
Q12136,P1343,Q19180675
Q12136,P1343,Q1768721
Q12136,P1963,P1060
Q12136,P1963,P1995
Q12136,P1963,P2176
Q12136,P1963,P780
Q12136,P1963,P2854
Q12136,P1963,P924
Q12136,P1963,P2293
Q12136,P1963,P1692
Q12136,P1963,P667
Q12136,P1963,P1193
Q12136,P1963,P923
Q12136,P1963,P138
Q12136,P1424,Q6436840
Q12136,P1424,Q22765453
Q12136,P461,Q12147
Q12136,P2579,Q7208
Q12136,P5008,Q5460604
Q12136,P5008,Q87748614
Q12136,P5008,Q4099686
Q12136,P1687,P5132
Q12136,P1687,P5166
Q12136,P1687,P492
Q12136,P1542,Q267505
Q12136,P1552,Q169872
Q12136,P1552,Q5282120
Q12136,P1552,Q2199864
Q12136,P1552,Q96278582
Q12136,P1552,Q54932064
Q12136,P1552,Q88468369
Q6016699,P31,Q4167410
Q6016699,P1889,Q13610143
Q6016699,P1889,Q6766392
Q6016699,P460,Q3290377
Q6016699,P460,Q21334681
Q6016699,P460,Q17516274
Q6016699,P460,Q230575
Q6016699,P460,Q234452
Q6016699,P460,Q397013
Q6016699,P460,Q122718
Q6016699,P460,Q765293
Q42240,P279,Q3249551
Q42240,P910,Q7216204
Q42240,P910,Q17452166
Q42240,P361,Q336
Q42240,P1151,Q25930158
Q42240,P527,Q46857
Q42240,P3095,Q1650915
Q42240,P3095,Q1622272
Q42240,P1687,P2578
Q42240,P460,Q1782301
Q409034,P31,Q4167410
Q409034,P1889,Q16882471
Q28147802,P31,Q4167410
Q28147802,P1889,Q37036282
Q853930,P279,Q165947
Q853930,P279,Q1191925
Q853930,P279,Q1920219
Q853930,P1995,Q2861470
Q853930,P461,Q1562684
Q853930,P31,Q13377026
Q853930,P31,Q1931388
Q853930,P1889,Q13377026
Q133346,P279,Q216200
Q133346,P279,Q3241107
Q133346,P910,Q8085493
Q133346,P1343,Q21002838
Q133346,P1343,Q2657718
Q133346,P1343,Q2041543
Q133346,P1687,P47
Q133346,P1889,Q1355821
Q133346,P1889,Q1292279
Q133346,P1889,Q875399
Q133346,P1889,Q12413618
Q133346,P527,Q68124151
Q133346,P1151,Q64827278
Q133346,P7084,Q25319829
Q16278284,P31,Q4167410
Q659,P461,Q667
Q659,P461,Q679
Q659,P461,Q684
Q659,P31,Q23718
Q659,P1343,Q2657718
Q659,P2959,Q26722656
Q659,P910,Q23759326
Q659,P138,Q30090244
Q659,P1889,Q229363
Q659,P1889,Q224360
Q659,P1889,Q396386
Q659,P1889,Q343213
Q659,P1889,Q51428494
Q659,P1889,Q29398103
Q659,P1889,Q408410
Q659,P1889,Q10602397
Q5589178,P361,Q36442
Q5589178,P279,Q28108
Q5589178,P279,Q183039
Q5589178,P910,Q9967629
Q5589178,P1889,Q1307214
Q7066,P461,Q620805
Q7066,P31,Q49447
Q7066,P31,Q2915955
Q7066,P31,Q5303685
Q7066,P910,Q8809006
Q7066,P1343,Q4173137
Q7066,P1343,Q19180675
Q7066,P1343,Q19211082
Q7066,P1343,Q1970746
Q7066,P1343,Q602358
Q7066,P1343,Q867541
Q7066,P1343,Q302556
Q7066,P1343,Q2041543
Q7066,P1552,Q16547842
Q7066,P1889,Q288928
Q7066,P1889,Q620834
Q7066,P1889,Q15303501
Q7066,P1382,Q16547842
Q7066,P5008,Q5460604
Q7066,P5125,Q1277049
Q7066,P279,Q58721
Q7066,P1299,Q13211738
Q131395,P279,Q17584038
Q131395,P31,Q41172303
Q131395,P1343,Q2657718
Q131395,P1343,Q101314624
Q131395,P910,Q7244856
Q131395,P1889,Q3025978
Q535119,P31,Q4167410
Q535119,P1889,Q45374471
Q415811,P279,Q354160
Q415811,P31,Q11173
Q415811,P31,Q10913792
Q415811,P31,Q27105731
Q415811,P527,Q556
Q415811,P527,Q867
Q415811,P1542,Q21174342
Q415811,P4952,Q51139288
Q415811,P1889,Q2990861
Q44148,P31,Q290
Q44148,P461,Q43445
Q44148,P910,Q7905582
Q44148,P361,Q182353
Q44148,P279,Q7239
Q44148,P279,Q19088
Q252396,P31,Q4167410
Q252396,P460,Q424380
Q252396,P460,Q22207187
Q252396,P1889,Q30428377
Q333763,P31,Q4167410
Q170539,P910,Q7449830
Q170539,P279,Q836950
Q170539,P279,Q35874
Q170539,P31,Q483394
Q170539,P1343,Q2041543
Q170539,P1343,Q27680201
Q170539,P1343,Q30059240
Q170539,P1343,Q602358
Q170539,P2283,Q47404700
Q170539,P3095,Q1148872
Q346986,P31,Q4167410
Q346986,P1889,Q37482280
Q2266109,P31,Q4167410
Q203457,P31,Q4167410
Q203457,P1889,Q12328504
Q203457,P1889,Q46197
Q400638,P31,Q4167410
Q342986,P31,Q4167410
Q6199,P910,Q8549239
Q6199,P1343,Q20743760
Q6199,P1343,Q4173137
Q6199,P1343,Q19180675
Q6199,P1343,Q602358
Q6199,P1343,Q867541
Q6199,P1343,Q2041543
Q6199,P1343,Q3181656
Q6199,P1343,Q101314624
Q6199,P2184,Q2746978
Q6199,P1889,Q1787424
Q6199,P1889,Q7188
Q6199,P1889,Q1516296
Q6199,P1889,Q5348185
Q6199,P1889,Q7264
Q6199,P1889,Q2371005
Q6199,P1889,Q750630
Q6199,P2579,Q29917753
Q6199,P1151,Q8519616
Q6199,P5008,Q5460604
Q6199,P3095,Q12961474
Q6199,P61,Q5749
Q6199,P1424,Q6025383
Q6199,P31,Q12909644
Q6199,P6104,Q15244022
Q174546,P1343,Q678259
Q174546,P1343,Q20961706
Q174546,P1343,Q4086271
Q174546,P1343,Q4173137
Q174546,P1343,Q19180675
Q174546,P1343,Q19211082
Q174546,P1343,Q1970746
Q174546,P1343,Q602358
Q174546,P1343,Q20096917
Q174546,P1343,Q867541
Q174546,P1343,Q3181656
Q174546,P910,Q20929901
Q174546,P31,Q12405827
Q174546,P1889,Q1124554
Q174546,P1889,Q538396
Q174546,P7047,Q302
Q174546,P7047,Q642420
Q174546,P361,Q1261111
Q4650720,P31,Q4167410
Q187436,P910,Q8311154
Q187436,P279,Q83267
Q187436,P279,Q366
Q187436,P279,Q23009552
Q187436,P1343,Q2041543
Q187436,P2283,Q20662590
Q237054,P31,Q4167410
Q237054,P1889,Q37461709
Q1416414,P279,Q930164
Q1416414,P1889,Q3393028
Q1416414,P1343,Q3181656
Q1416414,P910,Q9552814
Q1416414,P1382,Q5919309
Q627603,P279,Q93184
Q627603,P279,Q17537576
Q627603,P910,Q9000442
Q627603,P31,Q36649
Q627603,P3095,Q1114448
Q233654,P31,Q4167410
Q233654,P460,Q15793694
Q233654,P1889,Q18422741
Q233654,P1889,Q37437473
Q64221206,P31,Q4167410
Q64221206,P460,Q250233
Q64221206,P460,Q64221189
Q64221206,P460,Q64221212
Q4331685,P31,Q4167410
Q7565,P1687,P22
Q7565,P31,Q171318
Q7565,P279,Q7566
Q7565,P279,Q84048850
Q7565,P910,Q7353782
Q7565,P1552,Q6581097
Q7565,P179,Q267388
Q7565,P461,Q7560
Q7565,P461,Q29514218
Q7565,P1889,Q4837249
Q177413,P910,Q7132802
Q177413,P1343,Q678259
Q177413,P1343,Q2041543
Q177413,P1343,Q4086271
Q177413,P1343,Q19180675
Q177413,P1343,Q1970746
Q177413,P1343,Q602358
Q177413,P1343,Q20961706
Q177413,P1343,Q602358
Q177413,P279,Q193291
Q177413,P279,Q4271324
Q177413,P279,Q581450
Q177413,P460,Q2509384
Q177413,P460,Q6674
Q177413,P460,Q3465
Q177413,P460,Q1157107
Q177413,P460,Q654361
Q177413,P460,Q20828805
Q177413,P460,Q4318321
Q177413,P460,Q2829166
Q177413,P460,Q838412
Q177413,P1889,Q34315358
Q177413,P1889,Q1157625
Q177413,P1382,Q4318321
Q177413,P31,Q98088085
Q7340,P31,Q9174
Q7340,P910,Q8380083
Q7340,P112,Q320281
Q7340,P112,Q2247142
Q1233122,P31,Q4167410
Q1233122,P1889,Q16867860
Q144,P366,Q39201
Q144,P366,Q36963
Q144,P366,Q680928
Q144,P366,Q2827808
Q144,P910,Q6830323
Q144,P417,Q152457
Q144,P417,Q159834
Q144,P417,Q212850
Q144,P279,Q57814795
Q144,P279,Q39201
Q144,P1343,Q2041543
Q144,P1343,Q602358
Q144,P1343,Q4086271
Q144,P1343,Q19180675
Q144,P1343,Q4532138
Q144,P1343,Q1768721
Q144,P31,Q55983715
Q144,P4733,Q38681
Q144,P4733,Q1188507
Q144,P4733,Q1592884
Q144,P5008,Q5460604
Q144,P2283,Q54502633
Q227619,P31,Q4167410
Q227619,P1889,Q36900661
Q7559,P279,Q7081489
Q7559,P910,Q7144542
Q7559,P1343,Q4086271
Q7559,P1343,Q4173137
Q7559,P1343,Q19180675
Q7559,P1343,Q1970746
Q7559,P1343,Q602358
Q7559,P1343,Q867541
Q7559,P1343,Q20961706
Q7559,P1343,Q3181656
Q7559,P1889,Q30170627
Q7559,P1889,Q731434
Q7559,P1151,Q42902135
Q7559,P1552,Q136746
Q89753,P279,Q863404
Q89753,P361,Q57821
Q56276691,P31,Q17232649
Q15728963,P31,Q4167410
Q5292,P31,Q223393
Q5292,P279,Q13136
Q5292,P279,Q6423319
Q5292,P279,Q1063801
Q5292,P279,Q2217301
Q5292,P910,Q5611832
Q5292,P1343,Q2041543
Q5292,P1343,Q602358
Q5292,P1343,Q19180675
Q5292,P1343,Q4173137
Q5292,P1343,Q63284758
Q5292,P1343,Q63284758
Q5292,P2959,Q20825420
Q5292,P2959,Q25696242
Q5292,P5008,Q5460604
Q5292,P1151,Q15657000
Q5292,P1382,Q18168594
Q5379491,P31,Q4167410
Q5380814,P31,Q4167410
Q13604588,P105,Q34740
Q13604588,P171,Q10642
Q13604588,P31,Q16521
Q13604588,P910,Q9634767
Q252678,P31,Q4167410
Q252678,P1889,Q11197778
Q16743864,P361,Q33767
Q16743864,P31,Q371174
Q227744,P31,Q4167410
Q227744,P460,Q1474077
Q227744,P460,Q16058377
Q227744,P460,Q3553355
Q227744,P1889,Q56281007
Q14493119,P31,Q4167410
Q14493119,P1889,Q36999948
Q352904,P31,Q4167410
Q347171,P460,Q16797340
Q347171,P31,Q4167410
Q255248,P31,Q4167410
Q178598,P31,Q12909644
Q178598,P910,Q7486007
Q178598,P1151,Q15223267
Q178598,P5125,Q3531509
Q178598,P5008,Q13382529
Q178598,P279,Q6216
Q178598,P1387,Q204481
Q41298,P279,Q1002697
Q41298,P279,Q340169
Q41298,P279,Q43229
Q41298,P279,Q39725049
Q41298,P910,Q5645723
Q41298,P1151,Q15657033
Q41298,P1343,Q2657718
Q41298,P1424,Q5618602
Q41298,P1424,Q13256340
Q41298,P1963,P2761
Q41298,P527,Q44532723
Q41298,P6104,Q59961429
Q41298,P5869,Q53644712
Q11423,P31,Q28733284
Q11423,P1687,P2067
Q11423,P1343,Q2657718
Q11423,P1343,Q26711933
Q11423,P1343,Q73391977
Q11423,P1343,Q68977959
Q11423,P910,Q5911532
Q11423,P1552,Q122508
Q11423,P1552,Q11379
Q11423,P361,Q35875
Q11423,P361,Q11402
Q11423,P1889,Q1097654
Q11423,P1889,Q25288
Q11423,P279,Q3386703
Q11423,P279,Q30337748
Q11423,P279,Q107715
Q11423,P1542,Q11402
Q11423,P5008,Q5460604
Q11423,P8111,Q11570
Q11423,P8111,Q191118
Q938926,P279,Q838948
Q938926,P1269,Q28869416
Q938926,P138,Q1284709
Q938926,P1889,Q29188408
Q740777,P910,Q9620563
Q740777,P279,Q1485500
Q740777,P361,Q39809
Q740777,P527,Q37038
Q6875393,P31,Q4167410
Q733786,P910,Q13219777
Q733786,P31,Q63187345
Q733786,P279,Q102250838
Q733786,P279,Q2566598
Q733786,P425,Q148836
Q733786,P1889,Q1027266
Q733786,P1889,Q42603
Q733786,P1343,Q602358
Q733786,P1343,Q19180675
Q733786,P361,Q3355750
Q733786,P1382,Q2995512
Q733786,P1552,Q6581097
Q733786,P2789,Q102250838
Q638,P1151,Q3249405
Q638,P279,Q735
Q638,P279,Q173799
Q638,P279,Q11461
Q638,P910,Q8255
Q638,P1343,Q4173137
Q638,P1343,Q19180675
Q638,P1343,Q602358
Q638,P1343,Q867541
Q638,P1343,Q27680201
Q638,P1343,Q1768721
Q638,P1343,Q1970746
Q638,P2959,Q20829645
Q638,P527,Q11461
Q638,P1552,Q2199864
Q638,P1552,Q192822
Q638,P1552,Q188451
Q638,P2184,Q846047
Q638,P2184,Q10590700
Q638,P31,Q56055944
Q638,P31,Q1047113
Q638,P5008,Q5460604
Q638,P2579,Q164204
Q638,P2579,Q193544
Q638,P6104,Q5830855
Q638,P3095,Q2675537
Q638,P3095,Q486748
Q638,P3095,Q639669
Q638,P3095,Q1278335
Q638,P3095,Q1116831
Q638,P3095,Q4351403
Q638,P3095,Q17156829
Q638,P3095,Q9355558
Q638,P3095,Q20850090
Q638,P3095,Q81759238
Q638,P1889,Q11786793
Q638,P461,Q89362829
Q3285695,P279,Q7239
Q3285695,P2579,Q420
Q3285695,P2579,Q7162
Q7519600,P279,Q189819
Q7519600,P279,Q2627975
Q7519600,P279,Q628455
Q7519600,P1889,Q956444
Q11460,P279,Q386724
Q11460,P279,Q2424752
Q11460,P279,Q8205328
Q11460,P910,Q7214143
Q11460,P186,Q28823
Q11460,P186,Q286
Q11460,P186,Q1792537
Q11460,P361,Q12684
Q11460,P361,Q11828862
Q11460,P366,Q2526135
Q11460,P366,Q12684
Q11460,P366,Q162297
Q11460,P1552,Q1075138
Q11460,P2670,Q28935403
Q11460,P1687,P3828
Q11460,P1687,P7376
Q11460,P1424,Q8079042
Q11460,P1343,Q30059240
Q11460,P1343,Q4173137
Q11460,P1343,Q602358
Q11460,P1343,Q4086271
Q11460,P1343,Q1970746
Q11460,P1343,Q19190511
Q11460,P1343,Q1768721
Q11460,P5008,Q5460604
Q11460,P2184,Q2501507
Q11460,P176,Q242468
Q1210273,P31,Q4167410
Q1210273,P1889,Q2049824
Q105726,P279,Q185557
Q105726,P279,Q185557
Q105726,P279,Q14863382
Q105726,P910,Q13300764
Q105726,P31,Q2996394
Q105726,P1343,Q2041543
Q321767,P279,Q28935403
Q321767,P1889,Q15846662
Q321767,P31,Q987767
Q191768,P279,Q10990
Q191768,P279,Q3243069
Q191768,P910,Q8803470
Q191768,P1582,Q787
Q44782,P279,Q2516121
Q44782,P279,Q13226383
Q44782,P1424,Q5963628
Q44782,P910,Q5902907
Q44782,P1889,Q283202
Q44782,P1343,Q65109596
Q44782,P1343,Q4532138
Q188728,P279,Q191600
Q188728,P279,Q780687
Q188728,P279,Q1503443
Q188728,P910,Q7023209
Q188728,P1424,Q20343729
Q188728,P5008,Q13382529
Q188728,P1269,Q189900
Q188728,P1382,Q2476929
Q188728,P1382,Q308859
Q188728,P1382,Q3815274
Q233597,P31,Q4167410
Q233597,P1889,Q30100566
Q1643652,P1343,Q2657718
Q1643652,P1343,Q4114391
Q1643652,P1343,Q602358
Q1643652,P1343,Q4114391
Q1643652,P1343,Q19180675
Q1643652,P1343,Q4114391
Q1643652,P279,Q2041172
Q413895,P31,Q4167410
Q413895,P1889,Q2142550
Q1248702,P31,Q4167410
Q34442,P910,Q7913343
Q34442,P1687,P560
Q34442,P1687,P16
Q34442,P1687,P1444
Q34442,P1687,P1427
Q34442,P1687,P2043
Q34442,P92,Q3074
Q34442,P1424,Q10974827
Q34442,P1424,Q5899616
Q34442,P1963,P16
Q34442,P276,Q205895
Q34442,P156,Q1423981
Q34442,P1889,Q263661
Q34442,P1889,Q12799272
Q34442,P1343,Q30059240
Q34442,P1343,Q65109596
Q34442,P6104,Q2354239
Q34442,P279,Q376799
Q34442,P279,Q83620
Q34442,P6440,Q2354985
Q34442,P1552,Q7860962
Q34442,P2670,Q177749
Q10566551,P910,Q7022841
Q10566551,P279,Q813912
Q10566551,P279,Q10354783
Q10566551,P461,Q104493
Q10566551,P361,Q189447
Q10566551,P361,Q2689057
Q10566551,P1552,Q190258
Q10566551,P1552,Q2034862
Q10566551,P1889,Q2526135
Q1570376,P31,Q4167410
Q1570376,P1889,Q20997795
Q226640,P31,Q4167410
Q128758,P910,Q8705283
Q128758,P31,Q223393
Q128758,P31,Q1792379
Q128758,P279,Q35874
Q128758,P1343,Q2657718
Q128758,P1343,Q4173137
Q128758,P1343,Q602358
Q128758,P1343,Q19180675
Q128758,P3095,Q9334029
Q128758,P1889,Q3745430
Q1422576,P279,Q851782
Q1422576,P1343,Q4086271
Q1422576,P31,Q57216
Q225240,P31,Q4167410
Q67962720,P31,Q4167410
Q67962720,P460,Q394320
Q67962720,P460,Q67962875
Q67962720,P1889,Q1257592
Q67962720,P1889,Q3656245
Q67962720,P1889,Q1094654
Q67962720,P1889,Q3085871
Q67962720,P1889,Q18088717
Q508291,P279,Q1207505
Q508291,P461,Q723897
Q508291,P1382,Q1207152
Q1199068,P31,Q4167410
Q1904950,P31,Q4167410
Q1904950,P1889,Q37555651
Q523,P31,Q17444909
Q523,P279,Q6999
Q523,P279,Q1027098
Q523,P361,Q595871
Q523,P910,Q7037
Q523,P1424,Q6259679
Q523,P1343,Q2041543
Q523,P1343,Q4086271
Q523,P1343,Q602358
Q523,P1343,Q19180675
Q523,P1552,Q30318006
Q523,P1552,Q6449
Q523,P1552,Q124313
Q523,P1963,P881
Q523,P1963,P2215
Q523,P1963,P2067
Q523,P1963,P2120
Q523,P1963,P2076
Q523,P1963,P59
Q523,P5008,Q5460604
Q523,P5869,Q525
Q523,P5869,Q12176
Q523,P5869,Q62865616
Q523,P5869,Q14914807
Q523,P5869,Q1038165
Q523,P5869,Q13436
Q34700,P31,Q4167410
Q34700,P1889,Q37048997
Q34700,P1889,Q2097233
Q1029907,P279,Q24060765
Q1029907,P279,Q66545296
Q1029907,P910,Q7177888
Q1029907,P1343,Q19558994
Q1029907,P2286,Q707177
Q1029907,P2289,Q4115303
Q1029907,P2288,Q1995284
Q1029907,P927,Q682466
Q1029907,P31,Q4936952
Q1029907,P361,Q11829360
Q1029907,P2789,Q173710
Q1029907,P2789,Q11090
Q1029907,P2789,Q134955
Q1029907,P527,Q2449197
Q1029907,P527,Q3270352
Q1029907,P527,Q33138851
Q1029907,P527,Q1542842
Q1029907,P4330,Q945611
Q1029907,P4843,Q59923892
Q58179319,P461,Q28008277
Q58179319,P279,Q215627
Q58179319,P1552,Q24238356
Q79007,P279,Q34442
Q79007,P910,Q6281728
Q79007,P1687,P669
Q79007,P1687,P969
Q79007,P1687,P6375
Q79007,P1687,P1945
Q79007,P361,Q319608
Q79007,P1963,P2043
Q79007,P1963,P131
Q79007,P1963,P1427
Q79007,P1963,P1444
Q79007,P1963,P17
Q79007,P527,Q34442
Q79007,P527,Q177749
Q79007,P527,Q503958
Q79007,P527,Q8010
Q79007,P1424,Q6151021
Q79007,P5869,Q189417
Q79007,P5869,Q160899
Q79007,P5869,Q217099
Q79007,P1343,Q65109596
Q211257,P910,Q8368567
Q211257,P31,Q904201
Q211257,P112,Q6097538
Q211257,P2959,Q85979242
Q14749,P31,Q4167410
Q14749,P910,Q75717650
Q14749,P1889,Q37536527
Q14749,P1889,Q22950473
Q131774,P155,Q276258
Q131774,P31,Q785260
Q131774,P31,Q185836
Q131774,P910,Q7441541
Q131774,P1343,Q2041543
Q131774,P2670,Q1492760
Q131774,P1269,Q2347178
Q131774,P156,Q378915
Q255226,P31,Q4167410
Q255226,P1889,Q7830161
Q255226,P1889,Q29571515
Q397908,P31,Q4167410
Q3567104,P31,Q4167410
Q42329,P910,Q8735917
Q42329,P279,Q874142
Q42329,P366,Q11547758
Q42329,P1343,Q28888841
Q42329,P1343,Q5217764
Q42329,P1343,Q1768721
Q42329,P1343,Q19180675
Q42329,P31,Q161
Q651483,P279,Q357003
Q651483,P1343,Q602358
Q651483,P1343,Q1970746
Q224322,P31,Q4167410
Q224322,P1889,Q1159009
Q224322,P1889,Q16871117
Q224322,P460,Q3804644
Q224322,P460,Q226670
Q224322,P460,Q18195528
Q224322,P460,Q397210
Q224322,P460,Q399950
Q224322,P460,Q419336
Q224322,P460,Q18197861
Q224322,P460,Q423962
Q224322,P460,Q414438
Q224322,P460,Q423887
Q224322,P460,Q999160
Q224322,P460,Q1179393
Q224322,P460,Q1158391
Q224322,P460,Q10289446
Q224322,P460,Q1379652
Q224322,P460,Q1411000
Q224322,P460,Q1691910
Q224322,P460,Q1655434
Q224322,P460,Q19801203
Q224322,P460,Q10988221
Q224322,P460,Q16231233
Q224322,P460,Q16765160
Q224322,P460,Q25990475
Q6388,P279,Q3467704
Q6388,P279,Q451967
Q6388,P910,Q7216209
Q6388,P641,Q31920
Q6388,P1343,Q2041543
Q6388,P1151,Q14615950
Q6388,P3095,Q10843402
Q102786,P279,Q80071
Q102786,P279,Q728001
Q102786,P279,Q8171
Q102786,P910,Q7216199
Q102786,P1343,Q2657718
Q102786,P1343,Q602358
Q102786,P1343,Q19180675
Q102786,P1343,Q20078554
Q102786,P1343,Q37878937
Q102786,P1343,Q4173137
Q102786,P1687,P1813
Q102786,P361,Q8192
Q102786,P31,Q728001
Q102786,P1151,Q151369
Q393926,P31,Q4167410
Q345491,P31,Q4167410
Q345491,P1889,Q37205721
Q82550,P279,Q8171
Q82550,P910,Q8330885
Q82550,P1382,Q11147959
Q282049,P279,Q20127274
Q235969,P31,Q4167410
Q395112,P31,Q4167410
Q395112,P1889,Q932984
Q5448819,P31,Q4167410
Q5448819,P1889,Q37228555
Q535119,P31,Q4167410
Q535119,P1889,Q45374471
Q5576686,P31,Q4167410
Q25235,P31,Q1790144
Q25235,P31,Q3268848
Q25235,P31,Q82047057
Q25235,P527,Q7727
Q25235,P361,Q573
Q25235,P910,Q9929081
Q25235,P111,Q2199864
Q25235,P1343,Q2041543
Q25235,P1343,Q26711932
Q25235,P279,Q186081
Q25235,P2959,Q22828596
Q25235,P1424,Q41524232
Q25235,P1889,Q14333806
Q16886557,P31,Q21278897
Q16886557,P1889,Q1671829
Q122407,P31,Q4167410
Q3925982,P31,Q4167410
Q438399,P31,Q4167410
Q438399,P1889,Q37516542
Q6671777,P279,Q35120
Q6671777,P910,Q6643007
Q6671777,P1343,Q2657718
Q6671777,P1889,Q8083174
Q6671777,P1889,Q811979
Q6671777,P1552,Q66424847
Q1510180,P31,Q4167410
Q641184,P31,Q4167410
Q26256512,P279,Q2184645
Q241625,P279,Q775842
Q4780983,P31,Q4167410
Q7066,P461,Q620805
Q7066,P31,Q49447
Q7066,P31,Q2915955
Q7066,P31,Q5303685
Q7066,P910,Q8809006
Q7066,P1343,Q4173137
Q7066,P1343,Q19180675
Q7066,P1343,Q19211082
Q7066,P1343,Q1970746
Q7066,P1343,Q602358
Q7066,P1343,Q867541
Q7066,P1343,Q302556
Q7066,P1343,Q2041543
Q7066,P1552,Q16547842
Q7066,P1889,Q288928
Q7066,P1889,Q620834
Q7066,P1889,Q15303501
Q7066,P1382,Q16547842
Q7066,P5008,Q5460604
Q7066,P5125,Q1277049
Q7066,P279,Q58721
Q7066,P1299,Q13211738
Q17736,P910,Q8611992
Q17736,P1343,Q2657718
Q17736,P1343,Q4532138
Q17736,P460,Q1396667
Q17736,P361,Q792542
Q17736,P1535,Q11538
Q17736,P1889,Q792548
Q17736,P279,Q2684591
Q17736,P279,Q108163
Q17736,P31,Q24034552
Q41207,P1557,Q1368
Q41207,P910,Q7068447
Q41207,P279,Q18536132
Q41207,P279,Q18593264
Q41207,P279,Q386724
Q41207,P279,Q2342494
Q41207,P279,Q693464
Q41207,P279,Q220659
Q41207,P2959,Q22828805
Q41207,P527,Q257418
Q41207,P527,Q1542661
Q41207,P527,Q2445829
Q41207,P527,Q308800
Q41207,P527,Q1812480
Q41207,P1424,Q6446039
Q41207,P1424,Q22874850
Q41207,P1552,Q1401905
Q41207,P1552,Q21651973
Q41207,P1552,Q931754
Q41207,P1552,Q28796263
Q41207,P1552,Q581730
Q41207,P2579,Q631286
Q41207,P1343,Q602358
Q41207,P1343,Q4086271
Q41207,P1343,Q19180675
Q41207,P6104,Q10858447
Q19924622,P31,Q4167410
Q226635,P31,Q4167410
Q405260,P31,Q4167410
Q405260,P460,Q109182
Q405260,P460,Q750723
Q405260,P460,Q64151506
Q405260,P460,Q64151849
Q405260,P460,Q64151947
Q405260,P1889,Q37160196
Q405260,P1889,Q2991651
Q348914,P31,Q4167410
Q348914,P460,Q66305764
Q240905,P31,Q4167410
Q240905,P1889,Q16865733
Q6225,P190,Q914
Q6225,P190,Q1731
Q6225,P190,Q154888
Q6225,P190,Q141881
Q6225,P190,Q170996
Q6225,P190,Q1707
Q6225,P190,Q8385
Q6225,P190,Q11194
Q6225,P190,Q13298
Q6225,P190,Q34692
Q6225,P190,Q36647
Q6225,P190,Q41185
Q6225,P190,Q42716
Q6225,P190,Q171357
Q6225,P190,Q182625
Q6225,P190,Q1016933
Q6225,P17,Q145
Q6225,P131,Q20986417
Q6225,P31,Q515
Q6225,P31,Q1549591
Q6225,P910,Q7317788
Q6225,P1464,Q8058431
Q6225,P1465,Q9218170
Q6225,P1792,Q7112475
Q6225,P1343,Q2657718
Q6225,P1343,Q3181656
Q6225,P47,Q813962
Q6225,P1791,Q46229068
Q6225,P6,Q55068942
Q6225,P421,Q6574
Q6225,P112,Q638973
Q6225,P1376,Q20986417
Q6225,P7959,Q67575123
Q6225,P460,Q20986417
Q435371,P31,Q4167410
Q343285,P31,Q4167410
Q29539,P910,Q7331020
Q29539,P31,Q5725005
Q29539,P31,Q1924249
Q29539,P1687,P2054
Q29539,P1343,Q2657718
Q29539,P1343,Q26711933
Q29539,P1343,Q26711938
Q29539,P1343,Q73391977
Q29539,P1343,Q63284758
Q29539,P279,Q107715
Q29539,P279,Q3387041
Q29539,P4934,Q11423
Q29539,P4934,Q39297
Q29539,P8111,Q844211
Q1233862,P31,Q4167410
Q1233862,P460,Q1235039
Q1233862,P460,Q3712440
Q1233862,P460,Q71991063
Q1233862,P460,Q71991485
Q1233862,P460,Q71991761
Q1233862,P460,Q16869598
Q1233862,P1889,Q37137094
Q234634,P31,Q4167410
Q2585693,P279,Q1296024
Q2585693,P1889,Q1034411
Q2585693,P2959,Q1296024
Q2585693,P31,Q4167410
Q2585693,P910,Q13391793
Q1383909,P31,Q4167410
Q1383909,P460,Q72725985
Q1383909,P460,Q72734308
Q220888,P1343,Q2657718
Q220888,P1343,Q101314624
Q220888,P279,Q1789452
Q220888,P1535,Q30046708
Q220888,P1382,Q2149495
Q220888,P1269,Q868608
Q220888,P1269,Q316757
Q9739,P361,Q8229
Q9739,P361,Q606972
Q9739,P361,Q754673
Q9739,P361,Q76228
Q9739,P361,Q607188
Q9739,P361,Q20581324
Q9739,P361,Q1095058
Q9739,P361,Q1187758
Q9739,P361,Q372785
Q9739,P361,Q622712
Q9739,P361,Q637405
Q9739,P361,Q550383
Q9739,P361,Q755124
Q9739,P361,Q18691434
Q9739,P361,Q994407
Q9739,P361,Q384749
Q9739,P361,Q1493494
Q9739,P361,Q2839543
Q9739,P361,Q90681288
Q9739,P31,Q19776628
Q9739,P31,Q3841820
Q9739,P1299,Q17081915
Q9739,P1889,Q677516
Q9739,P1889,Q21066
Q9739,P910,Q32080324
Q9739,P1343,Q867541
Q213381,P1343,Q2657718
Q213381,P279,Q16334295
Q213381,P1424,Q28124449
Q9914,P361,Q8229
Q9914,P361,Q606972
Q9914,P361,Q754673
Q9914,P361,Q76228
Q9914,P361,Q607188
Q9914,P361,Q20581324
Q9914,P361,Q1095058
Q9914,P361,Q1187758
Q9914,P361,Q372785
Q9914,P361,Q637405
Q9914,P361,Q570693
Q9914,P361,Q550383
Q9914,P361,Q755124
Q9914,P361,Q18691434
Q9914,P361,Q384749
Q9914,P361,Q994407
Q9914,P361,Q2839543
Q9914,P361,Q41670
Q9914,P361,Q5974462
Q9914,P361,Q90681288
Q9914,P31,Q19776628
Q9914,P31,Q3841820
Q9914,P1299,Q17021707
Q9914,P910,Q16325361
Q9914,P1419,Q4850193
Q9914,P1889,Q174069
Q9914,P1889,Q14396
Q9914,P1343,Q867541
Q28472,P910,Q5601891
Q28472,P186,Q189474
Q28472,P279,Q2920483
Q28472,P279,Q865663
Q28472,P279,Q66568863
Q28472,P361,Q40895177
Q28472,P361,Q66543709
Q28472,P5008,Q5460604
Q28472,P1343,Q602358
Q28472,P1343,Q19180675
Q28472,P1343,Q4086271
Q28472,P1343,Q1970746
Q28472,P1343,Q4173137
Q28472,P31,Q4936952
Q243530,P31,Q4167410
Q205,P910,Q7164757
Q205,P1343,Q302556
Q205,P1343,Q2657718
Q205,P913,Q6030066
Q205,P31,Q24034552
Q205,P5008,Q5460604
Q205,P1424,Q15603314
Q205,P279,Q4049983
Q242231,P31,Q4167410
Q16797717,P31,Q4167410
Q16797717,P1889,Q2073309
Q246639,P31,Q4167410
Q327029,P31,Q28640
Q327029,P31,Q4164871
Q327029,P279,Q33394058
Q327029,P910,Q8614983
Q327029,P417,Q179718
Q327029,P1889,Q6804564
Q327029,P1889,Q706835
Q327029,P425,Q1043452
Q170774,P910,Q7479547
Q170774,P1343,Q2657718
Q170774,P1343,Q2041543
Q170774,P1343,Q602358
Q170774,P1343,Q19180675
Q170774,P279,Q1190554
Q170774,P1889,Q18429006
Q170774,P1557,Q80837
Q170774,P460,Q103551725
Q9937,P31,Q3841820
Q9937,P31,Q19776628
Q9937,P361,Q8229
Q9937,P361,Q606972
Q9937,P361,Q754673
Q9937,P361,Q76228
Q9937,P361,Q607188
Q9937,P361,Q20581324
Q9937,P361,Q1187758
Q9937,P361,Q18694620
Q9937,P361,Q637405
Q9937,P361,Q278446
Q9937,P361,Q550383
Q9937,P361,Q755124
Q9937,P361,Q18691434
Q9937,P361,Q994407
Q9937,P361,Q384749
Q9937,P361,Q1493494
Q9937,P361,Q2839543
Q9937,P1299,Q17021792
Q9937,P1343,Q2041543
Q9937,P910,Q32080318
Q193181,P910,Q7022256
Q193181,P3095,Q28973077
Q193181,P366,Q1172399
Q193181,P31,Q1914636
Q193181,P279,Q160402
Q193181,P361,Q77468620
Q298708,P31,Q4167410
Q298708,P1343,Q2657718
Q230224,P31,Q4167410
Q230224,P1889,Q27533833
Q230224,P1889,Q11498019
Q230224,P1889,Q18655533
Q719602,P279,Q1949963
Q719602,P1687,P1193
Q719602,P1889,Q217690
Q9492,P910,Q14942845
Q9492,P31,Q192276
Q9492,P527,Q10290214
Q9492,P5008,Q5460604
Q9492,P5125,Q7112704
Q9492,P1343,Q602358
Q9492,P279,Q246672
Q9492,P2579,Q5862903
Q9492,P1552,Q190391
Q9492,P1552,Q207952
Q9492,P1552,Q355020
Q9492,P1552,Q200726
Q9492,P1424,Q17045846
Q2534388,P31,Q4167410
Q294638,P31,Q4167410
Q870109,P361,Q1261111
Q870109,P31,Q5978012
Q870109,P31,Q98088085
Q870109,P1441,Q17997396
Q448645,P31,Q4167410
Q105674,P279,Q2535935
Q105674,P279,Q349
Q105674,P279,Q219067
Q105674,P361,Q2997362
Q105674,P910,Q7013901
Q105674,P641,Q542
Q105674,P1343,Q2657718
Q105674,P1343,Q602358
Q105674,P1889,Q3694569
Q105674,P1889,Q816261
Q105674,P1889,Q21467672
Q105674,P1889,Q623273
Q105674,P3095,Q14616728
Q105674,P5125,Q7112719
Q105674,P31,Q2312410
Q7430592,P31,Q4167410
Q133250,P279,Q11348
Q133250,P279,Q17008256
Q133250,P279,Q20937557
Q133250,P910,Q8730188
Q133250,P1552,Q56857694
Q133250,P1889,Q4516355
Q133250,P1889,Q11085785
Q2917506,P31,Q4167410
Q419307,P31,Q4167410
Q235342,P31,Q4167410
Q690194,P279,Q48116930
Q690194,P1889,Q1630279
Q690194,P1889,Q89325745
Q12485,P910,Q8800321
Q12485,P461,Q752641
Q12485,P461,Q36803529
Q12485,P1343,Q2657718
Q12485,P1343,Q4532138
Q12485,P279,Q3505845
Q12485,P279,Q19829125
Q12485,P1889,Q29892597
Q12485,P5008,Q5460604
Q60960,P279,Q13415392
Q60960,P279,Q25570959
Q60960,P1552,Q3085221
Q60960,P1343,Q1970746
Q16279981,P31,Q4167410
Q8016240,P155,Q18536127
Q8016240,P361,Q8222382
Q8016240,P279,Q1190554
Q8016240,P279,Q2334719
Q8016240,P279,Q3922333
Q8016240,P710,Q41487
Q8016240,P710,Q531290
Q8016240,P710,Q512345
Q8016240,P710,Q600751
Q8016240,P910,Q7484686
Q8016240,P1963,P1591
Q8016240,P1963,P17
Q8016240,P1963,P1596
Q8016240,P1963,P1620
Q8016240,P1963,P2630
Q8016240,P1963,P1595
Q8016240,P1963,P1592
Q8016240,P1963,P1593
Q220888,P1343,Q2657718
Q220888,P1343,Q101314624
Q220888,P279,Q1789452
Q220888,P1535,Q30046708
Q220888,P1382,Q2149495
Q220888,P1269,Q868608
Q220888,P1269,Q316757
Q175199,P279,Q28873709
Q175199,P31,Q47103999
Q7920851,P31,Q4167410
Q1194824,P31,Q4167410
Q1289923,P31,Q4167410
Q12546,P910,Q5326194
Q12546,P1343,Q2657718
Q12546,P1343,Q19538713
Q12546,P1343,Q4114391
Q12546,P1343,Q602358
Q12546,P1343,Q4173137
Q12546,P1343,Q19180675
Q12546,P1343,Q302556
Q12546,P1343,Q3181656
Q12546,P1151,Q10730110
Q12546,P5008,Q5460604
Q12546,P527,Q51649
Q12546,P527,Q52145365
Q12546,P527,Q51654
Q12546,P527,Q52145976
Q12546,P527,Q51655
Q12546,P527,Q51656
Q12546,P527,Q51659
Q12546,P527,Q51660
Q12546,P527,Q1788485
Q12546,P527,Q510588
Q12546,P527,Q51653
Q12546,P1424,Q22706102
Q12546,P1424,Q26058128
Q12546,P31,Q20937557
Q12546,P31,Q180684
Q12546,P279,Q831663
Q12546,P2354,Q7055142
Q181036,P31,Q1762471
Q181036,P31,Q182545
Q181036,P460,Q5419252
Q181036,P1343,Q602358
Q181036,P1343,Q20078554
Q181036,P1343,Q101314624
Q43173,P361,Q9592
Q43173,P910,Q7581727
Q43173,P1343,Q19538713
Q43173,P1343,Q4173137
Q43173,P1343,Q19180675
Q43173,P1343,Q602358
Q43173,P1343,Q20961706
Q43173,P31,Q1530022
Q43173,P279,Q1640717
Q43173,P1365,Q2553591
Q194431,P361,Q234460
Q194431,P1343,Q20078554
Q194431,P1343,Q1970746
Q194431,P1343,Q19180675
Q194431,P1687,P958
Q194431,P279,Q234460
Q6498684,P279,Q1146011
Q6498684,P910,Q15100051
Q6498684,P361,Q2250903
Q6498684,P361,Q1149275
Q6498684,P361,Q1574901
Q6498684,P1343,Q2657718
Q6498684,P1343,Q2041543
Q6498684,P460,Q1400881
Q6498684,P1382,Q829909
Q6498684,P1889,Q829909
Q6498684,P31,Q2135465
Q6498684,P31,Q930933
Q6498684,P1269,Q11917765
Q6498684,P1687,P1830
Q6498684,P1552,Q2519156
Q6498684,P828,Q601401
Q6498684,P828,Q200303
Q6498684,P828,Q11398090
Q6498684,P828,Q795041
Q6498684,P828,Q707482
Q6498684,P828,Q14208553
Q6498684,P828,Q4895359
Q6498684,P828,Q4668392
Q6498684,P828,Q1096438
Q6498684,P828,Q12772819
Q6498684,P828,Q313326
Q5180419,P31,Q4167410
Q783794,P279,Q43229
Q783794,P279,Q3778211
Q783794,P460,Q21980538
Q783794,P460,Q6881511
Q783794,P460,Q4830453
Q783794,P1343,Q2041543
Q783794,P1343,Q4532138
Q783794,P1424,Q5625028
Q783794,P910,Q5982360
Q783794,P1889,Q19862406
Q783794,P1889,Q52834234
Q783794,P6104,Q15271936
Q783794,P527,Q2366457
Q783794,P1552,Q3376073
Q783794,P2579,Q8134
Q783794,P2579,Q5001951
Q783794,P2579,Q97008347
Q783794,P5008,Q99671171
Q396540,P31,Q4167410
Q396540,P1889,Q56085499
Q133182,P910,Q6125610
Q133182,P1343,Q2657718
Q133182,P1343,Q2041543
Q133182,P1343,Q20961706
Q133182,P1343,Q1138524
Q133182,P279,Q3769299
Q133182,P279,Q1914636
Q133182,P460,Q28401154
Q875157,P279,Q63099748
Q875157,P279,Q12292478
Q875157,P910,Q6179705
Q875157,P1889,Q4946461
Q157811,P910,Q7232922
Q157811,P279,Q31172650
Q157811,P461,Q1411242
Q157811,P460,Q46999631
Q157811,P1343,Q602358
Q157811,P1343,Q19180675
Q157811,P1343,Q101314624
Q157811,P1889,Q214970
Q157811,P361,Q77468620
Q157811,P1382,Q194112
Q4636396,P31,Q4167410
Q1319773,P1343,Q2657718
Q1319773,P279,Q3924032
Q1319773,P31,Q25368938
Q1319773,P461,Q363948
Q1319773,P1269,Q17488292
Q1379672,P279,Q1799072
Q1379672,P279,Q3249551
Q1379672,P910,Q7013214
Q1379672,P3095,Q635734
Q1379672,P1552,Q2881121
Q1379672,P279,Q1799072
Q1379672,P279,Q3249551
Q1379672,P910,Q7013214
Q1379672,P3095,Q635734
Q1379672,P1552,Q2881121
Q16782317,P31,Q4167410
Q16785309,P31,Q4167410
Q395,P527,Q12479
Q395,P527,Q8087
Q395,P527,Q3968
Q395,P527,Q149972
Q395,P527,Q217413
Q395,P527,Q12482
Q395,P527,Q12483
Q395,P527,Q5862903
Q395,P527,Q131476
Q395,P527,Q42989
Q395,P527,Q7754
Q395,P1151,Q7778173
Q395,P910,Q4619
Q395,P31,Q11862829
Q395,P31,Q4671286
Q395,P31,Q41511
Q395,P279,Q816264
Q395,P279,Q475023
Q395,P2184,Q185264
Q395,P2184,Q737279
Q395,P2578,Q246672
Q395,P2578,Q24034552
Q395,P1343,Q2041543
Q395,P1343,Q30059240
Q395,P1343,Q867541
Q395,P2737,Q23766486
Q395,P2959,Q20829391
Q395,P3095,Q170790
Q395,P5008,Q5460604
Q395,P5125,Q3610632
Q395,P6104,Q8487137
Q1206944,P31,Q4167410
Q299086,P31,Q4167410
Q186619,P910,Q6985940
Q186619,P279,Q190539
Q186619,P279,Q628523
Q186619,P3712,Q1231428
Q186619,P1552,Q1047000
Q186619,P31,Q108163
Q723897,P279,Q1207505
Q723897,P461,Q508291
Q723897,P1557,Q215772
Q723897,P1343,Q101314624
Q723897,P31,Q96253971
Q8091,P910,Q4960721
Q8091,P361,Q8162
Q8091,P1424,Q10562397
Q8091,P279,Q367293
Q8091,P279,Q8162
Q8091,P5008,Q5460604
Q8091,P1343,Q67386293
Q8091,P1343,Q13537252
Q8091,P1343,Q67386140
Q8091,P1552,Q980357
Q187939,P31,Q3958441
Q187939,P31,Q8148
Q187939,P31,Q8187769
Q187939,P910,Q6683771
Q187939,P279,Q4459228
Q187939,P279,Q10843872
Q187939,P279,Q7406919
Q187939,P361,Q55639
Q187939,P1889,Q739302
Q187939,P5125,Q3610525
Q187939,P2670,Q1824206
Q187939,P1343,Q2041543
Q187939,P1424,Q6839140
Q187939,P3095,Q87285943
Q187939,P3095,Q18244268
Q187939,P460,Q8148
Q234018,P31,Q4167410
Q234018,P1889,Q16861306
Q234018,P1343,Q2041543
Q4785,P279,Q56656227
Q4785,P910,Q55330887
Q4785,P5869,Q1137226
Q4785,P5869,Q96741674
Q4785,P1343,Q20078554
Q1424662,P31,Q46744
Q1424662,P31,Q178354
Q1424662,P31,Q131841
Q1424662,P31,Q1047698
Q1424662,P176,Q190
Q170877,P279,Q19287541
Q170877,P31,Q20027953
Q170877,P910,Q7214098
Q170877,P366,Q17912683
Q4948632,P31,Q4167410
Q6186,P910,Q7216548
Q6186,P31,Q12909644
Q6186,P31,Q49447
Q6186,P31,Q1641112
Q6186,P1343,Q302556
Q6186,P1343,Q20751032
Q6186,P1343,Q2657718
Q6186,P1343,Q602358
Q6186,P1343,Q19180675
Q6186,P1343,Q2041543
Q6186,P1343,Q3181656
Q6186,P1151,Q8419000
Q6186,P461,Q182121
Q6186,P5008,Q5460604
Q6186,P6364,Q3142
Q6186,P1889,Q2705134
Q6186,P1382,Q95982276
Q6186,P1382,Q95982718
Q6186,P1382,Q95982895
Q15978655,P279,Q255274
Q15978655,P425,Q268626
Q15978655,P31,Q28640
Q15978655,P31,Q4164871
Q15978655,P460,Q2994387
Q15978655,P910,Q8416019
Q15978655,P1424,Q27986683
Q5281414,P31,Q4167410
Q36794,P279,Q391414
Q36794,P279,Q1183543
Q36794,P279,Q264661
Q36794,P910,Q6291684
Q36794,P527,Q23009
Q36794,P527,Q82711
Q36794,P527,Q35473
Q36794,P527,Q24644118
Q36794,P121,Q2464427
Q36794,P121,Q1936189
Q36794,P2789,Q21263223
Q36794,P1889,Q21263223
Q1731,P31,Q1549591
Q1731,P31,Q14784328
Q1731,P31,Q22865
Q1731,P31,Q253030
Q1731,P31,Q515
Q1731,P31,Q42744322
Q1731,P31,Q61708099
Q1731,P131,Q24221
Q1731,P131,Q835082
Q1731,P131,Q48050
Q1731,P131,Q15621852
Q1731,P131,Q24174
Q1731,P131,Q153015
Q1731,P131,Q156199
Q1731,P131,Q1202
Q1731,P131,Q170180
Q1731,P47,Q6313
Q1731,P47,Q571947
Q1731,P47,Q6323
Q1731,P47,Q20274
Q1731,P47,Q5870
Q1731,P47,Q6448
Q1731,P47,Q6474
Q1731,P47,Q6692
Q1731,P47,Q6715
Q1731,P47,Q1536876
Q1731,P190,Q384
Q1731,P190,Q34713
Q1731,P190,Q6225
Q1731,P190,Q656
Q1731,P190,Q1799
Q1731,P190,Q8385
Q1731,P190,Q3844
Q1731,P190,Q2044
Q1731,P190,Q1055
Q1731,P190,Q34370
Q1731,P190,Q6602
Q1731,P190,Q16567
Q1731,P190,Q4970
Q1731,P190,Q182428
Q1731,P17,Q183
Q1731,P17,Q156199
Q1731,P17,Q153015
Q1731,P17,Q43287
Q1731,P17,Q41304
Q1731,P17,Q7318
Q1731,P17,Q55300
Q1731,P17,Q16957
Q1731,P17,Q12548
Q1731,P17,Q170180
Q1731,P30,Q5401
Q1731,P6,Q74512
Q1731,P6,Q108068
Q1731,P6,Q105881
Q1731,P6,Q1645938
Q1731,P6,Q1512449
Q1731,P6,Q1608371
Q1731,P6,Q2546706
Q1731,P6,Q121150
Q1731,P6,Q107180
Q1731,P6,Q347740
Q1731,P6,Q90198
Q1731,P6,Q2173181
Q1731,P6,Q110810
Q1731,P6,Q70087
Q1731,P6,Q824779
Q1731,P6,Q1641385
Q1731,P6,Q2058676
Q1731,P6,Q2574471
Q1731,P6,Q113648
Q1731,P6,Q805614
Q1731,P6,Q1227894
Q1731,P910,Q4579870
Q1731,P1464,Q9794345
Q1731,P1465,Q9218270
Q1731,P1792,Q7234605
Q1731,P1343,Q302556
Q1731,P1343,Q4114391
Q1731,P1343,Q602358
Q1731,P1343,Q19180675
Q1731,P1343,Q4173137
Q1731,P1343,Q3181656
Q1731,P1376,Q15605856
Q1731,P1376,Q15605900
Q1731,P1376,Q15621852
Q1731,P1376,Q15621858
Q1731,P1376,Q1202
Q1731,P1376,Q24174
Q1731,P1376,Q153015
Q1731,P1376,Q290894
Q1731,P1376,Q835082
Q1731,P1376,Q27916522
Q1731,P1376,Q48050
Q1731,P1376,Q156199
Q1731,P206,Q1644
Q1731,P206,Q20282
Q1731,P206,Q1564654
Q1731,P206,Q546853
Q1731,P206,Q1721806
Q1731,P206,Q1808492
Q1731,P706,Q314741
Q1731,P706,Q824294
Q1731,P706,Q805366
Q1731,P610,Q2452825
Q1731,P1589,Q8964
Q1731,P150,Q8885
Q1731,P150,Q383245
Q1731,P150,Q383255
Q1731,P150,Q383208
Q1731,P150,Q383231
Q1731,P150,Q383184
Q1731,P150,Q383219
Q1731,P150,Q383282
Q1731,P150,Q383270
Q1731,P150,Q383195
Q1731,P150,Q8888
Q1731,P150,Q1136240
Q1731,P150,Q1536933
Q1731,P150,Q1804939
Q1731,P150,Q1432052
Q1731,P150,Q1674903
Q1731,P150,Q2258794
Q1731,P150,Q8891
Q1731,P150,Q2556716
Q1731,P237,Q731539
Q1731,P1456,Q1842110
Q1731,P485,Q2326541
Q1731,P1791,Q8328570
Q1731,P194,Q5123134
Q1731,P166,Q2239404
Q1731,P463,Q1768108
Q1731,P463,Q747279
Q1731,P463,Q1780354
Q1731,P2789,Q313410
Q1731,P1830,Q1305139
Q1731,P1830,Q170154
Q1731,P1830,Q470392
Q1731,P793,Q610150
Q1731,P7867,Q84077571
Q1731,P8402,Q97290050
Q1731,P8744,Q5333666
Q40231,P910,Q4273219
Q40231,P279,Q189760
Q40231,P279,Q841654
Q40231,P361,Q7163
Q40231,P361,Q43229
Q40231,P361,Q15911314
Q40231,P1424,Q5855584
Q40231,P1424,Q6447667
Q40231,P1963,P991
Q40231,P1963,P541
Q40231,P1963,P726
Q40231,P1963,P2319
Q40231,P1963,P585
Q40231,P1963,P17
Q40231,P1343,Q2041543
Q40231,P1343,Q602358
Q40231,P1889,Q5172455
Q40231,P1687,P5892
Q40231,P1687,P6672
Q40231,P6186,Q52635615
Q439643,P31,Q4167410
Q650711,P279,Q180684
Q650711,P279,Q1931388
Q650711,P910,Q7012309
Q650711,P1552,Q124490
Q650711,P3095,Q1414937
Q650711,P3095,Q4991371
Q25294,P279,Q2578402
Q25294,P279,Q339828
Q25294,P279,Q30058680
Q25294,P279,Q4443016
Q25294,P910,Q8504625
Q25294,P1343,Q2657718
Q25294,P527,Q200266
Q25294,P527,Q4095594
Q25294,P527,Q34503943
Q25294,P1552,Q11423
Q25294,P366,Q5889160
Q25294,P366,Q385378
Q25294,P1889,Q62273964
Q24631552,P31,Q4167410
Q7314162,P31,Q4167410
Q7315582,P1889,Q9307475
Q16882994,P31,Q4167410
Q7578285,P31,Q4167410
Q1519476,P279,Q485537
Q1519476,P1552,Q47455774
Q1519476,P1542,Q208351
Q5780945,P910,Q8824000
Q5780945,P460,Q21169160
Q5780945,P1889,Q21055630
Q5780945,P279,Q282250
Q5780945,P1343,Q101314624
Q2551880,P31,Q4167410
Q2551880,P460,Q229150
Q601401,P1151,Q15218281
Q601401,P279,Q21651837
Q601401,P279,Q268592
Q601401,P910,Q7884060
Q601401,P361,Q159810
Q601401,P361,Q37654
Q601401,P1343,Q2041543
Q601401,P1343,Q602358
Q601401,P1343,Q30059240
Q601401,P31,Q268592
Q601401,P460,Q26643
Q601401,P527,Q7832052
Q601401,P3095,Q3704253
Q601401,P1382,Q64534006
Q601401,P1889,Q1411457
Q601401,P2579,Q8134
Q601401,P2579,Q97008347
Q601401,P1151,Q15218281
Q601401,P279,Q21651837
Q601401,P279,Q268592
Q601401,P910,Q7884060
Q601401,P361,Q159810
Q601401,P361,Q37654
Q601401,P1343,Q2041543
Q601401,P1343,Q602358
Q601401,P1343,Q30059240
Q601401,P31,Q268592
Q601401,P460,Q26643
Q601401,P527,Q7832052
Q601401,P3095,Q3704253
Q601401,P3095,Q104099828
Q601401,P1382,Q64534006
Q601401,P1889,Q1411457
Q601401,P2579,Q8134
Q601401,P2579,Q97008347
Q180095,P910,Q9568531
Q180095,P31,Q4164871
Q180095,P279,Q1097498
Q180095,P279,Q599151
Q180095,P460,Q183318
Q180095,P1343,Q602358
Q180095,P1343,Q602358
Q180095,P1343,Q19180675
Q180095,P1889,Q1097498
Q189760,P279,Q1656682
Q189760,P279,Q388791
Q189760,P279,Q1864008
Q189760,P279,Q39971877
Q189760,P910,Q8175214
Q189760,P1963,P2964
Q189760,P1478,Q42904171
Q189760,P1889,Q42899294
Q189760,P461,Q70635750
Q189760,P1343,Q20078554
Q1436482,P31,Q60539481
Q1436482,P361,Q77468620
Q1436482,P1889,Q843078
Q362,P1151,Q3247957
Q362,P31,Q103495
Q362,P31,Q11514315
Q362,P910,Q6816704
Q362,P828,Q8736
Q362,P828,Q714999
Q362,P828,Q352
Q362,P710,Q43056
Q362,P710,Q329888
Q362,P2959,Q25681543
Q362,P2959,Q21777981
Q362,P2959,Q27643331
Q362,P276,Q159
Q362,P276,Q46
Q362,P276,Q15
Q362,P276,Q98
Q362,P276,Q4918
Q362,P276,Q48
Q362,P276,Q97
Q362,P276,Q7204
Q362,P276,Q11708
Q362,P276,Q21195
Q362,P1792,Q6620691
Q362,P155,Q361
Q362,P155,Q154611
Q362,P1424,Q5928186
Q362,P5008,Q5460604
Q362,P5125,Q16056531
Q362,P527,Q184425
Q362,P527,Q189266
Q362,P527,Q157627
Q362,P527,Q154720
Q362,P527,Q16470
Q362,P527,Q151018
Q362,P527,Q2026089
Q362,P527,Q23908696
Q362,P527,Q696817
Q362,P527,Q871373
Q362,P527,Q327052
Q362,P527,Q697022
Q362,P527,Q83055
Q362,P527,Q52418
Q362,P527,Q79080907
Q362,P527,Q317295
Q362,P527,Q1052651
Q362,P1542,Q23020032
Q362,P1542,Q2763
Q362,P1542,Q488
Q362,P1542,Q152142
Q362,P6104,Q10653810
Q362,P2184,Q327039
Q362,P2184,Q16973783
Q362,P7867,Q8607521
Q362,P156,Q101137389
Q362,P156,Q3538497
Q43483,P279,Q15324
Q43483,P279,Q811979
Q43483,P279,Q867393
Q43483,P910,Q8157399
Q43483,P1889,Q483453
Q43483,P527,Q592289
Q43483,P1382,Q502102
Q43483,P1343,Q65109596
Q43483,P1343,Q602358
Q43483,P1343,Q1768721
Q43483,P1424,Q26003528
Q1904424,P31,Q4167410
Q1904424,P1889,Q37476766
Q1175677,P31,Q4167410
Q35831,P910,Q7012670
Q35831,P1542,Q25931702
Q35831,P279,Q22299433
Q35831,P279,Q9332
Q35831,P461,Q246710
Q35831,P31,Q2996394
Q35831,P1343,Q602358
Q35831,P1343,Q19180675
Q35831,P1343,Q1970746
Q35831,P1343,Q4532138
Q35831,P1343,Q1768721
Q35831,P2579,Q1752583
Q808,P171,Q2382443
Q808,P910,Q1457057
Q808,P944,Q14920640
Q808,P31,Q16521
Q808,P1542,Q1928978
Q808,P1542,Q2603200
Q808,P279,Q39833
Q808,P279,Q170065
Q808,P1424,Q10970373
Q808,P1424,Q14465544
Q808,P1424,Q14402738
Q808,P527,Q22329087
Q808,P5008,Q5460604
Q808,P1343,Q20078554
Q808,P1343,Q2041543
Q808,P1343,Q90485223
Q808,P105,Q36732
Q808,P1552,Q3241872
Q160289,P279,Q160402
Q160289,P31,Q173253
Q160289,P527,Q11461
Q160289,P910,Q6511253
Q160289,P361,Q1051623
Q160289,P1343,Q2657718
Q160289,P1343,Q1970746
Q160289,P1343,Q602358
Q160289,P927,Q7362
Q1143604,P279,Q1711593
Q1143604,P527,Q13442814
Q1143604,P527,Q23927052
Q1143604,P1889,Q1711593
Q1143604,P5869,Q27603186
Q1143604,P361,Q27785883
Q4780983,P31,Q4167410
Q439284,P31,Q4167410
Q439284,P1889,Q35642031
Q439284,P1889,Q4866932
Q439284,P1889,Q4866933
Q439284,P1889,Q21369678
Q9458,P22,Q34408
Q9458,P25,Q257935
Q9458,P26,Q42034
Q9458,P26,Q1943555
Q9458,P26,Q263791
Q9458,P26,Q3595927
Q9458,P26,Q4730963
Q9458,P26,Q144396
Q9458,P26,Q263829
Q9458,P26,Q144394
Q9458,P26,Q42104
Q9458,P26,Q2138599
Q9458,P26,Q465845
Q9458,P26,Q263779
Q9458,P26,Q3303021
Q9458,P19,Q5806
Q9458,P119,Q12186187
Q9458,P119,Q727042
Q9458,P106,Q12059906
Q9458,P106,Q877558
Q9458,P106,Q215536
Q9458,P106,Q168827
Q9458,P106,Q432386
Q9458,P106,Q82955
Q9458,P106,Q1402561
Q9458,P40,Q2401633
Q9458,P40,Q784324
Q9458,P40,Q3505301
Q9458,P40,Q1164707
Q9458,P40,Q2300129
Q9458,P40,Q2426845
Q9458,P40,Q180123
Q9458,P140,Q425381
Q9458,P140,Q432
Q9458,P172,Q35323
Q9458,P20,Q35484
Q9458,P31,Q5
Q9458,P910,Q7144995
Q9458,P1343,Q20078554
Q9458,P1343,Q19180675
Q9458,P1343,Q602358
Q9458,P1343,Q20089963
Q9458,P1343,Q302556
Q9458,P1343,Q4173137
Q9458,P1343,Q18517268
Q9458,P1343,Q99413897
Q9458,P802,Q76330
Q9458,P802,Q423600
Q9458,P802,Q1145312
Q9458,P460,Q6932888
Q9458,P460,Q5942791
Q9458,P460,Q4117961
Q9458,P460,Q24942527
Q9458,P1412,Q1654327
Q9458,P1038,Q39619
Q9458,P1038,Q1110872
Q9458,P1038,Q770033
Q9458,P1038,Q297913
Q9458,P1038,Q380479
Q9458,P1038,Q182914
Q9458,P1038,Q112128
Q9458,P1038,Q1111208
Q9458,P2959,Q27966225
Q9458,P607,Q486124
Q9458,P607,Q488278
Q9458,P607,Q826083
Q9458,P607,Q565661
Q9458,P607,Q2300090
Q9458,P607,Q2088170
Q9458,P735,Q5837762
Q9458,P5008,Q5460604
Q9458,P53,Q4987
Q9458,P21,Q6581097
Q9458,P1830,Q18207548
Q9458,P793,Q131482
Q9458,P103,Q13955
Q9458,P361,Q4260004
Q9458,P1035,Q535658
Q9458,P3373,Q1111208
Q9458,P2650,Q9159
Q9458,P2650,Q432
Q9458,P2650,Q428
Q9458,P2650,Q4204060
Q9458,P800,Q428
Q9458,P2579,Q2737409
Q9458,P2579,Q1436115
Q9458,P3091,Q1303124
Q9458,P3091,Q8046257
Q9458,P551,Q5806
Q9458,P551,Q35484
Q9458,P2184,Q76821678
Q846677,P361,Q1226939
Q846677,P31,Q55091441
Q19097,P910,Q13470248
Q19097,P279,Q16334295
Q19097,P279,Q2742167
Q19097,P279,Q13414953
Q19097,P460,Q58839891
Q19097,P460,Q11038979
Q19097,P1889,Q11038979
Q1266946,P279,Q27318
Q1266946,P279,Q7725634
Q1266946,P279,Q55915575
Q1266946,P921,Q42240
Q1266946,P1269,Q136822
Q1266946,P1889,Q642659
Q1266946,P1889,Q1385450
Q1266946,P1889,Q187685
Q1266946,P1889,Q1907875
Q1266946,P1889,Q30749496
Q1266946,P31,Q483394
Q1266946,P910,Q15206881
Q23498,P279,Q34749
Q23498,P279,Q1066186
Q23498,P910,Q7215366
Q23498,P1343,Q2657718
Q23498,P1343,Q602358
Q23498,P1343,Q19211082
Q23498,P1343,Q19180675
Q23498,P1343,Q4173137
Q23498,P1343,Q4114391
Q23498,P1343,Q29551022
Q23498,P1343,Q4173137
Q23498,P1343,Q3181656
Q23498,P31,Q11862829
Q23498,P31,Q4671286
Q23498,P2959,Q20825506
Q23498,P1151,Q7076022
Q23498,P2578,Q839954
Q23498,P3095,Q3621491
Q23498,P5125,Q7112557
Q23498,P527,Q145903
Q23498,P527,Q59220886
Q23498,P527,Q819121
Q23498,P527,Q637284
Q23498,P2354,Q7112557
Q23498,P1889,Q21071559
Q5565855,P31,Q4167410
Q5565855,P1889,Q47240013
Q219140,P31,Q4167410
Q219140,P1889,Q2549909
Q219140,P1889,Q17864440
Q219140,P1889,Q51632897
Q170579,P910,Q8584563
Q170579,P31,Q327968
Q170579,P1343,Q4086271
Q170579,P1343,Q1970746
Q170579,P1343,Q602358
Q170579,P1343,Q19180675
Q170579,P1343,Q4532138
Q170579,P1889,Q22113739
Q170579,P1889,Q14619005
Q170579,P1889,Q35874
Q170579,P279,Q2844542
Q170579,P5008,Q99671171
Q296103,P31,Q4167410
Q296103,P460,Q9019343
Q296103,P460,Q16060553
Q296103,P1889,Q37322884
Q130352,P910,Q8942168
Q130352,P31,Q2728698
Q130352,P31,Q483677
Q130352,P1343,Q2657718
Q130352,P461,Q1063
Q130352,P361,Q5183475
Q130352,P1889,Q1430216
Q6718,P517,Q11415
Q6718,P517,Q11418
Q6718,P517,Q849919
Q6718,P517,Q11412
Q6718,P361,Q101667
Q6718,P279,Q52234516
Q6718,P279,Q587553
Q6718,P910,Q7282370
Q6718,P2152,Q2052084
Q6718,P2375,Q3107191
Q6718,P1552,Q380528
Q6718,P1552,Q110346
Q6718,P1552,Q174012
Q6718,P31,Q22675015
Q1753225,P279,Q1069371
Q1753225,P279,Q207125
Q179310,P910,Q5330456
Q179310,P5125,Q7112592
Q179310,P279,Q1914636
Q179310,P279,Q3958441
Q179310,P279,Q11016
Q179310,P2579,Q538722
Q179310,P1889,Q68
Q179310,P1552,Q241317
Q656365,P31,Q853725
Q656365,P910,Q6642305
Q656365,P1269,Q6958747
Q656365,P1552,Q685744
Q656365,P1552,Q675059
Q656365,P1552,Q629411
Q656365,P1552,Q1500858
Q656365,P1552,Q1054723
Q656365,P1552,Q2992308
Q656365,P1552,Q7434443
Q656365,P1424,Q13406437
Q656365,P1889,Q192581
Q656365,P1889,Q12004616
Q656365,P279,Q8148
Q329777,P1343,Q2657718
Q329777,P1343,Q2041543
Q329777,P1343,Q602358
Q329777,P279,Q1301203
Q744128,P31,Q4167410
Q444986,P31,Q4167410
Q444986,P1889,Q732934
Q444986,P460,Q62578247
Q7375,P105,Q34740
Q7375,P31,Q16521
Q7375,P171,Q135022
Q7375,P910,Q6200184
Q7375,P2959,Q25691373
Q7375,P1343,Q602358
Q7375,P1343,Q602358
Q7375,P1343,Q4114391
Q7375,P1343,Q1970746
Q7375,P1343,Q4086271
Q7375,P1343,Q19180675
Q7375,P1343,Q4173137
Q7375,P1343,Q1768721
Q7375,P427,Q132922
Q7375,P5008,Q5460604
Q7375,P5588,Q3960
Q7375,P1606,Q4902157
Q226931,P31,Q4167410
Q413405,P31,Q4167410
Q413405,P1889,Q21448938
Q342233,P31,Q4167410
Q9191,P106,Q4964182
Q9191,P106,Q170790
Q9191,P106,Q14915627
Q9191,P106,Q169470
Q9191,P106,Q11063
Q9191,P106,Q16031530
Q9191,P106,Q3589290
Q9191,P106,Q30134437
Q9191,P106,Q47064
Q9191,P69,Q2983591
Q9191,P69,Q156598
Q9191,P69,Q221653
Q9191,P19,Q320299
Q9191,P20,Q1754
Q9191,P20,Q10680648
Q9191,P910,Q8652968
Q9191,P31,Q5
Q9191,P735,Q2624417
Q9191,P735,Q3660914
Q9191,P27,Q142
Q9191,P103,Q150
Q9191,P1412,Q397
Q9191,P1412,Q150
Q9191,P463,Q188771
Q9191,P135,Q483024
Q9191,P1343,Q19180675
Q9191,P1343,Q602358
Q9191,P1343,Q20096917
Q9191,P1343,Q867541
Q9191,P1343,Q302556
Q9191,P1343,Q2627728
Q9191,P1343,Q17378135
Q9191,P1343,Q27680201
Q9191,P1343,Q51955019
Q9191,P1343,Q51879306
Q9191,P1343,Q379406
Q9191,P1343,Q2041543
Q9191,P1343,Q67311526
Q9191,P1343,Q3181656
Q9191,P1343,Q99413897
Q9191,P40,Q5479838
Q9191,P1196,Q3739104
Q9191,P119,Q334186
Q9191,P119,Q360572
Q9191,P5008,Q5460604
Q9191,P5008,Q103505599
Q9191,P1038,Q2372894
Q9191,P734,Q37009391
Q9191,P509,Q12192
Q9191,P140,Q9592
Q9191,P101,Q5891
Q9191,P101,Q35277
Q9191,P101,Q9471
Q9191,P101,Q395
Q9191,P101,Q41217
Q9191,P184,Q783040
Q9191,P184,Q1368345
Q9191,P21,Q6581097
Q9191,P802,Q2421235
Q9191,P802,Q18197541
Q9191,P737,Q859
Q9191,P737,Q868
Q9191,P737,Q43939
Q9191,P737,Q9438
Q9191,P737,Q43936
Q9191,P737,Q316339
Q9191,P737,Q188663
Q9191,P22,Q3179456
Q9191,P3373,Q3384718
Q9191,P6886,Q150
Q9191,P800,Q12482
Q9191,P39,Q121594
Q9191,P7763,Q71887839
Q142508,P31,Q4167410
Q142508,P1889,Q45416577
Q219067,P279,Q747883
Q219067,P279,Q29051769
Q219067,P279,Q14536140
Q219067,P279,Q56037271
Q219067,P910,Q7014497
Q219067,P1542,Q5347380
Q219067,P361,Q2997362
Q219067,P1424,Q11002617
Q219067,P1424,Q22843086
Q219067,P155,Q760132
Q219067,P156,Q430439
Q219067,P5125,Q7112628
Q219067,P1889,Q12107964
Q219067,P1889,Q3409055
Q219067,P2579,Q103961937
Q41390,P106,Q170790
Q41390,P106,Q4964182
Q41390,P106,Q1622272
Q41390,P106,Q82594
Q41390,P463,Q123885
Q41390,P463,Q463303
Q41390,P463,Q188771
Q41390,P463,Q270794
Q41390,P101,Q12482
Q41390,P101,Q1166618
Q41390,P19,Q14960
Q41390,P20,Q138518
Q41390,P27,Q30
Q41390,P27,Q40
Q41390,P27,Q28513
Q41390,P27,Q140359
Q41390,P31,Q5
Q41390,P735,Q1158489
Q41390,P108,Q21578
Q41390,P108,Q165980
Q41390,P108,Q178848
Q41390,P108,Q635642
Q41390,P1343,Q17329836
Q41390,P1343,Q17378135
Q41390,P1343,Q67311526
Q41390,P69,Q165980
Q41390,P1412,Q188
Q41390,P1412,Q1860
Q41390,P184,Q84552
Q41390,P119,Q7244940
Q41390,P166,Q737051
Q41390,P166,Q1522873
Q41390,P166,Q577432
Q41390,P166,Q42309226
Q41390,P166,Q34476636
Q41390,P166,Q1287930
Q41390,P166,Q11415564
Q41390,P166,Q14906020
Q41390,P140,Q5043
Q41390,P910,Q28736790
Q41390,P509,Q13377026
Q41390,P103,Q188
Q41390,P26,Q51311280
Q41390,P21,Q6581097
Q41390,P734,Q62740818
Q41390,P1066,Q68514
Q41390,P485,Q39934978
Q41390,P6886,Q188
Q41390,P800,Q200787
Q41390,P551,Q40
Q21255975,P279,Q3249551
Q21255975,P279,Q17281278
Q21255975,P461,Q481609
Q218593,P31,Q1978718
Q218593,P31,Q16782623
Q218593,P31,Q82047057
Q218593,P910,Q20197544
Q218593,P111,Q36253
Q218593,P1343,Q2657718
Q218593,P1343,Q2041543
Q218593,P1343,Q19180675
Q218593,P1343,Q602358
Q218593,P1343,Q26711932
Q218593,P361,Q4420945
Q218593,P361,Q435964
Q218593,P361,Q641227
Q218593,P1889,Q61771670
Q218593,P1889,Q100063122
Q218593,P1889,Q7137383
Q218593,P1889,Q100046246
Q218593,P138,Q83360
Q401277,P31,Q4167410
Q401277,P1889,Q33401127
Q12328504,P31,Q4167410
Q12328504,P1889,Q203457
Q3874283,P31,Q4167410
Q3874283,P1889,Q37547078
Q3874283,P1889,Q98380131
Q3874283,P1889,Q61069335
Q3874283,P1889,Q86750527
Q1474278,P31,Q4167410
Q1474278,P1889,Q37571267
Q1474278,P460,Q98539357
Q1474278,P460,Q1919654
Q1474278,P460,Q98539364
Q1474278,P460,Q1532612
Q1474278,P460,Q98539417
Q193410,P279,Q3001206
Q2097214,P31,Q4167410
Q412689,P31,Q4167410
Q10261,P1066,Q42458
Q10261,P1066,Q44912
Q10261,P101,Q8087
Q10261,P101,Q395
Q10261,P101,Q9465
Q10261,P101,Q7163
Q10261,P106,Q170790
Q10261,P106,Q4964182
Q10261,P106,Q82955
Q10261,P106,Q36180
Q10261,P106,Q14915627
Q10261,P106,Q16031530
Q10261,P31,Q5
Q10261,P910,Q10189551
Q10261,P19,Q156882
Q10261,P20,Q1058770
Q10261,P1343,Q302556
Q10261,P1343,Q19180675
Q10261,P1343,Q602358
Q10261,P1343,Q867541
Q10261,P1343,Q27680201
Q10261,P1343,Q30059240
Q10261,P1343,Q1210353
Q10261,P1343,Q67311526
Q10261,P1343,Q20078554
Q10261,P172,Q539051
Q10261,P22,Q2565673
Q10261,P1412,Q35497
Q10261,P737,Q311485
Q10261,P737,Q42458
Q10261,P737,Q36303
Q10261,P737,Q35811
Q10261,P26,Q235426
Q10261,P40,Q1178104
Q10261,P40,Q456560
Q10261,P40,Q451719
Q10261,P40,Q3982722
Q10261,P40,Q1996241
Q10261,P40,Q2637222
Q10261,P551,Q6681
Q10261,P1576,Q45996
Q10261,P800,Q11518
Q10261,P21,Q6581097
Q10261,P802,Q212338
Q10261,P802,Q83375
Q10261,P1830,Q66789295
Q10261,P2348,Q11772
Q10261,P2348,Q999259
Q10261,P7763,Q71887839
Q938185,P461,Q1412340
Q938185,P361,Q77468620
Q2090618,P1269,Q8078
Q2090618,P2579,Q8078
Q2090618,P31,Q12812139
Q2090618,P279,Q186619
Q1206944,P31,Q4167410
Q235290,P31,Q4167410
Q235290,P1889,Q28153005
Q1777481,P31,Q4167410
Q341623,P31,Q4167410
Q341623,P1889,Q37548695
Q341623,P1889,Q1070553
Q7574930,P31,Q4167410
Q47521,P910,Q9724617
Q47521,P166,Q864861
Q47521,P279,Q55659167
Q193788,P1343,Q2657718
Q193788,P279,Q9128
Q193788,P279,Q2532663
Q193788,P1535,Q40015
Q193788,P5008,Q69524601
Q193788,P31,Q1522115
Q193788,P2959,Q5958363
Q193788,P1889,Q2532663
Q193788,P361,Q17996169
Q1054330,P910,Q10237560
Q1054330,P31,Q1762471
Q1054330,P279,Q1403107
Q19821,P1312,Q26382
Q19821,P910,Q7149606
Q19821,P279,Q4903575
Q19821,P279,Q331350
Q19821,P279,Q85292517
Q19821,P1552,Q15921574
Q19821,P1552,Q28474
Q19821,P1552,Q208216
Q19821,P1889,Q157002
Q19821,P156,Q36810
Q19821,P156,Q160003
Q19821,P155,Q854818
Q19821,P155,Q166154
Q19821,P1678,Q166154
Q19821,P2670,Q26382
Q19821,P2670,Q26401
Q19821,P2670,Q2553861
Q19821,P2670,Q208826
Q19821,P2737,Q23766486
Q19821,P2737,Q23766486
Q19821,P1343,Q602358
Q19821,P1343,Q19180675
Q19821,P31,Q815741
Q3215756,P910,Q8878103
Q3215756,P31,Q1914636
Q3215756,P279,Q205961
Q3215756,P279,Q1914636
Q3215756,P3095,Q58487031
Q3215756,P3712,Q1125955
Q3215756,P3712,Q37260
Q3215756,P3712,Q17319650
Q3215756,P1889,Q12539868
Q1181969,P31,Q4167410
Q42948,P279,Q811979
Q42948,P279,Q1058733
Q42948,P279,Q66098993
Q42948,P910,Q6912948
Q42948,P1479,Q16334295
Q42948,P1479,Q729
Q42948,P1479,Q25257
Q42948,P1479,Q165632
Q42948,P1479,Q4698318
Q42948,P1889,Q2547819
Q42948,P1343,Q1768721
Q16000462,P279,Q11563
Q32043,P910,Q15707568
Q32043,P913,Q6265342
Q32043,P31,Q1569997
Q32043,P461,Q40754
Q32043,P1552,Q165474
Q32043,P1552,Q177251
Q32043,P527,Q12777194
Q32043,P527,Q55091460
Q32043,P279,Q164307
Q32043,P1343,Q4532138
Q83188,P910,Q7453729
Q83188,P31,Q151885
Q83188,P461,Q875797
Q83188,P1343,Q2041543
Q83188,P1889,Q43514
Q83188,P279,Q17737
Q406865,P31,Q4167410
Q406865,P1889,Q37453536
Q1071659,P910,Q8823382
Q1071659,P1343,Q2657718
Q1071659,P61,Q9191
Q1071659,P1269,Q9471
Q1071659,P1269,Q9465
Q1071659,P279,Q5389993
Q18534,P279,Q182545
Q18534,P910,Q8915757
Q18534,P1269,Q11706438
Q18534,P1889,Q41966
Q18534,P31,Q182545
Q412370,P31,Q4167410
Q11652,P460,Q1256787
Q11652,P910,Q9596689
Q11652,P1343,Q26711932
Q11652,P1343,Q26711937
Q11652,P1343,Q26711938
Q11652,P1343,Q90137277
Q11652,P1687,P2144
Q11652,P5008,Q5460604
Q11652,P1269,Q18699055
Q11652,P1889,Q520562
Q11652,P1889,Q30338278
Q11652,P279,Q181175
Q11652,P279,Q30337763
Q11652,P279,Q107715
Q11652,P279,Q98690850
Q11652,P4934,Q2642727
Q11652,P8111,Q39369
Q2574205,P31,Q4167410
Q2574205,P460,Q33090057
Q2574205,P1889,Q676125
Q123722,P31,Q4167410
Q18335,P361,Q413
Q18335,P910,Q7015868
Q18335,P31,Q1293220
Q18335,P2579,Q413
Q18335,P1424,Q10927520
Q18335,P279,Q1293220
Q47530122,P31,Q101352
Q47530122,P1889,Q810962
Q47530122,P282,Q8229
Q128430,P31,Q24533670
Q128430,P279,Q22988604
Q128430,P279,Q3707571
Q128430,P910,Q8438304
Q128430,P1343,Q2657718
Q128430,P1343,Q867541
Q128430,P1343,Q30059240
Q128430,P1343,Q602358
Q128430,P1343,Q19180675
Q128430,P1343,Q47500198
Q128430,P1343,Q3181656
Q128430,P1034,Q5
Q128430,P1034,Q1411808
Q128430,P1552,Q63441625
Q6036857,P31,Q4167410
Q697279,P910,Q8759802
Q697279,P1343,Q2041543
Q697279,P279,Q49848
Q19309472,P31,Q4167410
Q19309472,P1889,Q19873628
Q19309472,P1889,Q7597442
Q2824657,P31,Q9415
Q2824657,P361,Q77468620
Q250292,P31,Q4167410
Q250292,P1889,Q25114859
Q250292,P460,Q16860108
Q95695210,P31,Q4167410
Q95695210,P1889,Q3646221
Q95695210,P1889,Q60409084
Q95695210,P460,Q13522701
Q95695210,P460,Q11961714
Q95695210,P460,Q95695196
Q95695210,P460,Q997456
Q95695210,P460,Q75735
Q1002975,P31,Q4167410
Q5176623,P31,Q4167410
Q5384899,P31,Q4167410
Q352778,P31,Q4167410
Q352778,P1889,Q20576000
Q4830453,P460,Q6881511
Q4830453,P460,Q21980538
Q4830453,P460,Q783794
Q4830453,P1889,Q19862406
Q4830453,P1889,Q18382772
Q4830453,P1889,Q11418769
Q4830453,P910,Q6353120
Q4830453,P1963,P2403
Q4830453,P1963,P452
Q4830453,P1963,P1454
Q4830453,P1963,P2541
Q4830453,P1963,P856
Q4830453,P1963,P1448
Q4830453,P1963,P1056
Q4830453,P1963,P17
Q4830453,P1963,P571
Q4830453,P1963,P576
Q4830453,P1963,P1128
Q4830453,P1963,P159
Q4830453,P2579,Q2043282
Q4830453,P6186,Q15618375
Q4830453,P6104,Q15271936
Q4830453,P279,Q43229
Q4830453,P279,Q3563237
Q4830453,P279,Q155076
Q4830453,P5869,Q312
Q4830453,P5869,Q38076
Q4830453,P1552,Q1269299
Q122224,P910,Q5906624
Q122224,P5008,Q54439832
Q122224,P279,Q1280670
Q122224,P1889,Q130819
Q122224,P361,Q130819
Q122224,P366,Q1717246
Q1141803,P279,Q1207505
Q1141803,P31,Q1047698
Q1141803,P31,Q98088085
Q1141803,P1269,Q825
Q11990,P279,Q2996394
Q11990,P910,Q7014346
Q11990,P2670,Q3427333
Q11990,P2670,Q2725616
Q11990,P2670,Q3427336
Q11990,P31,Q2996394
Q11990,P5008,Q5460604
Q11990,P1542,Q1899900
Q4855142,P31,Q4167410
Q11707,P910,Q7343592
Q11707,P279,Q62602544
Q11707,P279,Q63922515
Q11707,P279,Q213441
Q11707,P279,Q4830453
Q11707,P366,Q41958
Q11707,P366,Q777754
Q11707,P1963,P571
Q11707,P1963,P112
Q11707,P1963,P127
Q11707,P1963,P2012
Q11707,P7163,Q746549
Q11707,P1424,Q6587103
Q11707,P1889,Q19316447
Q295629,P31,Q4167410
Q295629,P1889,Q16276469
Q295629,P1889,Q16870588
Q164099,P910,Q7007216
Q164099,P279,Q10855061
Q164099,P279,Q839954
Q164099,P1343,Q3181656
Q22698,P279,Q22652
Q22698,P279,Q294440
Q22698,P279,Q2221906
Q22698,P279,Q811979
Q22698,P910,Q7140947
Q22698,P1343,Q2657718
Q22698,P1343,Q2041543
Q22698,P1424,Q6055178
Q22698,P1963,P625
Q22698,P1963,P131
Q22698,P1963,P910
Q22698,P1963,P18
Q22698,P1963,P17
Q22698,P1963,P856
Q22698,P1963,P137
Q22698,P1963,P1329
Q22698,P1963,P2900
Q22698,P1963,P968
Q22698,P1963,P912
Q22698,P1963,P527
Q22698,P1963,P127
Q22698,P1963,P1566
Q22698,P1963,P2046
Q22698,P1963,P571
Q234129,P910,Q7904721
Q234129,P1343,Q2041543
Q234129,P279,Q11639620
Q230266,P31,Q4167410
Q230266,P1889,Q36928305
Q210481,P31,Q4167410
Q198763,P279,Q11460
Q198763,P910,Q6679679
Q127076,P910,Q7106741
Q127076,P828,Q974135
Q127076,P828,Q943897
Q127076,P828,Q133823
Q127076,P828,Q164778
Q127076,P828,Q121041
Q127076,P1343,Q2041543
Q127076,P2176,Q2359690
Q127076,P2176,Q407972
Q127076,P2176,Q251347
Q127076,P2176,Q421095
Q127076,P2176,Q422970
Q127076,P2176,Q7842199
Q127076,P2176,Q510494
Q127076,P2176,Q422252
Q127076,P2176,Q1829318
Q127076,P2176,Q5279734
Q127076,P2176,Q419822
Q127076,P2176,Q190067
Q127076,P2176,Q419079
Q127076,P2176,Q867308
Q127076,P2176,Q372725
Q127076,P2176,Q423520
Q127076,P2176,Q420439
Q127076,P2176,Q4859329
Q127076,P2176,Q421937
Q127076,P2176,Q2393323
Q127076,P2176,Q4890814
Q127076,P2176,Q408265
Q127076,P31,Q169872
Q127076,P279,Q1441305
Q3566377,P31,Q4167410
Q3566377,P1889,Q37512754
Q3566377,P1889,Q2549520
Q3566377,P1889,Q19054765
Q3566377,P1889,Q86681885
Q3566377,P460,Q76426344
Q3566377,P460,Q76426737
Q15947827,P31,Q4167410
Q468777,P460,Q203872
Q468777,P460,Q24255051
Q468777,P1889,Q404130
Q468777,P461,Q16120406
Q468777,P31,Q33104279
Q468777,P279,Q35120
Q9149,P1343,Q20743760
Q9149,P31,Q7257
Q9149,P31,Q33104279
Q9149,P5008,Q5460604
Q9149,P279,Q49447
Q1209244,P31,Q223393
Q5141093,P31,Q4167410
Q342233,P31,Q4167410
Q5282225,P361,Q1138780
Q5282225,P460,Q170028
Q404877,P31,Q4167410
Q1307471,P31,Q4167410
Q400001,P31,Q4167410
Q80151,P279,Q14952
Q80151,P910,Q7298360
Q80151,P1343,Q2657718
Q80151,P1343,Q28859637
Q80151,P1889,Q6147804
Q80151,P1889,Q1149531
Q80151,P1889,Q850298
Q80151,P1889,Q795738
Q80151,P2670,Q50401980
Q80151,P5008,Q99671171
Q3947,P527,Q83180
Q3947,P527,Q42948
Q3947,P527,Q35473
Q3947,P527,Q36794
Q3947,P527,Q180516
Q3947,P527,Q217164
Q3947,P527,Q234852
Q3947,P527,Q244490
Q3947,P279,Q11755880
Q3947,P279,Q386724
Q3947,P910,Q8525052
Q3947,P366,Q7743
Q3947,P366,Q7493941
Q3947,P1687,P4080
Q3947,P1343,Q2041543
Q3947,P1343,Q4086271
Q3947,P1343,Q602358
Q3947,P1343,Q4173137
Q3947,P1343,Q867541
Q3947,P5008,Q5460604
Q3947,P186,Q206615
Q3947,P1963,P571
Q3947,P1963,P2348
Q3947,P1963,P127
Q3947,P1963,P149
Q3947,P1963,P135
Q3947,P1889,Q7743
Q3947,P1889,Q65425102
Q36253,P910,Q6684529
Q36253,P279,Q107715
Q36253,P279,Q28733284
Q36253,P279,Q30337748
Q36253,P1687,P2043
Q36253,P1343,Q26711932
Q36253,P1343,Q90137277
Q36253,P1343,Q68977959
Q36253,P1552,Q1978718
Q36253,P8111,Q11573
Q179448,P279,Q11461
Q179448,P910,Q7439800
Q179448,P1557,Q600499
Q179448,P31,Q20202269
Q179448,P1424,Q22738080
Q600499,P910,Q8681648
Q600499,P279,Q19829125
Q600499,P461,Q183046
Q600499,P461,Q1570700
Q1054678,P279,Q1189956
Q7445771,P31,Q4167410
Q7445771,P1889,Q37279828
Q7283,P1151,Q11215268
Q7283,P279,Q2571535
Q7283,P910,Q7011213
Q7283,P1343,Q2041543
Q7283,P461,Q909459
Q7283,P1424,Q6818454
Q7283,P5008,Q5460604
Q7283,P3095,Q14886050
Q7283,P31,Q466439
Q707125,P279,Q2150504
Q707125,P279,Q63484572
Q707125,P279,Q1424047
Q707125,P1343,Q602358
Q707125,P92,Q674827
Q707125,P1889,Q98463540
Q2238195,P279,Q35874
Q4692287,P31,Q4167410
Q19644347,P31,Q4167410
Q6620231,P31,Q56019
Q6620231,P279,Q189290
Q6620231,P1611,Q18536823
Q6620231,P155,Q23395885
Q6620231,P156,Q23393948
Q6620231,P1889,Q2054507
Q6620231,P460,Q4995518
Q6186,P910,Q7216548
Q6186,P31,Q12909644
Q6186,P31,Q49447
Q6186,P31,Q1641112
Q6186,P1343,Q302556
Q6186,P1343,Q20751032
Q6186,P1343,Q2657718
Q6186,P1343,Q602358
Q6186,P1343,Q19180675
Q6186,P1343,Q2041543
Q6186,P1343,Q3181656
Q6186,P1151,Q8419000
Q6186,P461,Q182121
Q6186,P5008,Q5460604
Q6186,P6364,Q3142
Q6186,P1889,Q2705134
Q6186,P1382,Q95982276
Q6186,P1382,Q95982718
Q6186,P1382,Q95982895
Q661062,P910,Q15318133
Q661062,P461,Q1189753
Q661062,P1889,Q56343715
Q661062,P279,Q744778
Q181043,P910,Q8382109
Q181043,P279,Q15253558
Q181043,P31,Q12737077
Q181043,P425,Q19509099
Q181043,P1343,Q602358
Q181043,P5008,Q13382529
Q181043,P1889,Q5248876
Q174647,P361,Q15807
Q174647,P31,Q17781690
Q174647,P279,Q17781690
Q174647,P279,Q66516342
Q174647,P1343,Q602358
Q2730592,P361,Q9357054
Q2730592,P361,Q77468620
Q2730592,P31,Q60539481
Q29171,P910,Q7879555
Q29171,P1343,Q2657718
Q29171,P1343,Q2041543
Q29171,P1343,Q602358
Q29171,P1343,Q19180675
Q29171,P2868,Q17781833
Q29171,P2868,Q38118256
Q29171,P2868,Q38118448
Q29171,P2868,Q38118608
Q29171,P2868,Q38119444
Q29171,P2868,Q10954043
Q29171,P2868,Q826745
Q29171,P2868,Q3735153
Q29171,P2868,Q1460420
Q29171,P1889,Q21853018
Q29171,P361,Q37726
Q29171,P31,Q690109
Q29171,P279,Q4793045
Q37507,P910,Q13270210
Q37507,P186,Q287
Q37507,P186,Q2454591
Q37507,P186,Q389782
Q37507,P186,Q674
Q37507,P186,Q309328
Q37507,P186,Q177540
Q37507,P186,Q37811845
Q37507,P366,Q1192478
Q37507,P279,Q39546
Q12151852,P910,Q7440679
Q12151852,P279,Q205555
Q12151852,P1889,Q30300559
Q12151852,P1343,Q602358
Q12151852,P361,Q77468620
Q58848,P910,Q8708729
Q58848,P31,Q12909644
Q58848,P138,Q454
Q58848,P2650,Q454
Q58848,P1343,Q1822290
Q58848,P3095,Q16003550
Q58848,P1889,Q506674
Q7196214,P1889,Q3905226
Q411565,P31,Q4167410
Q411565,P1889,Q37497166
Q40477,P279,Q475027
Q40477,P31,Q41710
Q40477,P31,Q4533081
Q40477,P1343,Q2657718
Q40477,P2579,Q156864
Q40477,P910,Q8751709
Q40477,P103,Q23526
Q40477,P140,Q5043
Q40477,P140,Q3333484
Q40477,P140,Q1841
Q40477,P140,Q432
Q40477,P140,Q23540
Q40477,P140,Q29536
Q40477,P140,Q1258217
Q40477,P361,Q475027
Q40477,P527,Q840454
Q40477,P527,Q273824
Q40477,P527,Q211052
Q40477,P1889,Q12773225
Q40477,P17,Q27468
Q40477,P17,Q48
Q40477,P17,Q23522
Q40477,P17,Q828
Q40477,P282,Q145625
Q40477,P282,Q8209
Q40477,P282,Q90166597
Q40477,P282,Q8229
Q40477,P2936,Q33251
Q40477,P2936,Q23526
Q1852785,P460,Q3677807
Q1852785,P460,Q12168083
Q1852785,P279,Q19816755
Q1852785,P366,Q121359
Q333,P1151,Q3248453
Q333,P279,Q7991
Q333,P279,Q475023
Q333,P910,Q6508
Q333,P1343,Q19180675
Q333,P1343,Q602358
Q333,P1343,Q867541
Q333,P1343,Q2657718
Q333,P1343,Q2041543
Q333,P1343,Q19211082
Q333,P1343,Q4173137
Q333,P2184,Q50056
Q333,P31,Q2465832
Q333,P31,Q11862829
Q333,P2959,Q20819872
Q333,P2578,Q6999
Q333,P2578,Q5223514
Q333,P1889,Q34362
Q333,P1889,Q21223320
Q333,P3095,Q11063
Q333,P2579,Q1332231
Q333,P5008,Q5460604
Q622821,P910,Q9720716
Q622821,P279,Q3249551
Q622821,P1687,P4934
Q5183683,P31,Q4167410
Q906118,P1424,Q43231900
Q906118,P279,Q1568216
Q906118,P279,Q2684591
Q1970348,P1889,Q3851114
Q1970348,P910,Q6318634
Q1970348,P279,Q1207505
Q1970348,P527,Q690140
Q1970348,P828,Q16301153
Q1970348,P361,Q133182
Q4006,P279,Q61868351
Q4006,P279,Q25106976
Q4006,P279,Q60533375
Q4006,P910,Q8607255
Q4006,P1963,P3037
Q4006,P1963,P1752
Q4006,P1963,P180
Q4006,P1963,P921
Q4006,P1343,Q602358
Q4006,P1343,Q4114391
Q4006,P1343,Q1970746
Q4006,P1343,Q19180675
Q4006,P5008,Q5460604
Q4006,P1687,P242
Q4006,P1687,P1943
Q4006,P1687,P181
Q4006,P1687,P1621
Q4006,P1687,P1846
Q4006,P828,Q1501867
Q4006,P2579,Q42515
Q4006,P1424,Q11047422
Q4006,P31,Q41362222
Q4006,P361,Q1734578
Q4006,P2670,Q6753763
Q12810894,P31,Q4167410
Q9620,P279,Q203850
Q9620,P279,Q66506231
Q9620,P361,Q169953
Q9620,P910,Q8672242
Q9620,P527,Q178999
Q9620,P1424,Q6047774
Q9620,P1963,P3190
Q9620,P5008,Q5460604
Q9620,P1343,Q1970746
Q9620,P31,Q103914748
Q35140,P279,Q1656682
Q35140,P279,Q855395
Q35140,P279,Q16686448
Q35140,P910,Q8882941
Q35140,P1889,Q22672348
Q35140,P1889,Q13538566
Q35140,P1424,Q13033746
Q35140,P4646,Q43099500
Q35140,P1687,P5027
Q35140,P31,Q4671286
Q35140,P361,Q77468620
Q7204419,P31,Q4167410
Q7204419,P1889,Q37459596
Q1341429,P910,Q6121213
Q1341429,P361,Q10751894
Q1341429,P279,Q1914636
Q1341429,P1889,Q38745558
Q1046834,P31,Q4167410
Q3196867,P279,Q2648051
Q3196867,P910,Q7495724
Q3196867,P1343,Q2041543
Q3196867,P1343,Q602358
Q3196867,P361,Q8134
Q3196867,P1687,P2133
Q3196867,P1424,Q14398384
Q131559,P279,Q50414774
Q131559,P910,Q8736921
Q131559,P1343,Q19180675
Q131559,P1343,Q602358
Q131559,P1343,Q1138524
Q131559,P1343,Q4173137
Q131559,P1343,Q4086271
Q131559,P1343,Q63284758
Q131559,P1343,Q4532138
Q131559,P1889,Q331357
Q131559,P1889,Q1550173
Q81054,P361,Q11663
Q81054,P910,Q7139097
Q81054,P279,Q8094
Q81054,P279,Q6823473
Q81054,P1889,Q54895074
Q81054,P1343,Q602358
Q81054,P1343,Q63284758
Q81054,P1424,Q13034016
Q39397,P279,Q2578402
Q39397,P279,Q728
Q39397,P910,Q6469398
Q39397,P1343,Q678259
Q39397,P1343,Q2041543
Q39397,P1343,Q602358
Q39397,P1343,Q1970746
Q39397,P1343,Q1768721
Q39397,P1535,Q1124183
Q39397,P1535,Q154549
Q1323314,P910,Q8286060
Q1323314,P279,Q987767
Q1323314,P279,Q1065579
Q1323314,P1889,Q10859821
Q1323314,P1889,Q6675561
Q179742,P1343,Q678259
Q179742,P910,Q7164027
Q179742,P279,Q742736
Q9592,P140,Q1841
Q9592,P910,Q6468962
Q9592,P527,Q597526
Q9592,P527,Q64842
Q9592,P527,Q64868
Q9592,P527,Q49378
Q9592,P527,Q755970
Q9592,P527,Q64900
Q9592,P527,Q64885
Q9592,P527,Q64871
Q9592,P527,Q256178
Q9592,P527,Q856349
Q9592,P527,Q472189
Q9592,P527,Q657390
Q9592,P527,Q64849
Q9592,P527,Q911398
Q9592,P527,Q18813575
Q9592,P527,Q950310
Q9592,P527,Q2664136
Q9592,P527,Q44476
Q9592,P527,Q846093
Q9592,P527,Q3586020
Q9592,P527,Q3443559
Q9592,P527,Q519571
Q9592,P527,Q64852
Q9592,P527,Q792212
Q9592,P159,Q237
Q9592,P1343,Q302556
Q9592,P1343,Q602358
Q9592,P1343,Q602358
Q9592,P1343,Q19180675
Q9592,P112,Q302
Q9592,P2959,Q22827784
Q9592,P2388,Q19546
Q9592,P488,Q450675
Q9592,P31,Q879146
Q9592,P31,Q34651
Q9592,P2670,Q6566418
Q9592,P797,Q159583
Q9592,P740,Q1218
Q9592,P5008,Q5460604
Q9592,P5125,Q3262605
Q9592,P1830,Q980982
Q9592,P1830,Q1086358
Q9592,P1830,Q1193480
Q9592,P1830,Q1896273
Q9592,P1830,Q2919096
Q9592,P1830,Q3919090
Q9592,P1830,Q5188475
Q9592,P1830,Q5567497
Q9592,P1830,Q7792541
Q9592,P1830,Q18480054
Q9592,P1830,Q5901
Q9592,P1830,Q145093
Q9592,P1830,Q204243
Q9592,P1830,Q323155
Q9592,P1830,Q496966
Q9592,P1830,Q572697
Q9592,P1830,Q577165
Q9592,P1830,Q577248
Q9592,P166,Q2517928
Q9592,P2184,Q1517265
Q9592,P463,Q627468
Q9592,P2579,Q25109832
Q9592,P6379,Q17153751
Q9592,P1151,Q7779176
Q9592,P279,Q34651
Q9592,P279,Q5043
Q9592,P279,Q4204511
Q1530061,P31,Q937228
Q1530061,P1382,Q337349
Q1530061,P1382,Q7949
Q1530061,P1382,Q21170479
Q1530061,P279,Q9492
Q1530061,P279,Q1362683
Q1530061,P1552,Q1139554
Q466439,P279,Q9332
Q466439,P910,Q9783884
Q466439,P31,Q7257
Q466439,P279,Q9332
Q466439,P910,Q9783884
Q466439,P31,Q7257
Q4173974,P910,Q8461226
Q4173974,P1889,Q1541064
Q4173974,P279,Q3955369
Q4173974,P1343,Q1768721
Q397977,P31,Q4167410
Q206864,P910,Q8573572
Q206864,P279,Q3242199
Q644302,P910,Q7465355
Q644302,P361,Q77468620
Q15946975,P31,Q4167410
Q7163,P279,Q3482410
Q7163,P279,Q4686698
Q7163,P279,Q1914636
Q7163,P279,Q11862829
Q7163,P1151,Q8133239
Q7163,P910,Q4103183
Q7163,P527,Q1519812
Q7163,P527,Q828395
Q7163,P527,Q582577
Q7163,P527,Q1711347
Q7163,P527,Q181648
Q7163,P527,Q1573035
Q7163,P527,Q1667082
Q7163,P527,Q2516371
Q7163,P2184,Q1147507
Q7163,P1343,Q2041543
Q7163,P1343,Q101314624
Q7163,P5008,Q5460604
Q7163,P3095,Q82955
Q7163,P3095,Q1020994
Q7163,P1889,Q1156854
Q7163,P1889,Q4103183
Q7163,P1424,Q11171406
Q7163,P2579,Q36442
Q7163,P2579,Q97008347
Q7163,P31,Q483394
Q408429,P31,Q4167410
Q408429,P460,Q98924864
Q1221538,P31,Q4167410
Q23540,P910,Q6189519
Q23540,P279,Q5043
Q23540,P2959,Q22827778
Q23540,P1343,Q602358
Q23540,P1343,Q19180675
Q23540,P1343,Q4532138
Q23540,P1424,Q10542137
Q23540,P5125,Q7112416
Q23540,P31,Q879146
Q23540,P138,Q645920
Q23540,P361,Q842798
Q23540,P2354,Q4381713
Q11827939,P31,Q4167410
Q224949,P31,Q4167410
Q224949,P460,Q4251625
Q174219,P279,Q214609
Q174219,P279,Q12041698
Q174219,P279,Q8148
Q174219,P910,Q6357829
Q174219,P366,Q1164991
Q174219,P366,Q3374341
Q174219,P1343,Q2657718
Q174219,P1343,Q602358
Q174219,P1889,Q3305213
Q174219,P527,Q161179
Q409333,P31,Q4167410
Q101687,P279,Q21029893
Q101687,P279,Q14748
Q101687,P910,Q7495761
Q101687,P1343,Q602358
Q101687,P1343,Q19180675
Q101687,P1343,Q4086271
Q101687,P1343,Q4173137
Q101687,P1343,Q1138524
Q101687,P1343,Q4086271
Q101687,P1343,Q19211082
Q101687,P366,Q179723
Q101687,P527,Q15711026
Q231444,P31,Q4167410
Q231444,P1889,Q4747430
Q231444,P1889,Q56280263
Q810949,P31,Q4167410
Q241775,P31,Q4167410
Q403886,P31,Q4167410
Q693464,P910,Q9645629
Q693464,P279,Q1368
Q693464,P461,Q1147172
Q693464,P31,Q1643989
Q693464,P31,Q223557
Q360446,P31,Q4167410
Q515,P279,Q177634
Q515,P279,Q7930989
Q515,P279,Q702492
Q515,P279,Q486972
Q515,P910,Q6581398
Q515,P910,Q9126476
Q515,P1963,P41
Q515,P1963,P94
Q515,P1963,P190
Q515,P1963,P18
Q515,P1963,P242
Q515,P1963,P281
Q515,P1963,P421
Q515,P1963,P473
Q515,P1963,P625
Q515,P1963,P131
Q515,P1963,P948
Q515,P1963,P910
Q515,P1963,P982
Q515,P1963,P935
Q515,P1963,P1464
Q515,P1963,P1566
Q515,P1963,P227
Q515,P1963,P1740
Q515,P1963,P1792
Q515,P1963,P1465
Q515,P1963,P268
Q515,P1963,P1082
Q515,P1963,P47
Q515,P1963,P571
Q515,P1963,P2044
Q515,P1963,P2046
Q515,P1963,P150
Q515,P1963,P31
Q515,P1963,P17
Q515,P1963,P6
Q515,P2633,Q690068
Q515,P1343,Q19538713
Q515,P1343,Q602358
Q515,P1343,Q4173137
Q515,P1343,Q4114391
Q515,P1343,Q2041543
Q515,P1889,Q3957
Q515,P1889,Q1907114
Q515,P1889,Q15253706
Q515,P1889,Q26714626
Q515,P1889,Q271444
Q515,P1424,Q15429121
Q515,P1424,Q6579402
Q515,P2184,Q30324006
Q515,P5008,Q5460604
Q515,P5869,Q915
Q515,P5869,Q1490
Q515,P5869,Q84
Q515,P5869,Q1156
Q515,P5869,Q1486
Q515,P5869,Q237
Q515,P6186,Q13304951
Q515,P6186,Q4668805
Q515,P3729,Q3957
Q515,P1552,Q47524457
Q515,P2579,Q23578769
Q11460,P279,Q386724
Q11460,P279,Q2424752
Q11460,P279,Q8205328
Q11460,P910,Q7214143
Q11460,P186,Q28823
Q11460,P186,Q286
Q11460,P186,Q1792537
Q11460,P361,Q12684
Q11460,P361,Q11828862
Q11460,P366,Q2526135
Q11460,P366,Q12684
Q11460,P366,Q162297
Q11460,P1552,Q1075138
Q11460,P2670,Q28935403
Q11460,P1687,P3828
Q11460,P1687,P7376
Q11460,P1424,Q8079042
Q11460,P1343,Q30059240
Q11460,P1343,Q4173137
Q11460,P1343,Q602358
Q11460,P1343,Q4086271
Q11460,P1343,Q1970746
Q11460,P1343,Q19190511
Q11460,P1343,Q1768721
Q11460,P5008,Q5460604
Q11460,P2184,Q2501507
Q11460,P176,Q242468
Q4230004,P31,Q4167410
Q4230004,P1889,Q37066135
Q81727,P279,Q2453629
Q81727,P366,Q876776
Q81727,P4330,Q11435
Q81727,P1889,Q1242244
Q81727,P1343,Q1768721
Q81727,P460,Q2100893
Q226663,P31,Q4167410
Q226663,P527,Q418381
Q226663,P527,Q403306
Q226663,P527,Q26491693
Q226663,P527,Q15623733
Q226663,P1889,Q37531025
Q238399,P361,Q646206
Q238399,P1343,Q2657718
Q238399,P31,Q1307214
Q238399,P2596,Q2277
Q238399,P1889,Q2886278
Q5376671,P31,Q11424
Q5376671,P161,Q317308
Q5376671,P161,Q237115
Q5376671,P161,Q445302
Q5376671,P161,Q353755
Q5376671,P364,Q1860
Q5376671,P495,Q30
Q5376671,P57,Q16186815
Q5376671,P58,Q16186815
Q5376671,P344,Q7608850
Q5376671,P1040,Q128221
Q108174,P31,Q4167410
Q108174,P1889,Q37502006
Q2095,P460,Q12046531
Q2095,P460,Q1422299
Q2095,P279,Q1194058
Q2095,P279,Q1422299
Q2095,P366,Q213449
Q2095,P910,Q5611149
Q2095,P1542,Q769815
Q2095,P1542,Q1562684
Q2095,P1343,Q2657718
Q2095,P1343,Q4086271
Q2095,P1343,Q4173137
Q2095,P2633,Q5535261
Q2095,P1424,Q6630855
Q2095,P1552,Q186205
Q2095,P1552,Q1689021
Q2095,P1552,Q19861951
Q2095,P1552,Q2514470
Q2095,P1552,Q2075931
Q2095,P1552,Q98106219
Q2095,P1552,Q485537
Q2095,P1552,Q1952715
Q2095,P1552,Q4173974
Q2095,P1552,Q98106499
Q2095,P1552,Q98106841
Q2095,P2579,Q2111686
Q2095,P2579,Q1637030
Q2095,P527,Q25403900
Q2095,P186,Q25403900
Q2095,P5008,Q5460604
Q2095,P1535,Q7239
Q2095,P461,Q1996086
Q2095,P1441,Q2385
Q2095,P1441,Q815739
Q2095,P1441,Q290106
Q2095,P1889,Q2836947
Q2095,P1963,P279
Q2095,P1963,P495
Q2095,P1963,P527
Q346996,P31,Q4167410
Q346996,P460,Q1455510
Q346996,P460,Q20531580
Q346996,P460,Q3088405
Q1624408,P31,Q4167410
Q1624408,P1889,Q19604207
Q1136859,P461,Q618779
Q1136859,P1542,Q1775767
Q1136859,P31,Q451967
Q1136859,P279,Q490149
Q1136859,P361,Q77468620
Q227951,P31,Q4167410
Q227951,P460,Q2752630
Q227951,P460,Q8075638
Q227951,P460,Q900946
Q227951,P460,Q408612
Q2572947,P276,Q529688
Q2572947,P425,Q102066
Q2572947,P425,Q334401
Q2572947,P425,Q155930
Q2572947,P31,Q12737077
Q2572947,P361,Q2626877
Q16877434,P31,Q4167410
Q208450,P361,Q9357054
Q208450,P361,Q77468620
Q208450,P1343,Q2041543
Q208450,P31,Q60539481
Q208450,P1889,Q3036538
Q208450,P1889,Q738203
Q2096314,P31,Q4167410
Q2096314,P460,Q28801020
Q2096314,P460,Q7196871
Q2096314,P460,Q14733365
Q2096314,P460,Q343906
Q2096314,P460,Q22221998
Q82955,P1424,Q6424841
Q82955,P1424,Q10975245
Q82955,P910,Q5753390
Q82955,P1963,P69
Q82955,P1963,P569
Q82955,P1963,P21
Q82955,P1963,P968
Q82955,P1963,P2002
Q82955,P1963,P2013
Q82955,P1963,P106
Q82955,P1963,P39
Q82955,P1963,P3602
Q82955,P1963,P102
Q82955,P1963,P570
Q82955,P1963,P19
Q82955,P1963,P856
Q82955,P1963,P1581
Q82955,P1963,P1814
Q82955,P1963,P18
Q82955,P1963,P27
Q82955,P1963,P742
Q82955,P1963,P22
Q82955,P1963,P25
Q82955,P1963,P3373
Q82955,P1963,P26
Q82955,P1963,P40
Q82955,P1963,P1971
Q82955,P1963,P1038
Q82955,P1963,P103
Q82955,P1963,P1412
Q82955,P1963,P101
Q82955,P1963,P1449
Q82955,P1963,P463
Q82955,P1963,P793
Q82955,P1963,P2048
Q82955,P1963,P166
Q82955,P1963,P1411
Q82955,P1963,P512
Q82955,P1963,P551
Q82955,P1963,P937
Q82955,P1963,P172
Q82955,P1963,P140
Q82955,P1963,P2067
Q82955,P1963,P1853
Q82955,P1963,P552
Q82955,P1963,P973
Q82955,P1963,P1889
Q82955,P1963,P2003
Q82955,P1963,P768
Q82955,P1963,P1559
Q82955,P1687,P5832
Q82955,P1687,P6585
Q82955,P5869,Q8023
Q82955,P6104,Q58484874
Q82955,P6186,Q6962495
Q82955,P1889,Q11499147
Q82955,P425,Q7163
Q82955,P31,Q28640
Q82955,P279,Q702269
Q82955,P2283,Q66762643
Q82955,P2354,Q66762707
Q40953,P31,Q23847174
Q40953,P31,Q223393
Q40953,P31,Q98088085
Q40953,P279,Q1914636
Q40953,P279,Q451967
Q40953,P279,Q234460
Q40953,P1343,Q4086271
Q40953,P1343,Q602358
Q40953,P1343,Q4173137
Q40953,P1343,Q19190511
Q40953,P910,Q5831389
Q40953,P527,Q173445
Q40953,P527,Q8866546
Q40953,P361,Q9174
Q1760011,P31,Q3505845
Q18394032,P31,Q21278897
Q264890,P31,Q4167410
Q264890,P460,Q17154001
Q534381,P31,Q4167410
Q534381,P460,Q19689610
Q534381,P460,Q97849385
Q534381,P1889,Q16882093
Q534381,P1889,Q97849093
Q192054,P910,Q8700298
Q192054,P279,Q4503831
Q192054,P279,Q223675
Q7271585,P279,Q340169
Q7271585,P1269,Q9135
Q24384,P279,Q186081
Q24384,P910,Q7149644
Q24384,P1424,Q10723731
Q24384,P460,Q7065142
Q24384,P460,Q20852192
Q54128,P31,Q28640
Q54128,P910,Q8387037
Q54128,P279,Q1191714
Q54128,P279,Q464705
Q54128,P1343,Q2657718
Q54128,P1343,Q1768721
Q54128,P1343,Q4532138
Q54128,P417,Q744884
Q54128,P425,Q29584148
Q1554556,P31,Q4167410
Q1554556,P1889,Q29856658
Q1554556,P1889,Q1664392
Q1554556,P1889,Q1433075
Q483110,P279,Q641226
Q483110,P279,Q1076486
Q483110,P910,Q6163712
Q483110,P1343,Q2657718
Q483110,P1343,Q602358
Q483110,P1343,Q19180675
Q483110,P1424,Q6034132
Q483110,P1687,P115
Q483110,P1963,P276
Q483110,P1963,P131
Q483110,P1963,P421
Q483110,P1963,P1619
Q483110,P1963,P3999
Q483110,P1963,P17
Q483110,P1963,P856
Q483110,P1963,P1448
Q483110,P1963,P1174
Q483110,P1963,P3872
Q257117,P31,Q4167410
Q257117,P1889,Q37170128
Q257117,P1889,Q97930402
Q257117,P1889,Q12759660
Q257117,P1889,Q7602473
Q257117,P1889,Q61054111
Q253287,P31,Q4167410
Q253287,P1889,Q37463860
Q253287,P1889,Q65007425
Q253287,P1889,Q3299221
Q253287,P1889,Q92296904
Q253287,P1889,Q7605002
Q253287,P1889,Q92434359
Q253287,P1889,Q92439947
Q253287,P1889,Q2226609
Q604164,P31,Q31338769
Q604164,P910,Q30955887
Q725975,P279,Q1052804
Q725975,P361,Q2532754
Q725975,P31,Q1052804
Q1564686,P31,Q4167410
Q1564686,P1889,Q37226657
Q454839,P31,Q4167410
Q454839,P1889,Q41545212
Q529287,P31,Q4167410
Q1151340,P31,Q5978012
Q1151340,P31,Q98088085
Q3999155,P175,Q41076
Q3999155,P175,Q297831
Q3999155,P175,Q1897911
Q3999155,P264,Q190585
Q3999155,P31,Q134556
Q3999155,P156,Q4733960
Q3999155,P156,Q4999488
Q3999155,P156,Q16155819
Q3999155,P155,Q820999
Q3999155,P86,Q41076
Q3999155,P136,Q850412
Q3999155,P676,Q41076
Q1206706,P279,Q8076
Q1206706,P31,Q10929058
Q198,P1151,Q10632410
Q198,P461,Q454
Q198,P279,Q350604
Q198,P279,Q1920219
Q198,P279,Q1190554
Q198,P910,Q8394144
Q198,P910,Q4476237
Q198,P1343,Q678259
Q198,P1343,Q4114391
Q198,P1343,Q4173137
Q198,P1343,Q4086271
Q198,P1424,Q13479477
Q198,P1424,Q19410114
Q198,P527,Q178561
Q198,P5008,Q5460604
Q198,P3095,Q178197
Q198,P2579,Q192781
Q198,P1687,P607
Q178794,P279,Q1065579
Q178794,P279,Q376
Q178794,P910,Q8164367
Q178794,P1889,Q13418965
Q178794,P1889,Q26965868
Q178794,P1889,Q849813
Q178794,P1382,Q161439
Q11663,P279,Q1322005
Q11663,P279,Q58928516
Q11663,P279,Q3505845
Q11663,P361,Q8104
Q11663,P910,Q6465519
Q11663,P1343,Q16387823
Q11663,P1343,Q2041543
Q11663,P1151,Q10814956
Q11663,P2579,Q25261
Q11663,P1963,P4150
Q11663,P1687,P4150
Q11663,P5008,Q5460604
Q11663,P1536,Q7493941
Q11663,P1552,Q614112
Q11663,P1552,Q4072190
Q11663,P1424,Q20376438
Q11663,P1424,Q8067988
Q799,P31,Q157811
Q799,P1889,Q8027410
Q799,P1889,Q2488994
Q799,P279,Q46744
Q799,P279,Q9081
Q799,P910,Q47515545
Q799,P1343,Q4086271
Q799,P1343,Q1768721
Q211198,P1963,P101
Q211198,P279,Q16334295
Q211198,P2670,Q63443976
Q356171,P31,Q4167410
Q52943,P279,Q11023058
Q52943,P910,Q9564784
Q52943,P1343,Q101314624
Q101965,P910,Q6479193
Q101965,P279,Q1003030
Q101965,P361,Q3331334
Q101965,P527,Q367158
Q3127419,P279,Q27141
Q3127419,P279,Q600396
Q3127419,P279,Q192935
Q3127419,P31,Q55983715
Q3127419,P1889,Q2912085
Q16797573,P31,Q4167410
Q401466,P31,Q4167410
Q34168,P910,Q8952191
Q34168,P279,Q39546
Q34168,P279,Q7835525
Q34168,P366,Q36963
Q34168,P366,Q2306047
Q34168,P1535,Q14009165
Q34168,P1889,Q7835525
Q35473,P910,Q7163191
Q35473,P366,Q210064
Q35473,P366,Q2075301
Q35473,P366,Q584049
Q35473,P279,Q391414
Q35473,P186,Q11469
Q35473,P1343,Q19190511
Q2916183,P279,Q13370881
Q2916183,P279,Q1301203
Q2916183,P1687,P1399
Q2916183,P156,Q1763090
Q985684,P17,Q734
Q985684,P31,Q486972
Q985684,P31,Q2373919
Q985684,P112,Q477125
Q985684,P112,Q213861
Q985684,P276,Q3066884
Q985684,P793,Q1907560
Q985684,P138,Q213861
Q985684,P138,Q477125
Q985684,P466,Q477125
Q985684,P466,Q213861
Q985684,P131,Q537740
Q365932,P31,Q4167410
Q7755403,P31,Q4167410
Q240734,P31,Q4167410
Q240734,P460,Q4128482
Q240734,P460,Q299799
Q240734,P1889,Q202698
Q240734,P1889,Q60614852
Q240734,P1889,Q1755305
Q240734,P1889,Q28453357
Q240734,P1889,Q10723514
Q240734,P1889,Q20760303
Q240734,P1889,Q84090587
Q240734,P1889,Q66476222
Q4440864,P910,Q7144808
Q4440864,P1343,Q2657718
Q4440864,P1424,Q8083587
Q4440864,P31,Q188211
Q4440864,P279,Q3924032
Q4440864,P1889,Q929302
Q9603,P279,Q432
Q9603,P279,Q45996
Q9603,P910,Q8824100
Q9603,P737,Q2822174
Q9603,P1343,Q2657718
Q9603,P5008,Q5460604
Q9603,P1889,Q123006
Q9603,P31,Q1826286
Q7385,P31,Q4167410
Q7385,P1889,Q37165442
Q1200750,P279,Q2063340
Q1200750,P279,Q234460
Q19357312,P279,Q1864008
Q7560,P1687,P25
Q7560,P31,Q171318
Q7560,P279,Q7566
Q7560,P279,Q84048852
Q7560,P1343,Q2657718
Q7560,P1343,Q1970746
Q7560,P1343,Q1970746
Q7560,P1343,Q4086271
Q7560,P1343,Q4173137
Q7560,P1552,Q6581072
Q7560,P179,Q267388
Q7560,P461,Q29514218
Q7560,P461,Q7565
Q7560,P1269,Q1956046
Q1554231,P910,Q7195254
Q1554231,P279,Q35120
Q1554231,P279,Q31464082
Q1554231,P1889,Q21162272
Q1554231,P1424,Q26191671
Q232576,P31,Q4167410
Q232576,P1889,Q16882992
Q19304,P31,Q4167410
Q19304,P1889,Q37562822
Q19304,P460,Q247857
Q506993,P31,Q4167410
Q7997504,P31,Q4167410
Q905151,P279,Q196878
Q905151,P366,Q189760
Q905151,P186,Q11472
Q905151,P1889,Q25100644
Q188075,P279,Q207822
Q188075,P279,Q987767
Q188075,P910,Q10250276
Q188075,P186,Q354757
Q188075,P186,Q389782
Q188075,P1343,Q4114391
Q188075,P1343,Q602358
Q188075,P1889,Q63615464
Q188075,P1419,Q262959
Q15037754,P279,Q15618781
Q15037754,P641,Q5386
Q79871,P461,Q15304496
Q79871,P31,Q60539481
Q79871,P31,Q16748867
Q79871,P31,Q166502
Q79871,P361,Q9357054
Q79871,P361,Q28481737
Q79871,P361,Q77468620
Q79871,P910,Q9464412
Q79871,P1343,Q4173137
Q79871,P1343,Q4086271
Q79871,P1343,Q19180675
Q79871,P1343,Q1970746
Q79871,P1343,Q4173137
Q79871,P460,Q16700267
Q346504,P31,Q4167410
Q346504,P1889,Q30089129
Q346504,P1889,Q21084500
Q346504,P460,Q425336
Q346504,P460,Q223894
Q346504,P460,Q1247742
Q4781758,P31,Q11189
Q641226,P279,Q18674739
Q641226,P279,Q1076486
Q641226,P1343,Q1138524
Q8104,P279,Q11432
Q8104,P279,Q47495022
Q8104,P361,Q6999
Q8104,P910,Q7110115
Q8104,P1542,Q81809
Q8104,P5008,Q5460604
Q8104,P1889,Q2708714
Q19832099,P31,Q4167410
Q8799,P460,Q851872
Q8799,P31,Q3550873
Q8799,P31,Q82047057
Q8799,P527,Q8805
Q8799,P1889,Q8805
Q8799,P111,Q71699827
Q377906,P31,Q4167410
Q377906,P1889,Q57873330
Q62207,P31,Q4167410
Q62207,P460,Q347900
Q62207,P460,Q6819626
Q62207,P460,Q68776959
Q62207,P460,Q1680210
Q62207,P460,Q68777916
Q62207,P460,Q344869
Q62207,P1889,Q37448497
Q412365,P31,Q4167410
Q412365,P1889,Q37233004
Q412365,P1889,Q2963440
Q412365,P460,Q98939383
Q247001,P31,Q4167410
Q1186521,P31,Q4167410
Q9415,P361,Q9357054
Q9415,P910,Q5908053
Q9415,P279,Q781413
Q9415,P279,Q282250
Q9415,P1424,Q11172438
Q9415,P1424,Q6122442
Q9415,P5008,Q5460604
Q9415,P1542,Q205555
Q9415,P1889,Q205555
Q9415,P1343,Q2041543
Q9415,P1552,Q750859
Q1367748,P31,Q4167410
Q9149,P1343,Q20743760
Q9149,P31,Q7257
Q9149,P31,Q33104279
Q9149,P5008,Q5460604
Q9149,P279,Q49447
Q287055,P31,Q4167410
Q287055,P1889,Q5103867
Q177528,P31,Q4167410
Q177528,P460,Q26980587
Q102083,P910,Q7213566
Q102083,P279,Q1250916
Q102083,P425,Q1056721
Q102083,P31,Q355567
Q102083,P31,Q56019
Q102083,P31,Q28640
Q102083,P511,Q209690
Q102083,P1343,Q19180675
Q102083,P1343,Q602358
Q102083,P1343,Q4114391
Q102083,P1343,Q1970746
Q102083,P6186,Q59576034
Q102083,P460,Q2261440
Q226684,P31,Q4167410
Q1213374,P31,Q4167410
Q228558,P31,Q4167410
Q240416,P31,Q4167410
Q1333727,P910,Q25335952
Q2995534,P31,Q4167410
Q124757,P279,Q686984
Q124757,P279,Q273120
Q124757,P910,Q8663474
Q124757,P1343,Q19180675
Q124757,P1343,Q602358
Q124757,P1343,Q1970746
Q124757,P1343,Q19190511
Q124757,P1343,Q19180675
Q124757,P1343,Q602358
Q124757,P6186,Q25164487
Q124757,P279,Q686984
Q124757,P279,Q273120
Q124757,P910,Q8663474
Q124757,P1343,Q19180675
Q124757,P1343,Q602358
Q124757,P1343,Q1970746
Q124757,P1343,Q19190511
Q124757,P1343,Q19180675
Q124757,P1343,Q602358
Q124757,P6186,Q25164487
Q402711,P31,Q4167410
Q21481504,P31,Q101352
Q21481504,P1889,Q7380800
Q21481504,P282,Q8229
Q393789,P31,Q4167410
Q393789,P460,Q3057767
Q393789,P1889,Q37488990
Q393789,P5008,Q99671172
Q1195509,P1889,Q42982
Q670,P138,Q83087
Q670,P910,Q7217099
Q670,P279,Q19596
Q670,P31,Q11344
Q670,P31,Q21073023
Q670,P1542,Q21175300
Q670,P1343,Q2657718
Q670,P2868,Q7831165
Q670,P61,Q151911
Q670,P1889,Q146439
Q670,P361,Q211331
Q670,P361,Q106693
Q205961,P279,Q1347367
Q205961,P279,Q9081
Q205961,P910,Q7217367
Q205961,P1343,Q2657718
Q205961,P460,Q21663961
Q205961,P1889,Q21767554
Q402365,P31,Q4167410
Q402365,P1889,Q1946567
Q402365,P1889,Q74604410
Q402365,P1889,Q74605023
Q7855605,P31,Q4167410
Q34508,P279,Q1209283
Q34508,P279,Q10301427
Q34508,P279,Q2431196
Q34508,P910,Q8218848
Q34508,P31,Q1209283
Q34508,P1687,P10
Q34508,P1889,Q98069877
Q411459,P31,Q4167410
Q411459,P1889,Q16032112
Q7242,P31,Q194112
Q7242,P461,Q1415055
Q16785309,P31,Q4167410
Q292532,P31,Q4167410
Q217359,P31,Q4167410
Q121117,P279,Q68
Q121117,P910,Q7217113
Q121117,P2184,Q11042114
Q121117,P366,Q1190465
Q121117,P1269,Q9135
Q128135,P910,Q6374379
Q128135,P31,Q12909644
Q128135,P31,Q33104069
Q128135,P31,Q28108
Q128135,P5008,Q13382529
Q52943,P279,Q11023058
Q52943,P910,Q9564784
Q52943,P1343,Q101314624
Q188739,P31,Q166502
Q188739,P31,Q60539481
Q188739,P279,Q775842
Q188739,P461,Q488085
Q188739,P460,Q10423642
Q188739,P1889,Q20397722
Q188739,P1889,Q6545811
Q188739,P361,Q77468620
Q1572600,P279,Q15621286
Q1572600,P279,Q49848
Q1572600,P1343,Q678259
Q1572600,P1889,Q16622269
Q1572600,P910,Q8794793
Q476300,P910,Q7189783
Q476300,P910,Q7216276
Q476300,P279,Q52948
Q476300,P461,Q766238
Q476300,P461,Q380962
Q476300,P1963,P710
Q476300,P1889,Q23807345
Q476300,P1889,Q841654
Q476300,P1889,Q1178401
Q476300,P31,Q1139327
Q18960408,P31,Q4167410
Q18960408,P1889,Q1206775
Q3153673,P31,Q4167410
Q343104,P31,Q4167410
Q7307702,P31,Q4167410
Q8961886,P31,Q4167410
Q8961886,P1889,Q37460298
Q7425911,P31,Q4167410
Q226391,P31,Q4167410
Q1347572,P910,Q8429822
Q1347572,P279,Q3523102
Q1347572,P1343,Q2041543
Q1347572,P1552,Q18757
Q15807,P361,Q133105
Q15807,P910,Q7214330
Q15807,P2286,Q2865983
Q15807,P279,Q4936952
Q15807,P279,Q26962795
Q15807,P2959,Q22828801
Q15807,P460,Q7171309
Q15807,P1889,Q54804276
Q15807,P1889,Q133105
Q15807,P1889,Q154425
Q15807,P1343,Q602358
Q15807,P1343,Q19180675
Q15807,P1343,Q4532138
Q15807,P1343,Q1768721
Q1196258,P910,Q16808668
Q1196258,P279,Q386724
Q1196258,P279,Q176763
Q1196258,P279,Q1190554
Q7246,P31,Q15707583
Q7246,P279,Q2239243
Q7246,P279,Q24296329
Q7246,P910,Q8864632
Q7246,P1343,Q4086271
Q7246,P1343,Q4173137
Q7246,P1343,Q602358
Q7246,P1343,Q19180675
Q7246,P1343,Q1138524
Q7246,P527,Q82025
Q7246,P1889,Q30167264
Q7246,P1889,Q1049322
Q231218,P910,Q8705449
Q231218,P1343,Q2657718
Q231218,P1343,Q20078554
Q231218,P1343,Q2657718
Q231218,P460,Q9050360
Q231218,P31,Q3239681
Q231218,P1889,Q178263
Q231218,P1424,Q8072441
Q236953,P31,Q4167410
Q236953,P1889,Q37443248
Q2303330,P31,Q4167410
Q1385610,P279,Q234460
Q1385610,P1687,P7081
Q101965,P910,Q6479193
Q101965,P279,Q1003030
Q101965,P361,Q3331334
Q101965,P527,Q367158
Q3063793,P31,Q4167410
Q16784764,P31,Q4167410
Q1622659,P279,Q216048
Q1622659,P910,Q7213831
Q1622659,P1343,Q2657718
Q1622659,P31,Q31629
Q1622659,P527,Q1455
Q1622659,P527,Q41466
Q1622659,P527,Q1748406
Q1622659,P527,Q946171
Q1622659,P527,Q1551265
Q1622659,P527,Q963312
Q1622659,P527,Q1058877
Q1622659,P527,Q183018
Q1622659,P527,Q974015
Q1622659,P527,Q206763
Q407776,P31,Q4167410
Q407776,P910,Q6509752
Q340640,P31,Q4167410
Q340640,P1889,Q37032353
Q340640,P460,Q11112036
Q1826496,P31,Q4167410
Q1826496,P1889,Q37506324
Q673579,P31,Q4167410
Q673579,P1889,Q1921748
Q673579,P1889,Q37477252
Q673579,P460,Q1921603
Q673579,P460,Q1922039
Q45996,P279,Q5410500
Q45996,P910,Q7145525
Q45996,P1343,Q2041543
Q45996,P1269,Q9174
Q45996,P3095,Q12328016
Q45996,P1889,Q1956943
Q9633,P279,Q17781690
Q9633,P279,Q66596064
Q9633,P910,Q7031965
Q9633,P1343,Q19558994
Q9633,P1343,Q602358
Q9633,P1343,Q1768721
Q9633,P1343,Q63284758
Q9633,P2959,Q27094347
Q9633,P1889,Q24031444
Q9633,P1889,Q29837815
Q218336,P31,Q4167410
Q14167404,P31,Q4167410
Q8054,P279,Q422649
Q8054,P279,Q181394
Q8054,P279,Q424689
Q8054,P279,Q145273
Q8054,P279,Q66560214
Q8054,P910,Q7204727
Q8054,P527,Q8066
Q8054,P527,Q33293
Q8054,P1424,Q6269469
Q8054,P1424,Q52493
Q8054,P1963,P352
Q8054,P1963,P637
Q8054,P1963,P681
Q8054,P1963,P680
Q8054,P1963,P682
Q8054,P1963,P705
Q8054,P1963,P128
Q8054,P828,Q38594761
Q8054,P31,Q17339814
Q8054,P31,Q24017414
Q8054,P1687,P705
Q8054,P5008,Q5460604
Q8054,P1889,Q172847
Q8054,P702,Q20747295
Q8054,P1343,Q19180675
Q8054,P1343,Q602358
Q8054,P361,Q22252481
Q8054,P361,Q56058200
Q8054,P361,Q56058201
Q8054,P361,Q56058202
Q8054,P361,Q56058203
Q8054,P361,Q56058204
Q8054,P361,Q56058205
Q8054,P361,Q14912137
Q8054,P361,Q22290846
Q8054,P361,Q22289142
Q8054,P361,Q22289146
Q8054,P361,Q27948964
Q8054,P361,Q27948963
Q8054,P361,Q24480048
Q8054,P361,Q22291013
Q8054,P361,Q24486086
Q8054,P361,Q26252193
Q8054,P361,Q26252194
Q8054,P361,Q21106243
Q8054,P361,Q22282565
Q8054,P361,Q417662
Q8054,P1552,Q735188
Q8054,P1552,Q899763
Q8054,P1552,Q904984
Q8054,P1552,Q898483
Q8054,P1552,Q898529
Q8054,P1552,Q17156992
Q1582399,P31,Q4167410
Q1582399,P1889,Q2924352
Q1582399,P1889,Q37486629
Q174053,P910,Q7296573
Q174053,P279,Q5320
Q174053,P279,Q64706737
Q25999,P910,Q9116570
Q25999,P1343,Q2041543
Q25999,P1343,Q602358
Q25999,P1343,Q19180675
Q25999,P1343,Q1970746
Q25999,P1343,Q4114391
Q25999,P279,Q15688633
Q25999,P279,Q2583685
Q25999,P279,Q2424752
Q25999,P2959,Q23014507
Q25999,P361,Q1075310
Q25999,P1889,Q6497053
Q194189,P910,Q8699379
Q194189,P31,Q151885
Q194189,P31,Q1914636
Q194189,P279,Q601401
Q194189,P279,Q815823
Q194189,P461,Q1369832
Q194189,P361,Q39809
Q194189,P361,Q159810
Q194189,P361,Q601401
Q194189,P3095,Q685433
Q194189,P3095,Q1762621
Q605104,P31,Q4167410
Q254390,P31,Q4167410
Q2102,P910,Q7216619
Q2102,P3512,Q29378923
Q2102,P5008,Q5460604
Q2102,P1343,Q602358
Q2102,P1343,Q19180675
Q2102,P1343,Q4173137
Q2102,P1343,Q1970746
Q2102,P1343,Q4086271
Q2102,P1343,Q1768721
Q2102,P279,Q10811
Q2102,P31,Q55983715
Q2102,P2579,Q577555
Q22955356,P31,Q4167410
Q1347679,P31,Q4830453
Q1347679,P910,Q8833891
Q1347679,P159,Q824
Q1347679,P17,Q30
Q1347679,P740,Q6106
Q1347679,P127,Q27919383
Q1347679,P355,Q30338152
Q1347679,P355,Q30338154
Q1347679,P355,Q30338156
Q1347679,P355,Q30338157
Q1347679,P749,Q27919383
Q1347679,P452,Q11650
Q1047966,P31,Q18343316
Q1047966,P31,Q15836568
Q1047966,P4810,Q47517764
Q1047966,P4810,Q47517765
Q1047966,P4810,Q47517767
Q1047966,P4810,Q47517768
Q1047966,P4810,Q47517769
Q1047966,P4810,Q47517774
Q23390,P105,Q35409
Q23390,P171,Q772442
Q23390,P171,Q25329
Q23390,P910,Q7232571
Q23390,P31,Q16521
Q23390,P1343,Q2041543
Q23390,P1343,Q4086271
Q23390,P1343,Q1970746
Q23390,P1343,Q602358
Q23390,P1343,Q602358
Q23390,P1343,Q19180675
Q23390,P1343,Q4173137
Q23390,P1343,Q19190511
Q23390,P1672,Q29838581
Q23390,P1672,Q25038245
Q23390,P1672,Q2296872
Q23390,P1672,Q96756392
Q23390,P366,Q29838690
Q23390,P5588,Q3960
Q210978,P31,Q3769299
Q210978,P279,Q100701108
Q6636,P910,Q6495884
Q6636,P31,Q17888
Q6636,P460,Q592
Q6636,P1343,Q2041543
Q6636,P1343,Q20078554
Q6636,P279,Q339014
Q6636,P279,Q3242821
Q6636,P279,Q1632385
Q6636,P1889,Q610757
Q6636,P527,Q592
Q6636,P527,Q6649
Q6636,P5008,Q15092984
Q6636,P5008,Q97285685
Q228395,P910,Q9518209
Q228395,P279,Q22271532
Q228395,P361,Q182353
Q228395,P31,Q2996394
Q192627,P910,Q9623901
Q192627,P1889,Q28949586
Q192627,P1889,Q4692283
Q192627,P1889,Q170539
Q192627,P1889,Q1131737
Q192627,P279,Q196327
Q192627,P2579,Q183252
Q177,P279,Q666242
Q177,P279,Q26996677
Q177,P279,Q746549
Q177,P279,Q13485782
Q177,P279,Q3245975
Q177,P910,Q6931672
Q177,P31,Q19861951
Q177,P495,Q38
Q177,P527,Q3596097
Q177,P527,Q36465
Q177,P527,Q14088
Q177,P527,Q42962
Q177,P527,Q11254
Q177,P1343,Q2041543
Q177,P2012,Q192786
Q177,P186,Q178024
Q177,P186,Q3596097
Q177,P186,Q10943
Q177,P7767,Q28128222
Q177,P2184,Q2359423
Q177,P1419,Q17278
Q7432,P31,Q427626
Q7432,P31,Q13578154
Q7432,P31,Q3100180
Q7432,P361,Q13198444
Q7432,P361,Q3238261
Q7432,P910,Q10116375
Q7432,P527,Q2625603
Q7432,P1963,P181
Q7432,P5008,Q5460604
Q7432,P1343,Q20078554
Q7432,P1343,Q602358
Q7432,P5869,Q42196
Q7432,P5869,Q43502
Q7432,P828,Q39350
Q7432,P1552,Q51255340
Q7432,P279,Q11398
Q288928,P910,Q4266695
Q288928,P1343,Q302556
Q288928,P1343,Q2041543
Q288928,P1343,Q602358
Q288928,P1343,Q19180675
Q288928,P1343,Q4173137
Q288928,P1343,Q3181656
Q288928,P1889,Q637230
Q288928,P1889,Q620834
Q288928,P1889,Q7066
Q288928,P1889,Q48420
Q288928,P31,Q20978643
Q288928,P31,Q5303685
Q288928,P31,Q13649246
Q288928,P461,Q35277
Q4808852,P31,Q4167410
Q299037,P31,Q4167410
Q351327,P31,Q4167410
Q4887401,P31,Q4167410
Q297803,P31,Q4167410
Q297803,P1889,Q16275107
Q297803,P1889,Q14915267
Q297803,P460,Q235994
Q297803,P460,Q403806
Q215491,P31,Q4167410
Q11024,P279,Q921513
Q11024,P279,Q6031064
Q11024,P910,Q1458498
Q11024,P910,Q8040748
Q11024,P527,Q1066689
Q11024,P1535,Q17502905
Q11024,P31,Q1413287
Q11024,P31,Q11862829
Q11024,P1424,Q22747357
Q11024,P5008,Q5460604
Q11024,P5125,Q7112587
Q11024,P2579,Q14623843
Q11024,P2579,Q59163546
Q11024,P2579,Q97008347
Q11024,P1552,Q340169
Q11024,P1552,Q38786485
Q11024,P3095,Q5280566
Q11024,P3095,Q62085571
Q11024,P3095,Q99601931
Q4381774,P31,Q4167410
Q40843,P910,Q8882294
Q40843,P279,Q80071
Q40843,P279,Q815741
Q40843,P279,Q1229071
Q40843,P279,Q60469796
Q40843,P1889,Q21550515
Q11516722,P31,Q4167410
Q178659,P910,Q8368196
Q178659,P1687,P18
Q178659,P1535,Q254554
Q178659,P3095,Q644687
Q178659,P1889,Q21550668
Q178659,P279,Q478798
Q178659,P279,Q4502142
Q178659,P1343,Q602358
Q178659,P31,Q11862829
Q225777,P31,Q4167410
Q225777,P1889,Q59847829
Q225777,P1889,Q59661785
Q225777,P1889,Q59847826
Q225777,P1889,Q60979354
Q225777,P1889,Q333266
Q225777,P1889,Q66423099
Q225777,P1889,Q66423492
Q225777,P1889,Q1971
Q225777,P1889,Q16996690
Q225777,P1889,Q11287043
Q225777,P1889,Q89375086
Q210317,P31,Q4167410
Q210317,P460,Q11764816
Q483247,P279,Q1190554
Q483247,P279,Q16722960
Q483247,P910,Q8799829
Q483247,P1343,Q2657718
Q483247,P5008,Q5460604
Q483247,P460,Q16722960
Q483247,P461,Q239581
Q483247,P1552,Q193181
Q225229,P31,Q4167410
Q258127,P279,Q192047
Q258127,P910,Q13395662
Q258127,P1343,Q2657718
Q258127,P3095,Q28933489
Q258127,P121,Q187833
Q258127,P121,Q1023915
Q258127,P1889,Q278156
Q258127,P460,Q97199617
Q1295967,P31,Q4167410
Q1062856,P910,Q6184127
Q1062856,P279,Q11483816
Q1062856,P279,Q205892
Q160470,P31,Q1668024
Q160470,P31,Q15836568
Q160470,P31,Q290378
Q160470,P361,Q3093307
Q160470,P1343,Q47167295
Q160470,P1343,Q47469273
Q160470,P1343,Q47471757
Q160470,P1343,Q47479141
Q160470,P1343,Q47483806
Q160470,P1343,Q47483088
Q160470,P1343,Q47313153
Q160470,P1343,Q47462212
Q160470,P1343,Q47462484
Q160470,P1343,Q47468243
Q160470,P1343,Q47455444
Q160470,P1343,Q47468331
Q160470,P1343,Q47463787
Q160470,P1343,Q47483555
Q160470,P1343,Q47485217
Q160470,P1343,Q47467150
Q160470,P1343,Q47466755
Q160470,P1343,Q47455992
Q160470,P1343,Q47484128
Q160470,P1343,Q47469261
Q160470,P1343,Q47484405
Q160470,P1343,Q47468898
Q160470,P1343,Q47472850
Q160470,P1343,Q47483692
Q160470,P1343,Q47484551
Q160470,P1343,Q47466671
Q160470,P1343,Q47461621
Q160470,P1343,Q47476435
Q160470,P1343,Q47465944
Q160470,P1343,Q47467046
Q160470,P1343,Q47484832
Q160470,P1343,Q47469262
Q160470,P1343,Q47472692
Q160470,P1343,Q47463712
Q160470,P1343,Q47290787
Q160470,P1343,Q47268079
Q160470,P1343,Q47461365
Q160470,P1343,Q47469772
Q160470,P1343,Q47468847
Q160470,P1343,Q47461227
Q160470,P1343,Q47466351
Q160470,P1343,Q47483273
Q160470,P1343,Q47464216
Q160470,P1343,Q47262334
Q160470,P1343,Q47472873
Q160470,P1343,Q47460022
Q160470,P1343,Q47462576
Q160470,P1343,Q47478353
Q160470,P1343,Q47466251
Q160470,P5805,Q189768
Q160470,P1889,Q7696386
Q2397485,P910,Q8354810
Q2397485,P366,Q908584
Q2397485,P366,Q11271324
Q2397485,P366,Q1852039
Q2397485,P366,Q357003
Q2397485,P366,Q2526135
Q2397485,P366,Q6149036
Q2397485,P279,Q517596
Q2397485,P279,Q839546
Q2397485,P279,Q20937557
Q2397485,P31,Q44409287
Q738142,P279,Q255274
Q738142,P910,Q7322958
Q738142,P31,Q28640
Q738142,P425,Q11371155
Q852835,P279,Q1415187
Q852835,P361,Q2979031
Q852835,P1382,Q100448831
Q656365,P31,Q853725
Q656365,P910,Q6642305
Q656365,P1269,Q6958747
Q656365,P1552,Q685744
Q656365,P1552,Q675059
Q656365,P1552,Q629411
Q656365,P1552,Q1500858
Q656365,P1552,Q1054723
Q656365,P1552,Q2992308
Q656365,P1552,Q7434443
Q656365,P1424,Q13406437
Q656365,P1889,Q192581
Q656365,P1889,Q12004616
Q656365,P279,Q8148
Q23298,P17,Q145
Q23298,P17,Q179876
Q23298,P131,Q48015
Q23298,P131,Q21
Q23298,P31,Q180673
Q23298,P421,Q6574
Q23298,P910,Q7285883
Q23298,P1464,Q8057409
Q23298,P1465,Q9679019
Q23298,P1740,Q8458134
Q23298,P1792,Q7115980
Q23298,P47,Q23240
Q23298,P47,Q23293
Q23298,P47,Q23276
Q23298,P47,Q23306
Q23298,P1343,Q19180675
Q23298,P1343,Q602358
Q23298,P150,Q21694674
Q23298,P150,Q797782
Q23298,P2633,Q5535165
Q23298,P1889,Q21694674
Q23298,P1889,Q67479626
Q23298,P36,Q213180
Q23298,P1791,Q32385242
Q23298,P7867,Q84043764
Q23298,P7959,Q67479626
Q23298,P8402,Q97318470
Q343111,P31,Q4167410
Q343111,P1889,Q15897150
Q343111,P1889,Q37465894
Q343111,P460,Q174173
Q343111,P460,Q226393
Q343111,P460,Q228355
Q343111,P460,Q346059
Q343111,P460,Q345823
Q343111,P460,Q405054
Q343111,P460,Q404988
Q343111,P460,Q1319735
Q343111,P460,Q1726984
Q343111,P460,Q1907003
Q343111,P460,Q1805845
Q343111,P460,Q2080903
Q343111,P460,Q2066425
Q343111,P460,Q2092863
Q343111,P460,Q2080542
Q343111,P460,Q2081224
Q343111,P460,Q2070351
Q343111,P460,Q2080626
Q343111,P460,Q7160859
Q343111,P460,Q7172373
Q343111,P460,Q13141106
Q1753718,P31,Q4830453
Q1753718,P31,Q134161
Q1753718,P159,Q1754
Q1753718,P452,Q2285982
Q1753718,P740,Q54756
Q1753718,P1454,Q422007
Q1753718,P17,Q34
Q1753718,P355,Q29123027
Q1753718,P355,Q29123031
Q1753718,P355,Q29123035
Q1753718,P355,Q29123037
Q1753718,P355,Q30338258
Q1753718,P355,Q4049039
Q1753718,P355,Q90679586
Q1753718,P1343,Q65526172
Q1753718,P414,Q1930860
Q4035110,P31,Q4167410
Q299000,P31,Q4167410
Q299000,P1889,Q1326816
Q299000,P1889,Q16257621
Q299000,P1889,Q36873780
Q299000,P1889,Q28606665
Q46344,P279,Q1621273
Q46344,P1269,Q944
Q236773,P31,Q4167410
Q506294,P279,Q15361145
Q506294,P1343,Q2041543
Q506294,P1343,Q1970746
Q506294,P1889,Q1300420
Q506294,P910,Q96606576
Q226234,P31,Q4167410
Q226234,P1889,Q16860206
Q226234,P460,Q891291
Q7944,P279,Q1322005
Q7944,P910,Q8396660
Q7944,P1880,Q38768
Q7944,P1880,Q201605
Q7944,P1880,Q1676638
Q7944,P1880,Q931823
Q7944,P1880,Q672828
Q7944,P1542,Q167903
Q7944,P1542,Q3839081
Q7944,P1542,Q8070
Q7944,P1542,Q827291
Q7944,P1424,Q5618297
Q7944,P1424,Q17584240
Q7944,P1424,Q14396473
Q7944,P1343,Q2041543
Q7944,P1343,Q602358
Q7944,P2959,Q22828674
Q7944,P1963,P2320
Q7944,P1963,P276
Q7944,P1963,P625
Q7944,P1963,P4511
Q7944,P1963,P1120
Q7944,P1963,P1339
Q7944,P1963,P1590
Q7944,P1963,P1446
Q7944,P1963,P585
Q7944,P1963,P2527
Q7944,P1963,P2528
Q7944,P1963,P2784
Q7944,P1963,P17
Q7944,P1963,P5386
Q7944,P1963,P2630
Q7944,P1963,P3082
Q7944,P1963,P2047
Q7944,P1963,P3081
Q7944,P5008,Q5460604
Q7944,P5008,Q54439832
Q7944,P2579,Q83371
Q7944,P1151,Q10929748
Q7944,P1552,Q106032
Q7944,P1552,Q107410
Q7944,P5869,Q36204
Q292572,P31,Q4167410
Q33741,P910,Q8590777
Q33741,P361,Q2857578
Q33741,P1343,Q2657718
Q33741,P1343,Q1138524
Q33741,P1343,Q4086271
Q33741,P1343,Q19190511
Q33741,P1343,Q1768721
Q33741,P279,Q422584
Q33741,P279,Q11663
Q33741,P279,Q1779241
Q33741,P279,Q64122
Q33741,P1542,Q83301
Q33741,P4733,Q83301
Q33741,P1880,Q3050846
Q33741,P5008,Q5460604
Q33741,P1536,Q15120872
Q33741,P1889,Q210064
Q4555,P31,Q4167410
Q231105,P31,Q4167410
Q231105,P1889,Q19819742
Q231105,P1889,Q25114360
Q302908,P31,Q4167410
Q302908,P1889,Q16867680
Q302908,P1889,Q3500430
Q4323994,P910,Q9108548
Q4323994,P4733,Q1850027
Q4323994,P279,Q177777
Q4323994,P1542,Q1850027
Q4323994,P166,Q5449086
Q79871,P461,Q15304496
Q79871,P31,Q60539481
Q79871,P31,Q16748867
Q79871,P31,Q166502
Q79871,P361,Q9357054
Q79871,P361,Q28481737
Q79871,P361,Q77468620
Q79871,P910,Q9464412
Q79871,P1343,Q4173137
Q79871,P1343,Q4086271
Q79871,P1343,Q19180675
Q79871,P1343,Q1970746
Q79871,P1343,Q4173137
Q79871,P460,Q16700267
Q1299167,P31,Q4167410
Q1299167,P1889,Q19967484
Q1299167,P1889,Q12785568
Q1299167,P460,Q447214
Q415865,P31,Q4167410
Q34274,P31,Q223393
Q34274,P279,Q179461
Q34274,P279,Q36279
Q34274,P179,Q1845
Q34274,P1343,Q4086271
Q34274,P1343,Q19180675
Q34274,P1343,Q602358
Q34274,P921,Q302
Q34274,P527,Q5852633
Q34274,P910,Q6505017
Q34274,P407,Q28602
Q34274,P407,Q35497
Q2285199,P31,Q4167410
Q536122,P31,Q4167410
Q536122,P1889,Q37492200
Q11035,P279,Q11019
Q11035,P279,Q1183543
Q11035,P279,Q581105
Q11035,P279,Q2425052
Q11035,P366,Q131395
Q11035,P910,Q9296191
Q11035,P1343,Q2657718
Q11035,P1343,Q4114391
Q11035,P1343,Q27680201
Q11035,P1343,Q19180675
Q11035,P1343,Q602358
Q11035,P1343,Q602358
Q11035,P61,Q77124
Q11035,P61,Q318449
Q11035,P61,Q34286
Q11035,P61,Q273314
Q11035,P4733,Q690856
Q11035,P5008,Q5460604
Q11035,P2184,Q5870934
Q11035,P361,Q2354216
Q11035,P1889,Q202064
Q1393316,P31,Q11879590
Q1393316,P31,Q12308941
Q1393316,P1750,Q2996
Q1393316,P1750,Q2392
Q1393316,P407,Q1412
Q1393316,P407,Q9035
Q1393316,P407,Q9027
Q1393316,P1889,Q19860337
Q1393316,P282,Q8229
Q293537,P31,Q4167410
Q293537,P1889,Q36999587
Q293537,P1343,Q2041543
Q365117,P31,Q4167410
Q365117,P460,Q29394059
Q10090,P910,Q6600082
Q10090,P279,Q17573152
Q10090,P31,Q4392985
Q3710460,P31,Q4167410
Q354906,P31,Q4167410
Q354906,P460,Q41500043
Q633403,P910,Q9436919
Q633403,P1343,Q20078554
Q633403,P1343,Q602358
Q633403,P1343,Q19180675
Q633403,P31,Q30897648
Q633403,P31,Q169872
Q633403,P2176,Q905058
Q633403,P279,Q1441305
Q633403,P279,Q169872
Q82604,P279,Q1914636
Q82604,P910,Q6180258
Q82604,P1424,Q14403664
Q82604,P1542,Q41553020
Q82604,P460,Q1519454
Q82604,P5125,Q7112605
Q82604,P3095,Q5322166
Q82604,P31,Q1047113
Q82604,P1552,Q5253831
Q269949,P279,Q34442
Q269949,P910,Q8513655
Q269949,P1889,Q3135456
Q269949,P31,Q7860962
Q249104,P31,Q4167410
Q249104,P1889,Q16881308
Q13883551,P279,Q60825090
Q13883551,P31,Q28829877
Q697327,P910,Q8585488
Q697327,P1343,Q2657718
Q697327,P279,Q2334719
Q247179,P279,Q49848
Q247179,P1889,Q1140925
Q299677,P31,Q4167410
Q1503443,P910,Q7483891
Q1503443,P31,Q100195948
Q1503443,P461,Q1683540
Q1503443,P2283,Q170028
Q1503443,P2283,Q100171002
Q1503443,P279,Q100171002
Q1503443,P460,Q2476929
Q207961,P279,Q246672
Q207961,P279,Q937228
Q207961,P361,Q8087
Q207961,P910,Q6482775
Q207961,P1343,Q2657718
Q207961,P1889,Q16520850
Q207961,P1889,Q21860880
Q207961,P1687,P1419
Q207961,P31,Q24034552
Q207961,P1382,Q815741
Q397392,P31,Q4167410
Q397392,P460,Q1180919
Q397392,P460,Q356021
Q397392,P460,Q16276834
Q397392,P460,Q530096
Q397392,P460,Q16282755
Q397392,P1889,Q3992946
Q397392,P1889,Q356021
Q397392,P1889,Q530096
Q397392,P1889,Q16282755
Q1044576,P31,Q4167410
Q1113766,P31,Q4167410
Q1113766,P1889,Q37502426
Q225899,P31,Q4167410
Q413109,P31,Q4167410
Q286,P279,Q5135573
Q286,P910,Q7332698
Q286,P1343,Q2657718
Q286,P1343,Q1768721
Q286,P186,Q3291230
Q286,P2079,Q211578
Q286,P1535,Q1530755
Q1155838,P31,Q28640
Q1155838,P31,Q4164871
Q1155838,P279,Q42909
Q1155838,P279,Q36180
Q1155838,P279,Q47728
Q1155838,P910,Q15244185
Q1155838,P1889,Q5137506
Q16782409,P31,Q4167410
Q16782409,P1889,Q13636551
Q107885,P31,Q1914636
Q107885,P1343,Q2657718
Q107885,P1343,Q2041543
Q107885,P3095,Q9340211
Q107885,P279,Q61788060
Q795,P31,Q2393196
Q795,P461,Q83500
Q258567,P31,Q4167410
Q258567,P1889,Q278368
Q258567,P1889,Q3552741
Q253567,P31,Q4164871
Q253567,P31,Q28640
Q253567,P461,Q37226
Q253567,P279,Q11448873
Q233994,P31,Q4167410
Q233994,P1889,Q16860273
Q233994,P460,Q16279927
Q1004856,P31,Q4167410
Q1004856,P1889,Q37025040
Q12078,P910,Q5905479
Q12078,P1995,Q162555
Q12078,P279,Q18554796
Q12078,P279,Q1216998
Q12078,P2176,Q11426176
Q12078,P2176,Q422252
Q12078,P2176,Q139347
Q12078,P2176,Q424972
Q12078,P2176,Q417222
Q12078,P2176,Q256502
Q12078,P461,Q1417240
Q12078,P31,Q12136
Q12078,P138,Q25364
Q12078,P5008,Q5460604
Q12078,P5008,Q4099686
Q12078,P5642,Q662860
Q12078,P1343,Q19180675
Q12078,P1343,Q602358
Q12078,P828,Q2215243
Q12078,P828,Q18205885
Q12078,P2579,Q162555
Q12078,P1542,Q3712728
Q203605,P361,Q811115
Q203605,P910,Q7949006
Q203605,P1343,Q2657718
Q203605,P1343,Q2041543
Q203605,P1343,Q12008627
Q203605,P3095,Q154549
Q203605,P31,Q64506407
Q203605,P31,Q2207288
Q203605,P279,Q816871
Q59576,P105,Q36602
Q59576,P171,Q149081
Q59576,P171,Q127282
Q59576,P171,Q343460
Q59576,P31,Q16521
Q59576,P944,Q13011
Q59576,P910,Q7034296
Q59576,P1343,Q1768721
Q59576,P138,Q913572
Q22657,P279,Q181790
Q22657,P279,Q34669510
Q22657,P910,Q8905944
Q22657,P186,Q45190
Q22657,P186,Q283
Q22657,P186,Q866298
Q22657,P186,Q350176
Q22657,P1343,Q19180675
Q22657,P1343,Q602358
Q22657,P1343,Q4114391
Q22657,P361,Q2514392
Q22657,P1889,Q2534206
Q22657,P1889,Q189259
Q360443,P31,Q4167410
Q360443,P31,Q80096233
Q360443,P1889,Q37089069
Q43164,P366,Q38695
Q43164,P366,Q9158768
Q43164,P279,Q180516
Q43164,P910,Q8574766
Q43164,P1889,Q1778821
Q43164,P1889,Q1804676
Q1370714,P910,Q9209936
Q1370714,P186,Q287
Q1370714,P279,Q5469189
Q1370714,P279,Q206615
Q1370714,P279,Q8205328
Q1370714,P1343,Q2657718
Q1370714,P460,Q354757
Q234202,P31,Q4167410
Q234202,P1889,Q37487078
Q214267,P910,Q8797775
Q214267,P279,Q628523
Q214267,P1343,Q4532138
Q214267,P175,Q42857
Q6502413,P279,Q3947
Q6502413,P1343,Q1970746
Q6502413,P1343,Q4114391
Q6502413,P1343,Q602358
Q6502413,P1343,Q19180675
Q12511,P279,Q391414
Q12511,P279,Q30327093
Q12511,P279,Q1058733
Q12511,P910,Q8790080
Q12511,P366,Q7590
Q12511,P366,Q7590
Q12511,P1479,Q208826
Q12511,P1479,Q208826
Q12511,P2670,Q1433834
Q12511,P2670,Q3289701
Q12511,P2670,Q2451731
Q12511,P2670,Q9061616
Q12511,P2670,Q3241188
Q12511,P1552,Q1766969
Q12511,P276,Q2451751
Q12511,P361,Q41176
Q12511,P1889,Q1137365
Q12511,P1343,Q30059240
Q12511,P5008,Q99671171
Q2872553,P910,Q15213859
Q2872553,P279,Q1261026
Q2872553,P366,Q722218
Q2872553,P366,Q6149036
Q2872553,P527,Q2799301
Q2872553,P129,Q55590127
Q1588755,P31,Q151885
Q1588755,P31,Q2057971
Q1588755,P1995,Q1498222
Q1588755,P1343,Q2657718
Q1588755,P1889,Q4116494
Q9377,P279,Q956898
Q9377,P279,Q66545290
Q9377,P910,Q7288534
Q9377,P2286,Q707540
Q9377,P2289,Q132318
Q9377,P31,Q4936952
Q9377,P361,Q181100
Q9377,P361,Q11078
Q9377,P527,Q2307492
Q9377,P527,Q2409399
Q9377,P527,Q58184
Q9377,P527,Q2200632
Q9377,P527,Q955020
Q9377,P2670,Q47507681
Q9377,P4843,Q2336077
Q9377,P1343,Q4532138
Q81025,P910,Q7353574
Q81025,P279,Q40397
Q81025,P1343,Q602358
Q81025,P1343,Q19180675
Q81025,P1343,Q4086271
Q81025,P1889,Q50998618
Q81025,P1889,Q3303665
Q7558684,P31,Q4167410
Q7558684,P460,Q225213
Q7558684,P460,Q21941943
Q7558684,P460,Q4222781
Q7558684,P1889,Q1921606
Q998,P279,Q7569
Q998,P279,Q851990
Q998,P910,Q8548465
Q998,P1365,Q576104
Q998,P1366,Q3377398
Q998,P1343,Q2657718
Q998,P31,Q5932254
Q998,P155,Q20182238
Q998,P156,Q97040416
Q45089,P910,Q8376114
Q45089,P279,Q17638008
Q45089,P279,Q1751513
Q45089,P1419,Q812880
Q45089,P366,Q228206
Q45089,P1424,Q22796736
Q45089,P913,Q2843874
Q93190,P279,Q18603731
Q93190,P279,Q18511800
Q93190,P279,Q322451
Q93190,P279,Q100926628
Q93190,P910,Q8385609
Q93190,P1889,Q13403673
Q93190,P461,Q49836
Q93190,P1343,Q1138524
Q93190,P1343,Q602358
Q93190,P31,Q66593009
Q93190,P31,Q11920938
Q93190,P155,Q37713312
Q93190,P828,Q6765759
Q1177633,P31,Q4167410
Q51626,P460,Q12471347
Q51626,P1343,Q2657718
Q51626,P1343,Q2041543
Q51626,P279,Q17573152
Q51626,P279,Q28484903
Q51626,P279,Q18563354
Q51626,P910,Q32004294
Q51626,P31,Q98088085
Q51626,P2354,Q1289748
Q51626,P1269,Q630281
Q3071551,P31,Q366773
Q3071551,P31,Q9415
Q3071551,P1889,Q7102140
Q3071551,P910,Q8792085
Q3071551,P361,Q77468620
Q192909,P910,Q4991266
Q192909,P279,Q18669875
Q192909,P279,Q180684
Q2488994,P31,Q151885
Q2488994,P1889,Q799
Q1758095,P910,Q13348703
Q1758095,P3095,Q465501
Q49836,P910,Q7216290
Q49836,P279,Q2627975
Q49836,P1424,Q14409797
Q49836,P1343,Q602358
Q49836,P1343,Q602358
Q49836,P1343,Q1768721
Q49836,P1687,P5982
Q49836,P31,Q1190554
Q49836,P461,Q93190
Q49836,P1269,Q8445
Q8242,P1151,Q2790566
Q8242,P527,Q7725634
Q8242,P910,Q8259
Q8242,P279,Q735
Q8242,P279,Q6486703
Q8242,P279,Q17537576
Q8242,P1343,Q19180675
Q8242,P1343,Q2041543
Q8242,P1343,Q602358
Q8242,P1343,Q4173137
Q8242,P1343,Q1768721
Q8242,P2579,Q58854
Q8242,P2579,Q208217
Q8242,P2959,Q27131939
Q8242,P1424,Q6067896
Q8242,P5008,Q5460604
Q8242,P31,Q56055944
Q8242,P1552,Q223393
Q1202245,P910,Q8788430
Q1202245,P279,Q1347367
Q235206,P31,Q4167410
Q146,P910,Q5615807
Q146,P366,Q39201
Q146,P279,Q57814795
Q146,P279,Q39201
Q146,P279,Q25265
Q146,P1552,Q3454738
Q146,P1552,Q170430
Q146,P1552,Q14404836
Q146,P1552,Q1145189
Q146,P1552,Q3307942
Q146,P1552,Q662750
Q146,P4733,Q3307942
Q146,P4733,Q662750
Q146,P1343,Q1138524
Q146,P1343,Q4086271
Q146,P1343,Q1970746
Q146,P1343,Q602358
Q146,P1343,Q19180675
Q146,P1343,Q1768721
Q146,P5008,Q5460604
Q146,P31,Q55983715
Q146,P1542,Q1736897
Q146,P2579,Q647020
Q5163182,P31,Q4167410
Q100268981,P279,Q451967
Q100268981,P279,Q94535766
Q100268981,P1889,Q19358049
Q100268981,P1889,Q1343202
Q16797412,P31,Q4167410
Q16797412,P1889,Q13222239
Q1570925,P31,Q4167410
Q1570925,P1889,Q16880103
Q1570925,P1889,Q81212952
Q189819,P910,Q5658664
Q189819,P910,Q8663899
Q189819,P279,Q3769299
Q189819,P361,Q756820
Q7372,P105,Q5868144
Q7372,P171,Q150760
Q7372,P31,Q16521
Q7372,P910,Q7235950
Q7372,P1343,Q20078554
Q7372,P1343,Q602358
Q7372,P1343,Q1138524
Q7372,P1343,Q1768721
Q7372,P5008,Q5460604
Q7372,P5125,Q7112728
Q7372,P279,Q152
Q7372,P1420,Q16600393
Q7372,P1424,Q11157877
Q242468,P910,Q8826648
Q242468,P31,Q28640
Q242468,P31,Q778000
Q242468,P417,Q179718
Q242468,P417,Q43982
Q242468,P425,Q28873643
Q242468,P279,Q2588761
Q242468,P279,Q1294787
Q242468,P279,Q27943370
Q242468,P279,Q66035178
Q242468,P3259,Q21011287
Q242468,P1889,Q2034021
Q242468,P1889,Q67205775
Q242468,P1830,Q47508085
Q242468,P166,Q786157
Q17144564,P910,Q25037878
Q17144564,P279,Q1914636
Q2648748,P31,Q4167410
Q2648748,P1889,Q922983
Q2648748,P1889,Q1333689
Q2648748,P460,Q1182019
Q2648748,P460,Q28052769
Q2648748,P460,Q1545008
Q2648748,P460,Q1545011
Q2648748,P460,Q15649877
Q2648748,P460,Q3116293
Q2648748,P460,Q12484486
Q405,P522,Q2268240
Q405,P397,Q2
Q405,P910,Q5612289
Q405,P31,Q2537
Q405,P1151,Q14615839
Q405,P1343,Q4086271
Q405,P1343,Q19180675
Q405,P1343,Q602358
Q405,P1343,Q4173137
Q405,P1343,Q2657718
Q405,P1343,Q2041543
Q405,P1343,Q1768721
Q405,P361,Q18589965
Q405,P138,Q9128
Q405,P527,Q115507
Q405,P527,Q500909
Q405,P5008,Q5460604
Q405,P1552,Q1037706
Q405,P5125,Q28455496
Q405,P2184,Q7102486
Q405,P6104,Q13476345
Q405,P708,Q426778
Q405,P7867,Q2368091
Q15026,P279,Q2207370
Q15026,P279,Q14745
Q15026,P910,Q6154037
Q15026,P276,Q1299240
Q15026,P186,Q354757
Q15026,P186,Q5295538
Q15026,P186,Q11426
Q15026,P186,Q677
Q15026,P1343,Q30059240
Q15026,P1343,Q1768721
Q15026,P1552,Q208826
Q15026,P1552,Q35059
Q15026,P1552,Q1075
Q15026,P1552,Q11423
Q93184,P279,Q4502142
Q93184,P279,Q340169
Q93184,P910,Q8041025
Q93184,P1151,Q19369096
Q93184,P2079,Q2921001
Q93184,P1889,Q3305213
Q93184,P1889,Q11629
Q98539357,P31,Q4167410
Q98539357,P460,Q1919654
Q98539357,P460,Q1474278
Q98539357,P460,Q98539364
Q98539357,P460,Q1532612
Q98539357,P460,Q98539417
Q98539357,P460,Q3989864
Q98539357,P1889,Q98539351
Q98539357,P1889,Q7925609
Q98539357,P1889,Q98539461
Q35986,P279,Q5891
Q35986,P279,Q186531
Q35986,P910,Q8807864
Q35986,P1343,Q2041543
Q35986,P1343,Q19180675
Q35986,P1343,Q602358
Q35986,P1343,Q3181656
Q35986,P1343,Q63284758
Q35986,P1424,Q6670897
Q35986,P3095,Q21550346
Q35986,P5125,Q16000272
Q35986,P5008,Q24909800
Q105420,P910,Q8879188
Q105420,P527,Q386724
Q105420,P279,Q17489659
Q105420,P279,Q2668072
Q105420,P1889,Q44325
Q105420,P1889,Q1295240
Q105420,P1889,Q1711593
Q105420,P1889,Q3594128
Q105420,P31,Q483394
Q105420,P31,Q66739237
Q105420,P31,Q4263830
Q105420,P921,Q8242
Q166118,P279,Q1030034
Q166118,P279,Q17334923
Q166118,P910,Q5677116
Q166118,P1343,Q2657718
Q166118,P1343,Q2041543
Q166118,P1343,Q602358
Q166118,P1343,Q602358
Q166118,P1343,Q19180675
Q166118,P1343,Q56647980
Q166118,P1687,P485
Q166118,P1687,P2960
Q166118,P366,Q9158768
Q166118,P366,Q830393
Q166118,P101,Q517656
Q166118,P101,Q1379672
Q166118,P101,Q13515694
Q166118,P1424,Q11011669
Q166118,P1889,Q26944999
Q166118,P1889,Q56648173
Q166118,P2283,Q635719
Q166118,P527,Q4431094
Q741306,P31,Q4167410
Q741306,P1889,Q741332
Q10989439,P31,Q4167410
Q18545,P910,Q8287334
Q18545,P1419,Q838611
Q18545,P1535,Q7569
Q18545,P1535,Q2066131
Q18545,P366,Q877517
Q18545,P366,Q194326
Q18545,P279,Q768186
Q18545,P279,Q11422
Q18545,P1343,Q19190511
Q18545,P1552,Q11438
Q346704,P31,Q4167410
Q346704,P1889,Q37095392
Q134995,P910,Q7482533
Q134995,P361,Q199655
Q134995,P279,Q1799072
Q134995,P279,Q1047113
Q134995,P279,Q16387
Q134995,P1056,Q1631107
Q134995,P3095,Q10429346
Q134995,P1343,Q4114391
Q134995,P1343,Q602358
Q134995,P1343,Q19180675
Q134995,P1343,Q4173137
Q134995,P1343,Q731361
Q134995,P527,Q1774089
Q134995,P31,Q11862829
Q134995,P31,Q223393
Q128590,P31,Q4167410
Q128590,P1889,Q37165187
Q150784,P279,Q39816
Q150784,P279,Q55462971
Q150784,P1343,Q2657718
Q150784,P1889,Q55462851
Q150784,P1889,Q7900102
Q150784,P910,Q8342719
Q1420,P279,Q752870
Q1420,P527,Q44167
Q1420,P527,Q679300
Q1420,P527,Q188209
Q1420,P527,Q1411232
Q1420,P527,Q583488
Q1420,P527,Q286588
Q1420,P527,Q211251
Q1420,P527,Q17015073
Q1420,P527,Q165435
Q1420,P527,Q2207370
Q1420,P527,Q1276284
Q1420,P527,Q1417134
Q1420,P527,Q1208529
Q1420,P527,Q24578007
Q1420,P527,Q10859312
Q1420,P527,Q1415117
Q1420,P527,Q13693
Q1420,P527,Q843592
Q1420,P527,Q2998736
Q1420,P527,Q194302
Q1420,P527,Q193137
Q1420,P527,Q6304756
Q1420,P527,Q609111
Q1420,P618,Q39558
Q1420,P618,Q38423
Q1420,P618,Q12725
Q1420,P618,Q556
Q1420,P618,Q40015
Q1420,P618,Q153
Q1420,P618,Q351609
Q1420,P61,Q378277
Q1420,P460,Q1144312
Q1420,P1552,Q3231690
Q1420,P910,Q7238000
Q1420,P1343,Q4114391
Q1420,P1343,Q20078554
Q1420,P1343,Q19180675
Q1420,P1343,Q602358
Q1420,P1424,Q5615754
Q1420,P366,Q1661652
Q1420,P366,Q82650
Q1420,P366,Q7590
Q1420,P366,Q334401
Q1420,P1151,Q8211065
Q1420,P3349,Q2872660
Q1420,P3349,Q319604
Q1420,P5008,Q5460604
Q1420,P2670,Q46765731
Q1420,P2184,Q1129377
Q1420,P5125,Q7112563
Q1420,P1542,Q131123
Q1420,P1542,Q92251
Q1420,P1542,Q61037771
Q1420,P1542,Q7918620
Q1420,P1542,Q61509
Q1420,P6440,Q3055308
Q1420,P2959,Q96240179
Q295121,P31,Q4167410
Q295121,P1889,Q21484956
Q10690,P190,Q1022
Q10690,P190,Q40832
Q10690,P190,Q3519
Q10690,P190,Q12191
Q10690,P190,Q68744
Q10690,P190,Q134279
Q10690,P190,Q185289
Q10690,P17,Q145
Q10690,P131,Q24342199
Q10690,P31,Q5119
Q10690,P31,Q1549591
Q10690,P31,Q515
Q10690,P910,Q7323429
Q10690,P1464,Q16773529
Q10690,P1465,Q9686305
Q10690,P1792,Q6492523
Q10690,P1376,Q25
Q10690,P1376,Q870815
Q10690,P47,Q2330789
Q10690,P2633,Q5535129
Q10690,P138,Q19700
Q10690,P206,Q19700
Q10690,P206,Q188203
Q10690,P206,Q3398402
Q10690,P421,Q30192
Q10690,P37,Q9309
Q10690,P37,Q1860
Q10690,P793,Q7509901
Q10690,P7867,Q84044978
Q10690,P1343,Q3181656
Q10690,P1889,Q24342199
Q10690,P7959,Q870815
Q10690,P8402,Q97142470
Q10690,P8744,Q5333649
Q64221206,P31,Q4167410
Q64221206,P460,Q250233
Q64221206,P460,Q64221189
Q64221206,P460,Q64221212
Q177528,P31,Q4167410
Q177528,P460,Q26980587
Q3059502,P361,Q5891
Q3059502,P279,Q190539
Q3059502,P279,Q63248011
Q3059502,P1343,Q20743760
Q3059502,P910,Q6741735
Q3059502,P31,Q483394
Q3059502,P3095,Q6430706
Q363366,P31,Q4167410
Q363366,P1889,Q37467478
Q4167568,P31,Q4167410
Q4167568,P1343,Q2657718
Q194105,P910,Q8401182
Q194105,P1343,Q2657718
Q194105,P3095,Q1607826
Q194105,P3095,Q876864
Q194105,P279,Q3249551
Q194105,P279,Q1914636
Q194105,P2670,Q65668588
Q194105,P460,Q3972943
Q5419298,P31,Q4167410
Q347719,P31,Q4167410
Q347719,P1889,Q37500072
Q39769,P31,Q4167410
Q39769,P1889,Q15921732
Q39769,P1889,Q1260558
Q39769,P1889,Q23774368
Q39769,P460,Q11928265
Q39769,P460,Q17128812
Q39769,P460,Q17523982
Q39769,P460,Q4135853
Q39769,P460,Q348157
Q39769,P460,Q361143
Q39769,P460,Q415643
Q39769,P460,Q1174954
Q39769,P460,Q5548484
Q39769,P460,Q1173974
Q39769,P460,Q28052769
Q39769,P460,Q10313513
Q39769,P460,Q1252894
Q39769,P460,Q1484038
Q39769,P460,Q5905041
Q39769,P460,Q1594446
Q39769,P460,Q1414124
Q39769,P460,Q1521528
Q39769,P460,Q1703997
Q246427,P31,Q4167410
Q246427,P1889,Q16870334
Q1715,P190,Q6730
Q1715,P190,Q23154
Q1715,P190,Q34664
Q1715,P190,Q2079
Q1715,P190,Q268
Q1715,P190,Q30974
Q1715,P190,Q188693
Q1715,P190,Q41819
Q1715,P190,Q340
Q1715,P190,Q1491
Q1715,P131,Q5963
Q1715,P131,Q819125
Q1715,P131,Q164079
Q1715,P131,Q706018
Q1715,P131,Q565812
Q1715,P131,Q1197
Q1715,P17,Q183
Q1715,P17,Q713750
Q1715,P17,Q2415901
Q1715,P17,Q7318
Q1715,P17,Q41304
Q1715,P17,Q43287
Q1715,P17,Q27306
Q1715,P17,Q164079
Q1715,P17,Q706018
Q1715,P17,Q153943
Q1715,P17,Q565812
Q1715,P31,Q14784328
Q1715,P31,Q1549591
Q1715,P31,Q22865
Q1715,P31,Q515
Q1715,P31,Q707813
Q1715,P31,Q42744322
Q1715,P31,Q134626
Q1715,P910,Q7426869
Q1715,P1464,Q7026932
Q1715,P1465,Q9218580
Q1715,P47,Q549864
Q1715,P47,Q555643
Q1715,P47,Q4001
Q1715,P47,Q4158
Q1715,P47,Q514571
Q1715,P47,Q7057
Q1715,P47,Q625095
Q1715,P47,Q14856
Q1715,P47,Q534259
Q1715,P47,Q16052
Q1715,P1792,Q7117221
Q1715,P1376,Q1197
Q1715,P1376,Q565812
Q1715,P1376,Q706018
Q1715,P1376,Q164079
Q1715,P1376,Q819125
Q1715,P1376,Q5963
Q1715,P206,Q161051
Q1715,P206,Q464568
Q1715,P206,Q315045
Q1715,P206,Q48480
Q1715,P6,Q2337592
Q1715,P6,Q2120880
Q1715,P6,Q1609053
Q1715,P6,Q761939
Q1715,P6,Q2575573
Q1715,P6,Q1280165
Q1715,P6,Q1555682
Q1715,P6,Q1297905
Q1715,P6,Q1874559
Q1715,P6,Q1606103
Q1715,P6,Q106011
Q1715,P6,Q1555793
Q1715,P6,Q106815
Q1715,P150,Q883803
Q1715,P150,Q915149
Q1715,P150,Q894709
Q1715,P150,Q998471
Q1715,P150,Q1938597
Q1715,P150,Q1743368
Q1715,P150,Q2381488
Q1715,P150,Q1271022
Q1715,P150,Q1417763
Q1715,P150,Q1826001
Q1715,P150,Q400430
Q1715,P150,Q470577
Q1715,P150,Q1997469
Q1715,P1456,Q1556926
Q1715,P2872,Q27979581
Q1715,P1791,Q17143167
Q1715,P485,Q1310039
Q1715,P463,Q1768108
Q1715,P463,Q747279
Q1715,P463,Q1988624
Q1715,P460,Q32052205
Q1715,P1343,Q4173137
Q1715,P1343,Q2041543
Q1715,P1343,Q316838
Q1715,P1151,Q70488594
Q1715,P7867,Q1385272
Q1715,P706,Q5963
Q1715,P421,Q6655
Q1715,P421,Q6723
Q1715,P2564,Q182090
Q1715,P8744,Q100868317
Q3796713,P1269,Q9465
Q3796713,P31,Q31172650
Q3796713,P461,Q48324
Q3796713,P1889,Q474046
Q11712088,P31,Q4167410
Q11712088,P460,Q224134
Q11712088,P460,Q98276971
Q11712088,P460,Q1096864
Q11712088,P460,Q42884753
Q11712088,P460,Q98276988
Q127418,P279,Q1570182
Q127418,P910,Q7451438
Q127418,P366,Q37260
Q127418,P366,Q93184
Q127418,P366,Q11629
Q127418,P366,Q12681
Q127418,P366,Q11034
Q127418,P527,Q161179
Q127418,P527,Q863583
Q127418,P527,Q905592
Q127418,P1889,Q18340655
Q127418,P1535,Q165447
Q127418,P1343,Q602358
Q127418,P1343,Q4532138
Q366554,P31,Q4167410
Q366554,P1889,Q16871915
Q366554,P1889,Q15148056
Q366554,P460,Q5295136
Q19773249,P31,Q4167410
Q409723,P31,Q4167410
Q409723,P1889,Q1942838
Q409723,P1889,Q64007260
Q409723,P1889,Q745741
Q409723,P460,Q2386174
Q606777,P910,Q8614383
Q606777,P910,Q17253117
Q606777,P1343,Q602358
Q606777,P1343,Q19180675
Q606777,P1889,Q48963
Q606777,P1889,Q6467717
Q606777,P279,Q13698
Q13377795,P31,Q4167410
Q13377795,P460,Q6948788
Q13377795,P460,Q19891453
Q13377795,P460,Q13219314
Q264238,P910,Q8677768
Q264238,P279,Q1193236
Q264238,P279,Q41298
Q264238,P31,Q6055843
Q264238,P31,Q21114848
Q235277,P31,Q4167410
Q2095727,P31,Q4167410
Q160151,P279,Q1499548
Q160151,P279,Q30242023
Q160151,P279,Q39875001
Q160151,P1343,Q2657718
Q160151,P1687,P2284
Q423044,P31,Q4167410
Q206287,P279,Q96622155
Q206287,P279,Q234460
Q206287,P361,Q1297822
Q206287,P361,Q234460
Q206287,P361,Q60550374
Q206287,P910,Q7244890
Q206287,P1889,Q1713
Q206287,P1889,Q59156842
Q206287,P1889,Q255189
Q206287,P1687,P6166
Q206287,P1687,P7081
Q11347618,P910,Q8907799
Q11347618,P31,Q29791211
Q11347618,P276,Q145
Q11347618,P641,Q6537379
Q1250464,P279,Q7275
Q1250464,P122,Q7269
Q1250464,P910,Q9878462
Q1250464,P1889,Q417175
Q1250464,P1889,Q1790493
Q1250464,P1889,Q52434788
Q7311486,P31,Q4167410
Q396788,P31,Q4167410
Q265158,P361,Q58854
Q265158,P361,Q59156192
Q265158,P1343,Q2657718
Q265158,P1343,Q4532138
Q265158,P910,Q25277858
Q265158,P279,Q386724
Q265158,P279,Q1379672
Q265158,P1687,P6977
Q1267283,P31,Q4167410
Q1267283,P460,Q57083582
Q1267283,P460,Q83558298
Q1267283,P460,Q83558745
Q1267283,P460,Q22570366
Q1267283,P460,Q4368940
Q1267283,P460,Q83558811
Q1267283,P1889,Q7441696
Q1267283,P1889,Q83560834
Q3480072,P31,Q4167410
Q3480072,P1889,Q37066363
Q1214119,P31,Q4167410
Q1214119,P460,Q1174610
Q76768,P279,Q1435365
Q76768,P910,Q8739630
Q76768,P527,Q2393753
Q76768,P527,Q1145477
Q76768,P527,Q755313
Q76768,P527,Q1785130
Q76768,P527,Q152563
Q76768,P527,Q2425622
Q76768,P527,Q1146363
Q829697,P279,Q189819
Q315511,P19,Q84
Q315511,P20,Q84
Q315511,P20,Q2465220
Q315511,P27,Q174193
Q315511,P31,Q5
Q315511,P241,Q222595
Q315511,P69,Q192088
Q315511,P106,Q49757
Q315511,P106,Q36180
Q315511,P106,Q4263842
Q315511,P910,Q18337972
Q315511,P1343,Q678259
Q315511,P1343,Q16014697
Q315511,P1343,Q602358
Q315511,P1343,Q19180675
Q315511,P1343,Q19025033
Q315511,P1343,Q67311526
Q315511,P485,Q24568958
Q315511,P485,Q814779
Q315511,P1196,Q3739104
Q315511,P1411,Q37922
Q315511,P1411,Q37922
Q315511,P1411,Q37922
Q315511,P1411,Q37922
Q315511,P1411,Q37922
Q315511,P1411,Q37922
Q315511,P1411,Q37922
Q315511,P22,Q26788448
Q315511,P172,Q42406
Q315511,P509,Q2840
Q315511,P1412,Q1860
Q315511,P21,Q6581097
Q315511,P6379,Q1464509
Q315511,P6886,Q1860
Q315511,P25,Q75268332
Q315511,P800,Q19051626
Q315511,P800,Q23020659
Q315511,P7763,Q71887839
Q315511,P735,Q646313
Q315511,P735,Q2958359
Q315511,P734,Q16884113
Q80071,P279,Q3695082
Q80071,P279,Q478798
Q80071,P910,Q6576219
Q80071,P460,Q3695082
Q80071,P828,Q4419563
Q80071,P1687,P4878
Q80071,P1687,P3295
Q80071,P1687,P7415
Q80071,P1343,Q19180675
Q80071,P1424,Q77251048
Q80071,P5008,Q99671171
Q18545646,P31,Q4167410
Q18545646,P1889,Q12005110
Q18545646,P1889,Q37470081
Q1725664,P910,Q6641081
Q1725664,P279,Q8162
Q1725664,P279,Q1235196
Q1725664,P1343,Q2657718
Q1725664,P2578,Q1969448
Q1725664,P2578,Q8380731
Q1725664,P2578,Q6499736
Q1725664,P460,Q4455895
Q1725664,P3095,Q64699668
Q1725664,P1889,Q8380731
Q1725664,P31,Q11862829
Q39297,P910,Q8175902
Q39297,P1343,Q2657718
Q39297,P1343,Q26711932
Q39297,P1343,Q602358
Q39297,P1343,Q19180675
Q39297,P1343,Q602358
Q39297,P1343,Q602358
Q39297,P1343,Q19190511
Q39297,P1343,Q90137277
Q39297,P279,Q4330556
Q39297,P279,Q30337763
Q39297,P279,Q3386703
Q39297,P279,Q181175
Q39297,P279,Q107715
Q39297,P1963,P1181
Q39297,P1687,P2234
Q39297,P4934,Q73454785
Q39297,P4934,Q73454785
Q39297,P4934,Q73454785
Q39297,P8111,Q25517
Q39297,P8111,Q11582
Q358827,P31,Q4167410
Q1179505,P31,Q4167410
Q227068,P31,Q4167410
Q227068,P1889,Q16479448
Q227068,P910,Q28540647
Q232881,P31,Q4167410
Q232881,P910,Q8377545
Q42283,P910,Q8450919
Q42283,P31,Q290378
Q42283,P31,Q15836568
Q42283,P361,Q81414
Q42283,P1343,Q47323322
Q42283,P1343,Q47305951
Q42283,P1343,Q47296367
Q42283,P1343,Q47483521
Q42283,P1343,Q47466013
Q42283,P1343,Q47467009
Q42283,P1343,Q47484855
Q42283,P1343,Q47467556
Q42283,P1343,Q47466866
Q42283,P1343,Q47206130
Q42283,P1343,Q47461829
Q42283,P1343,Q47462396
Q42283,P1343,Q47468304
Q42283,P1343,Q47281777
Q42283,P5805,Q189768
Q42283,P1889,Q8777
Q42283,P1889,Q2714343
Q42283,P1889,Q1126823
Q42283,P1535,Q59164118
Q42283,P279,Q132364
Q42283,P366,Q7126717
Q42283,P366,Q7126699
Q1650471,P31,Q4167410
Q6875291,P31,Q4167410
Q5607,P366,Q389772
Q5607,P910,Q7468767
Q5607,P1889,Q1930032
Q5607,P31,Q1780509
Q5607,P279,Q1780509
Q5607,P279,Q2858615
Q297823,P31,Q4167410
Q212198,P279,Q5307737
Q212198,P279,Q655686
Q212198,P910,Q8805343
Q212198,P1889,Q31762758
Q406642,P31,Q4167410
Q228647,P31,Q4167410
Q350473,P31,Q4167410
Q13109234,P31,Q45594
Q13430821,P527,Q215627
Q13430821,P279,Q16334295
Q13430821,P910,Q6991085
Q13430821,P1889,Q2517599
Q13430821,P1889,Q177634
Q13430821,P1889,Q5189194
Q23118,P31,Q11173
Q23118,P31,Q12140
Q23118,P31,Q8386
Q23118,P910,Q8607736
Q23118,P527,Q627
Q23118,P527,Q629
Q23118,P527,Q623
Q23118,P3489,Q28123617
Q23118,P61,Q122338
Q23118,P1343,Q316572
Q23118,P279,Q10705510
Q23118,P279,Q422693
Q23118,P129,Q21115043
Q23118,P129,Q1949517
Q23118,P129,Q4639596
Q23118,P129,Q21108118
Q23118,P129,Q21109363
Q23118,P2789,Q238516
Q23118,P636,Q784720
Q7315203,P31,Q4167410
Q354955,P31,Q4167410
Q354955,P460,Q1270409
Q354955,P460,Q9090112
Q354955,P1889,Q37436718
Q7257,P279,Q48324
Q7257,P279,Q3533467
Q7257,P361,Q11042
Q7257,P910,Q5618666
Q7257,P910,Q7213737
Q7257,P5008,Q5460604
Q7257,P6186,Q47463881
Q7257,P1343,Q101314624
Q225997,P31,Q4167410
Q225997,P1889,Q14203378
Q225997,P1889,Q16876104
Q225997,P460,Q42439491
Q1209244,P31,Q223393
Q1136834,P279,Q47011175
Q2751034,P31,Q55983715
Q2751034,P910,Q32077476
Q2751034,P279,Q729
Q1339824,P279,Q450
Q1339824,P31,Q1127759
Q1339824,P361,Q77468620
Q6593274,P31,Q4167410
Q6593274,P460,Q4388733
Q5034462,P31,Q4167410
Q2667413,P1269,Q95074
Q2667413,P279,Q937228
Q2667413,P31,Q6647660
Q342755,P31,Q4167410
Q342755,P460,Q1230572
Q340394,P31,Q4167410
Q340394,P1889,Q37011054
Q361633,P31,Q4167410
Q277503,P279,Q11024
Q277503,P279,Q1920219
Q277503,P279,Q64736958
Q277503,P460,Q11567104
Q277503,P1889,Q64737274
Q7307,P1343,Q302556
Q7307,P910,Q8574738
Q7307,P279,Q1190058
Q7307,P2579,Q3744958
Q7307,P2283,Q15173
Q40276,P279,Q164307
Q40276,P913,Q1900125
Q40276,P910,Q7011883
Q40276,P31,Q1569997
Q40276,P461,Q1226939
Q40276,P1343,Q47755251
Q40276,P1889,Q901718
Q40276,P8864,Q199
Q344222,P31,Q4167410
Q344222,P1343,Q2657718
Q2221906,P910,Q7481476
Q2221906,P279,Q17334923
Q2221906,P361,Q1349417
Q2221906,P1963,P625
Q2221906,P1963,P2848
Q2221906,P1963,P3335
Q2221906,P1963,P17
Q2221906,P1963,P131
Q2221906,P1963,P2044
Q2221906,P2579,Q1071
Q2221906,P1889,Q82794
Q2221906,P1889,Q618123
Q2221906,P1889,Q17334923
Q2221906,P138,Q12885571
Q2221906,P138,Q23008351
Q2221906,P1687,P4868
Q2221906,P5008,Q5460604
Q2221906,P31,Q937228
Q2221906,P31,Q66747521
Q2221906,P1424,Q12357529
Q2221906,P1424,Q60024060
Q2221906,P1552,Q27096213
Q16878247,P31,Q4167410
Q3711325,P361,Q11465
Q3711325,P279,Q181175
Q3711325,P279,Q1144560
Q3711325,P279,Q107715
Q3711325,P910,Q8228686
Q3711325,P1687,P2052
Q3711325,P1343,Q26711932
Q3711325,P1343,Q90137277
Q3711325,P1889,Q3998287
Q3711325,P1889,Q1144560
Q3711325,P1889,Q1518019
Q3711325,P1889,Q11465
Q3711325,P8111,Q182429
Q3711325,P8111,Q180154
Q11475,P279,Q7184903
Q11475,P361,Q413
Q11475,P910,Q7162139
Q11475,P5008,Q5460604
Q11475,P1889,Q766202
Q413876,P31,Q4167410
Q413876,P1889,Q16870347
Q40867,P279,Q79529
Q40867,P279,Q50379880
Q40867,P910,Q7139269
Q40867,P460,Q17573799
Q40867,P1343,Q2041543
Q40867,P1343,Q602358
Q40867,P1343,Q4086271
Q40867,P1343,Q63284758
Q40867,P2184,Q743954
Q40867,P1552,Q274160
Q40867,P1552,Q17154431
Q40867,P31,Q100434640
Q40867,P366,Q114953
Q40867,P1535,Q42763889
Q1464012,P31,Q4167410
Q1464012,P1889,Q1184721
Q1464012,P1889,Q29347684
Q1066738,P31,Q4167410
Q1066738,P1889,Q20631334
Q1066738,P1889,Q37130720
Q169,P1582,Q3919027
Q169,P279,Q14712
Q169,P279,Q3314483
Q169,P279,Q159683
Q169,P462,Q943
Q169,P462,Q3133
Q169,P462,Q39338
Q169,P910,Q8605462
Q169,P1889,Q3919027
Q169,P1889,Q161807
Q4991371,P31,Q6857706
Q4991371,P31,Q4164871
Q4991371,P279,Q47064
Q4991371,P417,Q192816
Q4991371,P417,Q48438
Q4991371,P417,Q44281
Q4991371,P910,Q6586920
Q4991371,P1343,Q2657718
Q4991371,P1343,Q1970746
Q4991371,P1343,Q602358
Q4991371,P1343,Q19180675
Q4991371,P1611,Q23013231
Q4991371,P460,Q12562664
Q4991371,P138,Q1640172
Q411131,P31,Q4167410
Q411131,P1889,Q16860038
Q593644,P910,Q4418284
Q593644,P279,Q901
Q593644,P425,Q2329
Q593644,P31,Q28640
Q593644,P2354,Q816854
Q593644,P6186,Q58212005
Q593644,P2283,Q77599300
Q42848,P910,Q6641340
Q42848,P1889,Q9081
Q42848,P101,Q15088675
Q42848,P279,Q11028
Q42848,P361,Q59138835
Q42848,P1552,Q190087
Q42848,P1552,Q5227257
Q39911,P527,Q3186692
Q39911,P279,Q186081
Q39911,P279,Q2643280
Q39911,P910,Q2945249
Q39911,P31,Q1790144
Q39911,P31,Q21684377
Q39911,P1889,Q2643280
Q39911,P1889,Q2894303
Q39911,P1424,Q7471813
Q39911,P361,Q578
Q39911,P111,Q2199864
Q36496,P279,Q587553
Q36496,P279,Q2393187
Q36496,P910,Q7215731
Q36496,P2738,Q23766486
Q36496,P2738,Q23766486
Q36496,P461,Q11369
Q36496,P361,Q22314383
Q36496,P361,Q22325014
Q36496,P361,Q14865154
Q36496,P361,Q22243618
Q36496,P361,Q21136426
Q36496,P361,Q22243620
Q36496,P361,Q14865152
Q36496,P361,Q27918452
Q36496,P361,Q14859673
Q36496,P361,Q14912762
Q36496,P361,Q14877697
Q36496,P361,Q14819888
Q185598,P279,Q2267856
Q185598,P279,Q763835
Q185598,P361,Q18939591
Q185598,P31,Q223393
Q185598,P31,Q7725634
Q185598,P910,Q8376042
Q185598,P1889,Q62019254
Q5172812,P31,Q4167410
Q29175,P910,Q9636337
Q29175,P279,Q24034552
Q29175,P361,Q149999
Q29175,P31,Q657596
Q29175,P460,Q2689760
Q29175,P2579,Q149999
Q200975,P31,Q4167410
Q200975,P1889,Q37058564
Q9471,P910,Q7217123
Q9471,P1343,Q2657718
Q9471,P1343,Q602358
Q9471,P31,Q22811234
Q9471,P2578,Q9081
Q9471,P1424,Q10982022
Q9471,P5008,Q5460604
Q9471,P5125,Q7112624
Q9471,P279,Q5891
Q9471,P2959,Q20183470
Q1378024,P31,Q3408368
Q1378024,P31,Q355567
Q1378024,P17,Q145
Q35277,P910,Q6509791
Q35277,P361,Q2166096
Q35277,P31,Q22811234
Q35277,P31,Q11862829
Q35277,P1343,Q2657718
Q35277,P1343,Q19180675
Q35277,P1343,Q602358
Q35277,P1343,Q661655
Q35277,P461,Q288928
Q35277,P5125,Q17004632
Q35277,P1424,Q8084282
Q21168708,P2283,Q364340
Q21168708,P279,Q157811
Q21168708,P1889,Q11196793
Q21168708,P1889,Q12778120
Q21168708,P361,Q77468620
Q21168708,P1382,Q4394121
Q27318,P910,Q8844594
Q27318,P279,Q1379672
Q27318,P279,Q1656682
Q27318,P1889,Q1355298
Q27318,P1889,Q1003030
Q27318,P1552,Q5372350
Q27318,P1552,Q96273743
Q27318,P31,Q96273743
Q133105,P279,Q42349020
Q133105,P361,Q170494
Q133105,P361,Q30672498
Q133105,P361,Q62513663
Q133105,P366,Q2535935
Q133105,P31,Q17781690
Q133105,P31,Q4936952
Q133105,P910,Q9773924
Q133105,P1889,Q145935
Q133105,P1889,Q6027402
Q133105,P1889,Q15807
Q133105,P1889,Q8265768
Q133105,P527,Q129757
Q133105,P527,Q8265768
Q133105,P527,Q15807
Q133105,P527,Q37425
Q133105,P527,Q168002
Q133105,P2789,Q160695
Q133105,P1343,Q19180675
Q133105,P1343,Q1970746
Q133105,P1343,Q19190511
Q133105,P1343,Q602358
Q133105,P927,Q62513663
Q7365,P279,Q28843519
Q7365,P279,Q66545292
Q7365,P279,Q27062223
Q7365,P910,Q13395490
Q7365,P1424,Q5828621
Q7365,P1552,Q3076906
Q7365,P1552,Q27062223
Q7365,P1963,P2329
Q7365,P1963,P3310
Q7365,P1963,P3491
Q7365,P1963,P3490
Q7365,P1889,Q101250889
Q7365,P5008,Q5460604
Q7365,P1687,P3310
Q7365,P1687,P6884
Q7365,P4843,Q14863685
Q7365,P2579,Q674407
Q7365,P31,Q103914748
Q748250,P910,Q7216160
Q748250,P279,Q1190554
Q748250,P1552,Q10350689
Q748250,P1552,Q2534066
Q748250,P1552,Q7239678
Q748250,P1382,Q7216332
Q748250,P1269,Q932522
Q594447,P178,Q11463
Q594447,P279,Q235557
Q594447,P747,Q29011079
Q594447,P747,Q29011223
Q594447,P747,Q29011271
Q594447,P747,Q29011315
Q594447,P747,Q29011347
Q594447,P747,Q29011357
Q594447,P747,Q29011358
Q594447,P747,Q29011361
Q594447,P747,Q29011363
Q594447,P747,Q29011365
Q594447,P747,Q29011484
Q594447,P747,Q29011514
Q594447,P747,Q29011538
Q594447,P747,Q29011549
Q594447,P747,Q29011566
Q594447,P747,Q29011569
Q594447,P747,Q29011579
Q594447,P747,Q29011646
Q594447,P747,Q29011710
Q594447,P747,Q29011774
Q594447,P747,Q29011824
Q594447,P747,Q29011892
Q594447,P747,Q29011977
Q594447,P747,Q29012054
Q594447,P747,Q29012120
Q594447,P747,Q29012190
Q594447,P747,Q29012206
Q594447,P747,Q29012224
Q594447,P747,Q29012285
Q594447,P747,Q29012350
Q594447,P747,Q29017304
Q594447,P747,Q29017306
Q594447,P747,Q29017309
Q594447,P747,Q29017311
Q594447,P747,Q29017312
Q594447,P747,Q29017314
Q594447,P31,Q26085352
Q430745,P31,Q4830453
Q430745,P31,Q6881511
Q430745,P910,Q8843543
Q430745,P414,Q13677
Q430745,P159,Q16552
Q430745,P355,Q30273461
Q430745,P355,Q4810632
Q430745,P749,Q524989
Q430745,P740,Q846426
Q430745,P1454,Q134161
Q430745,P1830,Q8044842
Q430745,P17,Q30
Q1487317,P31,Q4167410
Q1487317,P1343,Q2041543
Q1194824,P31,Q4167410
Q1175608,P31,Q4167410
Q179875,P279,Q3030248
Q179875,P910,Q7470438
Q179875,P1889,Q3030248
Q179875,P3095,Q12307965
Q2844542,P1889,Q20284989
Q2844542,P1343,Q1970746
Q2844542,P279,Q60539479
Q6045688,P31,Q4167410
Q604733,P910,Q8790614
Q604733,P279,Q17584038
Q604733,P279,Q15621286
Q604733,P279,Q567303
Q604733,P279,Q12497402
Q752118,P461,Q581459
Q752118,P1889,Q1412160
Q752118,P1889,Q485000
Q752118,P1889,Q3961308
Q752118,P1889,Q23014678
Q752118,P279,Q205555
Q752118,P361,Q77468620
Q752118,P31,Q9415
Q752118,P1269,Q9418
Q752118,P1343,Q602358
Q752118,P1343,Q19180675
Q752118,P1343,Q1970746
Q4175034,P910,Q8586946
Q4175034,P425,Q49371
Q4175034,P279,Q82955
Q4175034,P279,Q28640
Q4175034,P279,Q192581
Q4175034,P361,Q11204
Q4175034,P31,Q12737077
Q2823464,P31,Q4167410
Q1219840,P31,Q4167410
Q10264721,P31,Q4167410
Q10264721,P1889,Q2518727
Q226706,P31,Q4167410
Q226706,P1889,Q37432516
Q226706,P1889,Q43382181
Q219285,P31,Q4167410
Q219285,P1889,Q26203223
Q185499,P31,Q4167410
Q4389919,P31,Q4167410
Q4389919,P1889,Q20727035
Q169872,P279,Q2057971
Q169872,P279,Q28807560
Q169872,P279,Q7189713
Q169872,P910,Q7166257
Q169872,P1687,P780
Q169872,P1424,Q6315507
Q169872,P1424,Q6610506
Q169872,P1889,Q17630910
Q169872,P3095,Q3510806
Q169872,P2579,Q3510806
Q169872,P1557,Q12136
Q169872,P5008,Q87748614
Q169872,P1552,Q2199864
Q169872,P1552,Q96278582
Q169872,P1269,Q87075524
Q169872,P2738,Q1441305
Q169872,P2738,Q11182974
Q62207,P31,Q4167410
Q62207,P460,Q347900
Q62207,P460,Q6819626
Q62207,P460,Q68776959
Q62207,P460,Q1680210
Q62207,P460,Q68777916
Q62207,P460,Q344869
Q62207,P1889,Q37448497
Q7205,P31,Q11862829
Q7205,P361,Q420
Q7205,P361,Q11756
Q7205,P910,Q7110117
Q7205,P1343,Q2657718
Q7205,P1343,Q2041543
Q7205,P1343,Q602358
Q7205,P1343,Q4091878
Q7205,P1424,Q14396966
Q7205,P461,Q1898509
Q7205,P3095,Q1662561
Q7205,P279,Q420
Q5164389,P31,Q4167410
Q47480,P106,Q170790
Q47480,P106,Q19350898
Q47480,P106,Q121594
Q47480,P106,Q169470
Q47480,P106,Q901
Q47480,P106,Q3400985
Q47480,P106,Q974144
Q47480,P106,Q37226
Q47480,P106,Q81096
Q47480,P463,Q123885
Q47480,P463,Q543804
Q47480,P463,Q938622
Q47480,P463,Q2370801
Q47480,P463,Q265058
Q47480,P463,Q338432
Q47480,P463,Q463303
Q47480,P463,Q466113
Q47480,P463,Q2822396
Q47480,P463,Q270794
Q47480,P20,Q37043
Q47480,P166,Q38104
Q47480,P166,Q15631401
Q47480,P166,Q28003
Q47480,P166,Q746756
Q47480,P166,Q317038
Q47480,P166,Q1562616
Q47480,P166,Q23055126
Q47480,P166,Q1107771
Q47480,P166,Q94056
Q47480,P19,Q23154
Q47480,P27,Q145
Q47480,P27,Q39
Q47480,P31,Q5
Q47480,P910,Q15298814
Q47480,P69,Q459506
Q47480,P69,Q35794
Q47480,P69,Q691283
Q47480,P735,Q4925623
Q47480,P108,Q738258
Q47480,P108,Q861548
Q47480,P108,Q35794
Q47480,P108,Q152838
Q47480,P802,Q132537
Q47480,P1050,Q244438
Q47480,P1343,Q17378135
Q47480,P1343,Q2657718
Q47480,P1343,Q67311526
Q47480,P26,Q22097468
Q47480,P140,Q620629
Q47480,P185,Q325611
Q47480,P185,Q183397
Q47480,P185,Q284336
Q47480,P185,Q726724
Q47480,P185,Q102115139
Q47480,P185,Q102169582
Q47480,P185,Q102267366
Q47480,P184,Q544338
Q47480,P1411,Q38104
Q47480,P1411,Q38104
Q47480,P101,Q18362
Q47480,P800,Q272621
Q47480,P39,Q865664
Q47480,P1066,Q544338
Q47480,P1412,Q1860
Q47480,P512,Q752297
Q47480,P22,Q12346131
Q47480,P1038,Q1007178
Q47480,P21,Q6581097
Q47480,P1344,Q65930519
Q47480,P734,Q76477255
Q47480,P737,Q50020
Q47480,P551,Q145
Q3114148,P31,Q4167410
Q3114148,P460,Q1180751
Q3114148,P460,Q1535626
Q3114148,P460,Q81357784
Q3114148,P1889,Q23950121
Q3114148,P1889,Q37294914
Q3114148,P1889,Q5567620
Q3114148,P1889,Q17152279
Q3114148,P1889,Q17023200
Q3114148,P1889,Q28024964
Q3114148,P1889,Q912978
Q3114148,P1889,Q1768447
Q3114148,P1889,Q1130685
Q3114148,P1889,Q1934574
Q3114148,P1889,Q10568018
Q3114148,P1889,Q1770629
Q3114148,P1889,Q10568021
Q3114148,P1889,Q603111
Q3114148,P1889,Q165714
Q3114148,P1889,Q1866277
Q3114148,P1889,Q3080707
Q3114148,P1889,Q30600002
Q3114148,P1889,Q1130686
Q3114148,P1889,Q3094396
Q3114148,P1889,Q3256909
Q3114148,P1889,Q4008645
Q3114148,P1889,Q1429430
Q3114148,P1889,Q1130682
Q3114148,P1889,Q12734348
Q13266,P279,Q5159627
Q13266,P279,Q27238206
Q13266,P279,Q7493597
Q13266,P910,Q6939899
Q13266,P1889,Q675987
Q13266,P1889,Q4122095
Q13266,P1889,Q13270
Q13266,P495,Q3746183
Q13266,P460,Q27238206
Q13266,P8431,Q182940
Q1347355,P279,Q1150070
Q3417678,P31,Q4167410
Q3417678,P1889,Q60933011
Q3417678,P1889,Q60932887
Q3417678,P1889,Q30669913
Q482919,P910,Q7321854
Q482919,P279,Q134307
Q482919,P31,Q1792379
Q482919,P1343,Q2657718
Q482919,P3095,Q3658608
Q322363,P31,Q4167410
Q30067981,P279,Q170028
Q30067981,P1269,Q104493
Q249614,P31,Q4167410
Q1179138,P31,Q4167410
Q1179138,P1889,Q37522514
Q2521689,P31,Q4167410
Q1296024,P279,Q1207505
Q1296024,P361,Q21013863
Q12725,P361,Q11406
Q12725,P910,Q7215676
Q12725,P31,Q1293220
Q12725,P5008,Q5460604
Q12725,P1343,Q602358
Q12725,P1343,Q602358
Q12725,P1343,Q63284758
Q12725,P1343,Q19180675
Q12725,P1343,Q3181656
Q12725,P2579,Q849919
Q12725,P279,Q11379
Q12725,P279,Q1522115
Q16917,P279,Q178706
Q16917,P279,Q4260475
Q16917,P279,Q814610
Q16917,P279,Q30139652
Q16917,P361,Q11000047
Q16917,P910,Q5468659
Q16917,P1424,Q5618337
Q16917,P1889,Q15043861
Q16917,P1889,Q46124
Q16917,P1889,Q180370
Q16917,P2388,Q1068947
Q16917,P1963,P131
Q16917,P1963,P625
Q16917,P1963,P856
Q16917,P1963,P571
Q16917,P1963,P18
Q16917,P1963,P6801
Q16917,P1963,P17
Q16917,P1963,P6855
Q16917,P1963,P1128
Q16917,P1963,P112
Q16917,P1963,P1416
Q16917,P1963,P6375
Q16917,P1963,P527
Q16917,P1963,P137
Q16917,P1963,P101
Q16917,P1343,Q602358
Q16917,P1343,Q19180675
Q16917,P527,Q55143870
Q16917,P2670,Q142259
Q16917,P2670,Q39364723
Q6602446,P31,Q4167410
Q298256,P31,Q4167410
Q949149,P910,Q8703451
Q949149,P279,Q162297
Q949149,P279,Q2142347
Q949149,P31,Q1914636
Q949149,P31,Q151885
Q747779,P910,Q9512264
Q747779,P279,Q193663
Q747779,P279,Q1048236
Q747779,P1535,Q732942
Q747779,P1535,Q380616
Q747779,P1535,Q335234
Q6498477,P31,Q166502
Q6498477,P910,Q32543042
Q6498477,P461,Q207894
Q6498477,P1343,Q602358
Q6498477,P361,Q77468620
Q1818899,P910,Q7961431
Q1818899,P279,Q11900058
Q1818899,P460,Q937283
Q1818899,P31,Q12737077
Q1818899,P1889,Q186626
Q1818899,P1889,Q50329651
Q445847,P31,Q4167410
Q2761147,P910,Q6510563
Q2761147,P279,Q1656682
Q2761147,P279,Q61788060
Q2761147,P460,Q24238221
Q180846,P279,Q1295201
Q180846,P279,Q13226383
Q180846,P279,Q655686
Q180846,P279,Q726870
Q180846,P910,Q13219999
Q180846,P452,Q15825471
Q180846,P2283,Q76211894
Q180846,P5008,Q99671171
Q4817,P279,Q1058733
Q4817,P279,Q811979
Q4817,P279,Q391414
Q4817,P910,Q13314879
Q4817,P527,Q56045633
Q4817,P527,Q2745866
Q4817,P527,Q193893
Q4817,P361,Q657100
Q4817,P1343,Q1138524
Q4817,P1343,Q602358
Q4817,P1343,Q30059240
Q4817,P1889,Q31510646
Q4817,P1889,Q51845395
Q4817,P5008,Q99671171
Q1215792,P31,Q4167410
Q276453,P910,Q8639313
Q276453,P279,Q2239243
Q14371763,P31,Q4167410
Q4672359,P31,Q4167410
Q174396,P910,Q8412195
Q174396,P31,Q24534061
Q174396,P31,Q63046488
Q174396,P279,Q6949149
Q174396,P279,Q97626363
Q174396,P1889,Q3050815
Q174396,P1889,Q8028
Q174396,P1889,Q83398902
Q174396,P1889,Q3465
Q174396,P4969,Q2251942
Q174396,P1343,Q602358
Q174396,P1343,Q63284758
Q174396,P1343,Q4532138
Q1410600,P31,Q176763
Q413640,P31,Q4167410
Q413640,P1889,Q69359299
Q413640,P1889,Q3050664
Q413640,P1889,Q89132503
Q413640,P1889,Q7632107
Q413640,P460,Q69359451
Q413640,P460,Q69359647
Q413640,P460,Q13406253
Q413640,P460,Q69359792
Q413640,P460,Q69359904
Q413640,P460,Q3522907
Q413640,P460,Q2098921
Q4870820,P31,Q4167410
Q4870820,P1889,Q37044739
Q653938,P31,Q4167410
Q653938,P460,Q236461
Q16879044,P31,Q21278897
Q1069931,P279,Q29642654
Q1069931,P279,Q29349307
Q1069931,P1535,Q152355
Q1069931,P144,Q25501089
Q1069931,P31,Q4372167
Q81938,P279,Q169872
Q81938,P279,Q47455774
Q81938,P279,Q160402
Q81938,P910,Q6535795
Q81938,P361,Q9357054
Q81938,P31,Q60539481
Q81938,P31,Q42014143
Q81938,P31,Q2057971
Q81938,P31,Q1441305
Q81938,P2176,Q419383
Q81938,P2176,Q3272027
Q81938,P2176,Q304782
Q81938,P2176,Q407541
Q81938,P2176,Q284321
Q81938,P2176,Q2964133
Q81938,P2176,Q422745
Q81938,P2176,Q221174
Q81938,P2176,Q243547
Q81938,P2176,Q130336
Q81938,P2176,Q186969
Q81938,P2176,Q6823309
Q81938,P2176,Q81225
Q81938,P2176,Q5103226
Q81938,P2176,Q377270
Q81938,P2176,Q1109018
Q81938,P2176,Q423741
Q81938,P2176,Q347613
Q81938,P2176,Q416760
Q81938,P2176,Q273169
Q81938,P2176,Q416791
Q81938,P2176,Q239426
Q81938,P2176,Q415793
Q81938,P2176,Q417204
Q81938,P2176,Q423288
Q81938,P2176,Q2496906
Q81938,P2176,Q898407
Q81938,P2176,Q425386
Q81938,P2176,Q410352
Q81938,P2176,Q409192
Q81938,P2176,Q3294630
Q81938,P2176,Q407592
Q81938,P2176,Q3292273
Q81938,P2176,Q5198674
Q81938,P2176,Q422806
Q81938,P2176,Q409231
Q81938,P2176,Q3114549
Q81938,P2176,Q412133
Q81938,P2176,Q1185089
Q81938,P2176,Q58396
Q81938,P2176,Q244408
Q81938,P2176,Q216935
Q81938,P2176,Q422970
Q81938,P2176,Q2555245
Q81938,P2176,Q407535
Q81938,P2176,Q41576
Q81938,P2176,Q510494
Q81938,P2176,Q2465218
Q81938,P2176,Q417902
Q81938,P2176,Q423538
Q81938,P2176,Q415578
Q81938,P2176,Q2602750
Q81938,P2176,Q1320691
Q81938,P2176,Q416905
Q81938,P2176,Q419175
Q81938,P2176,Q2487682
Q81938,P2176,Q277979
Q81938,P2176,Q421297
Q81938,P2176,Q413598
Q81938,P2176,Q1215575
Q81938,P2176,Q411441
Q81938,P2176,Q407418
Q81938,P2176,Q12745763
Q81938,P2176,Q417915
Q81938,P2176,Q408801
Q81938,P2176,Q425207
Q81938,P2176,Q18216
Q81938,P2176,Q422740
Q81938,P2176,Q57055
Q81938,P2176,Q2579108
Q81938,P2176,Q423380
Q81938,P2176,Q407721
Q81938,P2176,Q418445
Q81938,P2176,Q411412
Q81938,P2176,Q58397
Q81938,P2176,Q419608
Q81938,P2176,Q58713
Q81938,P2176,Q418361
Q81938,P2176,Q411456
Q81938,P2176,Q303646
Q81938,P2176,Q174259
Q81938,P2176,Q61387
Q81938,P2176,Q27262770
Q81938,P2176,Q27292429
Q81938,P2176,Q421259
Q81938,P2176,Q5002339
Q81938,P2176,Q1240076
Q81938,P2176,Q174723
Q81938,P2176,Q7845153
Q81938,P2176,Q55434
Q81938,P2176,Q417603
Q81938,P2176,Q423000
Q81938,P2176,Q20817210
Q81938,P2176,Q2823284
Q81938,P2176,Q409133
Q81938,P2176,Q202218
Q81938,P2176,Q27107089
Q81938,P461,Q208195
Q81938,P1424,Q19798602
Q81938,P1995,Q83042
Q81938,P1995,Q3259956
Q81938,P1995,Q615057
Q81938,P1995,Q2861470
Q81938,P1995,Q29483
Q1175140,P31,Q4167410
Q7598019,P31,Q4167410
Q7598019,P1889,Q37501911
Q225014,P31,Q4167410
Q225014,P460,Q5199091
Q14467155,P279,Q451967
Q14467155,P1889,Q2253602
Q14467155,P361,Q77468620
Q341572,P31,Q4167410
Q341572,P1889,Q18324642
Q1319773,P1343,Q2657718
Q1319773,P279,Q3924032
Q1319773,P31,Q25368938
Q1319773,P461,Q363948
Q1319773,P1269,Q17488292
Q611862,P31,Q4167410
Q611862,P1889,Q36882482
Q611862,P1889,Q93835794
Q611862,P1889,Q93895896
Q611862,P1889,Q720547
Q379833,P1343,Q2657718
Q379833,P279,Q1914636
Q379833,P361,Q352842
Q878352,P1889,Q189349
Q878352,P1889,Q12016844
Q878352,P1889,Q25345174
Q878352,P1889,Q44342
Q878352,P1889,Q12827256
Q878352,P1889,Q8253
Q878352,P279,Q34394
Q878352,P6477,Q953429
Q878352,P1552,Q13649246
Q836925,P1343,Q2041543
Q836925,P1343,Q602358
Q836925,P1343,Q1970746
Q836925,P279,Q10870555
Q836925,P279,Q1190554
Q836925,P1889,Q19504864
Q836925,P527,Q1744220
Q836925,P31,Q2135465
Q349724,P31,Q4167410
Q169207,P910,Q7015415
Q169207,P279,Q9332
Q169207,P279,Q160232
Q169207,P279,Q1920219
Q169207,P279,Q83267
Q169207,P1343,Q2657718
Q169207,P1343,Q1186818
Q169207,P461,Q27976816
Q169207,P461,Q58375253
Q169207,P1424,Q13107827
Q169207,P1424,Q7583764
Q169207,P460,Q1772837
Q169207,P1889,Q7015415
Q11416,P279,Q3590573
Q11416,P279,Q61788060
Q11416,P910,Q5625203
Q11416,P1343,Q602358
Q11416,P1343,Q4532135
Q11416,P1343,Q19180675
Q11416,P5008,Q5460604
Q11416,P1889,Q3590573
Q11416,P3095,Q24114117
Q11416,P1537,Q748309
Q11416,P1552,Q16301153
Q11416,P2283,Q2565881
Q360810,P31,Q4167410
Q360810,P1889,Q37550575
Q152478,P1269,Q43015
Q152478,P1269,Q10346136
Q152478,P279,Q3778211
Q152478,P279,Q24229398
Q152478,P1687,P859
Q152478,P1889,Q15472169
Q152478,P31,Q12737077
Q152478,P425,Q10346136
Q62832,P279,Q811979
Q62832,P279,Q13226383
Q62832,P279,Q45103187
Q62832,P910,Q6720177
Q62832,P1343,Q2657718
Q62832,P1424,Q5613278
Q1259045,P31,Q4167410
Q229949,P31,Q4167410
Q229949,P1889,Q36868654
Q229949,P1889,Q7577381
Q1248270,P31,Q4167410
Q1723907,P31,Q4167410
Q1723907,P1889,Q37250560
Q1723907,P460,Q11159036
Q223894,P31,Q4167410
Q5068193,P1343,Q302556
Q5068193,P1889,Q1327399
Q5068193,P31,Q33104279
Q5068193,P527,Q1202653
Q5068193,P527,Q9143602
Q175111,P910,Q8504999
Q175111,P31,Q1931388
Q175111,P31,Q15169167
Q175111,P31,Q2485083
Q175111,P1542,Q223867
Q175111,P1542,Q193840
Q175111,P1542,Q18356391
Q175111,P1542,Q6047823
Q175111,P2283,Q243778
Q175111,P2283,Q6675791
Q175111,P1889,Q7883956
Q175111,P1889,Q11608124
Q175111,P279,Q3769299
Q175111,P366,Q7883956
Q175111,P366,Q11608124
Q50690,P910,Q7165067
Q50690,P279,Q5156940
Q50690,P31,Q47154513
Q50690,P1343,Q602358
Q50690,P1424,Q16738651
Q50690,P1889,Q27110027
Q4358176,P279,Q16334295
Q4358176,P279,Q43229
Q4358176,P279,Q895526
Q4358176,P460,Q2323591
Q235969,P31,Q4167410
Q438980,P31,Q4167410
Q438980,P1889,Q17125502
Q519826,P17,Q30
Q519826,P131,Q99
Q519826,P910,Q8585456
Q519826,P31,Q31855
Q519826,P31,Q1976594
Q519826,P31,Q2624320
Q519826,P1365,Q17379473
Q519826,P706,Q138901
Q519826,P138,Q138901
Q519826,P138,Q169577
Q519826,P749,Q217810
Q519826,P463,Q16725802
Q237302,P31,Q4167410
Q8074,P910,Q6655584
Q8074,P31,Q16332653
Q8074,P279,Q1322005
Q8074,P5008,Q5460604
Q8074,P460,Q12894866
Q8074,P1542,Q208589
Q8074,P2579,Q691312
Q8074,P1343,Q1768721
Q8074,P1343,Q602358
Q8074,P1343,Q19180675
Q160402,P279,Q781413
Q160402,P279,Q855395
Q160402,P910,Q7013560
Q160402,P1343,Q2657718
Q160402,P31,Q41172303
Q160402,P2283,Q1979154
Q160402,P361,Q77468620
Q160402,P361,Q4338318
Q160402,P1542,Q282250
Q160402,P1542,Q4338318
Q41364,P279,Q126017
Q41364,P279,Q107715
Q41364,P1687,P3738
Q41364,P1687,P3737
Q41364,P1687,P2808
Q41364,P1343,Q26711932
Q41364,P1343,Q26711937
Q41364,P1343,Q26711938
Q41364,P1343,Q90137277
Q41364,P4934,Q9092845
Q41364,P4934,Q11652
Q41364,P8111,Q11573
Q1710684,P31,Q4167410
Q1710684,P460,Q9056666
Q1710684,P460,Q1706940
Q1710684,P460,Q3368380
Q1710684,P460,Q63455765
Q1710684,P460,Q63455771
Q1710684,P460,Q63455773
Q1710684,P1889,Q662635
Q1710684,P1889,Q65217463
Q5104754,P31,Q4167410
Q4230074,P31,Q4167410
Q197,P910,Q9798428
Q197,P279,Q2875704
Q197,P279,Q1949826
Q197,P31,Q22676022
Q197,P1343,Q2657718
Q197,P1343,Q4114391
Q197,P1343,Q19180675
Q197,P1535,Q24175399
Q197,P2959,Q22001697
Q197,P4733,Q598572
Q197,P2670,Q28816538
Q197,P1654,Q8274907
Q197,P516,Q743004
Q190200,P279,Q208826
Q190200,P279,Q107715
Q190200,P1889,Q2633778
Q190200,P1889,Q208826
Q190200,P1889,Q12432978
Q190200,P1659,P2254
Q190200,P461,Q930412
Q190200,P1343,Q2041543
Q190200,P1880,Q13166107
Q2778710,P31,Q4167410
Q2778710,P460,Q356458
Q11063,P279,Q901
Q11063,P425,Q333
Q11063,P910,Q6562
Q11063,P31,Q28640
Q11063,P1343,Q2041543
Q11063,P1343,Q1970746
Q11063,P6186,Q24071084
Q439963,P31,Q4167410
Q5322,P279,Q210729
Q5322,P279,Q11653
Q5322,P279,Q28976328
Q5322,P5008,Q5460604
Q5322,P1880,Q164399
Q5322,P1889,Q267298
Q5322,P1343,Q602358
Q5322,P910,Q8342864
Q425520,P31,Q4167410
Q425520,P460,Q294780
Q425520,P460,Q116250
Q425520,P460,Q23765648
Q425520,P460,Q1032700
Q425520,P1889,Q36916856
Q442586,P31,Q4167410
Q474704,P31,Q4167410
Q22857,P910,Q5644539
Q22857,P279,Q968907
Q22857,P279,Q484937
Q22857,P31,Q31629
Q22857,P1269,Q767024
Q22857,P3095,Q86135347
Q22857,P527,Q74026067
Q22857,P527,Q74026205
Q24489,P910,Q7035910
Q24489,P279,Q1408429
Q24489,P279,Q82480
Q24489,P279,Q12748
Q24489,P1343,Q602358
Q24489,P1343,Q1138524
Q24489,P1343,Q1768721
Q24489,P462,Q23445
Q24489,P366,Q12748
Q24489,P527,Q623
Q24489,P527,Q221205
Q24489,P527,Q627
Q24489,P527,Q629
Q24489,P1889,Q20229633
Q24489,P5008,Q69524601
Q352776,P31,Q4167410
Q352776,P1889,Q37519195
Q16280603,P31,Q4167410
Q230216,P31,Q4167410
Q230216,P460,Q16665192
Q178898,P279,Q82468078
Q178898,P279,Q11019
Q178898,P910,Q5623490
Q178898,P1343,Q2657718
Q178898,P1343,Q4114391
Q178898,P1343,Q19180675
Q178898,P1687,P1221
Q292434,P31,Q4167410
Q22855,P910,Q10137637
Q22855,P461,Q13235160
Q22855,P461,Q95744963
Q22855,P1542,Q192270
Q22855,P2283,Q2424752
Q60528603,P1889,Q11077163
Q60528603,P279,Q24255051
Q60528603,P279,Q3249551
Q60528603,P279,Q621184
Q60528603,P6477,Q706622
Q167037,P910,Q8419367
Q167037,P279,Q7451779
Q167037,P279,Q783794
Q167037,P279,Q155076
Q167037,P1343,Q2657718
Q167037,P1343,Q2041543
Q167037,P461,Q728646
Q167037,P457,Q17013292
Q167037,P92,Q679847
Q167037,P1552,Q609781
Q167037,P31,Q12047392
Q224992,P31,Q4167410
Q224992,P1889,Q1138960
Q43533,P279,Q11438
Q43533,P279,Q79529
Q43533,P279,Q908049
Q43533,P910,Q7307636
Q43533,P1889,Q36200270
Q43533,P1889,Q13582300
Q43533,P2579,Q160398
Q43533,P1343,Q602358
Q43533,P1343,Q19180675
Q43533,P1343,Q1970746
Q43533,P1441,Q32020202
Q43533,P1557,Q1789144
Q34132,P279,Q937946
Q34132,P279,Q4751134
Q34132,P279,Q3008657
Q34132,P1889,Q4505652
Q34132,P1889,Q3008657
Q34132,P1552,Q37221
Q34132,P910,Q55330102
Q5249503,P1889,Q20738812
Q5249503,P31,Q4167410
Q345280,P31,Q4167410
Q3044853,P31,Q4167410
Q167676,P279,Q2041172
Q167676,P910,Q8729856
Q167676,P361,Q2041172
Q167676,P460,Q2066909
Q167676,P2354,Q6638158
Q167676,P5008,Q54439832
Q167676,P1424,Q21096631
Q167676,P31,Q811909
Q102296,P61,Q179777
Q102296,P279,Q556
Q102296,P279,Q43101
Q102296,P31,Q878130
Q102296,P31,Q466603
Q102296,P155,Q15406064
Q102296,P156,Q54389
Q102296,P1343,Q2657718
Q102296,P2152,Q11905736
Q1221452,P31,Q4167410
Q1221452,P1889,Q24514381
Q241623,P31,Q4167410
Q278767,P31,Q4167410
Q249332,P31,Q4167410
Q211051,P31,Q4167410
Q211051,P1889,Q2487075
Q211051,P1365,Q93178187
Q840576,P279,Q11024
Q159810,P1151,Q7348224
Q159810,P910,Q9715089
Q159810,P460,Q19862406
Q159810,P2633,Q187097
Q159810,P2579,Q8134
Q159810,P2670,Q3958441
Q159810,P1889,Q8134
Q159810,P1889,Q8187769
Q159810,P1889,Q6456916
Q159810,P279,Q1639378
Q159810,P527,Q3958441
Q159810,P1343,Q4532138
Q656365,P31,Q853725
Q656365,P910,Q6642305
Q656365,P1269,Q6958747
Q656365,P1552,Q685744
Q656365,P1552,Q675059
Q656365,P1552,Q629411
Q656365,P1552,Q1500858
Q656365,P1552,Q1054723
Q656365,P1552,Q2992308
Q656365,P1552,Q7434443
Q656365,P1424,Q13406437
Q656365,P1889,Q192581
Q656365,P1889,Q12004616
Q656365,P279,Q8148
Q44167,P279,Q11019
Q44167,P279,Q2583685
Q44167,P910,Q8414840
Q44167,P1343,Q2657718
Q44167,P1424,Q10968599
Q44167,P1424,Q22830011
Q44167,P361,Q609111
Q44167,P2959,Q96240196
Q80026,P910,Q8421670
Q80026,P279,Q1322005
Q80026,P279,Q13878858
Q80026,P279,Q23009442
Q80026,P828,Q179177
Q80026,P1343,Q602358
Q80026,P1343,Q19180675
Q468777,P460,Q203872
Q468777,P460,Q24255051
Q468777,P1889,Q404130
Q468777,P461,Q16120406
Q468777,P31,Q33104279
Q468777,P279,Q35120
Q293805,P31,Q4167410
Q293805,P1889,Q18419922
Q293805,P1889,Q1258618
Q293805,P1889,Q25439303
Q183635,P910,Q9674275
Q183635,P1889,Q1780478
Q183635,P101,Q6501221
Q183635,P1535,Q5135357
Q183635,P279,Q52948
Q183635,P2579,Q6501221
Q183635,P361,Q2692606
Q5464689,P31,Q4167410
Q39558,P279,Q337540
Q39558,P279,Q1059843
Q39558,P31,Q21009055
Q39558,P31,Q21074597
Q39558,P31,Q169336
Q39558,P31,Q42501
Q39558,P1542,Q818502
Q39558,P2868,Q50429805
Q39558,P2868,Q50429902
Q39558,P910,Q9835810
Q39558,P361,Q11516711
Q143873,P31,Q186713
Q143873,P910,Q71344818
Q143873,P279,Q446
Q143873,P1343,Q2657718
Q143873,P1343,Q4532138
Q143873,P2670,Q47450777
Q143873,P1889,Q21958357
Q143873,P1889,Q1057381
Q143873,P1889,Q263421
Q143873,P1889,Q2644088
Q143873,P366,Q64830866
Q143873,P366,Q6497460
Q143873,P361,Q6497460
Q143873,P361,Q2644088
Q1148098,P5135,Q1331774
Q1148098,P31,Q1055293
Q1148098,P1889,Q20404750
Q1148098,P1889,Q261967
Q1148098,P2579,Q82811
Q1148098,P2579,Q193544
Q1148098,P361,Q263961
Q1148098,P279,Q11652
Q643546,P1343,Q2657718
Q643546,P1343,Q1970746
Q643546,P279,Q29564129
Q643546,P279,Q1322005
Q643546,P276,Q8104
Q44432,P31,Q900800
Q44432,P361,Q213016
Q44432,P910,Q10189809
Q44432,P1889,Q209233
Q44432,P1889,Q3935690
Q44432,P1889,Q179635
Q44432,P1889,Q3141700
Q44432,P279,Q15211908
Q44432,P279,Q107715
Q44432,P279,Q11379
Q44432,P461,Q900231
Q44432,P2959,Q28970843
Q44432,P2184,Q5867963
Q44432,P1343,Q26711934
Q44432,P1343,Q92157468
Q44432,P8111,Q25269
Q843596,P279,Q13406206
Q843596,P527,Q78852033
Q843596,P527,Q55753876
Q843596,P527,Q42501
Q843596,P527,Q1572702
Q843596,P527,Q208443
Q843596,P2789,Q278784
Q560,P61,Q298581
Q560,P61,Q127959
Q560,P279,Q208106
Q560,P279,Q19600
Q560,P279,Q19609
Q560,P138,Q134270
Q560,P910,Q7415569
Q560,P31,Q11344
Q560,P1343,Q2657718
Q560,P2822,Q2287558
Q560,P1552,Q11567495
Q560,P1552,Q30100868
Q560,P1552,Q30007162
Q560,P4147,Q1188583
Q560,P361,Q191936
Q560,P361,Q19609
Q560,P366,Q1408137
Q560,P366,Q1056832
Q560,P366,Q830414
Q560,P366,Q4224062
Q259059,P279,Q874405
Q259059,P279,Q16334295
Q259059,P279,Q3563237
Q259059,P910,Q6915283
Q259059,P1382,Q8436
Q259059,P366,Q7887142
Q6007356,P31,Q4167410
Q1527264,P910,Q7149586
Q1527264,P1687,P2770
Q1527264,P1269,Q200535
Q1527264,P279,Q17281278
Q1319773,P1343,Q2657718
Q1319773,P279,Q3924032
Q1319773,P31,Q25368938
Q1319773,P461,Q363948
Q1319773,P1269,Q17488292
Q365681,P31,Q4167410
Q365681,P1343,Q2041543
Q14208553,P279,Q174165
Q14208553,P279,Q451967
Q14208553,P279,Q1656682
Q14208553,P279,Q6958747
Q14208553,P910,Q7013053
Q14208553,P1343,Q2657718
Q14208553,P1343,Q2041543
Q14208553,P3095,Q205375
Q14208553,P460,Q6531961
Q14208553,P1424,Q17378218
Q14208553,P1687,P61
Q14208553,P1687,P575
Q205375,P31,Q28640
Q205375,P425,Q14208553
Q205375,P279,Q81096
Q205375,P279,Q2500638
Q205375,P910,Q6528885
Q205375,P1687,P61
Q205375,P6186,Q59522191
Q6410716,P31,Q4167410
Q483242,P279,Q13226383
Q483242,P279,Q31855
Q483242,P279,Q66736694
Q483242,P910,Q6171059
Q483242,P527,Q834028
Q483242,P1424,Q10712699
Q483242,P1343,Q602358
Q483242,P1889,Q66736694
Q34027,P31,Q22664
Q34027,P910,Q8911859
Q34027,P279,Q107715
Q34027,P1552,Q13587321
Q34027,P461,Q36477
Q189539,P910,Q6571719
Q189539,P279,Q15809678
Q189539,P1552,Q179179
Q189539,P1552,Q26726369
Q189539,P1552,Q26726966
Q189539,P1552,Q1188986
Q189539,P1552,Q309314
Q189539,P1535,Q157470
Q189539,P1535,Q157165
Q11019,P279,Q39546
Q11019,P279,Q1183543
Q11019,P527,Q517596
Q11019,P910,Q8592604
Q11019,P101,Q11023
Q11019,P1343,Q2041543
Q11019,P5008,Q5460604
Q11019,P5125,Q7112682
Q11019,P1424,Q14446996
Q11019,P279,Q39546
Q11019,P279,Q1183543
Q11019,P527,Q517596
Q11019,P910,Q8592604
Q11019,P101,Q11023
Q11019,P1343,Q2041543
Q11019,P5008,Q5460604
Q11019,P5125,Q7112682
Q11019,P1424,Q14446996
Q11421,P910,Q8927158
Q11421,P279,Q223557
Q11421,P279,Q214609
Q11421,P1343,Q2657718
Q11421,P1343,Q1210353
Q11421,P1542,Q11408
Q11421,P5008,Q5460604
Q226669,P31,Q4167410
Q226669,P1889,Q37507038
Q226669,P460,Q253346
Q226669,P460,Q3307092
Q226669,P460,Q1924539
Q226669,P460,Q1569912
Q253276,P31,Q1978718
Q253276,P31,Q16782623
Q253276,P1343,Q2657718
Q253276,P1343,Q26711932
Q253276,P361,Q435964
Q253276,P111,Q36253
Q253276,P1889,Q61750260
Q253276,P1889,Q61749562
Q253276,P1889,Q100158595
Q44497,P910,Q6163851
Q44497,P31,Q11023
Q44497,P31,Q8187769
Q44497,P1343,Q678259
Q44497,P1343,Q602358
Q44497,P1343,Q1138524
Q44497,P279,Q8148
Q44497,P279,Q61446800
Q44497,P279,Q28797
Q44497,P361,Q55640
Q44497,P5125,Q7112686
Q44497,P3095,Q18524075
Q44497,P3095,Q820037
Q44497,P2184,Q12075242
Q44167,P279,Q11019
Q44167,P279,Q1753139
Q44167,P910,Q8414840
Q44167,P1343,Q2657718
Q44167,P1424,Q10968599
Q44167,P1424,Q22830011
Q44167,P361,Q609111
Q44167,P2959,Q96240196
Q228306,P31,Q4167410
Q15880548,P31,Q4167410
Q253623,P527,Q3022019
Q253623,P279,Q131257
Q253623,P279,Q732577
Q253623,P910,Q64224820
Q253623,P1343,Q2041543
Q253623,P1687,P1246
Q253623,P5125,Q25111238
Q253623,P2579,Q8134
Q7201226,P31,Q4167410
Q58734,P279,Q2144359
Q58734,P279,Q1135789
Q58734,P279,Q275372
Q58734,P910,Q7144129
Q58734,P828,Q19829510
Q58734,P1424,Q6927454
Q58734,P1343,Q101314624
Q1913301,P279,Q235352
Q1913301,P279,Q11661912
Q104159464,P31,Q4167410
Q104159464,P460,Q104159251
Q104159464,P460,Q104158888
Q104159464,P460,Q19689959
Q104159464,P460,Q19689972
Q104159464,P460,Q27887
Q104159464,P460,Q104159650
Q246242,P31,Q4167410
Q246242,P1889,Q19631736
Q246242,P1889,Q65553722
Q246242,P1889,Q65553769
Q246242,P1889,Q55773389
Q246242,P1889,Q65553995
Q246242,P460,Q65553696
Q246242,P460,Q65553702
Q246242,P460,Q65553689
Q7925,P279,Q25257
Q7925,P279,Q11663
Q7925,P279,Q1522115
Q7925,P910,Q8821538
Q7925,P1542,Q8068
Q7925,P828,Q3382037
Q7925,P5008,Q5460604
Q7925,P527,Q283
Q7925,P1343,Q4086271
Q7925,P1343,Q1768721
Q7925,P7084,Q16605080
Q7925,P31,Q29053744
Q7925,P1889,Q20423499
Q15841852,P31,Q4167410
Q15841852,P1889,Q1754047
Q850210,P31,Q101072
Q850210,P1343,Q2657718
Q850210,P1687,P2139
Q850210,P910,Q28048073
Q850210,P279,Q1527264
Q850210,P279,Q21189091
Q850210,P1889,Q26911
Q850210,P1889,Q2112073
Q850210,P1889,Q570938
Q646173,P31,Q4167410
Q107617,P910,Q7332881
Q107617,P279,Q79782
Q107617,P1889,Q848368
Q107617,P1889,Q59172
Q107617,P461,Q1129632
Q107617,P1552,Q504111
Q107617,P1552,Q11652
Q107617,P1552,Q161635
Q107617,P1552,Q186300
Q107617,P1552,Q2266743
Q107617,P1552,Q516175
Q398690,P31,Q4167410
Q398690,P1889,Q15637587
Q234328,P31,Q4167410
Q234328,P155,Q7631386
Q234328,P1889,Q37438975
Q234328,P1889,Q11281550
Q243457,P31,Q4167410
Q243457,P1889,Q2307247
Q243457,P1889,Q98021449
Q243457,P460,Q89198648
Q1536434,P31,Q4167410
Q1536434,P460,Q342744
Q1536434,P460,Q16655022
Q1536434,P1889,Q37115896
Q3251738,P279,Q190120
Q3251738,P460,Q190120
Q3251738,P155,Q29053744
Q13108060,P31,Q4167410
Q340788,P31,Q4167410
Q340788,P1889,Q36856278
Q340788,P1889,Q1315685
Q8161,P279,Q748289
Q8161,P279,Q7748
Q8161,P279,Q98539598
Q8161,P910,Q8832154
Q8161,P1343,Q2657718
Q8161,P1343,Q19538713
Q8161,P1343,Q2041543
Q8161,P1343,Q19190511
Q8161,P5008,Q5460604
Q8161,P1424,Q14492698
Q11473,P31,Q4162444
Q11473,P31,Q11862829
Q11473,P910,Q7213738
Q11473,P279,Q413
Q11473,P2578,Q44432
Q11473,P2578,Q11466
Q11473,P2578,Q900231
Q11473,P2578,Q11379
Q11473,P2578,Q503327
Q11473,P2578,Q213016
Q11473,P2578,Q911916
Q11473,P2578,Q230875
Q11473,P2578,Q39552
Q11473,P2578,Q161064
Q11473,P2578,Q45003
Q11473,P1424,Q6976414
Q11473,P5008,Q5460604
Q8081,P279,Q6823473
Q8081,P279,Q732722
Q8081,P910,Q8960210
Q8081,P5008,Q5460604
Q8081,P1880,Q429050
Q8081,P2959,Q55744425
Q8081,P527,Q1757780
Q8081,P1889,Q1418211
Q8081,P1889,Q251319
Q8081,P1889,Q55594227
Q8081,P828,Q182311
Q8081,P1343,Q4532138
Q48103,P910,Q7244979
Q48103,P1687,P2230
Q48103,P1343,Q2657718
Q48103,P1343,Q26711933
Q48103,P1343,Q19190511
Q48103,P1343,Q73391977
Q48103,P279,Q107715
Q48103,P279,Q181175
Q48103,P279,Q13222844
Q48103,P1889,Q17232562
Q48103,P4934,Q17232562
Q48103,P4934,Q36255
Q48103,P8111,Q215571
Q49389,P279,Q61509
Q49389,P910,Q5601572
Q49389,P1151,Q10978597
Q49389,P2633,Q1350203
Q49389,P366,Q173799
Q49389,P366,Q8434
Q49389,P31,Q268592
Q49389,P31,Q627436
Q49389,P31,Q19595701
Q49389,P1424,Q13219028
Q49389,P1424,Q8069987
Q49389,P3095,Q5633897
Q49389,P3095,Q22813352
Q49389,P3095,Q24007814
Q49389,P1343,Q1768721
Q2450618,P31,Q4167410
Q2450618,P460,Q16617591
Q2450618,P460,Q16615323
Q2450618,P460,Q3989681
Q2450618,P460,Q74024313
Q2450618,P460,Q74025068
Q2450618,P460,Q74025559
Q2450618,P460,Q74026029
Q2450618,P1889,Q22813352
Q43193,P279,Q752870
Q43193,P910,Q8804055
Q43193,P137,Q508846
Q43193,P366,Q651658
Q4467354,P31,Q4167410
Q130760,P279,Q63973
Q130760,P279,Q44167
Q130760,P279,Q15057021
Q130760,P910,Q7010961
Q130760,P461,Q6498398
Q130760,P31,Q11019
Q130760,P1889,Q2708878
Q9747,P31,Q19776628
Q9747,P31,Q9398093
Q9747,P361,Q8229
Q9747,P361,Q606972
Q9747,P361,Q754673
Q9747,P361,Q76228
Q9747,P361,Q607188
Q9747,P361,Q20581324
Q9747,P361,Q1095058
Q9747,P361,Q18694620
Q9747,P361,Q1187758
Q9747,P361,Q372785
Q9747,P361,Q637405
Q9747,P361,Q550383
Q9747,P361,Q755124
Q9747,P361,Q18691434
Q9747,P361,Q994407
Q9747,P361,Q384749
Q9747,P361,Q1493494
Q9747,P361,Q2839543
Q9747,P910,Q55331690
Q1098,P138,Q324
Q1098,P910,Q7145393
Q1098,P31,Q11344
Q1098,P361,Q244979
Q1098,P361,Q19577
Q1098,P61,Q903801
Q1098,P61,Q160196
Q1098,P1552,Q11448
Q1098,P2079,Q206467
Q1098,P1343,Q602358
Q1098,P1343,Q19180675
Q466707,P910,Q6486940
Q466707,P31,Q29028649
Q466707,P31,Q64513524
Q466707,P31,Q84475169
Q466707,P279,Q878143
Q466707,P460,Q3880991
Q466707,P1382,Q21189091
Q11465,P61,Q379219
Q11465,P910,Q8228686
Q11465,P527,Q3711325
Q11465,P527,Q2151613
Q11465,P1343,Q2657718
Q11465,P1343,Q26711932
Q11465,P1343,Q90137277
Q11465,P1343,Q63284758
Q11465,P5008,Q5460604
Q11465,P156,Q11376
Q11465,P155,Q190291
Q11465,P279,Q107715
Q11465,P279,Q30337763
Q11465,P279,Q2672914
Q11465,P4934,Q192388
Q11465,P4934,Q2199864
Q11465,P8111,Q182429
Q11465,P1889,Q3711325
Q579235,P460,Q16036892
Q579235,P460,Q20948835
Q579235,P460,Q28843718
Q579235,P460,Q1966305
Q579235,P460,Q2522862
Q579235,P460,Q3557732
Q579235,P1889,Q539581
Q579235,P1889,Q18087186
Q579235,P1889,Q57389728
Q579235,P1889,Q66481479
Q579235,P31,Q4167410
Q446,P361,Q15618781
Q446,P361,Q592289
Q446,P279,Q186713
Q446,P910,Q8126980
Q446,P1343,Q2657718
Q446,P1419,Q17278
Q446,P5008,Q5460604
Q446,P2789,Q2140339
Q40763,P910,Q8727351
Q40763,P279,Q20011319
Q40763,P279,Q2095
Q40763,P3094,Q380138
Q40763,P527,Q1377980
Q40763,P527,Q193026
Q40763,P527,Q25624
Q40763,P527,Q2217063
Q40763,P527,Q1347099
Q40763,P1343,Q602358
Q40763,P5008,Q99671171
Q40763,P1889,Q100275245
Q351684,P31,Q4167410
Q351684,P1889,Q21430701
Q860237,P31,Q24335536
Q860237,P527,Q16707925
Q860237,P527,Q16707924
Q860237,P361,Q128285
Q860237,P1343,Q602358
Q31928,P31,Q8171
Q31928,P31,Q184439
Q31928,P1889,Q3642925
Q31928,P407,Q1860
Q31928,P1441,Q4480654
Q31928,P6254,L361
Q31928,P460,Q32341
Q1986098,P31,Q8514257
Q1986098,P279,Q8514257
Q7302728,P31,Q4167410
Q13649246,P279,Q9492
Q13649246,P279,Q86923152
Q13649246,P461,Q1520777
Q13649246,P361,Q77468620
Q13649246,P1382,Q34302
Q13649246,P1269,Q9471
Q120429,P31,Q4167410
Q242991,P31,Q4167410
Q242991,P460,Q721792
Q242991,P460,Q11511911
Q242991,P1889,Q11679994
Q4880959,P1889,Q3637490
Q35872,P910,Q7073217
Q35872,P31,Q16103215
Q35872,P279,Q1229765
Q35872,P279,Q41321608
Q331055,P279,Q201676
Q331055,P910,Q7146913
Q331055,P461,Q1898510
Q331055,P1687,P4602
Q331055,P1687,P119
Q331055,P1687,P965
Q331055,P1687,P2324
Q331055,P1343,Q4086271
Q331055,P1343,Q602358
Q331055,P1343,Q602358
Q331055,P1343,Q4173137
Q331055,P1343,Q19180675
Q331055,P31,Q1190554
Q331055,P1889,Q2399875
Q451703,P31,Q4167410
Q451703,P1889,Q26252923
Q451703,P1889,Q17190129
Q1075,P279,Q19829125
Q1075,P279,Q40890790
Q1075,P279,Q14506045
Q1075,P279,Q1207505
Q1075,P527,Q166902
Q1075,P31,Q4373292
Q1075,P1687,P462
Q1075,P1687,P6364
Q1075,P1687,P7253
Q1075,P2959,Q22827865
Q1075,P5008,Q5460604
Q1075,P1424,Q7975414
Q1075,P1424,Q7643757
Q1075,P461,Q11567495
Q1075,P1343,Q2657718
Q1075,P1343,Q602358
Q1075,P1343,Q1970746
Q1075,P1343,Q867541
Q1075,P460,Q30147439
Q1075,P910,Q8857950
Q1075,P910,Q5837092
Q1113766,P31,Q4167410
Q1113766,P1889,Q37502426
Q5176866,P31,Q4167410
Q345844,P279,Q874405
Q345844,P527,Q5184855
Q345844,P1687,P5096
Q345844,P31,Q16334295
Q345844,P460,Q13583763
Q388450,P31,Q55983715
Q11326182,P361,Q573
Q11326182,P156,Q193294
Q11326182,P155,Q635954
Q11326182,P910,Q28398919
Q11326182,P1889,Q29530374
Q11326182,P31,Q1260524
Q7725,P31,Q1260524
Q7725,P361,Q573
Q7725,P910,Q10114327
Q7725,P155,Q283102
Q7725,P156,Q166564
Q7725,P461,Q7722
Q11460,P279,Q386724
Q11460,P279,Q2424752
Q11460,P279,Q8205328
Q11460,P910,Q7214143
Q11460,P186,Q28823
Q11460,P186,Q286
Q11460,P186,Q1792537
Q11460,P361,Q12684
Q11460,P361,Q11828862
Q11460,P366,Q2526135
Q11460,P366,Q12684
Q11460,P366,Q162297
Q11460,P1552,Q1075138
Q11460,P2670,Q28935403
Q11460,P1687,P3828
Q11460,P1687,P7376
Q11460,P1424,Q8079042
Q11460,P1343,Q30059240
Q11460,P1343,Q4173137
Q11460,P1343,Q602358
Q11460,P1343,Q4086271
Q11460,P1343,Q1970746
Q11460,P1343,Q19190511
Q11460,P1343,Q1768721
Q11460,P5008,Q5460604
Q11460,P2184,Q2501507
Q11460,P176,Q242468
Q45529,P910,Q6678409
Q45529,P2354,Q6585901
Q45529,P279,Q193291
Q45529,P279,Q239872
Q45529,P279,Q42104541
Q45529,P1889,Q30061299
Q45529,P1889,Q54894895
Q45529,P1343,Q4086271
Q173387,P279,Q12131650
Q173387,P279,Q2065736
Q173387,P279,Q6023295
Q173387,P910,Q9825418
Q173387,P361,Q39614
Q173387,P1687,P119
Q173387,P1687,P1442
Q173387,P1687,P2351
Q173387,P1557,Q4
Q173387,P1889,Q9839
Q173387,P1343,Q65109596
Q173387,P1343,Q602358
Q173387,P1343,Q1768721
Q173387,P3095,Q537575
Q184421,P910,Q7427661
Q184421,P279,Q15198957
Q184421,P31,Q20202269
Q184421,P1343,Q602358
Q184421,P1889,Q170412
Q201788,P31,Q28640
Q201788,P279,Q16727193
Q201788,P279,Q15980158
Q201788,P425,Q1066186
Q201788,P425,Q50675
Q201788,P910,Q6395208
Q201788,P910,Q7777285
Q201788,P1343,Q2657718
Q201788,P2354,Q289906
Q201788,P2354,Q6623268
Q201788,P2354,Q42912466
Q201788,P6186,Q31960708
Q16797637,P31,Q4167410
Q181260,P31,Q4785472
Q181260,P279,Q770723
Q181260,P910,Q8948191
Q181260,P1343,Q678259
Q181260,P1343,Q21065550
Q181260,P1343,Q2041543
Q181260,P1343,Q602358
Q181260,P1343,Q19180675
Q181260,P1343,Q4532138
Q181260,P2578,Q37260
Q181260,P1889,Q669777
Q410891,P31,Q4167410
Q410891,P1889,Q16866133
Q601667,P31,Q4167410
Q601667,P1889,Q4927231
Q601667,P1889,Q13554166
Q601667,P1889,Q59359366
Q601667,P460,Q336108
Q168182,P461,Q36402
Q168182,P361,Q573
Q168182,P156,Q283102
Q168182,P156,Q41618345
Q168182,P155,Q986787
Q168182,P155,Q41618189
Q168182,P2959,Q22828603
Q168182,P279,Q186408
Q168182,P1889,Q20980417
Q12823105,P279,Q180516
Q12823105,P279,Q628858
Q12823105,P361,Q43229
Q12823105,P910,Q4317
Q12823105,P1424,Q18619444
Q12823105,P1343,Q5217764
Q12823105,P1889,Q11255
Q226393,P31,Q4167410
Q226393,P1889,Q2793400
Q226393,P1889,Q15897998
Q226393,P460,Q13141106
Q226393,P460,Q174173
Q226393,P460,Q228355
Q226393,P460,Q346059
Q226393,P460,Q405054
Q226393,P460,Q404988
Q226393,P460,Q343111
Q226393,P460,Q1319735
Q226393,P460,Q1726984
Q226393,P460,Q1907003
Q226393,P460,Q1805845
Q226393,P460,Q2080903
Q226393,P460,Q2066425
Q226393,P460,Q2092863
Q226393,P460,Q2080542
Q226393,P460,Q2081224
Q226393,P460,Q2070351
Q226393,P460,Q2080626
Q226393,P460,Q7160859
Q226393,P460,Q7172373
Q2106708,P460,Q2106475
Q2106708,P460,Q1902152
Q2106708,P31,Q4167410
Q2106708,P1889,Q2106585
Q2106708,P1889,Q3400050
Q1378182,P31,Q4167410
Q1378182,P460,Q63430717
Q345127,P279,Q11460
Q345127,P1343,Q2041543
Q345127,P1343,Q4532138
Q381885,P910,Q9301102
Q381885,P279,Q6023295
Q381885,P279,Q5003624
Q381885,P1343,Q2657718
Q381885,P1687,P1442
Q1090,P279,Q585302
Q1090,P279,Q19588
Q1090,P279,Q244982
Q1090,P910,Q7450190
Q1090,P31,Q11344
Q1090,P31,Q21073023
Q1090,P1542,Q21175303
Q1090,P1343,Q2657718
Q1090,P1343,Q4086271
Q1090,P1343,Q19180675
Q1090,P1343,Q1970746
Q1090,P1343,Q602358
Q1090,P1343,Q20961706
Q1090,P1343,Q602358
Q1090,P1343,Q602358
Q1090,P1343,Q1768721
Q1090,P2959,Q22828616
Q1090,P462,Q317802
Q1090,P5008,Q5460604
Q1090,P361,Q244982
Q1090,P361,Q185870
Q1090,P1889,Q231486
Q1090,P1889,Q299171
Q1090,P1889,Q1180904
Q1090,P1889,Q2285725
Q1090,P1889,Q21035026
Q1090,P1889,Q55979861
Q1090,P1889,Q1560182
Q1090,P1889,Q4417313
Q1090,P1889,Q9340889
Q1090,P1889,Q12057107
Q1090,P1889,Q654785
Q1090,P1889,Q1621580
Q1090,P1889,Q10526529
Q1090,P1889,Q28491393
Q1090,P1889,Q243604
Q1090,P1889,Q21096540
Q1090,P1889,Q402622
Q1090,P366,Q189567
Q7561,P462,Q23444
Q7561,P186,Q1325808
Q7561,P186,Q7391292
Q7561,P910,Q8755715
Q7561,P2959,Q26197463
Q7561,P1343,Q4086271
Q7561,P1343,Q602358
Q7561,P1343,Q4173137
Q7561,P1343,Q1970746
Q7561,P1343,Q19180675
Q7561,P1343,Q1768721
Q7561,P5008,Q5460604
Q7561,P2579,Q1898432
Q7561,P527,Q550147
Q7561,P31,Q25257
Q42527,P279,Q2596997
Q42527,P279,Q2247340
Q42527,P910,Q5763708
Q42527,P366,Q38695
Q42527,P1424,Q10960956
Q42527,P5008,Q5460604
Q42527,P1343,Q602358
Q42527,P1343,Q19180675
Q42527,P1343,Q4532138
Q42527,P1441,Q2385
Q2022000,P31,Q5378616
Q2022000,P460,Q4466935
Q17151,P190,Q87
Q17151,P190,Q83285
Q17151,P190,Q116341
Q17151,P190,Q1919098
Q17151,P190,Q459
Q17151,P190,Q33959
Q17151,P190,Q23482
Q17151,P190,Q365
Q17151,P190,Q2079
Q17151,P190,Q62
Q17151,P190,Q33486
Q17151,P190,Q1348
Q17151,P190,Q33935
Q17151,P190,Q1891
Q17151,P190,Q11736
Q17151,P190,Q16520
Q17151,P190,Q79808
Q17151,P190,Q1780
Q17151,P190,Q656
Q17151,P190,Q11720
Q17151,P190,Q170532
Q17151,P190,Q641
Q17151,P190,Q19689
Q17151,P17,Q41
Q17151,P17,Q12560
Q17151,P17,Q181254
Q17151,P17,Q12544
Q17151,P17,Q187684
Q17151,P17,Q325461
Q17151,P17,Q4948
Q17151,P17,Q12544
Q17151,P17,Q2277
Q17151,P17,Q17167
Q17151,P17,Q83958
Q17151,P17,Q83958
Q17151,P138,Q242293
Q17151,P910,Q8958519
Q17151,P1464,Q9226983
Q17151,P1465,Q10184404
Q17151,P421,Q6723
Q17151,P421,Q6760
Q17151,P206,Q913418
Q17151,P1792,Q8071069
Q17151,P1376,Q325461
Q17151,P1376,Q1077776
Q17151,P1376,Q5249082
Q17151,P1376,Q17152
Q17151,P1376,Q6627746
Q17151,P1376,Q210176
Q17151,P1376,Q81734
Q17151,P1376,Q207497
Q17151,P131,Q6627746
Q17151,P131,Q207497
Q17151,P31,Q1549591
Q17151,P31,Q515
Q17151,P6,Q923040
Q17151,P6,Q64347077
Q17151,P2184,Q2246013
Q17151,P417,Q310633
Q17151,P361,Q17152
Q17151,P1343,Q2041543
Q17151,P1343,Q4086271
Q17151,P2936,Q9129
Q17151,P2936,Q36748
Q17151,P163,Q56027897
Q17151,P793,Q2426040
Q17151,P793,Q60315800
Q17151,P793,Q2154485
Q17151,P793,Q1109261
Q17151,P793,Q12289086
Q17151,P793,Q55633164
Q17151,P793,Q4337451
Q17151,P793,Q25535578
Q17151,P793,Q12289085
Q17151,P793,Q12289084
Q17151,P793,Q56275237
Q17151,P276,Q81734
Q17151,P7867,Q84083152
Q17151,P1889,Q58379309
Q17151,P37,Q9129
Q17151,P47,Q913418
Q17151,P8744,Q100868466
Q381885,P910,Q9301102
Q381885,P279,Q6023295
Q381885,P279,Q5003624
Q381885,P1343,Q2657718
Q381885,P1687,P1442
Q532,P361,Q175185
Q532,P279,Q10354598
Q532,P279,Q175185
Q532,P279,Q486972
Q532,P279,Q177634
Q532,P1343,Q678259
Q532,P1343,Q2657718
Q532,P1343,Q2041543
Q532,P1343,Q1768721
Q532,P460,Q1529096
Q532,P460,Q12488913
Q532,P460,Q965568
Q532,P460,Q882149
Q532,P460,Q12488911
Q532,P460,Q4285979
Q532,P460,Q12494403
Q532,P460,Q19944049
Q532,P910,Q5461006
Q532,P2959,Q21200633
Q532,P5008,Q5460604
Q532,P1889,Q751708
Q532,P1889,Q5084
Q532,P1889,Q55237813
Q532,P31,Q48907157
Q532,P5869,Q1203744
Q532,P5869,Q7137016
Q532,P5869,Q2598087
Q532,P5869,Q593597
Q532,P5869,Q1021583
Q532,P5869,Q1018520
Q532,P5869,Q1637902
Q532,P3729,Q5084
Q532,P3730,Q26714626
Q41354,P910,Q8199051
Q41354,P31,Q906356
Q41354,P527,Q47512
Q41354,P527,Q283
Q41354,P366,Q23925486
Q41354,P366,Q725668
Q41354,P366,Q1572278
Q41354,P366,Q1974312
Q41354,P366,Q274493
Q41354,P279,Q2596997
Q41354,P186,Q153
Q41354,P186,Q48672
Q41354,P2079,Q41760
Q41354,P2079,Q1786087
Q41354,P1343,Q1768721
Q1412698,P31,Q4167410
Q1412698,P1889,Q294833
Q1412698,P1889,Q36865968
Q1412698,P1889,Q4706035
Q1412698,P460,Q2591155
Q1412698,P460,Q219314
Q1412698,P460,Q406781
Q1412698,P460,Q1698752
Q102470,P171,Q206930
Q102470,P171,Q5452918
Q102470,P105,Q2136103
Q102470,P31,Q16521
Q102470,P910,Q6697925
Q102470,P1343,Q3181656
Q60983727,P527,Q935362
Q60983727,P527,Q308922
Q354717,P31,Q4167410
Q354717,P460,Q19021789
Q2920921,P910,Q7012003
Q2920921,P279,Q338754
Q2920921,P279,Q29017603
Q2920921,P279,Q1783823
Q2920921,P1269,Q43229
Q2920921,P2079,Q309100
Q2920921,P2079,Q31728
Q2920921,P2079,Q623971
Q2920921,P460,Q50412353
Q2920921,P31,Q1914636
Q2920921,P31,Q11862829
Q2920921,P3095,Q999897
Q2920921,P3095,Q20481199
Q2920921,P3095,Q978044
Q2920921,P3095,Q2462658
Q2920921,P1424,Q14399581
Q2920921,P361,Q2043282
Q2920921,P1889,Q29017603
Q2920921,P1552,Q1481177
Q2920921,P1552,Q1888611
Q2920921,P1552,Q1474521
Q2920921,P1552,Q96247293
Q7380,P105,Q36602
Q7380,P171,Q135424
Q7380,P171,Q25833
Q7380,P171,Q7377
Q7380,P31,Q16521
Q7380,P910,Q6698087
Q7380,P1424,Q11125405
Q7380,P5008,Q5460604
Q7380,P1343,Q19180675
Q223832,P279,Q161243
Q223832,P279,Q1048835
Q223832,P1343,Q2657718
Q191578,P31,Q28640
Q191578,P1343,Q2041543
Q191578,P1889,Q497240
Q191578,P1889,Q23854476
Q191578,P279,Q2029941
Q2400026,P17,Q30
Q2400026,P31,Q1093829
Q2400026,P131,Q374442
Q2400026,P421,Q5385
Q2839009,P31,Q2135465
Q2839009,P279,Q2684591
Q12136,P279,Q2057971
Q12136,P279,Q567555
Q12136,P910,Q9789161
Q12136,P1343,Q2657718
Q12136,P1343,Q4114391
Q12136,P1343,Q602358
Q12136,P1343,Q19180675
Q12136,P1343,Q1768721
Q12136,P1963,P1060
Q12136,P1963,P1995
Q12136,P1963,P2176
Q12136,P1963,P780
Q12136,P1963,P2854
Q12136,P1963,P924
Q12136,P1963,P2293
Q12136,P1963,P1692
Q12136,P1963,P667
Q12136,P1963,P1193
Q12136,P1963,P923
Q12136,P1963,P138
Q12136,P1424,Q6436840
Q12136,P1424,Q22765453
Q12136,P461,Q12147
Q12136,P2579,Q7208
Q12136,P5008,Q5460604
Q12136,P5008,Q87748614
Q12136,P5008,Q4099686
Q12136,P1687,P5132
Q12136,P1687,P5166
Q12136,P1687,P492
Q12136,P1542,Q267505
Q12136,P1552,Q169872
Q12136,P1552,Q5282120
Q12136,P1552,Q2199864
Q12136,P1552,Q96278582
Q12136,P1552,Q54932064
Q12136,P1552,Q88468369
Q375159,P279,Q325980
Q448645,P31,Q4167410
Q17146995,P31,Q35127
Q17146995,P17,Q30
Q747318,P31,Q4167410
Q747318,P1889,Q36975753
Q16797633,P31,Q4167410
Q93996,P106,Q169470
Q93996,P106,Q4964182
Q93996,P106,Q1231865
Q93996,P106,Q121594
Q93996,P106,Q33231
Q93996,P106,Q82955
Q93996,P19,Q14960
Q93996,P19,Q11341603
Q93996,P20,Q542921
Q93996,P27,Q28513
Q93996,P31,Q5
Q93996,P463,Q543804
Q93996,P463,Q414188
Q93996,P463,Q684415
Q93996,P108,Q165980
Q93996,P108,Q622683
Q93996,P108,Q31519
Q93996,P735,Q292691
Q93996,P1343,Q17378135
Q93996,P1343,Q27680201
Q93996,P1343,Q19180675
Q93996,P1343,Q602358
Q93996,P1343,Q51955019
Q93996,P1343,Q67311526
Q93996,P1343,Q19190511
Q93996,P1343,Q99413897
Q93996,P185,Q2982487
Q93996,P185,Q7109921
Q93996,P185,Q5492544
Q93996,P185,Q86073
Q93996,P184,Q86374
Q93996,P910,Q9940626
Q93996,P69,Q165980
Q93996,P40,Q1458299
Q93996,P1411,Q38104
Q93996,P1411,Q38104
Q93996,P1411,Q38104
Q93996,P166,Q565030
Q93996,P1196,Q3739104
Q93996,P119,Q1030655
Q93996,P734,Q16876190
Q93996,P509,Q12202
Q93996,P39,Q17535155
Q93996,P39,Q67653663
Q93996,P140,Q7066
Q93996,P1412,Q188
Q93996,P101,Q169470
Q93996,P101,Q59115
Q93996,P21,Q6581097
Q93996,P485,Q2860507
Q93996,P485,Q39934978
Q93996,P6886,Q188
Q93996,P737,Q86374
Q93996,P737,Q12718
Q93996,P737,Q144535
Q93996,P737,Q76516
Q93996,P135,Q842333
Q93996,P7763,Q71887839
Q383185,P31,Q4167410
Q383185,P31,Q15623926
Q383185,P460,Q403915
Q383185,P460,Q395412
Q383185,P460,Q50412314
Q383185,P460,Q1182922
Q383185,P460,Q5592097
Q383185,P460,Q12908115
Q383185,P1889,Q37497718
Q190084,P279,Q170028
Q190084,P279,Q4925193
Q190084,P910,Q7214742
Q190084,P1343,Q2041543
Q190084,P1382,Q483677
Q190084,P1889,Q2451922
Q190084,P1889,Q25345174
Q9358,P106,Q4964182
Q9358,P106,Q49757
Q9358,P106,Q36180
Q9358,P106,Q36834
Q9358,P106,Q1231865
Q9358,P106,Q16267607
Q9358,P106,Q1622272
Q9358,P106,Q1350157
Q9358,P106,Q2468727
Q9358,P106,Q482980
Q9358,P19,Q529879
Q9358,P20,Q3955
Q9358,P140,Q13211738
Q9358,P910,Q8474835
Q9358,P31,Q5
Q9358,P22,Q1039547
Q9358,P509,Q1932655
Q9358,P69,Q152171
Q9358,P69,Q154804
Q9358,P69,Q1237379
Q9358,P69,Q162494
Q9358,P735,Q14038597
Q9358,P108,Q372608
Q9358,P937,Q586
Q9358,P937,Q2079
Q9358,P937,Q78
Q9358,P937,Q3955
Q9358,P512,Q849697
Q9358,P607,Q46083
Q9358,P737,Q38193
Q9358,P737,Q41155
Q9358,P737,Q48226
Q9358,P737,Q1035
Q9358,P737,Q125551
Q9358,P737,Q12718
Q9358,P737,Q1290
Q9358,P737,Q13894
Q9358,P737,Q1399
Q9358,P737,Q1511
Q9358,P737,Q168542
Q9358,P737,Q16867
Q9358,P737,Q169243
Q9358,P737,Q172599
Q9358,P737,Q198644
Q9358,P737,Q236594
Q9358,P737,Q273708
Q9358,P737,Q297726
Q9358,P737,Q310757
Q9358,P737,Q314189
Q9358,P737,Q35802
Q9358,P737,Q35811
Q9358,P737,Q360512
Q9358,P737,Q379912
Q9358,P737,Q385790
Q9358,P737,Q40213
Q9358,P737,Q41568
Q9358,P737,Q41980
Q9358,P737,Q43216
Q9358,P737,Q44403
Q9358,P737,Q502
Q9358,P737,Q57112
Q9358,P737,Q57187
Q9358,P737,Q57280
Q9358,P737,Q57554
Q9358,P737,Q5879
Q9358,P737,Q60104
Q9358,P737,Q61674
Q9358,P737,Q62596
Q9358,P737,Q6527
Q9358,P737,Q692
Q9358,P737,Q707490
Q9358,P737,Q75889
Q9358,P737,Q76521
Q9358,P737,Q76725
Q9358,P737,Q77127
Q9358,P737,Q78491
Q9358,P737,Q79822
Q9358,P737,Q83375
Q9358,P737,Q859
Q9358,P737,Q868
Q9358,P737,Q9047
Q9358,P737,Q9068
Q9358,P737,Q913
Q9358,P737,Q9235
Q9358,P737,Q9312
Q9358,P737,Q991
Q9358,P737,Q999259
Q9358,P737,Q41680
Q9358,P737,Q8409
Q9358,P737,Q6691
Q9358,P737,Q1048
Q9358,P737,Q40939
Q9358,P737,Q336115
Q9358,P737,Q64632
Q9358,P737,Q38873
Q9358,P737,Q178744
Q9358,P1343,Q17378135
Q9358,P1343,Q20078554
Q9358,P1343,Q4173137
Q9358,P1343,Q19180675
Q9358,P1343,Q602358
Q9358,P1343,Q867541
Q9358,P1343,Q19190511
Q9358,P1343,Q27680201
Q9358,P1343,Q67311526
Q9358,P1343,Q99413897
Q9358,P1196,Q3739104
Q9358,P800,Q199774
Q9358,P3373,Q77377
Q9358,P5008,Q5460604
Q9358,P172,Q42884
Q9358,P1412,Q188
Q9358,P101,Q5891
Q9358,P101,Q35986
Q9358,P101,Q80968
Q9358,P101,Q9465
Q9358,P101,Q9418
Q9358,P101,Q44325
Q9358,P101,Q482
Q9358,P101,Q190721
Q9358,P119,Q517174
Q9358,P21,Q6581097
Q9358,P1066,Q59945
Q9358,P802,Q78484
Q9358,P6379,Q214867
Q9358,P6886,Q188
Q9358,P2348,Q1142480
Q9358,P7763,Q71887839
Q9358,P135,Q679490
Q9358,P39,Q121594
Q9358,P184,Q76878
Q9358,P8625,Q3256303
Q9358,P27,Q27306
Q9358,P27,Q183
Q121594,P31,Q4164871
Q121594,P31,Q28640
Q121594,P31,Q486983
Q121594,P31,Q7810129
Q121594,P910,Q9709095
Q121594,P1889,Q495871
Q121594,P1889,Q25339110
Q121594,P1889,Q16481664
Q121594,P1889,Q10639464
Q121594,P1343,Q2041543
Q121594,P279,Q3400985
Q121594,P279,Q1622272
Q121594,P279,Q189533
Q121594,P3729,Q462390
Q121594,P3730,Q211830
Q2478414,P31,Q4167410
Q918385,P910,Q8809490
Q918385,P279,Q133500
Q918385,P1889,Q25598779
Q918385,P361,Q1326354
Q918385,P361,Q7091744
Q918385,P1687,P8258
Q9068,P119,Q188856
Q9068,P19,Q90
Q9068,P106,Q4964182
Q9068,P106,Q49757
Q9068,P106,Q201788
Q9068,P106,Q11774202
Q9068,P106,Q214917
Q9068,P106,Q18814623
Q9068,P106,Q18939491
Q9068,P106,Q1209498
Q9068,P106,Q18844224
Q9068,P106,Q744738
Q9068,P106,Q3589290
Q9068,P106,Q482980
Q9068,P106,Q1238570
Q9068,P27,Q70972
Q9068,P463,Q123885
Q9068,P463,Q161806
Q9068,P463,Q329464
Q9068,P463,Q83172
Q9068,P463,Q1792159
Q9068,P20,Q90
Q9068,P166,Q15056034
Q9068,P166,Q15631401
Q9068,P31,Q5
Q9068,P31,Q2985549
Q9068,P910,Q7372227
Q9068,P103,Q150
Q9068,P1576,Q83364
Q9068,P1343,Q4239850
Q9068,P1343,Q19180675
Q9068,P1343,Q602358
Q9068,P1343,Q17378135
Q9068,P1343,Q2657718
Q9068,P1343,Q602358
Q9068,P1343,Q1210353
Q9068,P1343,Q51955019
Q9068,P1343,Q867541
Q9068,P1343,Q67311526
Q9068,P1343,Q3181656
Q9068,P1343,Q99413897
Q9068,P69,Q1059546
Q9068,P25,Q21177229
Q9068,P1412,Q150
Q9068,P737,Q1290
Q9068,P737,Q1541
Q9068,P737,Q177847
Q9068,P737,Q214816
Q9068,P737,Q251259
Q9068,P737,Q309818
Q9068,P737,Q332470
Q9068,P737,Q35811
Q9068,P737,Q4604
Q9068,P737,Q5682
Q9068,P737,Q692
Q9068,P737,Q742
Q9068,P737,Q859
Q9068,P737,Q9353
Q9068,P737,Q935
Q9068,P800,Q215894
Q9068,P800,Q140057
Q9068,P800,Q377950
Q9068,P800,Q2551373
Q9068,P800,Q656976
Q9068,P800,Q1985932
Q9068,P3701,Q177413
Q9068,P140,Q13211738
Q9068,P39,Q38566130
Q9068,P39,Q70495999
Q9068,P136,Q8261
Q9068,P5008,Q5460604
Q9068,P108,Q4345832
Q9068,P101,Q5891
Q9068,P21,Q6581097
Q9068,P1830,Q2969210
Q9068,P135,Q210115
Q9068,P172,Q121842
Q9068,P6379,Q1700481
Q9068,P6379,Q214867
Q9068,P451,Q7286
Q9068,P22,Q64990775
Q9068,P6886,Q150
Q9068,P7763,Q71887839
Q9068,P1424,Q18175526
Q9068,P735,Q5493110
Q4035964,P105,Q34740
Q4035964,P171,Q2946140
Q4035964,P31,Q16521
Q4035964,P910,Q9936239
Q7727493,P31,Q4167410
Q224358,P460,Q2736869
Q224358,P460,Q15617217
Q224358,P31,Q4167410
Q218919,P31,Q4167410
Q11424,P1151,Q3296835
Q11424,P279,Q4502142
Q11424,P279,Q2431196
Q11424,P279,Q20937557
Q11424,P279,Q10301427
Q11424,P910,Q1458269
Q11424,P910,Q55321
Q11424,P1343,Q2657718
Q11424,P1963,P57
Q11424,P1963,P161
Q11424,P1963,P136
Q11424,P1963,P577
Q11424,P1963,P162
Q11424,P1963,P1431
Q11424,P1963,P58
Q11424,P1963,P144
Q11424,P1963,P495
Q11424,P1963,P915
Q11424,P1963,P840
Q11424,P1963,P344
Q11424,P1963,P1237
Q11424,P1963,P345
Q11424,P1963,P2408
Q11424,P1963,P2047
Q11424,P1963,P1040
Q11424,P1963,P480
Q11424,P1963,P2639
Q11424,P1963,P921
Q11424,P1963,P86
Q11424,P1963,P750
Q11424,P1963,P2515
Q11424,P1963,P2554
Q11424,P1963,P2603
Q11424,P1963,P2142
Q11424,P1963,P2208
Q11424,P1963,P2755
Q11424,P1963,P3803
Q11424,P1963,P3816
Q11424,P1963,P1476
Q11424,P1963,P676
Q11424,P1963,P364
Q11424,P1424,Q6171351
Q11424,P527,Q20820424
Q11424,P527,Q622550
Q11424,P527,Q795160
Q11424,P527,Q4458345
Q11424,P527,Q441606
Q11424,P2959,Q27131943
Q11424,P460,Q16144339
Q11424,P5008,Q5460604
Q11424,P5125,Q7112632
Q11424,P5869,Q2345
Q11424,P5869,Q192724
Q11424,P5869,Q16672466
Q11424,P5869,Q17738
Q11424,P5869,Q24815
Q11424,P6104,Q8485793
Q11424,P6186,Q8104425
Q11424,P2579,Q28793
Q11424,P2579,Q1660187
Q35160,P674,Q47231
Q35160,P674,Q41127
Q35160,P674,Q165769
Q35160,P674,Q192482
Q35160,P674,Q37122
Q35160,P674,Q214003
Q35160,P674,Q187602
Q35160,P674,Q48961
Q35160,P674,Q135224
Q35160,P674,Q193567
Q35160,P674,Q34201
Q35160,P674,Q41484
Q35160,P747,Q25820489
Q35160,P747,Q15628440
Q35160,P747,Q15628433
Q35160,P747,Q15628436
Q35160,P747,Q16547673
Q35160,P747,Q55743802
Q35160,P747,Q18908081
Q35160,P747,Q21666126
Q35160,P747,Q21666127
Q35160,P747,Q21666130
Q35160,P747,Q21666129
Q35160,P747,Q21705251
Q35160,P747,Q21705476
Q35160,P747,Q21714862
Q35160,P747,Q21715294
Q35160,P747,Q21715298
Q35160,P747,Q24208371
Q35160,P747,Q32845653
Q35160,P747,Q33082985
Q35160,P747,Q48225652
Q35160,P747,Q60320583
Q35160,P747,Q19531329
Q35160,P747,Q54460006
Q35160,P747,Q65556404
Q35160,P747,Q87415702
Q35160,P747,Q102917585
Q35160,P910,Q8691978
Q35160,P495,Q11772
Q35160,P31,Q37484
Q35160,P361,Q578605
Q35160,P50,Q6691
Q35160,P136,Q37484
Q35160,P407,Q35497
Q35160,P4969,Q13452675
Q35160,P4969,Q501874
Q35160,P4969,Q697203
Q35160,P4969,Q668280
Q35160,P4969,Q1637108
Q35160,P4969,Q556119
Q35160,P4969,Q1517788
Q35160,P4969,Q958327
Q35160,P4969,Q6511
Q35160,P840,Q4918
Q35160,P6216,Q19652
Q35160,P6216,Q19652
Q35160,P2551,Q109548
Q1862556,P31,Q4167410
Q355198,P31,Q47574
Q355198,P31,Q78754808
Q522087,P31,Q4167410
Q522087,P1889,Q7203188
Q204854,P1687,P1191
Q204854,P1687,P4634
Q204854,P1687,P4647
Q204854,P279,Q1181693
Q204854,P279,Q35140
Q204854,P5869,Q39907209
Q204854,P1382,Q1181693
Q204854,P461,Q11774631
Q204854,P1343,Q27680201
Q1437134,P31,Q4167410
Q1243769,P31,Q467707
Q1243769,P31,Q1186471
Q1243769,P31,Q210337
Q1243769,P910,Q26217554
Q1243769,P366,Q150971
Q1243769,P178,Q312
Q1243769,P275,Q1444631
Q1243769,P306,Q1406
Q1243769,P306,Q43627
Q1243769,P306,Q14116
Q1243769,P1072,Q1315297
Q1243769,P1072,Q942350
Q1243769,P1072,Q4676210
Q1243769,P277,Q15777
Q1243769,P1366,Q19599380
Q2291388,P31,Q4167410
Q364846,P31,Q4167410
Q364846,P1889,Q37497774
Q2101564,P279,Q49848
Q2101564,P279,Q774228
Q2101564,P279,Q15621286
Q2101564,P4428,Q774228
Q2101564,P4428,Q16887380
Q2101564,P361,Q317623
Q186676,P910,Q18621009
Q186676,P279,Q18556221
Q186676,P279,Q1282114
Q186676,P1995,Q1501272
Q186676,P1343,Q2657718
Q186676,P1343,Q602358
Q186676,P31,Q12136
Q186676,P31,Q929833
Q186676,P2293,Q18037175
Q186676,P5008,Q4099686
Q1058791,P910,Q9238430
Q1058791,P1542,Q1510505
Q1058791,P279,Q1914636
Q1058791,P279,Q17853087
Q1058791,P1269,Q11471
Q217424,P31,Q4167410
Q252947,P31,Q4167410
Q252947,P1889,Q37102481
Q227863,P31,Q4167410
Q227863,P460,Q2560268
Q227863,P460,Q61484154
Q227863,P460,Q45109819
Q227863,P1889,Q3748134
Q227863,P1889,Q7734862
Q227863,P1889,Q7734861
Q227863,P1889,Q3011360
Q227863,P1889,Q45109547
Q132137,P279,Q3305213
Q132137,P910,Q8397681
Q132137,P136,Q2414609
Q132137,P1343,Q2657718
Q132137,P1343,Q5217764
Q132137,P1424,Q14336064
Q132137,P2596,Q12544
Q5574340,P31,Q4167410
Q5574340,P460,Q1169844
Q224174,P31,Q4167410
Q2624417,P460,Q348946
Q2624417,P460,Q19693392
Q2624417,P460,Q19827830
Q2624417,P460,Q12800072
Q2624417,P460,Q19799923
Q2624417,P31,Q12308941
Q2624417,P1750,Q2621
Q2624417,P407,Q150
Q2624417,P407,Q9063
Q2624417,P407,Q7411
Q2624417,P282,Q8229
Q2624417,P1889,Q16890724
Q2624417,P1533,Q42590736
Q2624417,P5323,Q21644845
Q2624417,P361,Q97727514
Q9887,P156,Q14382
Q9887,P31,Q19793459
Q9887,P361,Q8216
Q9887,P144,Q9099112
Q9887,P1343,Q2041543
Q9887,P1343,Q602358
Q9887,P1343,Q19180675
Q9887,P1343,Q4086271
Q9887,P1889,Q652798
Q9887,P1889,Q16330
Q9887,P1889,Q9659
Q9887,P910,Q86105516
Q363060,P31,Q4167410
Q355280,P31,Q4167410
Q355280,P1889,Q2148234
Q355280,P1889,Q37466828
Q355280,P460,Q227001
Q355280,P460,Q331095
Q7187,P279,Q863908
Q7187,P279,Q50365914
Q7187,P279,Q3511065
Q7187,P910,Q7237908
Q7187,P1963,P353
Q7187,P1963,P354
Q7187,P1963,P639
Q7187,P1963,P656
Q7187,P1963,P688
Q7187,P1963,P1918
Q7187,P1963,P2393
Q7187,P1424,Q23833192
Q7187,P688,Q8054
Q7187,P688,Q427087
Q7187,P1687,P6530
Q7187,P1687,P492
Q7187,P1687,P594
Q7187,P5869,Q407983
Q7187,P361,Q37748
Q7187,P361,Q7020
Q7187,P361,Q1501261
Q7187,P1889,Q1449
Q7187,P2868,Q178694
Q1027879,P910,Q7269243
Q1027879,P279,Q340169
Q1027879,P279,Q968159
Q1027879,P1343,Q2657718
Q1027879,P1889,Q182598
Q1027879,P1889,Q28923
Q1027879,P3095,Q1925963
Q1027879,P101,Q185925
Q1631958,P31,Q45594
Q343926,P31,Q4167410
Q343926,P1343,Q2657718
Q227975,P31,Q4167410
Q229289,P31,Q4167410
Q229289,P460,Q7247219
Q229289,P460,Q16867777
Q229289,P1889,Q37535167
Q229289,P910,Q11090775
Q1314879,P31,Q4167410
Q3142,P910,Q9699062
Q3142,P31,Q1075
Q3142,P31,Q166902
Q3142,P31,Q166902
Q3142,P31,Q56053097
Q3142,P279,Q9128
Q3142,P361,Q43213808
Q3142,P1343,Q1970746
Q7315710,P31,Q4167410
Q7315710,P1889,Q2706519
Q7315710,P1889,Q1073523
Q7315710,P1889,Q74446066
Q416849,P31,Q4167410
Q416849,P1889,Q36886709
Q1229206,P31,Q4167410
Q100146759,P31,Q28640
Q1174918,P31,Q4167410
Q178481,P178,Q1778572
Q178481,P178,Q92972
Q178481,P31,Q506883
Q178481,P31,Q15077416
Q178481,P31,Q241317
Q178481,P910,Q7214995
Q178481,P306,Q14656
Q178481,P275,Q334661
Q178481,P138,Q3270996
Q178481,P4969,Q3570874
Q178481,P6216,Q50423863
Q178481,P1365,Q3270996
Q265868,P279,Q24060765
Q265868,P279,Q629103
Q265868,P279,Q28843519
Q265868,P361,Q7881
Q265868,P910,Q9233368
Q265868,P2737,Q23766486
Q265868,P1424,Q6057001
Q265868,P527,Q1759640
Q265868,P527,Q1594789
Q265868,P527,Q367423
Q265868,P527,Q546523
Q265868,P1889,Q22702555
Q265868,P2670,Q28841127
Q265868,P2670,Q51878449
Q265868,P2670,Q51880754
Q265868,P1343,Q602358
Q265868,P31,Q4936952
Q265868,P4843,Q14877686
Q1172284,P279,Q15621286
Q1172284,P279,Q2668072
Q1172284,P910,Q21111652
Q1172284,P6104,Q60003940
Q218846,P31,Q4167410
Q218846,P1889,Q62265235
Q218846,P1889,Q4830453
Q218846,P460,Q229750
Q265186,P279,Q545981
Q265186,P461,Q14524612
Q265186,P1542,Q170130
Q265186,P1534,Q170130
Q989983,P31,Q12308941
Q989983,P31,Q1130279
Q989983,P1889,Q226835
Q989983,P407,Q1860
Q989983,P282,Q8229
Q989983,P1533,Q36981683
Q989983,P361,Q59209200
Q232018,P31,Q4167410
Q206923,P31,Q4167410
Q5750299,P366,Q150971
Q178659,P910,Q8368196
Q178659,P1687,P18
Q178659,P1535,Q254554
Q178659,P3095,Q644687
Q178659,P1889,Q21550668
Q178659,P279,Q478798
Q178659,P279,Q4502142
Q178659,P1343,Q602358
Q178659,P31,Q11862829
Q644687,P31,Q28640
Q644687,P910,Q7028508
Q644687,P279,Q15296811
Q644687,P1343,Q2657718
Q644687,P1687,P110
Q644687,P425,Q178659
Q644687,P6186,Q59576063
Q257927,P31,Q4167410
Q350371,P31,Q4167410
Q6451470,P31,Q4167410
Q2281087,P31,Q4167410
Q2281087,P1889,Q2133832
Q2281087,P1889,Q2133813
Q2281087,P1889,Q419161
Q2281087,P460,Q232398
Q2281087,P460,Q1176171
Q2281087,P460,Q1679727
Q2281087,P460,Q2134133
Q171558,P279,Q1190554
Q171558,P279,Q18669875
Q171558,P910,Q8219800
Q171558,P1343,Q4114391
Q171558,P1343,Q19180675
Q171558,P1343,Q602358
Q171558,P1382,Q690140
Q171558,P1542,Q193078
Q171558,P1542,Q4
Q171558,P1963,P276
Q171558,P1963,P625
Q171558,P1963,P585
Q171558,P1963,P1120
Q171558,P1963,P1339
Q171558,P1963,P17
Q171558,P1963,P18
Q171558,P1963,P1561
Q171558,P1963,P1840
Q171558,P1963,P373
Q171558,P1963,P131
Q171558,P1963,P580
Q171558,P1963,P582
Q4826044,P31,Q4167410
Q5059976,P31,Q4167410
Q28923,P910,Q9028298
Q28923,P279,Q845734
Q28923,P279,Q959962
Q28923,P1889,Q1027879
Q28923,P1889,Q182598
Q350539,P31,Q4167410
Q93352,P910,Q7029544
Q93352,P279,Q468756
Q93352,P1889,Q1701967
Q93352,P31,Q25894868
Q440570,P31,Q4167410
Q233558,P31,Q4167410
Q12014035,P910,Q8513723
Q12014035,P279,Q6537379
Q12014035,P279,Q349
Q12014035,P279,Q184872
Q12014035,P279,Q2357239
Q12014035,P3095,Q13105405
Q12014035,P366,Q16000111
Q402258,P31,Q4167410
Q36477,P31,Q22664
Q36477,P910,Q5627399
Q36477,P279,Q107715
Q36477,P461,Q34027
Q11190,P910,Q4095812
Q11190,P279,Q843601
Q11190,P31,Q843601
Q11190,P31,Q2267705
Q11190,P31,Q11862829
Q11190,P31,Q627436
Q11190,P1343,Q4173137
Q11190,P1343,Q19180675
Q11190,P1343,Q602358
Q11190,P1343,Q867541
Q11190,P1343,Q2041543
Q11190,P1343,Q602358
Q11190,P1343,Q1768721
Q11190,P1151,Q10631989
Q11190,P3095,Q39631
Q11190,P1424,Q7252016
Q11190,P1424,Q10965716
Q11190,P1889,Q12140
Q11190,P1889,Q81058
Q11190,P1889,Q4095812
Q11190,P5008,Q5460604
Q11190,P5125,Q7112684
Q11190,P2184,Q380274
Q11190,P452,Q15067276
Q11190,P1552,Q44476427
Q7193,P910,Q5670721
Q7193,P279,Q420
Q7193,P31,Q28598684
Q7193,P31,Q11862829
Q7193,P1151,Q14615897
Q7193,P3095,Q3779582
Q7193,P6104,Q10444284
Q7193,P1343,Q19180675
Q165028,P279,Q808
Q165028,P61,Q962057
Q165028,P61,Q2761784
Q165028,P910,Q8285635
Q131251,P31,Q4897819
Q131251,P1343,Q2657718
Q131251,P1889,Q7242439
Q131251,P1889,Q1129196
Q131251,P279,Q37105
Q131251,P1552,Q96139440
Q131251,P1269,Q96139440
Q131251,P527,Q96139449
Q116213,P910,Q9107761
Q116213,P279,Q180910
Q116213,P279,Q59358506
Q116213,P279,Q13561011
Q116213,P1889,Q231672
Q116213,P1889,Q13561011
Q116213,P1889,Q25450380
Q116213,P1343,Q602358
Q1045745,P31,Q4167410
Q11425,P1056,Q202866
Q11425,P1056,Q581714
Q11425,P1056,Q16678561
Q11425,P910,Q7215241
Q11425,P279,Q932586
Q11425,P31,Q1001378
Q11425,P1424,Q6679926
Q11425,P2184,Q15272421
Q11425,P5008,Q5460604
Q11425,P1151,Q11249923
Q11425,P3095,Q779815
Q11425,P3095,Q266569
Q5638,P279,Q752870
Q5638,P279,Q1515493
Q5638,P366,Q2072431
Q5638,P1343,Q2657718
Q5638,P1343,Q20078554
Q5638,P1424,Q10805138
Q5638,P910,Q8811120
Q5638,P1552,Q16685058
Q5638,P1552,Q5063947
Q5638,P1552,Q1411533
Q5638,P3349,Q5
Q5638,P1889,Q12334006
Q34467,P279,Q234870
Q34467,P279,Q1048236
Q34467,P279,Q66221
Q34467,P910,Q7486255
Q34467,P127,Q41187
Q34467,P61,Q41187
Q34467,P61,Q170416
Q34467,P61,Q738978
Q34467,P61,Q3308724
Q34467,P156,Q5294
Q34467,P1343,Q61996814
Q34467,P1419,Q10803218
Q34467,P1889,Q7982
Q34467,P1365,Q178588
Q34467,P1365,Q16629185
Q123042,P31,Q4167410
Q185363,P279,Q2267856
Q185363,P279,Q30277550
Q185363,P910,Q8894740
Q185363,P31,Q223393
Q185363,P1889,Q17628188
Q185363,P1889,Q21403168
Q185363,P1343,Q19538713
Q5322166,P31,Q28640
Q5322166,P425,Q82604
Q5322166,P279,Q2500638
Q5322166,P910,Q9961039
Q5322166,P1687,P287
Q5322166,P6186,Q59576046
Q227867,P31,Q4167410
Q194105,P910,Q8401182
Q194105,P1343,Q2657718
Q194105,P3095,Q1607826
Q194105,P3095,Q876864
Q194105,P279,Q3249551
Q194105,P279,Q1914636
Q194105,P2670,Q65668588
Q194105,P460,Q3972943
Q253338,P31,Q4167410
Q235091,P31,Q4167410
Q235091,P1889,Q36959101
Q4043142,P31,Q4167410
Q3363481,P31,Q4167410
Q246166,P31,Q4167410
Q246166,P1889,Q37512807
Q190685,P31,Q4167410
Q5456966,P31,Q4167410
Q5456966,P460,Q241147
Q5456966,P460,Q32331298
Q294886,P31,Q4167410
Q29027,P31,Q4167410
Q29027,P1889,Q10313547
Q29027,P1889,Q4636271
Q29027,P1889,Q685692
Q1154736,P31,Q4167410
Q1154736,P1889,Q20064981
Q1154736,P1889,Q19968503
Q1154736,P1889,Q20083697
Q1154736,P1889,Q31212446
Q1154736,P460,Q3839895
Q18326155,P31,Q12308941
Q18326155,P407,Q7411
Q18326155,P460,Q17497496
Q18326155,P460,Q18201504
Q18326155,P460,Q18145211
Q18326155,P460,Q372250
Q18326155,P460,Q671199
Q18326155,P460,Q2478993
Q18326155,P460,Q4684789
Q18326155,P460,Q12344670
Q18326155,P460,Q17497662
Q18326155,P460,Q16001700
Q18326155,P460,Q1567539
Q18326155,P460,Q13424497
Q18326155,P460,Q17497613
Q18326155,P460,Q1986394
Q18326155,P460,Q11852748
Q18326155,P460,Q11853289
Q18326155,P460,Q16149082
Q18326155,P460,Q58315377
Q18326155,P460,Q19914474
Q18326155,P1889,Q658034
Q18326155,P282,Q8229
Q18326155,P1533,Q36980648
Q18326155,P5323,Q21644845
Q18326155,P5323,Q21142040
Q353294,P31,Q4167410
Q353294,P460,Q96474870
Q441880,P31,Q4167410
Q292763,P31,Q4167410
Q406629,P31,Q4167410
Q6555855,P31,Q4167410
Q423771,P31,Q4167410
Q192525,P279,Q68
Q192525,P279,Q56155
Q192525,P910,Q8019981
Q192525,P361,Q3518405
Q192525,P366,Q117801
Q192525,P366,Q7692327
Q192525,P1382,Q68026162
Q192525,P31,Q1901234
Q192525,P1889,Q1753848
Q192525,P1889,Q1549531
Q192525,P1889,Q347690
Q192525,P1889,Q628858
Q224184,P31,Q4167410
Q6536648,P31,Q4167410
Q6536648,P460,Q48378
Q6536648,P1889,Q884653
Q1101767,P31,Q4167410
Q28839103,P31,Q4167410
Q218743,P31,Q4167410
Q218743,P1889,Q16869767
Q218743,P1889,Q97919874
Q218743,P1889,Q24089106
Q218743,P460,Q28341352
Q17141489,P31,Q24034552
Q17141489,P279,Q3884033
Q17141489,P2579,Q15176852
Q231459,P31,Q4167410
Q231459,P1889,Q16872548
Q231459,P1889,Q837214
Q24503377,P279,Q214609
Q37555,P1312,Q26382
Q37555,P279,Q4365210
Q37555,P279,Q4381515
Q37555,P279,Q78262214
Q37555,P279,Q7520906
Q37555,P910,Q6309001
Q37555,P1424,Q7285848
Q37555,P1889,Q18475842
Q37555,P2738,Q23766486
Q37555,P2738,Q23766486
Q37555,P155,Q85329031
Q37555,P156,Q172937
Q37555,P1343,Q19190511
Q416865,P31,Q4167410
Q193,P913,Q3594853
Q193,P398,Q2565
Q193,P398,Q17705
Q193,P398,Q17706
Q193,P398,Q17707
Q193,P398,Q17739
Q193,P398,Q17746
Q193,P398,Q17751
Q193,P398,Q17754
Q193,P398,Q17762
Q193,P398,Q15034
Q193,P398,Q17782
Q193,P398,Q17788
Q193,P398,Q17850
Q193,P398,Q3303
Q193,P398,Q15047
Q193,P398,Q17857
Q193,P398,Q17869
Q193,P398,Q17965
Q193,P398,Q17875
Q193,P398,Q15040
Q193,P398,Q17882
Q193,P398,Q15050
Q193,P398,Q15037
Q193,P398,Q17958
Q193,P398,Q17971
Q193,P398,Q17975
Q193,P398,Q17979
Q193,P398,Q17982
Q193,P398,Q17995
Q193,P398,Q17999
Q193,P398,Q18001
Q193,P398,Q18004
Q193,P398,Q18010
Q193,P398,Q18016
Q193,P398,Q18024
Q193,P398,Q18032
Q193,P398,Q18039
Q193,P398,Q18047
Q193,P398,Q18178
Q193,P398,Q18179
Q193,P398,Q18183
Q193,P398,Q18195
Q193,P398,Q18199
Q193,P398,Q18201
Q193,P398,Q18207
Q193,P398,Q18211
Q193,P398,Q18213
Q193,P398,Q18214
Q193,P398,Q18217
Q193,P398,Q18218
Q193,P398,Q18220
Q193,P398,Q18223
Q193,P398,Q18228
Q193,P398,Q18229
Q193,P398,Q18234
Q193,P398,Q18235
Q193,P398,Q18236
Q193,P398,Q18238
Q193,P398,Q18239
Q193,P398,Q194
Q193,P398,Q18246
Q193,P398,Q18247
Q193,P398,Q18340
Q193,P398,Q1753556
Q193,P398,Q1109971
Q193,P398,Q1133273
Q193,P398,Q2257686
Q193,P398,Q2528985
Q193,P398,Q2738054
Q193,P398,Q2739023
Q193,P398,Q2851405
Q193,P398,Q19606402
Q193,P398,Q18345
Q193,P398,Q18350
Q193,P398,Q18355
Q193,P398,Q1972
Q193,P397,Q525
Q193,P361,Q3962257
Q193,P910,Q6115544
Q193,P138,Q134388
Q193,P31,Q121750
Q193,P31,Q30014
Q193,P527,Q303397
Q193,P527,Q2334004
Q193,P1343,Q19180675
Q193,P1343,Q602358
Q193,P5008,Q5460604
Q193,P5125,Q30589070
Q193,P793,Q828032
Q193,P276,Q3962257
Q231631,P31,Q4167410
Q231631,P1343,Q2041543
Q2523931,P279,Q47146
Q2523931,P279,Q835016
Q2523931,P61,Q62866
Q2523931,P31,Q66747126
Q41496522,P31,Q4167410
Q41496522,P1889,Q13922998
Q41496522,P460,Q229317
Q41496522,P460,Q68569098
Q41496522,P460,Q68569306
Q41496522,P460,Q68569492
Q240699,P31,Q4167410
Q583826,P17,Q668
Q583826,P131,Q2299164
Q583826,P31,Q486972
Q583826,P421,Q6828
Q11352,P910,Q8252398
Q11352,P279,Q815741
Q11352,P5008,Q5460604
Q11352,P1889,Q2849621
Q11352,P1889,Q208476
Q11352,P1889,Q1357788
Q11352,P1552,Q1357788
Q857525,P279,Q180160
Q857525,P279,Q386724
Q857525,P1889,Q1141900
Q857525,P1889,Q12823770
Q857525,P1382,Q234460
Q857525,P361,Q4769616
Q857525,P1535,Q59156110
Q857525,P910,Q8910929
Q4033036,P31,Q4167410
Q27058,P910,Q8257729
Q27058,P31,Q663208
Q27058,P2579,Q774123
Q27058,P1889,Q187631
Q27058,P460,Q37113960
Q27058,P1343,Q4532138
Q27058,P279,Q1376876
Q258336,P31,Q4167410
Q19671913,P31,Q4167410
Q384871,P910,Q9455884
Q384871,P31,Q1207505
Q384871,P1382,Q4827427
Q213970,P31,Q18343316
Q213970,P31,Q28919945
Q213970,P31,Q187432
Q213970,P31,Q1418502
Q213970,P31,Q287472
Q213970,P138,Q62898
Q213970,P138,Q92608
Q213970,P138,Q92959
Q213970,P737,Q15777
Q213970,P737,Q522041
Q213970,P737,Q844595
Q213970,P178,Q62898
Q213970,P178,Q92608
Q213970,P178,Q92959
Q213970,P287,Q62898
Q213970,P287,Q92608
Q213970,P3966,Q187432
Q213970,P3966,Q287472
Q1208774,P31,Q4167410
Q407378,P31,Q4167410
Q8029,P910,Q8299076
Q8029,P277,Q1141484
Q8029,P178,Q93068
Q8029,P400,Q174666
Q8029,P407,Q1860
Q8029,P31,Q7397
Q8029,P31,Q18616720
Q8029,P31,Q235557
Q242693,P31,Q4167410
Q137771,P31,Q4167410
Q137771,P1889,Q30421403
Q1402271,P279,Q63285117
Q1402271,P361,Q1434845
Q237306,P31,Q4167410
Q567053,P31,Q4167410
Q5121681,P31,Q4167410
Q16726164,P461,Q6692036
Q16726164,P361,Q504111
Q16726164,P31,Q2151613
Q16726164,P460,Q10932289
Q16726164,P460,Q10894720
Q16280383,P31,Q4167410
Q1121886,P279,Q381243
Q1121886,P31,Q1001378
Q1121886,P910,Q32772761
Q237302,P31,Q4167410
Q11210,P279,Q184876
Q11210,P910,Q7145833
Q11210,P1343,Q2657718
Q11210,P5008,Q5460604
Q11210,P1552,Q1783819
Q11210,P1889,Q3250736
Q11210,P2670,Q3250736
Q171446,P31,Q55983715
Q171446,P1343,Q1138524
Q171446,P1343,Q1768721
Q171446,P1889,Q28524
Q171446,P1889,Q29386288
Q171446,P1889,Q10858291
Q171446,P2849,Q28524
Q21483059,P31,Q101352
Q21483059,P1889,Q1141250
Q21483059,P282,Q8229
Q21483059,P460,Q2672029
Q8513,P279,Q28813620
Q8513,P279,Q386724
Q8513,P279,Q15401930
Q8513,P527,Q42848
Q8513,P527,Q1054115
Q8513,P527,Q59138835
Q8513,P527,Q1147639
Q8513,P527,Q176165
Q8513,P527,Q2470517
Q8513,P910,Q5898411
Q8513,P1424,Q7479289
Q8513,P1424,Q15296512
Q8513,P5125,Q7112603
Q8513,P460,Q59138835
Q8513,P361,Q1630548
Q8513,P2283,Q59139047
Q8513,P2579,Q4809258
Q5303407,P17,Q30
Q5303407,P131,Q11299
Q5303407,P31,Q163740
Q5303407,P1875,Q5358214
Q437305,P31,Q4167410
Q298502,P31,Q4167410
Q5281730,P31,Q4167410
Q226733,P31,Q4167410
Q226733,P1889,Q16869674
Q32518,P31,Q10617810
Q32518,P31,Q1383557
Q32518,P527,Q172008
Q32518,P1343,Q19190511
Q32518,P1889,Q40112
Q1348305,P31,Q3062294
Q1348305,P1687,P2507
Q1348305,P279,Q732577
Q1348305,P279,Q29485
Q20996182,P31,Q101352
Q20996182,P1889,Q1401871
Q20996182,P282,Q8229
Q20996182,P407,Q8641
Q1414137,P31,Q4167410
Q1414137,P1889,Q36903178
Q25350,P105,Q34740
Q25350,P171,Q101680
Q25350,P171,Q2821616
Q25350,P31,Q16521
Q25350,P910,Q7455833
Q25350,P1672,Q746026
Q25350,P1343,Q2657718
Q25350,P1343,Q2041543
Q25350,P1343,Q2657718
Q25350,P166,Q91888146
Q25350,P427,Q146992
Q25350,P5008,Q99671172
Q294433,P31,Q4167410
Q294433,P1889,Q37290457
Q81392,P361,Q395
Q81392,P279,Q36161
Q81392,P910,Q8470823
Q81392,P1552,Q262372
Q81392,P1552,Q1412452
Q81392,P2579,Q1339058
Q81392,P1424,Q8363400
Q8087,P361,Q395
Q8087,P910,Q6436127
Q8087,P31,Q1936384
Q8087,P1343,Q2041543
Q8087,P1343,Q602358
Q8087,P1343,Q19180675
Q8087,P1424,Q14440083
Q8087,P1424,Q13561427
Q8087,P5008,Q5460604
Q8087,P5125,Q7112649
Q8087,P279,Q395
Q8087,P2184,Q2393733
Q8087,P3095,Q21772571
Q1135839,P275,Q7603
Q1135839,P275,Q1131681
Q1135839,P31,Q341
Q1135839,P31,Q183065
Q1135839,P277,Q15777
Q1135839,P178,Q58622065
Q1135839,P178,Q92860
Q1135839,P126,Q92860
Q1135839,P126,Q7293929
Q1135839,P4969,Q3093287
Q1135839,P366,Q218170
Q2192,P178,Q1122074
Q2192,P31,Q1572121
Q2192,P31,Q182270
Q2192,P31,Q55542
Q2192,P31,Q412438
Q2192,P527,Q27526733
Q2192,P527,Q27526739
Q2192,P1343,Q29561574
Q2192,P144,Q2681
Q11469,P279,Q103382
Q11469,P279,Q11438
Q11469,P279,Q214609
Q11469,P31,Q15831577
Q11469,P910,Q6576330
Q11469,P1889,Q664324
Q11469,P5008,Q5460604
Q11469,P1343,Q30059240
Q11469,P1343,Q1768721
Q306559,P31,Q1461523
Q306559,P31,Q506883
Q306559,P31,Q868410
Q306559,P31,Q15590034
Q306559,P277,Q15777
Q306559,P361,Q5227142
Q306559,P366,Q336
Q306559,P306,Q174666
Q306559,P1073,Q97012602
Q80583,P31,Q55833
Q80583,P31,Q2284298
Q80583,P17,Q408
Q80583,P1343,Q2657718
Q80583,P1343,Q20078554
Q363874,P31,Q4167410
Q421655,P31,Q4167410
Q421655,P1889,Q31438156
Q193955,P279,Q57790812
Q193955,P461,Q193934
Q193955,P461,Q990683
Q193955,P1889,Q61715571
Q193955,P31,Q82046811
Q208826,P279,Q36253
Q208826,P1687,P2048
Q208826,P1343,Q26711932
Q208826,P1343,Q90137277
Q208826,P1343,Q20078554
Q208826,P1889,Q190200
Q208826,P8111,Q11573
Q1634657,P27,Q145
Q1634657,P69,Q805285
Q1634657,P69,Q192088
Q1634657,P31,Q5
Q1634657,P106,Q193391
Q1634657,P166,Q12177415
Q1634657,P1038,Q7528774
Q1634657,P39,Q56761222
Q1634657,P39,Q56761113
Q1634657,P39,Q56761106
Q1634657,P39,Q56824729
Q1634657,P39,Q56761126
Q1634657,P39,Q56761155
Q1634657,P39,Q56761159
Q1634657,P108,Q58211956
Q1634657,P21,Q6581097
Q1634657,P22,Q75448899
Q1634657,P40,Q75448942
Q1634657,P40,Q75448944
Q1634657,P40,Q75448945
Q1634657,P25,Q75448936
Q1634657,P734,Q25113739
Q1634657,P26,Q75448939
Q1634657,P19,Q743535
Q949972,P913,Q7843500
Q3146661,P31,Q4167410
Q3146661,P1889,Q30584176
Q3146661,P1889,Q21148010
Q6007175,P31,Q4167410
Q341771,P31,Q4167410
Q37055,P910,Q14469430
Q37055,P460,Q417633
Q37055,P279,Q417633
Q37055,P1889,Q13537519
Q81367,P31,Q4167410
Q210439,P910,Q8582729
Q210439,P279,Q7553
Q210439,P279,Q192581
Q33057,P910,Q20930815
Q33057,P1687,P957
Q33057,P1687,P212
Q33057,P2959,Q22828829
Q33057,P1424,Q5617482
Q33057,P1424,Q7624618
Q33057,P31,Q15087423
Q33057,P31,Q36646373
Q33057,P279,Q357404
Q33057,P279,Q76497
Q215563,P31,Q4167410
Q215563,P1889,Q26450020
Q215563,P1889,Q18199846
Q215563,P1889,Q47015712
Q425159,P31,Q4167410
Q49850,P279,Q1261026
Q49850,P279,Q1002697
Q49850,P361,Q11030
Q49850,P460,Q41298
Q235355,P31,Q4167410
Q235355,P1889,Q37533084
Q202400,P31,Q4167410
Q202400,P460,Q2740624
Q202400,P460,Q21073877
Q202400,P460,Q2674368
Q202400,P1889,Q12793633
Q407477,P31,Q4167410
Q407477,P460,Q6331143
Q407477,P1889,Q16278009
Q407477,P1889,Q22117028
Q407477,P1889,Q6417391
Q244680,P279,Q187634
Q244680,P910,Q9045364
Q244680,P31,Q169336
Q244680,P31,Q214609
Q244680,P1343,Q2657718
Q244680,P1382,Q131877
Q79719,P279,Q93288
Q79719,P279,Q3312801
Q79719,P910,Q7020897
Q79719,P1687,P275
Q79719,P1889,Q47530706
Q105902,P1687,P2060
Q105902,P1343,Q2657718
Q105902,P1889,Q104831
Q105902,P1889,Q60973595
Q105902,P1889,Q3267326
Q105902,P279,Q107715
Q105902,P279,Q1253356
Q105902,P8111,Q25236
Q3429278,P31,Q4830453
Q3429278,P112,Q975441
Q3429278,P159,Q585
Q3429278,P17,Q20
Q3429278,P452,Q187939
Q11175468,P17,Q148
Q11175468,P131,Q1202232
Q11175468,P150,Q14568599
Q11175468,P150,Q14568603
Q11175468,P150,Q14568605
Q11175468,P150,Q14568607
Q11175468,P150,Q14568608
Q11175468,P150,Q14568610
Q11175468,P150,Q14568612
Q11175468,P150,Q14568614
Q11175468,P150,Q14568616
Q11175468,P150,Q14568618
Q11175468,P150,Q14568620
Q11175468,P150,Q14568622
Q11175468,P150,Q14568624
Q11175468,P150,Q14568625
Q11175468,P31,Q735428
Q11175468,P421,Q6985
Q235938,P31,Q4167410
Q393899,P31,Q4167410
Q393899,P1889,Q37571798
Q19831817,P1889,Q408394
Q19831817,P1889,Q3304189
Q19831817,P282,Q8229
Q19831817,P31,Q11879590
Q19831817,P460,Q98174198
Q234018,P31,Q4167410
Q234018,P1889,Q16861306
Q234018,P1343,Q2041543
Q1881749,P31,Q4167410
Q1881749,P1889,Q37501108
Q1881749,P1889,Q11765004
Q1136781,P279,Q11425
Q11990109,P31,Q4167410
Q11990109,P460,Q1949738
Q11990109,P1889,Q908349
Q11990109,P1889,Q2995443
Q11990109,P1889,Q1697305
Q11990109,P1889,Q6917681
Q11990109,P1889,Q1229071
Q11990109,P1889,Q6917676
Q11990109,P1889,Q6917678
Q11990109,P1889,Q1136830
Q2001982,P279,Q3622126
Q2001982,P279,Q7512598
Q2001982,P279,Q4393498
Q2001982,P279,Q1151067
Q2001982,P910,Q6970001
Q2001982,P1535,Q5
Q2001982,P1963,P506
Q2001982,P1963,P1406
Q2001982,P1963,P2620
Q2001982,P1687,P913
Q185796,P31,Q1144899
Q141495,P910,Q6426361
Q141495,P31,Q1047113
Q141495,P31,Q11862829
Q141495,P361,Q13636890
Q141495,P101,Q984063
Q141495,P1343,Q2657718
Q141495,P279,Q24476018
Q141495,P2579,Q33521
Q141495,P2579,Q18552716
Q396908,P31,Q4167410
Q342628,P31,Q4167410
Q247169,P31,Q4167410
Q407770,P31,Q4167410
Q257444,P31,Q4167410
Q1178827,P31,Q4167410
Q1890836,P1072,Q17154458
Q1890836,P1072,Q17138473
Q1890836,P1072,Q28207232
Q1890836,P1072,Q28049637
Q1890836,P1072,Q28234649
Q1890836,P1073,Q17154458
Q1890836,P1073,Q26759185
Q1890836,P31,Q868410
Q1890836,P31,Q312466
Q1890836,P31,Q188860
Q1890836,P31,Q341
Q1890836,P277,Q15777
Q1890836,P277,Q42478
Q1890836,P6216,Q50423863
Q1890836,P306,Q3251801
Q1890836,P306,Q58636917
Q1890836,P306,Q14116
Q1890836,P306,Q14656
Q1890836,P275,Q10513450
Q2044022,P31,Q4167410
Q2044144,P31,Q165194
Q2044144,P31,Q317623
Q2044144,P1462,Q176691
Q2044144,P1462,Q180003
Q2044144,P1462,Q15028
Q2044144,P1366,Q178570
Q2044144,P366,Q176953
Q2044144,P144,Q1543343
Q167,P31,Q173091
Q167,P31,Q12916
Q167,P31,Q186509
Q167,P31,Q83155724
Q167,P910,Q8910513
Q167,P1171,Q2448949
Q167,P1171,Q3751018
Q167,P1171,Q306467
Q167,P913,Q168
Q167,P5008,Q5460604
Q167,P1889,Q168
Q167,P2789,Q371877
Q417814,P31,Q4167410
Q417814,P1889,Q1793026
Q127552,P17,Q30
Q127552,P1151,Q15613750
Q127552,P31,Q1107679
Q127552,P31,Q1762059
Q127552,P31,Q4830453
Q127552,P155,Q242446
Q127552,P159,Q499178
Q127552,P910,Q7139120
Q127552,P127,Q7414
Q127552,P452,Q1415395
Q127552,P749,Q2216535
Q127552,P112,Q93161
Q127552,P112,Q2761378
Q127552,P1454,Q658255
Q127552,P1056,Q7397
Q127552,P1424,Q4200363
Q127552,P1037,Q357627
Q127552,P355,Q2944088
Q1194708,P279,Q186152
Q1194708,P279,Q1992074
Q1194708,P1535,Q59154961
Q1194708,P1535,Q182270
Q1677221,P31,Q4167410
Q224617,P31,Q4167410
Q224617,P1343,Q2041543
Q224617,P279,Q41176
Q341218,P31,Q4167410
Q341218,P31,Q4167410
Q225925,P31,Q4167410
Q172937,P279,Q937946
Q172937,P279,Q747980
Q172937,P1312,Q3064117
Q172937,P910,Q7035965
Q172937,P1424,Q11170198
Q172937,P1343,Q19180675
Q172937,P156,Q2155148
Q172937,P155,Q37555
Q172937,P1889,Q25379348
Q1852732,P31,Q4167410
Q62281,P279,Q234460
Q62281,P1343,Q2041543
Q62281,P1433,Q19137479
Q2110114,P31,Q4167410
Q2110114,P1889,Q11828142
Q10953985,P31,Q4167410
Q5372066,P461,Q8018022
Q5372066,P279,Q223557
Q5372066,P279,Q23013246
Q5372066,P279,Q49848
Q5482740,P910,Q6624060
Q5482740,P31,Q28640
Q5482740,P425,Q80006
Q5482740,P1963,P1056
Q5482740,P1963,P1581
Q5482740,P1963,P463
Q5482740,P1963,P108
Q5482740,P1963,P800
Q5482740,P1963,P2578
Q5482740,P2283,Q80006
Q5482740,P279,Q183888
Q5482740,P279,Q482980
Q5482740,P1687,P943
Q5482740,P1542,Q128751
Q5482740,P1889,Q1374194
Q5482740,P2354,Q3269048
Q768396,P31,Q4167410
Q2351730,P31,Q3249551
Q2351730,P910,Q30815074
Q256300,P31,Q4167410
Q398075,P31,Q4167410
Q1905624,P31,Q4167410
Q236783,P31,Q4167410
Q209,P1322,Q41159
Q209,P279,Q692086
Q209,P279,Q2543717
Q209,P279,Q3801534
Q209,P279,Q1194115
Q209,P279,Q45867
Q209,P279,Q19420771
Q209,P279,Q98098744
Q209,P1312,Q26382
Q209,P527,Q28474
Q209,P910,Q52760056
Q209,P2579,Q131476
Q209,P1343,Q4532138
Q209,P1343,Q19180675
Q1901582,P31,Q4167410
Q1901582,P1889,Q37159650
Q1779394,P31,Q4167410
Q126793,P31,Q268592
Q126793,P279,Q601401
Q126793,P910,Q8659395
Q126793,P361,Q55638
Q126793,P461,Q220695
Q126793,P3095,Q12049274
Q126793,P3095,Q99536263
Q126793,P5008,Q99671171
Q968112,P31,Q4167410
Q361538,P31,Q4167410
Q384351,P31,Q4167410
Q384351,P1889,Q37133783
Q185534,P279,Q218616
Q185534,P279,Q166142
Q185534,P910,Q7455687
Q185534,P275,Q725920
Q185534,P1056,Q7397
Q185534,P31,Q207621
Q394370,P31,Q4167410
Q394370,P1889,Q37248228
Q651658,P910,Q8970901
Q651658,P279,Q7590
Q651658,P279,Q1724915
Q651658,P279,Q8187769
Q651658,P1889,Q349613
Q651658,P361,Q159810
Q174984,P1535,Q1339255
Q174984,P279,Q42848
Q174984,P279,Q2150504
Q174984,P279,Q107715
Q174984,P1542,Q11028
Q174984,P1889,Q2150504
Q174984,P461,Q11306265
Q419057,P31,Q4167410
Q419057,P1889,Q37528823
Q49845,P31,Q268592
Q49845,P910,Q7215680
Q49845,P1343,Q19180675
Q49845,P1343,Q602358
Q49845,P279,Q7590
Q49845,P1424,Q14468215
Q49845,P17,Q38
Q49845,P2184,Q2966971
Q49845,P2184,Q81517295
Q49845,P2579,Q1516929
Q2785824,P279,Q451967
Q2785824,P279,Q83267
Q2785824,P279,Q22445448
Q201456,P279,Q2352616
Q201456,P279,Q37787110
Q201456,P279,Q66747126
Q201456,P361,Q174989
Q201456,P361,Q1330734
Q201456,P361,Q996023
Q201456,P910,Q8450935
Q201456,P1269,Q9135
Q43006303,P279,Q815823
Q43006303,P460,Q322948
Q43006303,P460,Q4054833
Q43006303,P366,Q26674207
Q7641710,P31,Q4167410
Q55634432,P279,Q3505239
Q55634432,P460,Q28840755
Q11267285,P31,Q4167410
Q11267285,P1889,Q37470582
Q186209,P31,Q169336
Q186209,P31,Q37933789
Q186209,P1343,Q2657718
Q186209,P279,Q206615
Q186209,P366,Q2326110
Q186209,P2079,Q2622362
Q186209,P2079,Q176848
Q186209,P3259,Q57021103
Q186209,P910,Q65947513
Q186131,P1343,Q2657718
Q186131,P1552,Q271669
Q186131,P31,Q151885
Q186131,P2579,Q52109
Q186131,P279,Q7184903
Q65943,P279,Q108163
Q65943,P279,Q2684591
Q65943,P279,Q20665666
Q65943,P910,Q7036026
Q65943,P2283,Q792542
Q65943,P2283,Q484284
Q65943,P527,Q41719
Q65943,P527,Q43338988
Q65943,P527,Q11538
Q65943,P361,Q2762418
Q65943,P1552,Q468777
Q65943,P144,Q792542
Q403068,P31,Q4167410
Q14890,P279,Q212920
Q14890,P279,Q57583712
Q14890,P279,Q3558289
Q14890,P618,Q206799
Q14890,P276,Q43164
Q14890,P910,Q55329320
Q14890,P1889,Q717314
Q14890,P2283,Q6128
Q14890,P5008,Q99671171
Q14890,P527,Q610112
Q407540,P31,Q4167410
Q17004273,P31,Q13406463
Q17004273,P360,Q1193246
Q224457,P31,Q4167410
Q224457,P1889,Q19818192
Q224457,P1889,Q25114362
Q224457,P1889,Q31193250
Q224457,P460,Q223667
Q224457,P460,Q22181921
Q3957,P910,Q6213969
Q3957,P460,Q3374262
Q3957,P460,Q815324
Q3957,P460,Q2989457
Q3957,P460,Q16155707
Q3957,P361,Q6256
Q3957,P1343,Q2041543
Q3957,P1889,Q515
Q3957,P279,Q486972
Q3957,P279,Q177634
Q3957,P279,Q702492
Q3957,P279,Q7930989
Q3957,P5008,Q5460604
Q3957,P3730,Q515
Q3957,P3729,Q26714626
Q3957,P31,Q48907157
Q100982647,P31,Q4167410
Q100982647,P460,Q4462213
Q279242,P31,Q4167410
Q279242,P1343,Q2041543
Q4462003,P31,Q4167410
Q4462003,P17,Q183
Q257559,P31,Q4167410
Q7834062,P31,Q4167410
Q234757,P31,Q4167410
Q234757,P460,Q2520773
Q7590,P1151,Q6895441
Q7590,P527,Q334166
Q7590,P366,Q61509
Q7590,P366,Q177777
Q7590,P366,Q12048048
Q7590,P121,Q376799
Q7590,P121,Q42889
Q7590,P2633,Q795612
Q7590,P31,Q4284762
Q7590,P31,Q268592
Q7590,P31,Q8187769
Q7590,P1889,Q746984
Q7590,P1889,Q61509
Q7590,P1889,Q7216108
Q7590,P910,Q7216108
Q7590,P460,Q12162227
Q7590,P1424,Q11006251
Q7590,P5008,Q5460604
Q7590,P5125,Q7112806
Q7590,P279,Q79782
Q7590,P279,Q17988854
Q7590,P2579,Q2516517
Q7590,P3095,Q1509714
Q7590,P1552,Q334166
Q307306,P910,Q8873460
Q307306,P31,Q7397
Q307306,P31,Q40056
Q307306,P306,Q14656
Q307306,P527,Q5384093
Q307306,P527,Q7844971
Q307306,P527,Q7690592
Q307306,P527,Q68609626
Q307306,P941,Q1936492
Q307306,P366,Q1079196
Q307306,P366,Q188610
Q307306,P366,Q837721
Q291486,P31,Q18343316
Q291486,P31,Q877886
Q291486,P1072,Q29209269
Q291486,P1073,Q29209269
Q291486,P4810,Q47517764
Q291486,P4810,Q47517765
Q291486,P4810,Q47517767
Q291486,P4810,Q47517768
Q291486,P4810,Q47517769
Q291486,P4810,Q47517774
Q291486,P144,Q2681
Q342735,P31,Q4167410
Q415404,P31,Q4167410
Q415404,P1889,Q1068242
Q415404,P1889,Q37039815
Q415404,P1889,Q18066725
Q415404,P1889,Q76436288
Q415404,P1889,Q2634654
Q415404,P1889,Q76436599
Q415404,P1889,Q12008858
Q415404,P1889,Q2509643
Q415404,P1889,Q76437493
Q415404,P460,Q348128
Q192144,P31,Q849730
Q192144,P910,Q6938843
Q302152,P460,Q188741
Q7922640,P31,Q4167410
Q295346,P31,Q4167410
Q183976,P910,Q8238693
Q183976,P31,Q1144899
Q183976,P279,Q193663
Q183976,P279,Q1048236
Q183976,P127,Q215901
Q183976,P166,Q4993821
Q183976,P1343,Q61996814
Q183976,P180,Q4349727
Q183976,P61,Q69759472
Q189760,P279,Q1656682
Q189760,P279,Q388791
Q189760,P279,Q1864008
Q189760,P279,Q39971877
Q189760,P910,Q8175214
Q189760,P1963,P2964
Q189760,P1478,Q42904171
Q189760,P1889,Q42899294
Q189760,P461,Q70635750
Q189760,P1343,Q20078554
Q189760,P1552,Q30323942
Q408599,P31,Q4167410
Q408599,P1889,Q36889911
Q1340233,P279,Q10658987
Q777403,P31,Q3918
Q777403,P31,Q23002054
Q777403,P131,Q38022
Q777403,P910,Q6351766
Q777403,P17,Q30
Q777403,P2643,Q23334765
Q777403,P2643,Q23623487
Q777403,P2643,Q23662486
Q777403,P2643,Q23622831
Q777403,P2643,Q23662760
Q777403,P2643,Q23662432
Q777403,P159,Q38022
Q777403,P463,Q19861084
Q777403,P463,Q5275906
Q777403,P463,Q4810036
Q777403,P463,Q647039
Q777403,P463,Q5137944
Q777403,P3876,Q6351751
Q777403,P793,Q541394
Q777403,P355,Q30264696
Q777403,P355,Q7972509
Q777403,P355,Q7086906
Q777403,P4195,Q6352312
Q777403,P1830,Q1140737
Q777403,P1830,Q6340921
Q777403,P1889,Q219563
Q357123,P31,Q4167410
Q9751,P31,Q19776628
Q9751,P31,Q3841820
Q9751,P361,Q8229
Q9751,P361,Q606972
Q9751,P361,Q754673
Q9751,P361,Q76228
Q9751,P361,Q607188
Q9751,P361,Q20581324
Q9751,P361,Q1095058
Q9751,P361,Q1187758
Q9751,P361,Q1271025
Q9751,P361,Q1073132
Q9751,P361,Q637405
Q9751,P361,Q550383
Q9751,P361,Q755124
Q9751,P361,Q2748102
Q9751,P361,Q18691434
Q9751,P361,Q384749
Q9751,P361,Q994407
Q9751,P361,Q1493494
Q9751,P361,Q2839543
Q9751,P1343,Q2041543
Q9751,P1343,Q867541
Q9751,P1299,Q17021848
Q9751,P910,Q13354911
Q9751,P1889,Q746697
Q9751,P1889,Q28008
Q266569,P31,Q4220920
Q266569,P279,Q483501
Q266569,P279,Q1925963
Q266569,P279,Q17291399
Q266569,P910,Q6499559
Q266569,P6186,Q59516941
Q266569,P1687,P6942
Q266569,P425,Q11425
Q628051,P31,Q4830453
Q628051,P31,Q6881511
Q628051,P112,Q93033
Q628051,P159,Q631915
Q628051,P910,Q8279949
Q628051,P414,Q82059
Q628051,P17,Q30
Q628051,P740,Q846413
Q628051,P1454,Q3178478
Q628051,P452,Q638608
Q628051,P355,Q30338559
Q628051,P1056,Q184793
Q628051,P1056,Q7397
Q628051,P361,Q507306
Q628051,P1830,Q3560555
Q628051,P1830,Q3788533
Q628051,P1830,Q4049103
Q628051,P1830,Q6895780
Q628051,P1830,Q954781
Q628051,P1830,Q83570
Q628051,P2652,Q60485973
Q628051,P463,Q858851
Q628051,P463,Q67904121
Q628051,P463,Q852297
Q628051,P1365,Q4042390
Q75,P31,Q11224256
Q75,P31,Q1301371
Q75,P910,Q4049595
Q75,P1151,Q8133040
Q75,P1889,Q466
Q75,P2184,Q193315
Q75,P61,Q92743
Q75,P61,Q62843
Q75,P1424,Q13415274
Q75,P5008,Q5460604
Q75,P5125,Q7112764
Q75,P279,Q1068715
Q75,P3095,Q775318
Q75,P1343,Q4208106
Q75,P1343,Q47470796
Q75,P1343,Q47484682
Q75,P6104,Q15060227
Q75,P417,Q166876
Q75,P2283,Q8795
Q75,P5009,Q8795
Q75,P2579,Q14623843
Q75,P2579,Q165650
Q75,P2579,Q97008347
Q75,P1365,Q861083
Q1530792,P31,Q4167410
Q1530792,P1889,Q276546
Q1530792,P1889,Q529061
Q225614,P31,Q4167410
Q225614,P1889,Q268612
Q225614,P1889,Q2975356
Q601401,P1151,Q15218281
Q601401,P279,Q21651837
Q601401,P279,Q268592
Q601401,P910,Q7884060
Q601401,P361,Q159810
Q601401,P361,Q37654
Q601401,P1343,Q2041543
Q601401,P1343,Q602358
Q601401,P1343,Q30059240
Q601401,P31,Q268592
Q601401,P460,Q26643
Q601401,P527,Q7832052
Q601401,P3095,Q3704253
Q601401,P3095,Q104099828
Q601401,P1382,Q64534006
Q601401,P1889,Q1411457
Q601401,P2579,Q8134
Q601401,P2579,Q97008347
Q344956,P31,Q4167410
Q344956,P1889,Q5047435
Q344762,P31,Q4167410
Q305896,P111,Q1650811
Q305896,P31,Q47574
Q305896,P366,Q1194708
Q305896,P366,Q59155052
Q305896,P366,Q11034
Q305896,P279,Q66584284
Q227954,P31,Q4167410
Q846664,P910,Q7487071
Q846664,P31,Q55983715
Q846664,P279,Q48428
Q846664,P1343,Q1768721
Q978465,P31,Q4167410
Q178648,P279,Q2858615
Q178648,P527,Q64819603
Q178648,P1889,Q2384798
Q178648,P1382,Q2384798
Q178648,P910,Q7213790
Q125191,P279,Q4502142
Q125191,P279,Q49848
Q125191,P279,Q386724
Q125191,P279,Q478798
Q125191,P2079,Q11633
Q125191,P910,Q7139843
Q125191,P1424,Q67415255
Q125191,P1963,P170
Q125191,P1963,P571
Q125191,P1963,P17
Q125191,P1963,P180
Q125191,P1963,P136
Q125191,P1963,P462
Q125191,P1963,P2048
Q125191,P1963,P2049
Q81673,P31,Q4167410
Q342930,P31,Q4167410
Q218157,P31,Q4167410
Q218157,P460,Q5994105
Q218157,P460,Q12775650
Q218157,P460,Q22201544
Q218157,P1889,Q19823792
Q218157,P1889,Q25114763
Q218157,P1889,Q252230
Q218157,P1889,Q12775650
Q527811,P31,Q4167410
Q527811,P279,Q3966
Q1762621,P361,Q168678
Q1762621,P279,Q4830453
Q1762621,P31,Q4897819
Q364972,P31,Q4167410
Q224102,P31,Q4167410
Q224102,P460,Q6731064
Q224102,P460,Q525178
Q224102,P460,Q400174
Q224102,P460,Q60632270
Q224102,P460,Q60632297
Q224102,P460,Q60632353
Q224102,P460,Q9368931
Q224102,P1889,Q37122004
Q224102,P1889,Q60632227
Q224102,P1889,Q11766161
Q224102,P1889,Q51885857
Q618536,P31,Q4164871
Q618536,P1343,Q2041543
Q618536,P1687,P2453
Q618536,P1687,P3602
Q618536,P1687,P991
Q618536,P279,Q830077
Q1344851,P279,Q1498273
Q194166,P910,Q7284812
Q194166,P1343,Q2657718
Q194166,P1343,Q2041543
Q194166,P1343,Q1138524
Q194166,P279,Q43229
Q194166,P279,Q155076
Q207137,P31,Q20937557
Q207137,P31,Q3062294
Q207137,P1151,Q19359757
Q207137,P910,Q9006532
Q207137,P361,Q8434
Q207137,P1382,Q600134
Q207137,P2959,Q1402601
Q207137,P279,Q5341296
Q346146,P31,Q4167410
Q332763,P31,Q4167410
Q332763,P1889,Q14161749
Q224621,P31,Q4167410
Q224621,P910,Q9848655
Q75687,P279,Q16338
Q75687,P138,Q1144556
Q75687,P910,Q8592709
Q75687,P306,Q14116
Q75687,P31,Q55990535
Q75687,P195,Q188740
Q75687,P176,Q312
Q75687,P1889,Q43627
Q75687,P178,Q312
Q224783,P31,Q4167410
Q224783,P1889,Q37490245
Q231002,P910,Q6963704
Q231002,P1343,Q2657718
Q231002,P1889,Q6256
Q231002,P1889,Q41710
Q231002,P1889,Q7275
Q231002,P1889,Q12839330
Q231002,P1889,Q6266
Q231002,P1889,Q42138
Q231002,P1889,Q81058955
Q231002,P31,Q151885
Q231002,P279,Q41710
Q299497,P31,Q4167410
Q42240,P279,Q3249551
Q42240,P279,Q21004260
Q42240,P910,Q7216204
Q42240,P910,Q17452166
Q42240,P361,Q336
Q42240,P1151,Q25930158
Q42240,P527,Q46857
Q42240,P3095,Q1650915
Q42240,P3095,Q1622272
Q42240,P1687,P2578
Q42240,P460,Q1782301
Q194489,P279,Q1742093
Q194489,P279,Q1344851
Q194489,P910,Q8412888
Q194489,P1343,Q2657718
Q194489,P1687,P3618
Q354769,P31,Q4167410
Q354769,P1889,Q16281722
Q354769,P460,Q2179847
Q1696827,P31,Q4167410
Q299807,P31,Q4167410
Q299807,P1889,Q37575808
Q21426791,P31,Q7889
Q21426791,P400,Q48493
Q21426791,P136,Q343568
Q212357,P279,Q177597
Q212357,P31,Q2235308
Q212357,P910,Q15146123
Q232330,P31,Q4167410
Q232330,P1889,Q1495792
Q294550,P31,Q4167410
Q180884,P279,Q170448
Q180884,P556,Q588274
Q180884,P31,Q429795
Q180884,P138,Q36864
Q33231,P279,Q3391743
Q33231,P31,Q28640
Q33231,P425,Q11633
Q33231,P425,Q10498329
Q33231,P910,Q6473572
Q33231,P417,Q196653
Q33231,P6186,Q59522114
Q33231,P2354,Q1091260
Q33231,P2354,Q2205974
Q33231,P1424,Q25950321
Q14754454,P425,Q28008286
Q14754454,P279,Q28008277
Q1047678,P31,Q4167410
Q1047678,P1889,Q37516394
Q1047678,P460,Q2223949
Q230674,P31,Q4167410
Q230674,P1889,Q61744403
Q230674,P1889,Q61744575
Q679847,P279,Q327197
Q679847,P279,Q1630279
Q679847,P279,Q1864008
Q679847,P910,Q15726335
Q679847,P1687,P92
Q679847,P1687,P6378
Q679847,P407,Q9027
Q679847,P31,Q3331189
Q679847,P50,Q52930
Q727002,P910,Q8769707
Q727002,P279,Q3150005
Q727002,P1889,Q594164
Q727002,P31,Q49848
Q727002,P31,Q93288
Q727002,P1687,P6378
Q5159961,P31,Q4167410
Q409857,P31,Q4167410
Q23688716,P31,Q486972
Q23688716,P2348,Q12554
Q23688716,P131,Q19186
Q23688716,P17,Q145
Q421528,P31,Q4167410
Q421528,P1889,Q21287622
Q421528,P1889,Q16275689
Q421528,P460,Q403209
Q250083,P31,Q4167410
Q295785,P31,Q4167410
Q864855,P31,Q62078547
Q864855,P31,Q23002039
Q864855,P31,Q1371037
Q864855,P17,Q30
Q864855,P910,Q7485352
Q864855,P463,Q743812
Q864855,P463,Q5583848
Q864855,P463,Q4810015
Q864855,P463,Q5275906
Q864855,P463,Q4810036
Q864855,P463,Q647039
Q864855,P463,Q756355
Q864855,P463,Q963227
Q864855,P463,Q6458663
Q864855,P463,Q5137944
Q864855,P822,Q7289241
Q864855,P822,Q5003507
Q864855,P361,Q2495809
Q864855,P1875,Q3572131
Q864855,P527,Q5547834
Q864855,P527,Q16246732
Q864855,P527,Q5547832
Q864855,P527,Q5547549
Q864855,P527,Q5547829
Q864855,P527,Q5547553
Q864855,P527,Q5547556
Q864855,P527,Q5547830
Q864855,P2643,Q23334765
Q864855,P2643,Q23623487
Q864855,P2643,Q23662487
Q864855,P2643,Q23622831
Q864855,P2643,Q23662432
Q864855,P2643,Q23663133
Q864855,P2936,Q1860
Q864855,P159,Q23556
Q864855,P3876,Q8488613
Q864855,P2184,Q5864664
Q864855,P749,Q2495809
Q864855,P355,Q30262481
Q864855,P355,Q7962809
Q864855,P355,Q5547830
Q864855,P4195,Q8134601
Q1620154,P31,Q4167410
Q1620154,P1889,Q37540140
Q2195,P31,Q21484471
Q2195,P31,Q235557
Q2195,P31,Q163740
Q2195,P31,Q2755432
Q2195,P31,Q14946528
Q2195,P1889,Q1702547
Q2195,P1889,Q27996264
Q2195,P1889,Q26329975
Q2195,P1889,Q62619848
Q2195,P921,Q62619848
Q2195,P921,Q26329975
Q2195,P921,Q17092932
Q2195,P921,Q27996264
Q2195,P910,Q9414696
Q674067,P279,Q33999
Q674067,P279,Q483501
Q674067,P31,Q28640
Q674067,P425,Q58534790
Q674067,P425,Q17502115
Q674067,P910,Q9215958
Q674067,P1343,Q2657718
Q674067,P1889,Q978
Q131765,P910,Q8264880
Q131765,P279,Q1209283
Q241829,P31,Q4167410
Q245283,P31,Q4830453
Q245283,P31,Q6881511
Q245283,P159,Q249994
Q245283,P1454,Q134161
Q245283,P17,Q865
Q245283,P452,Q1546066
Q245283,P1056,Q4503
Q203597,P178,Q8093
Q203597,P176,Q8093
Q203597,P155,Q637178
Q203597,P155,Q170323
Q203597,P910,Q7430554
Q203597,P361,Q129459
Q203597,P361,Q19354826
Q203597,P156,Q17679679
Q203597,P156,Q19610114
Q203597,P880,Q3601138
Q203597,P1424,Q14387269
Q203597,P527,Q5830907
Q203597,P279,Q941818
Q203597,P31,Q10929058
Q203597,P179,Q19354826
Q203597,P2033,Q63588267
Q203597,P306,Q3138061
Q203597,P1889,Q170323
Q203597,P2361,Q3070866
Q203597,P2361,Q1371116
Q203597,P2361,Q9032999
Q357818,P31,Q4167410
Q296303,P31,Q4167410
Q296303,P1889,Q2671794
Q296303,P1889,Q15278582
Q28029699,P31,Q4167410
Q28029699,P1889,Q37532825
Q476300,P910,Q7189783
Q476300,P910,Q7216276
Q476300,P279,Q52948
Q476300,P461,Q766238
Q476300,P461,Q380962
Q476300,P1963,P710
Q476300,P1889,Q23807345
Q476300,P1889,Q841654
Q476300,P1889,Q1178401
Q476300,P31,Q1139327
Q16782464,P31,Q4167410
Q7305721,P31,Q4167410
Q2137207,P31,Q4167410
Q5500892,P31,Q4167410
Q228838,P31,Q4167410
Q228838,P1889,Q18551846
Q228838,P1889,Q1158139
Q228838,P460,Q9311268
Q228838,P460,Q1220325
Q438331,P31,Q4167410
Q225444,P31,Q4167410
Q194274,P910,Q7345837
Q194274,P527,Q1156791
Q194274,P279,Q57515336
Q194274,P279,Q5157540
Q194274,P1542,Q59154810
Q194274,P366,Q65718426
Q194274,P2283,Q66018493
Q194274,P2283,Q2493
Q194274,P361,Q18357734
Q194274,P361,Q2340208
Q164606,P910,Q7215015
Q164606,P279,Q746549
Q164606,P495,Q668
Q164606,P1889,Q1144935
Q164606,P1889,Q31557635
Q164606,P1889,Q21425596
Q164606,P1889,Q2368856
Q164606,P1889,Q5195194
Q33442,P910,Q8531867
Q33442,P1269,Q23407
Q33442,P1269,Q35277
Q33442,P1269,Q9471
Q33442,P279,Q5389993
Q33442,P361,Q178801
Q33442,P461,Q7081
Q17194,P31,Q1147660
Q17194,P31,Q2119531
Q344556,P31,Q4167410
Q4173974,P910,Q8461226
Q4173974,P1889,Q1541064
Q4173974,P279,Q3955369
Q4173974,P1343,Q1768721
Q416974,P31,Q4167410
Q416974,P1889,Q37272003
Q47506,P279,Q1077784
Q47506,P279,Q4117406
Q47506,P31,Q17155032
Q47506,P910,Q7216541
Q47506,P461,Q913697
Q47506,P1056,Q157965
Q47506,P2283,Q128751
Q47506,P366,Q56248166
Q505619,P910,Q8549615
Q505619,P31,Q781413
Q505619,P2959,Q17607608
Q505619,P461,Q2915214
Q102072,P31,Q4167410
Q102072,P1889,Q14630016
Q102072,P1889,Q256463
Q102072,P460,Q25660365
Q102072,P460,Q11698272
Q102072,P460,Q47469931
Q102072,P460,Q401285
Q102072,P460,Q413483
Q102072,P460,Q532357
Q102072,P460,Q2055354
Q185525,P279,Q1949814
Q185525,P279,Q28816538
Q185525,P910,Q8875390
Q185525,P1889,Q1079988
Q232469,P460,Q10564078
Q232469,P460,Q10564087
Q232469,P460,Q525436
Q232469,P460,Q597441
Q232469,P460,Q1106738
Q232469,P460,Q219208
Q232469,P460,Q247345
Q232469,P460,Q1328014
Q232469,P460,Q5169361
Q232469,P460,Q15614764
Q232469,P1889,Q5013468
Q232469,P1889,Q37501148
Q232469,P31,Q4167410
Q909064,P31,Q4167410
Q235819,P31,Q4167410
Q3327819,P527,Q2051667
Q3327819,P527,Q1
Q3327819,P527,Q36906466
Q3327819,P31,Q3318059
Q3327819,P279,Q30126005
Q3327819,P361,Q47488392
Q3327819,P361,Q3248845
Q3327819,P5008,Q5460604
Q3327819,P1889,Q40590
Q7333034,P31,Q101352
Q7333034,P1889,Q40130060
Q7333034,P282,Q8229
Q985148,P910,Q9416964
Q985148,P31,Q192525
Q985148,P176,Q14647
Q985148,P880,Q273190
Q985148,P155,Q841441
Q438552,P31,Q4167410
Q10954303,P910,Q7484891
Q10954303,P31,Q4167410
Q393585,P31,Q4167410
Q5166129,P31,Q1207505
Q5166129,P1552,Q1139554
Q5166129,P279,Q21255975
Q5166129,P1542,Q21255975
Q5166129,P1542,Q47496130
Q5166129,P1382,Q1367353
Q233272,P31,Q4167410
Q233272,P2789,Q911135
Q233765,P31,Q4167410
Q233765,P1889,Q14639707
Q233765,P460,Q26966281
Q42519,P279,Q9128
Q42519,P31,Q1075
Q42519,P31,Q56053097
Q42519,P31,Q376346
Q42519,P910,Q19847233
Q42519,P1889,Q4458713
Q42519,P1889,Q10509939
Q42519,P1889,Q1145422
Q42519,P1889,Q17245659
Q42519,P1343,Q1970746
Q1140548,P31,Q4167410
Q1826354,P31,Q4167410
Q254624,P31,Q4167410
Q259011,P31,Q161726
Q259011,P31,Q891723
Q259011,P159,Q988162
Q259011,P17,Q30
Q259011,P169,Q5605358
Q259011,P910,Q8642920
Q259011,P166,Q937629
Q259011,P1366,Q934853
Q259011,P1366,Q634815
Q259011,P112,Q3371277
Q259011,P355,Q1501636
Q259011,P355,Q6999830
Q259011,P355,Q5582969
Q259011,P355,Q5140201
Q259011,P355,Q28974630
Q259011,P355,Q28974631
Q259011,P355,Q28974632
Q259011,P355,Q30338352
Q259011,P355,Q30338353
Q259011,P1454,Q134161
Q259011,P414,Q217475
Q259011,P414,Q13677
Q259011,P452,Q25245117
Q259011,P1830,Q5474890
Q259011,P463,Q19787650
Q259011,P6379,Q239303
Q259011,P1056,Q17517
Q14382,P155,Q9887
Q14382,P156,Q14387
Q14382,P361,Q8216
Q14382,P361,Q21204
Q14382,P144,Q9099115
Q14382,P31,Q19793459
Q14382,P31,Q41885931
Q14382,P1343,Q602358
Q14382,P1889,Q2930107
Q14382,P1889,Q9705
Q14382,P1889,Q16352
Q14382,P910,Q86105521
Q5021903,P31,Q4167410
Q142371,P31,Q1155404
Q142371,P178,Q835702
Q142371,P1072,Q939636
Q142371,P1072,Q28771316
Q142371,P1072,Q48806624
Q142371,P1072,Q52005965
Q142371,P1072,Q52006189
Q142371,P1072,Q51093528
Q142371,P1072,Q2584726
Q142371,P1072,Q81525646
Q142371,P306,Q1406
Q142371,P277,Q2407
Q142371,P275,Q31202214
Q142371,P6216,Q50423863
Q665886,P31,Q4167410
Q228387,P31,Q4167410
Q620207,P279,Q34583
Q620207,P279,Q66516309
Q620207,P361,Q33767
Q620207,P910,Q8458578
Q620207,P927,Q33767
Q620207,P2959,Q22828760
Q620207,P1889,Q34583
Q529031,P31,Q4167410
Q218106,P31,Q4167410
Q1584993,P31,Q4167410
Q1584993,P1343,Q2041543
Q294376,P31,Q4167410
Q3224,P1151,Q13376344
Q3224,P17,Q408
Q3224,P36,Q3130
Q3224,P47,Q35715
Q3224,P47,Q3258
Q3224,P47,Q36687
Q3224,P47,Q36074
Q3224,P163,Q1064042
Q3224,P194,Q3365521
Q3224,P150,Q925757
Q3224,P150,Q752642
Q3224,P150,Q142160
Q3224,P150,Q573910
Q3224,P150,Q752514
Q3224,P150,Q753128
Q3224,P150,Q752632
Q3224,P150,Q1262981
Q3224,P150,Q753112
Q3224,P150,Q610975
Q3224,P150,Q265390
Q3224,P150,Q820651
Q3224,P150,Q820679
Q3224,P150,Q588421
Q3224,P150,Q686866
Q3224,P150,Q753416
Q3224,P150,Q753458
Q3224,P150,Q753432
Q3224,P150,Q583112
Q3224,P150,Q753404
Q3224,P150,Q820671
Q3224,P150,Q820167
Q3224,P150,Q175095
Q3224,P150,Q820721
Q3224,P150,Q940748
Q3224,P150,Q820188
Q3224,P150,Q820180
Q3224,P150,Q805266
Q3224,P150,Q752636
Q3224,P150,Q753455
Q3224,P150,Q753599
Q3224,P150,Q820691
Q3224,P150,Q263160
Q3224,P150,Q752634
Q3224,P150,Q283019
Q3224,P150,Q182671
Q3224,P150,Q753116
Q3224,P150,Q753463
Q3224,P150,Q820685
Q3224,P150,Q596030
Q3224,P150,Q1719401
Q3224,P150,Q390105
Q3224,P150,Q758556
Q3224,P150,Q751598
Q3224,P150,Q806840
Q3224,P150,Q786795
Q3224,P150,Q752512
Q3224,P150,Q752639
Q3224,P150,Q30919
Q3224,P150,Q881483
Q3224,P150,Q752517
Q3224,P150,Q251464
Q3224,P150,Q752509
Q3224,P150,Q252117
Q3224,P150,Q894674
Q3224,P150,Q1017201
Q3224,P150,Q1024925
Q3224,P150,Q979106
Q3224,P150,Q1030585
Q3224,P150,Q582899
Q3224,P150,Q1033759
Q3224,P150,Q753101
Q3224,P150,Q1057393
Q3224,P150,Q753470
Q3224,P150,Q753435
Q3224,P150,Q753467
Q3224,P150,Q746295
Q3224,P150,Q729425
Q3224,P150,Q753124
Q3224,P150,Q580336
Q3224,P150,Q753131
Q3224,P150,Q753512
Q3224,P150,Q571368
Q3224,P150,Q664896
Q3224,P150,Q644089
Q3224,P150,Q609120
Q3224,P150,Q753508
Q3224,P150,Q753474
Q3224,P150,Q613414
Q3224,P150,Q753590
Q3224,P150,Q753429
Q3224,P150,Q600472
Q3224,P150,Q1539297
Q3224,P150,Q649319
Q3224,P150,Q115553
Q3224,P150,Q133640
Q3224,P150,Q115549
Q3224,P150,Q1638179
Q3224,P150,Q1638734
Q3224,P150,Q753588
Q3224,P150,Q753419
Q3224,P150,Q753426
Q3224,P150,Q284224
Q3224,P150,Q133642
Q3224,P150,Q753114
Q3224,P150,Q606193
Q3224,P150,Q32311
Q3224,P150,Q753103
Q3224,P150,Q165688
Q3224,P150,Q586012
Q3224,P150,Q1309863
Q3224,P150,Q753594
Q3224,P150,Q820280
Q3224,P150,Q650722
Q3224,P150,Q24208
Q3224,P150,Q820340
Q3224,P150,Q13080916
Q3224,P150,Q610299
Q3224,P150,Q378000
Q3224,P150,Q820368
Q3224,P150,Q820304
Q3224,P150,Q820325
Q3224,P150,Q114395
Q3224,P150,Q820717
Q3224,P150,Q820357
Q3224,P150,Q820253
Q3224,P150,Q1517703
Q3224,P150,Q11079799
Q3224,P150,Q2069208
Q3224,P150,Q133644
Q3224,P150,Q820318
Q3224,P150,Q1534907
Q3224,P150,Q1311882
Q3224,P150,Q1430843
Q3224,P150,Q2178230
Q3224,P150,Q1534913
Q3224,P150,Q820286
Q3224,P150,Q769649
Q3224,P150,Q820309
Q3224,P150,Q660171
Q3224,P150,Q1818997
Q3224,P150,Q1094194
Q3224,P150,Q820638
Q3224,P150,Q820705
Q3224,P150,Q820274
Q3224,P150,Q820332
Q3224,P150,Q176908
Q3224,P150,Q265018
Q3224,P150,Q820153
Q3224,P150,Q820261
Q3224,P150,Q377295
Q3224,P150,Q2299900
Q3224,P150,Q820159
Q3224,P150,Q820695
Q3224,P150,Q634933
Q3224,P150,Q1508888
Q3224,P150,Q1807241
Q3224,P150,Q820296
Q3224,P150,Q1623372
Q3224,P150,Q1271555
Q3224,P150,Q820173
Q3224,P150,Q820712
Q3224,P150,Q24052509
Q3224,P6,Q1803998
Q3224,P6,Q6845925
Q3224,P6,Q5566385
Q3224,P6,Q5235277
Q3224,P131,Q408
Q3224,P31,Q5852411
Q3224,P832,Q196627
Q3224,P832,Q502375
Q3224,P832,Q40317
Q3224,P832,Q186206
Q3224,P832,Q21196
Q3224,P832,Q209663
Q3224,P832,Q295859
Q3224,P832,Q2564633
Q3224,P832,Q10901070
Q3224,P832,Q19809
Q3224,P832,Q956699
Q3224,P910,Q7238202
Q3224,P1464,Q8065677
Q3224,P1465,Q8365582
Q3224,P190,Q3630
Q3224,P190,Q1490
Q3224,P190,Q956
Q3224,P1740,Q19363139
Q3224,P1792,Q7116520
Q3224,P1365,Q18348382
Q3224,P1365,Q2000451
Q3224,P138,Q1286223
Q3224,P2633,Q5535203
Q3224,P421,Q7056
Q3224,P421,Q7069
Q3224,P610,Q178167
Q3224,P1313,Q13527950
Q3224,P2184,Q2397132
Q3224,P1791,Q8328699
Q3224,P208,Q5419824
Q3224,P3403,Q56649105
Q3224,P1830,Q994603
Q3224,P1830,Q856393
Q3224,P797,Q3112564
Q3224,P2936,Q1285318
Q3224,P2936,Q1166814
Q3224,P2936,Q4858065
Q3224,P2936,Q3449138
Q3224,P2936,Q4840986
Q3224,P2936,Q7022072
Q3224,P2936,Q7022712
Q3224,P2936,Q5223660
Q3224,P2936,Q5223941
Q3224,P2936,Q2980386
Q3224,P2936,Q3537135
Q3224,P2936,Q3913800
Q3224,P2936,Q3913820
Q3224,P2936,Q3914062
Q3224,P2936,Q3111818
Q3224,P2936,Q3913825
Q3224,P2936,Q3913840
Q3224,P2936,Q3915412
Q3224,P2936,Q3915442
Q3224,P2936,Q7711494
Q3224,P2936,Q8053879
Q3224,P2936,Q6727353
Q3224,P2936,Q7959249
Q3224,P2936,Q8055849
Q3224,P2936,Q48987680
Q3224,P2936,Q34295800
Q3224,P2936,Q46264708
Q3224,P2936,Q50207890
Q3224,P2936,Q49929396
Q3224,P2936,Q49929872
Q3224,P2936,Q56285397
Q3224,P2936,Q60611652
Q3224,P2936,Q56525223
Q3224,P1343,Q602358
Q3224,P1343,Q19190511
Q3224,P7867,Q84135287
Q3224,P8402,Q97319022
Q3224,P8744,Q5333731
Q340744,P31,Q4167410
Q340744,P1889,Q37122018
Q341284,P31,Q4167410
Q341284,P1343,Q2041543
Q1933462,P31,Q210167
Q1933462,P31,Q4830453
Q1933462,P31,Q6881511
Q1933462,P156,Q994003
Q1933462,P112,Q3147277
Q1933462,P159,Q24826
Q1933462,P159,Q24826
Q1933462,P452,Q941594
Q1933462,P17,Q145
Q1933462,P1454,Q5225895
Q1933462,P127,Q41187
Q1933462,P749,Q18594
Q1933462,P1056,Q1416204
Q477406,P279,Q48352
Q477406,P279,Q1097498
Q477406,P31,Q7810129
Q477406,P31,Q4164871
Q477406,P31,Q1097498
Q477406,P31,Q28640
Q477406,P910,Q7135365
Q477406,P1889,Q252627
Q2599,P552,Q789447
Q2599,P735,Q4925623
Q2599,P735,Q677191
Q2599,P40,Q232812
Q2599,P40,Q3129093
Q2599,P40,Q201739
Q2599,P40,Q498390
Q2599,P40,Q23108938
Q2599,P106,Q855091
Q2599,P106,Q584301
Q2599,P106,Q488205
Q2599,P106,Q1028181
Q2599,P106,Q486748
Q2599,P106,Q1415090
Q2599,P106,Q20521670
Q2599,P106,Q822146
Q2599,P106,Q55960555
Q2599,P106,Q33999
Q2599,P106,Q28389
Q2599,P106,Q3282637
Q2599,P106,Q386854
Q2599,P106,Q177220
Q2599,P26,Q228899
Q2599,P26,Q266568
Q2599,P19,Q24826
Q2599,P358,Q1073299
Q2599,P166,Q10855195
Q2599,P166,Q12201526
Q2599,P166,Q935843
Q2599,P166,Q326482
Q2599,P166,Q5593813
Q2599,P166,Q179191
Q2599,P166,Q22344608
Q2599,P166,Q135498
Q2599,P166,Q3483987
Q2599,P166,Q1738793
Q2599,P166,Q833163
Q2599,P166,Q754841
Q2599,P166,Q488651
Q2599,P166,Q2422622
Q2599,P166,Q845149
Q2599,P166,Q25755314
Q2599,P166,Q52382875
Q2599,P166,Q1137694
Q2599,P166,Q9052807
Q2599,P166,Q10855195
Q2599,P166,Q63072513
Q2599,P463,Q463281
Q2599,P463,Q463303
Q2599,P463,Q1299
Q2599,P463,Q622988
Q2599,P463,Q384664
Q2599,P361,Q239177
Q2599,P361,Q62302446
Q2599,P25,Q14084302
Q2599,P22,Q14084294
Q2599,P910,Q8718736
Q2599,P31,Q5
Q2599,P27,Q24826
Q2599,P1343,Q17311605
Q2599,P1343,Q17290934
Q2599,P1343,Q67311526
Q2599,P1576,Q83364
Q2599,P1303,Q46185
Q2599,P1303,Q6607
Q2599,P1303,Q5994
Q2599,P1303,Q302497
Q2599,P1303,Q61285
Q2599,P1303,Q80019
Q2599,P1303,Q187851
Q2599,P1303,Q512191
Q2599,P1303,Q8371
Q2599,P1303,Q8355
Q2599,P1303,Q229205
Q2599,P1303,Q8338
Q2599,P1303,Q52954
Q2599,P1303,Q133163
Q2599,P136,Q7749
Q2599,P136,Q217467
Q2599,P136,Q206159
Q2599,P136,Q484641
Q2599,P136,Q9730
Q2599,P1412,Q1860
Q2599,P1411,Q22344608
Q2599,P264,Q213710
Q2599,P264,Q193023
Q2599,P264,Q208909
Q2599,P264,Q183387
Q2599,P3373,Q556941
Q2599,P1830,Q32294
Q2599,P734,Q20997311
Q2599,P69,Q15242531
Q2599,P69,Q1668871
Q2599,P412,Q27914
Q2599,P1344,Q193740
Q2599,P21,Q6581097
Q2599,P1066,Q317427
Q2599,P108,Q1668871
Q2599,P1424,Q10704789
Q2599,P1327,Q1203
Q2599,P1327,Q228899
Q2599,P140,Q620629
Q2599,P6275,Q71521142
Q2599,P6275,Q7120528
Q2599,P7763,Q73555012
Q3926,P163,Q5456806
Q3926,P17,Q258
Q3926,P910,Q6393015
Q3926,P31,Q5119
Q3926,P31,Q1549591
Q3926,P31,Q56061
Q3926,P421,Q6723
Q3926,P131,Q1094207
Q3926,P131,Q190959
Q3926,P190,Q3805
Q3926,P190,Q5776
Q3926,P190,Q9248
Q3926,P190,Q690
Q3926,P190,Q34647
Q3926,P190,Q1899
Q3926,P190,Q1867
Q3926,P190,Q3616
Q3926,P190,Q61
Q3926,P1464,Q15991287
Q3926,P1465,Q9689306
Q3926,P1792,Q6392936
Q3926,P1376,Q258
Q3926,P1376,Q550374
Q3926,P1376,Q1094207
Q3926,P1376,Q1187978
Q3926,P1376,Q193619
Q3926,P1376,Q190959
Q3926,P47,Q34647
Q3926,P138,Q440155
Q3926,P7867,Q84114788
Q3926,P1343,Q4532138
Q783046,P31,Q4167410
Q783046,P1889,Q37562084
Q122981,P1343,Q20961706
Q122981,P1343,Q19180675
Q122981,P1343,Q602358
Q122981,P1343,Q4532135
Q122981,P1343,Q2041543
Q122981,P910,Q9525461
Q122981,P279,Q15220419
Q122981,P279,Q540623
Q122981,P747,Q62098173
Q122981,P366,Q61002
Q380962,P31,Q1914636
Q380962,P31,Q157811
Q380962,P31,Q11862829
Q380962,P1343,Q2657718
Q380962,P1343,Q101314624
Q380962,P910,Q8966074
Q380962,P279,Q15911314
Q380962,P1382,Q1145523
Q380962,P2579,Q97008347
Q9884,P361,Q8229
Q9884,P361,Q606972
Q9884,P361,Q754673
Q9884,P361,Q76228
Q9884,P361,Q607188
Q9884,P361,Q20581324
Q9884,P361,Q1095058
Q9884,P361,Q2335779
Q9884,P361,Q1187758
Q9884,P361,Q372785
Q9884,P361,Q622712
Q9884,P361,Q637405
Q9884,P361,Q550383
Q9884,P361,Q755124
Q9884,P361,Q16103
Q9884,P361,Q2748102
Q9884,P361,Q18691434
Q9884,P361,Q994407
Q9884,P361,Q384749
Q9884,P361,Q2839543
Q9884,P361,Q90681288
Q9884,P31,Q19776628
Q9884,P31,Q3841820
Q9884,P1299,Q17021885
Q9884,P910,Q9658766
Q302908,P31,Q4167410
Q302908,P1889,Q16867680
Q302908,P1889,Q3500430
Q37340,P22,Q34201
Q37340,P21,Q6581097
Q37340,P31,Q22989102
Q37340,P31,Q511056
Q37340,P910,Q6345240
Q37340,P40,Q1654068
Q37340,P40,Q83223
Q37340,P40,Q867342
Q37340,P40,Q392435
Q37340,P40,Q853462
Q37340,P40,Q604672
Q37340,P40,Q1887300
Q37340,P40,Q174353
Q37340,P40,Q647496
Q37340,P40,Q3241660
Q37340,P40,Q4675035
Q37340,P40,Q3088918
Q37340,P40,Q2310293
Q37340,P40,Q1163391
Q37340,P40,Q506770
Q37340,P40,Q3758170
Q37340,P40,Q3870523
Q37340,P40,Q3676567
Q37340,P40,Q1328289
Q37340,P40,Q2420316
Q37340,P40,Q12882096
Q37340,P40,Q748144
Q37340,P40,Q3147223
Q37340,P40,Q53606
Q37340,P40,Q1582249
Q37340,P40,Q38434719
Q37340,P40,Q3832028
Q37340,P40,Q3606849
Q37340,P40,Q1655431
Q37340,P40,Q330584
Q37340,P40,Q4198963
Q37340,P40,Q1330532
Q37340,P40,Q14601907
Q37340,P40,Q14601959
Q37340,P40,Q426788
Q37340,P40,Q3833059
Q37340,P40,Q374275
Q37340,P40,Q7663536
Q37340,P40,Q1805777
Q37340,P40,Q197033
Q37340,P40,Q3667219
Q37340,P40,Q2322448
Q37340,P40,Q7257118
Q37340,P40,Q1166183
Q37340,P40,Q12885291
Q37340,P40,Q618664
Q37340,P40,Q912408
Q37340,P40,Q3726853
Q37340,P40,Q3567601
Q37340,P40,Q208588
Q37340,P40,Q1996222
Q37340,P40,Q2993240
Q37340,P40,Q247446
Q37340,P40,Q20100759
Q37340,P40,Q17625356
Q37340,P40,Q12885691
Q37340,P40,Q16332222
Q37340,P40,Q5813592
Q37340,P40,Q4687813
Q37340,P40,Q12874911
Q37340,P40,Q55410919
Q37340,P40,Q55521247
Q37340,P40,Q878246
Q37340,P40,Q2470261
Q37340,P40,Q15784800
Q37340,P40,Q4095839
Q37340,P40,Q56936702
Q37340,P40,Q2606272
Q37340,P40,Q16826167
Q37340,P40,Q4780401
Q37340,P40,Q4946887
Q37340,P40,Q57385922
Q37340,P40,Q4501406
Q37340,P40,Q631406
Q37340,P40,Q12879793
Q37340,P40,Q1795211
Q37340,P40,Q60589120
Q37340,P40,Q61014736
Q37340,P40,Q12879305
Q37340,P551,Q80344
Q37340,P451,Q1332949
Q37340,P451,Q1474700
Q37340,P451,Q15077045
Q37340,P451,Q947753
Q37340,P451,Q15709147
Q37340,P451,Q574828
Q37340,P451,Q393261
Q37340,P451,Q103975
Q37340,P451,Q104042
Q37340,P451,Q103968
Q37340,P451,Q725286
Q37340,P451,Q9160370
Q37340,P451,Q520551
Q37340,P451,Q2196048
Q37340,P451,Q910403
Q37340,P451,Q1372039
Q37340,P451,Q193433
Q37340,P451,Q1641030
Q37340,P451,Q785598
Q37340,P451,Q3357642
Q37340,P451,Q14702439
Q37340,P451,Q3922437
Q37340,P451,Q129168
Q37340,P451,Q1782599
Q37340,P451,Q1539539
Q37340,P451,Q12777065
Q37340,P451,Q108019
Q37340,P451,Q3984506
Q37340,P451,Q949266
Q37340,P451,Q16188357
Q37340,P451,Q2659035
Q37340,P451,Q3144437
Q37340,P451,Q4939448
Q37340,P451,Q2391785
Q37340,P451,Q7186128
Q37340,P451,Q16329137
Q37340,P451,Q42848898
Q37340,P451,Q12884196
Q37340,P451,Q5796484
Q37340,P451,Q15825732
Q37340,P451,Q55436726
Q37340,P451,Q56046846
Q37340,P451,Q57438557
Q37340,P451,Q57843568
Q37340,P451,Q59241276
Q37340,P1049,Q855270
Q37340,P25,Q103107
Q37340,P26,Q104002
Q37340,P26,Q2322495
Q37340,P1343,Q1138524
Q37340,P1343,Q19180675
Q37340,P1343,Q602358
Q37340,P1343,Q27680201
Q37340,P1343,Q20078554
Q37340,P1343,Q30059240
Q37340,P1343,Q4532135
Q37340,P1343,Q64223531
Q37340,P1343,Q3181656
Q37340,P1343,Q867541
Q37340,P1343,Q602358
Q37340,P1343,Q602358
Q37340,P1343,Q602358
Q37340,P1343,Q30059240
Q37340,P460,Q900649
Q37340,P460,Q3397312
Q37340,P460,Q1199937
Q37340,P3373,Q39503
Q37340,P3373,Q2631851
Q37340,P361,Q101609
Q37340,P1441,Q1046495
Q37340,P1441,Q3487403
Q37340,P1441,Q15131926
Q37340,P1441,Q8275
Q37340,P106,Q1365214
Q955464,P279,Q4504549
Q955464,P279,Q42603
Q955464,P279,Q1638918
Q955464,P31,Q28640
Q955464,P31,Q63188683
Q955464,P140,Q5043
Q955464,P1889,Q52769526
Q955464,P1889,Q6415017
Q955464,P1889,Q4958876
Q955464,P1889,Q358832
Q955464,P1889,Q1776501
Q955464,P2389,Q102496
Q1217525,P31,Q4167410
Q372129,P31,Q4167410
Q372129,P1889,Q3981114
Q217437,P31,Q4167410
Q528313,P159,Q141963
Q528313,P159,Q340
Q528313,P31,Q4830453
Q528313,P31,Q6881511
Q528313,P910,Q9433999
Q528313,P1454,Q891723
Q528313,P17,Q16
Q528313,P1056,Q7397
Q528313,P452,Q3966
Q218782,P31,Q4167410
Q1144928,P279,Q82799
Q1144928,P279,Q37786277
Q1144928,P910,Q18888403
Q1144928,P527,Q186157
Q1144928,P361,Q817765
Q4927937,P1560,Q18194774
Q4927937,P1560,Q60691789
Q4927937,P1533,Q2156271
Q4927937,P460,Q15905580
Q4927937,P460,Q18038748
Q4927937,P460,Q7352154
Q4927937,P460,Q18038776
Q4927937,P460,Q1795088
Q4927937,P460,Q18105736
Q4927937,P460,Q19968325
Q4927937,P460,Q18066226
Q4927937,P460,Q21000307
Q4927937,P460,Q613014
Q4927937,P460,Q2043855
Q4927937,P460,Q21877219
Q4927937,P460,Q22569259
Q4927937,P460,Q16280961
Q4927937,P460,Q4085204
Q4927937,P460,Q19968324
Q4927937,P460,Q2156163
Q4927937,P460,Q11891201
Q4927937,P460,Q4564223
Q4927937,P460,Q19688756
Q4927937,P460,Q19596897
Q4927937,P460,Q18978422
Q4927937,P31,Q12308941
Q4927937,P1750,Q2616
Q4927937,P1889,Q401406
Q4927937,P407,Q809
Q4927937,P407,Q150
Q4927937,P407,Q1860
Q4927937,P407,Q9063
Q4927937,P407,Q9072
Q4927937,P407,Q7411
Q4927937,P5323,Q21644845
Q4927937,P5323,Q21142040
Q4927937,P282,Q8229
Q4927937,P361,Q3169938
Q416001,P31,Q4167410
Q409814,P31,Q4167410
Q409814,P1889,Q16865178
Q835702,P31,Q4830453
Q835702,P910,Q9435762
Q835702,P159,Q1930
Q835702,P1454,Q422074
Q835702,P112,Q3776174
Q835702,P452,Q880371
Q835702,P1056,Q7397
Q835702,P1830,Q696884
Q835702,P1830,Q17069264
Q835702,P1830,Q195997
Q835702,P155,Q1665816
Q835702,P463,Q2985457
Q835702,P17,Q16
Q835702,P749,Q1570773
Q835702,P1889,Q171446
Q18125,P17,Q145
Q18125,P17,Q174193
Q18125,P17,Q161885
Q18125,P17,Q179876
Q18125,P31,Q515
Q18125,P31,Q1549591
Q18125,P131,Q21525592
Q18125,P131,Q23077
Q18125,P190,Q65
Q18125,P190,Q8131
Q18125,P190,Q2795
Q18125,P190,Q66568
Q18125,P190,Q5818
Q18125,P190,Q207350
Q18125,P190,Q727
Q18125,P190,Q656
Q18125,P190,Q11746
Q18125,P190,Q173985
Q18125,P190,Q170457
Q18125,P190,Q491102
Q18125,P190,Q9899
Q18125,P421,Q6574
Q18125,P910,Q7138225
Q18125,P1464,Q14946042
Q18125,P1465,Q9912265
Q18125,P1740,Q19363126
Q18125,P1792,Q7118661
Q18125,P47,Q184579
Q18125,P206,Q47901
Q18125,P1791,Q15199271
Q18125,P1889,Q21525592
Q18125,P1830,Q15261114
Q18125,P1830,Q15261127
Q18125,P1376,Q21525592
Q18125,P166,Q3467764
Q18125,P7959,Q67311452
Q18125,P8744,Q5333718
Q413,P1151,Q6082802
Q413,P910,Q1457258
Q413,P279,Q14632398
Q413,P279,Q475023
Q413,P31,Q2465832
Q413,P31,Q11862829
Q413,P1343,Q2041543
Q413,P2959,Q22828391
Q413,P5008,Q5460604
Q413,P5125,Q2427913
Q413,P527,Q37547
Q413,P527,Q18366
Q413,P3095,Q169470
Q413,P2184,Q212881
Q413,P1424,Q6986097
Q35535,P279,Q732717
Q35535,P279,Q12737077
Q35535,P910,Q6163581
Q35535,P1151,Q21265305
Q35535,P1343,Q2657718
Q35535,P527,Q384593
Q35535,P366,Q44554
Q23856,P279,Q11422
Q23856,P279,Q483400
Q23856,P910,Q8858012
Q23856,P1343,Q602358
Q4781618,P2579,Q217413
Q4781618,P31,Q1474542
Q4781618,P180,Q5508767
Q4781618,P913,Q11110
Q235352,P279,Q1362373
Q235352,P366,Q3198719
Q235352,P910,Q13784641
Q235352,P1889,Q878333
Q235352,P460,Q11827455
Q410090,P31,Q4167410
Q225750,P31,Q4167410
Q6889353,P31,Q4167410
Q6889353,P1343,Q2041543
Q166194,P31,Q2294018
Q166194,P527,Q3142
Q166194,P527,Q3133
Q166194,P527,Q1088
Q166194,P4969,Q375677
Q424666,P31,Q4167410
Q424666,P1889,Q36946318
Q5320,P31,Q1273786
Q5320,P279,Q210729
Q5320,P279,Q2425052
Q5320,P279,Q1183543
Q5320,P910,Q13326610
Q5320,P1889,Q47450667
Q5320,P1889,Q4503
Q23498,P279,Q34749
Q23498,P279,Q1066186
Q23498,P910,Q7215366
Q23498,P1343,Q2657718
Q23498,P1343,Q602358
Q23498,P1343,Q19211082
Q23498,P1343,Q19180675
Q23498,P1343,Q4173137
Q23498,P1343,Q4114391
Q23498,P1343,Q29551022
Q23498,P1343,Q4173137
Q23498,P1343,Q3181656
Q23498,P31,Q11862829
Q23498,P31,Q4671286
Q23498,P2959,Q20825506
Q23498,P1151,Q7076022
Q23498,P2578,Q839954
Q23498,P3095,Q3621491
Q23498,P5125,Q7112557
Q23498,P527,Q145903
Q23498,P527,Q59220886
Q23498,P527,Q819121
Q23498,P527,Q637284
Q23498,P2354,Q7112557
Q23498,P1889,Q21071559
Q215772,P910,Q8412334
Q215772,P279,Q483247
Q215772,P279,Q937228
Q215772,P1552,Q52948
Q215772,P1552,Q48723685
Q215772,P1269,Q723897
Q215772,P1343,Q101314624
Q5420195,P31,Q4167410
Q464980,P279,Q1656682
Q464980,P279,Q386724
Q464980,P279,Q1030034
Q464980,P910,Q7024335
Q464980,P460,Q4530627
Q464980,P1687,P608
Q464980,P1963,P1436
Q464980,P1963,P1640
Q464980,P1963,P4899
Q464980,P1963,P5507
Q464980,P1343,Q2041543
Q464980,P1343,Q602358
Q464980,P1382,Q841654
Q407056,P31,Q4167410
Q415651,P31,Q4167410
Q415651,P1889,Q23893363
Q415651,P1889,Q37116433
Q415651,P460,Q2612935
Q415651,P460,Q6716202
Q415651,P460,Q12627720
Q415651,P460,Q13032681
Q447556,P31,Q4167410
Q447556,P1889,Q20671945
Q447556,P1889,Q16871325
Q87167,P279,Q18593264
Q87167,P279,Q49848
Q87167,P910,Q8606858
Q87167,P1343,Q2657718
Q87167,P1343,Q2041543
Q87167,P461,Q11396303
Q87167,P1424,Q14467483
Q87167,P527,Q65769200
Q87167,P527,Q65768886
Q87167,P527,Q8192
Q87167,P527,Q667414
Q395,P527,Q12479
Q395,P527,Q8087
Q395,P527,Q3968
Q395,P527,Q149972
Q395,P527,Q217413
Q395,P527,Q12482
Q395,P527,Q12483
Q395,P527,Q5862903
Q395,P527,Q131476
Q395,P527,Q42989
Q395,P527,Q7754
Q395,P1151,Q7778173
Q395,P910,Q4619
Q395,P31,Q11862829
Q395,P31,Q4671286
Q395,P31,Q41511
Q395,P279,Q816264
Q395,P279,Q475023
Q395,P2184,Q185264
Q395,P2184,Q737279
Q395,P2578,Q246672
Q395,P2578,Q24034552
Q395,P1343,Q2041543
Q395,P1343,Q30059240
Q395,P1343,Q867541
Q395,P2737,Q23766486
Q395,P2959,Q20829391
Q395,P3095,Q170790
Q395,P5008,Q5460604
Q395,P5125,Q3610632
Q395,P6104,Q8487137
Q205653,P31,Q3434769
Q205653,P1889,Q1149081
Q205653,P910,Q9654142
Q205653,P460,Q1947733
Q193168,P156,Q344
Q193168,P910,Q9658524
Q193168,P155,Q192630
Q193168,P460,Q12048317
Q193168,P460,Q17134047
Q193168,P361,Q11471
Q193168,P1889,Q192613
Q193168,P1552,Q1661162
Q193168,P279,Q186408
Q702269,P279,Q5
Q702269,P461,Q455595
Q702269,P1552,Q12047083
Q702269,P1889,Q956664
Q702269,P1889,Q18993376
Q702269,P1889,Q64512396
Q702269,P31,Q12737077
Q702269,P425,Q28640
Q702269,P425,Q12047083
Q702269,P1382,Q2588761
Q702269,P1382,Q1391344
Q702269,P460,Q1391344
Q539662,P279,Q1057179
Q539662,P279,Q82753
Q539662,P279,Q181702
Q539662,P1552,Q1144928
Q539662,P2701,Q86920
Q539662,P2701,Q1193600
Q539662,P31,Q367293
Q4692,P1151,Q13830551
Q4692,P31,Q968159
Q4692,P31,Q32880
Q4692,P31,Q2198855
Q4692,P527,Q1472236
Q4692,P527,Q1474884
Q4692,P527,Q979160
Q4692,P527,Q936588
Q4692,P527,Q15885248
Q4692,P527,Q236122
Q4692,P527,Q201405
Q4692,P527,Q1781608
Q4692,P527,Q978825
Q4692,P527,Q1133779
Q4692,P527,Q1404472
Q4692,P155,Q46825
Q4692,P155,Q12554
Q4692,P156,Q37853
Q4692,P1343,Q2041543
Q4692,P1343,Q602358
Q4692,P910,Q8651924
Q4692,P2579,Q25111456
Q4692,P5008,Q5460604
Q4692,P5125,Q7112776
Q4692,P1424,Q10999203
Q4692,P1889,Q13400700
Q34178,P910,Q6189466
Q34178,P31,Q11862829
Q34178,P31,Q4671286
Q34178,P1889,Q34187
Q34178,P1889,Q209295
Q34178,P361,Q944537
Q34178,P279,Q944537
Q34178,P5125,Q7112799
Q34178,P2578,Q9174
Q34178,P2578,Q5410500
Q34178,P3095,Q1234713
Q34178,P3095,Q28498214
Q34178,P3095,Q74764304
Q34178,P1343,Q602358
Q34178,P1343,Q19180675
Q83570,P31,Q15548076
Q83570,P31,Q218616
Q83570,P910,Q8279763
Q83570,P306,Q1406
Q83570,P306,Q14116
Q83570,P306,Q48493
Q83570,P306,Q94
Q83570,P306,Q4885200
Q83570,P178,Q628051
Q83570,P1073,Q691652
Q83570,P1073,Q1053358
Q83570,P1073,Q27863105
Q83570,P1073,Q27863107
Q83570,P1073,Q27863110
Q83570,P1073,Q27863111
Q83570,P1073,Q27863123
Q83570,P1073,Q27863127
Q83570,P1073,Q27863128
Q83570,P1073,Q27863131
Q83570,P1073,Q27863113
Q83570,P1073,Q27863116
Q83570,P1073,Q27863117
Q83570,P1073,Q27863119
Q83570,P1073,Q27863121
Q83570,P1073,Q27863132
Q83570,P1073,Q27863134
Q83570,P1073,Q27863136
Q83570,P1073,Q27863142
Q83570,P1073,Q27863143
Q83570,P1073,Q27863122
Q83570,P1073,Q61707627
Q83570,P1073,Q28049655
Q83570,P1073,Q51753252
Q83570,P1073,Q47538964
Q83570,P1073,Q47538961
Q83570,P1073,Q68481410
Q83570,P1072,Q691652
Q83570,P1072,Q1053358
Q83570,P1072,Q51789246
Q83570,P1072,Q51801391
Q83570,P1072,Q47539043
Q83570,P1072,Q26759185
Q83570,P1072,Q61707627
Q83570,P1072,Q51753252
Q83570,P1072,Q47538964
Q83570,P1072,Q47538961
Q83570,P1072,Q68481410
Q83570,P1072,Q60662339
Q83570,P1072,Q47539298
Q83570,P1072,Q47539217
Q83570,P1072,Q47539144
Q83570,P1072,Q47539061
Q83570,P1072,Q47539022
Q83570,P1072,Q47539012
Q83570,P1072,Q47539005
Q83570,P1072,Q47539001
Q83570,P1072,Q47538998
Q83570,P1072,Q47538988
Q83570,P1072,Q47538977
Q83570,P1072,Q47538951
Q83570,P1072,Q47538631
Q83570,P1072,Q47538629
Q83570,P1072,Q51756571
Q83570,P1072,Q87402788
Q83570,P277,Q782397
Q83570,P277,Q2378
Q83570,P277,Q2407
Q83570,P366,Q184793
Q83570,P366,Q38268174
Q83570,P275,Q3238057
Q83570,P275,Q26674207
Q83570,P275,Q218616
Q83570,P407,Q20923490
Q83570,P123,Q628051
Q7362,P279,Q66557904
Q7362,P366,Q160289
Q7362,P361,Q23640
Q7362,P910,Q7163949
Q7362,P1343,Q19558994
Q7362,P1343,Q27680201
Q7362,P1343,Q1970746
Q7362,P1343,Q602358
Q7362,P1343,Q19180675
Q7362,P1343,Q1768721
Q7362,P2959,Q21694889
Q7362,P527,Q609753
Q7362,P527,Q501553
Q7362,P527,Q212344
Q7362,P1424,Q26047074
Q7362,P5008,Q5460604
Q3799056,P31,Q4167410
Q1231428,P910,Q6961277
Q1231428,P279,Q11024
Q1231428,P279,Q1307337
Q1231428,P1889,Q1048607
Q1231428,P1889,Q7281
Q1231428,P1552,Q3354854
Q183496,P186,Q1131303
Q183496,P279,Q206615
Q183496,P279,Q2925618
Q183496,P1889,Q699405
Q1343050,P31,Q4167410
Q125191,P279,Q4502142
Q125191,P279,Q49848
Q125191,P279,Q386724
Q125191,P279,Q478798
Q125191,P2079,Q11633
Q125191,P910,Q7139843
Q125191,P1424,Q67415255
Q125191,P1963,P170
Q125191,P1963,P571
Q125191,P1963,P17
Q125191,P1963,P180
Q125191,P1963,P136
Q125191,P1963,P462
Q125191,P1963,P2048
Q125191,P1963,P2049
Q736272,P31,Q4167410
Q4955368,P31,Q4167410
Q28029699,P31,Q4167410
Q28029699,P1889,Q37532825
Q188889,P910,Q7014666
Q188889,P1343,Q2657718
Q188889,P279,Q11801374
Q188889,P279,Q1783551
Q4039221,P31,Q4167410
Q4039221,P1889,Q37451324
Q4039221,P1889,Q21283505
Q4039221,P1889,Q225191
Q4039221,P1889,Q18989302
Q4039221,P1889,Q97015583
Q417888,P31,Q4167410
Q3943575,P31,Q4167410
Q7883814,P31,Q4167410
Q14387,P155,Q14382
Q14387,P156,Q14390
Q14387,P361,Q8216
Q14387,P144,Q12221448
Q14387,P31,Q19793459
Q14387,P1889,Q374797
Q14387,P910,Q15016877
Q23996642,P31,Q4167410
Q562946,P31,Q4167410
Q496098,P279,Q1651044
Q496098,P279,Q1408288
Q496098,P910,Q8346070
Q496098,P3095,Q47004910
Q496098,P1056,Q21008864
Q11712088,P31,Q4167410
Q11712088,P460,Q224134
Q11712088,P460,Q98276971
Q11712088,P460,Q1096864
Q11712088,P460,Q42884753
Q11712088,P460,Q98276988
Q21492298,P31,Q101352
Q21492298,P1889,Q425614
Q21492298,P282,Q8229
Q21492298,P407,Q1860
Q226094,P31,Q4167410
Q182627,P31,Q4167410
Q182627,P1343,Q2041543
Q359778,P31,Q4167410
Q404294,P31,Q4167410
Q1141752,P31,Q41710
Q1141752,P279,Q941253
Q1141752,P17,Q159
Q1141752,P2936,Q29942
Q788331,P31,Q4167410
Q788331,P910,Q9893732
Q636440,P31,Q4167410
Q636440,P1889,Q37041592
Q200266,P279,Q15331
Q200266,P279,Q4576564
Q200266,P1478,Q33767
Q200266,P31,Q66310125
Q200266,P1382,Q2230201
Q4172608,P31,Q4167410
Q4172608,P460,Q2233315
Q224745,P31,Q4167410
Q224745,P1889,Q4050561
Q224745,P1889,Q10708064
Q224745,P1889,Q37448985
Q224745,P460,Q246899
Q224745,P460,Q8465439
Q124794,P279,Q160402
Q124794,P31,Q173253
Q124794,P910,Q7332283
Q124794,P361,Q1051623
Q9964,P31,Q188725
Q9964,P31,Q19776628
Q9964,P31,Q3841820
Q9964,P361,Q8229
Q9964,P361,Q606972
Q9964,P361,Q754673
Q9964,P361,Q20581324
Q9964,P361,Q1095058
Q9964,P361,Q1187758
Q9964,P361,Q755124
Q9964,P361,Q76228
Q9964,P361,Q18691434
Q9964,P361,Q994407
Q9964,P361,Q384749
Q9964,P361,Q1493494
Q9964,P361,Q2839543
Q9964,P1343,Q2041543
Q9964,P1299,Q17022149
Q9964,P910,Q13353457
Q9964,P527,Q9963
Q9964,P1889,Q27428
Q54114,P279,Q79007
Q54114,P460,Q7543083
Q54114,P460,Q207934
Q54114,P31,Q7860962
Q54114,P1343,Q3181656
Q54114,P1343,Q2657718
Q54114,P910,Q9459996
Q215106,P31,Q26085352
Q215106,P910,Q9417533
Q215106,P279,Q235557
Q215106,P4969,Q843084
Q215106,P4969,Q1224796
Q215106,P4969,Q1502796
Q215106,P4969,Q6667704
Q215106,P4969,Q7670377
Q215106,P4969,Q28205367
Q215106,P4969,Q29167443
Q215106,P1343,Q27231635
Q215106,P1343,Q27231637
Q1409098,P31,Q4167410
Q1409098,P1889,Q37262638
Q56245221,P31,Q101352
Q56245221,P1889,Q2356142
Q56245221,P282,Q8229
Q225202,P31,Q4167410
Q746628,P910,Q8823010
Q746628,P279,Q180516
Q746628,P279,Q656720
Q746628,P1343,Q2657718
Q746628,P1889,Q2072285
Q746628,P1889,Q98528672
Q333705,P17,Q801
Q333705,P131,Q41621
Q333705,P31,Q3918
Q333705,P910,Q7014092
Q333705,P463,Q3304068
Q333705,P2936,Q9288
Q333705,P159,Q41621
Q333705,P3876,Q7014115
Q333705,P355,Q45137547
Q333705,P355,Q45137370
Q333705,P355,Q12406897
Q333705,P1416,Q1076779
Q333705,P460,Q65228711
Q538104,P910,Q55305419
Q538104,P279,Q11765
Q538104,P1687,P5894
Q538104,P1889,Q1386894
Q416654,P31,Q4167410
Q188748,P31,Q20011319
Q188748,P910,Q9435436
Q188748,P1343,Q2657718
Q188748,P1343,Q1138524
Q188748,P1889,Q1429620
Q188748,P279,Q912153
Q188748,P527,Q134267
Q188748,P527,Q33971
Q188748,P4969,Q847571
Q3678993,P31,Q4167410
Q3678993,P1889,Q21510144
Q1127670,P31,Q4167410
Q1127670,P460,Q253220
Q1127670,P460,Q346849
Q1127670,P1889,Q15710467
Q1127670,P1889,Q2294971
Q5179215,P31,Q4167410
Q16873712,P31,Q4167410
Q16873712,P1889,Q36864834
Q16104096,P31,Q4167410
Q11629,P910,Q5898147
Q11629,P279,Q36649
Q11629,P279,Q1914636
Q11629,P31,Q1799072
Q11629,P31,Q56055944
Q11629,P1151,Q19369129
Q11629,P1056,Q3305213
Q11629,P3095,Q1028181
Q11629,P5008,Q5460604
Q11629,P1889,Q3305213
Q11629,P1889,Q93184
Q11629,P1343,Q1768721
Q6502279,P31,Q4167410
Q295115,P31,Q4167410
Q295115,P1889,Q30093934
Q295115,P1889,Q30093936
Q777561,P31,Q235557
Q777561,P31,Q3775042
Q81881,P279,Q81944
Q81881,P910,Q7331830
Q81881,P527,Q2230201
Q81881,P527,Q15043709
Q81881,P1056,Q20204151
Q81881,P366,Q213449
Q81881,P1343,Q4086271
Q81881,P1343,Q4173137
Q81881,P1343,Q19180675
Q81881,P1343,Q602358
Q1882400,P31,Q235557
Q1882400,P178,Q312
Q424543,P1889,Q2822676
Q424543,P527,Q9081
Q424543,P527,Q2615915
Q424543,P461,Q1343202
Q424543,P361,Q1026040
Q424543,P361,Q77468620
Q424543,P279,Q4531715
Q424543,P1269,Q201413
Q122067,P31,Q4167410
Q3968,P910,Q8234869
Q3968,P361,Q395
Q3968,P31,Q1936384
Q3968,P1343,Q678259
Q3968,P1343,Q2657718
Q3968,P1343,Q2041543
Q3968,P1343,Q3181656
Q3968,P2184,Q5018842
Q3968,P3095,Q23900107
Q3968,P5008,Q5460604
Q3968,P5125,Q7112546
Q3968,P138,Q1741
Q3968,P279,Q1936384
Q3968,P1889,Q211294
Q3968,P1889,Q159943
Q3968,P1889,Q20408298
Q12280,P910,Q8311428
Q12280,P1963,P177
Q12280,P1963,P1314
Q12280,P1963,P2787
Q12280,P1963,P2505
Q12280,P1963,P2793
Q12280,P1963,P571
Q12280,P1963,P18
Q12280,P1963,P1448
Q12280,P1963,P186
Q12280,P1343,Q19180675
Q12280,P1343,Q602358
Q12280,P1343,Q4114391
Q12280,P1343,Q1970746
Q12280,P1343,Q65109596
Q12280,P1343,Q1768721
Q12280,P527,Q3538246
Q12280,P527,Q21155149
Q12280,P527,Q2042353
Q12280,P527,Q6452175
Q12280,P1424,Q5637640
Q12280,P1687,P1380
Q12280,P279,Q811979
Q12280,P279,Q83620
Q12280,P1151,Q11217552
Q12280,P5008,Q5460604
Q12280,P1889,Q892168
Q12280,P5869,Q44440
Q82264,P910,Q7328102
Q82264,P61,Q151911
Q82264,P1343,Q2657718
Q82264,P2283,Q12385831
Q82264,P527,Q12385831
Q82264,P5008,Q54439832
Q82264,P279,Q36534
Q82264,P279,Q14860489
Q82264,P1889,Q1735592
Q1200750,P279,Q2063340
Q1200750,P279,Q234460
Q1315911,P1343,Q2657718
Q1315911,P279,Q338754
Q1315911,P279,Q41534339
Q1315911,P361,Q3543263
Q1315911,P460,Q15981717
Q1315911,P1889,Q82957
Q847950,P279,Q699405
Q847950,P279,Q11755880
Q847950,P1343,Q2041543
Q847950,P1889,Q193837
Q847950,P1889,Q3661265
Q30085855,P31,Q4167410
Q30085855,P460,Q594037
Q5384550,P31,Q4167410
Q17314167,P31,Q4167410
Q17314167,P1889,Q16515336
Q1541208,P31,Q4167410
Q1541208,P1889,Q16868027
Q1541208,P1889,Q3113074
Q1541208,P460,Q59555271
Q1541208,P460,Q59555404
Q6041805,P31,Q4167410
Q187471,P190,Q243425
Q187471,P17,Q41
Q187471,P31,Q23442
Q187471,P31,Q148837
Q187471,P910,Q8559538
Q187471,P361,Q170295
Q187471,P361,Q1147674
Q187471,P361,Q2484249
Q187471,P361,Q1077630
Q187471,P361,Q1063498
Q187471,P206,Q37495
Q187471,P421,Q6723
Q187471,P421,Q6760
Q187471,P1343,Q1138524
Q187471,P1343,Q30059240
Q187471,P1889,Q28500332
Q187471,P131,Q1147674
Q187471,P706,Q170295
Q187471,P7867,Q84057881
Q603773,P31,Q1190554
Q603773,P31,Q483394
Q603773,P279,Q15621286
Q603773,P279,Q4350200
Q603773,P279,Q1656682
Q603773,P910,Q8586362
Q603773,P1343,Q1768721
Q210064,P910,Q8933031
Q210064,P279,Q391414
Q210064,P279,Q11271324
Q210064,P279,Q268592
Q210064,P2283,Q16491
Q210064,P2283,Q138502
Q210064,P2579,Q33110552
Q210064,P828,Q235783
Q210064,P1687,P8228
Q97609912,P31,Q4167410
Q97609912,P460,Q22245572
Q11369,P910,Q8638092
Q11369,P527,Q9121
Q11369,P527,Q127920
Q11369,P138,Q41509
Q11369,P1343,Q2657718
Q11369,P1343,Q19190511
Q11369,P361,Q178593
Q11369,P461,Q36496
Q11369,P2579,Q489328
Q11369,P2579,Q2329
Q11369,P2579,Q7202
Q11369,P279,Q2393187
Q11369,P1552,Q19829125
Q11369,P1552,Q911331
Q11369,P1552,Q14860489
Q11369,P1552,Q16999526
Q11369,P1552,Q53859
Q11369,P1552,Q901339
Q11369,P5008,Q5460604
Q28643,P279,Q2083958
Q28643,P910,Q21800777
Q28643,P1343,Q101314624
Q217451,P31,Q4167410
Q217451,P460,Q4047106
Q217425,P31,Q4167410
Q217425,P1889,Q16873674
Q217425,P460,Q21081127
Q217425,P31,Q4167410
Q217425,P1889,Q16873674
Q217425,P460,Q21081127
Q362310,P31,Q4167410
Q362310,P1889,Q37499357
Q362310,P460,Q450164
Q362310,P1343,Q2657718
Q45045,P910,Q8745722
Q45045,P361,Q21198
Q45045,P361,Q413
Q45045,P361,Q11023
Q45045,P366,Q1408487
Q45045,P366,Q815820
Q45045,P366,Q117801
Q45045,P366,Q2310303
Q45045,P1343,Q2041543
Q45045,P279,Q3249551
Q45045,P279,Q486902
Q45045,P279,Q101965
Q45045,P279,Q6888384
Q45045,P461,Q1293220
Q45045,P1889,Q4114622
Q102047,P279,Q62155
Q102047,P910,Q8824006
Q102047,P1889,Q54790457
Q102047,P461,Q134830
Q1430192,P279,Q136822
Q1430192,P279,Q3401687
Q39297,P910,Q8175902
Q39297,P1343,Q2657718
Q39297,P1343,Q26711932
Q39297,P1343,Q602358
Q39297,P1343,Q19180675
Q39297,P1343,Q602358
Q39297,P1343,Q602358
Q39297,P1343,Q19190511
Q39297,P1343,Q90137277
Q39297,P279,Q4330556
Q39297,P279,Q30337763
Q39297,P279,Q3386703
Q39297,P279,Q181175
Q39297,P279,Q107715
Q39297,P1963,P1181
Q39297,P1687,P2234
Q39297,P4934,Q73454785
Q39297,P4934,Q73454785
Q39297,P4934,Q73454785
Q39297,P8111,Q25517
Q39297,P8111,Q11582
Q656720,P279,Q811979
Q656720,P279,Q628858
Q656720,P279,Q12144897
Q656720,P910,Q9183969
Q656720,P31,Q13226383
Q656720,P1889,Q2111762
Q13725110,P31,Q4167410
Q405232,P31,Q4167410
Q466707,P910,Q6486940
Q466707,P31,Q29028649
Q466707,P31,Q64513524
Q466707,P31,Q84475169
Q466707,P279,Q878143
Q466707,P460,Q3880991
Q466707,P1382,Q21189091
Q5720030,P279,Q4026292
Q5720030,P279,Q593289
Q5720030,P527,Q210868
Q5720030,P527,Q208163
Q5720030,P361,Q160402
Q5720030,P3113,Q380962
Q5720030,P3113,Q1058791
Q1033394,P31,Q4167410
Q1033394,P1889,Q19818110
Q1033394,P1889,Q21450552
Q1038886,P31,Q4167410
Q1038886,P910,Q6176702
Q224225,P31,Q4167410
Q224225,P1889,Q16280961
Q224225,P1889,Q1646493
Q224225,P460,Q12302688
Q224225,P460,Q16860149
Q224225,P460,Q406457
Q224225,P460,Q401406
Q224225,P460,Q406192
Q224225,P460,Q832635
Q224225,P460,Q29436981
Q21494008,P31,Q101352
Q21494008,P1889,Q2296458
Q21494008,P282,Q8229
Q139918,P17,Q664
Q139918,P131,Q664
Q139918,P31,Q216712
Q139918,P910,Q8172757
Q139918,P1464,Q26834317
Q139918,P1465,Q26834333
Q139918,P36,Q200028
Q139918,P1792,Q8755309
Q139918,P6,Q30032084
Q139918,P1313,Q30032174
Q139918,P421,Q7105
Q139918,P47,Q726917
Q139918,P47,Q140207
Q139918,P47,Q139907
Q139918,P47,Q2192924
Q139918,P47,Q251825
Q139918,P150,Q2305865
Q139918,P150,Q1589865
Q139918,P150,Q1973593
Q139918,P150,Q974296
Q139918,P150,Q200028
Q139918,P150,Q1760796
Q139918,P150,Q24490507
Q139918,P150,Q1760808
Q139918,P150,Q1210773
Q139918,P150,Q2644349
Q139918,P150,Q15059492
Q139918,P797,Q84773951
Q204,P31,Q245102
Q204,P31,Q47371099
Q204,P31,Q12503
Q204,P31,Q13366104
Q204,P31,Q28920052
Q204,P31,Q30027695
Q204,P31,Q2313686
Q204,P31,Q47577
Q204,P31,Q2767837
Q204,P910,Q7154741
Q204,P460,Q217675
Q204,P1889,Q30027695
Q204,P1889,Q47342419
Q204,P1889,Q214604
Q204,P1889,Q9941
Q204,P1889,Q17278
Q204,P1889,Q28469710
Q204,P1889,Q294219
Q204,P1889,Q203
Q204,P1889,Q340734
Q204,P361,Q47342419
Q204,P461,Q204
Q204,P461,Q205
Q204,P1343,Q2041543
Q27794352,P31,Q4167410
Q4645184,P31,Q4167410
Q232832,P31,Q4167410
Q100047,P910,Q8248689
Q100047,P2959,Q12715455
Q100047,P287,Q208305
Q100047,P306,Q380526
Q100047,P279,Q473708
Q100047,P279,Q16338
Q100047,P127,Q21842980
Q100047,P176,Q208305
Q100047,P17,Q30
Q100047,P880,Q667808
Q100047,P31,Q10929058
Q493293,P1533,Q18178965
Q493293,P31,Q3409032
Q493293,P460,Q13627273
Q493293,P460,Q18177321
Q493293,P460,Q18177306
Q493293,P1750,Q2699
Q493293,P1750,Q2689
Q493293,P527,Q18177306
Q493293,P527,Q18177321
Q493293,P407,Q1321
Q493293,P407,Q652
Q493293,P407,Q9067
Q493293,P407,Q7411
Q493293,P1889,Q196121
Q493293,P1889,Q18177306
Q493293,P282,Q8229
Q493293,P5323,Q21644845
Q493293,P1343,Q151
Q4764705,P31,Q4167410
Q4764705,P1889,Q37535536
Q16252522,P31,Q4167410
Q19826472,P31,Q12308941
Q19826472,P31,Q1130279
Q19826472,P1889,Q404608
Q19826472,P282,Q8229
Q19826472,P1533,Q37212943
Q19826472,P407,Q1860
Q19826472,P460,Q19767773
Q42490,P31,Q14406742
Q42490,P910,Q7485305
Q42490,P674,Q2445695
Q42490,P674,Q7620503
Q42490,P674,Q715597
Q42490,P674,Q1756333
Q42490,P674,Q2327711
Q42490,P674,Q3630531
Q42490,P674,Q1084219
Q42490,P674,Q1752911
Q42490,P674,Q582628
Q42490,P674,Q2082331
Q42490,P674,Q28464695
Q42490,P138,Q7620503
Q42490,P840,Q38060
Q42490,P495,Q142
Q42490,P6338,Q206685
Q42490,P1424,Q6689311
Q42490,P4969,Q748186
Q42490,P4969,Q1639118
Q42490,P1441,Q1168335
Q42490,P1441,Q747995
Q42490,P1441,Q742624
Q42490,P1441,Q1218477
Q42490,P123,Q1165843
Q42490,P50,Q192214
Q42490,P50,Q206685
Q42490,P1889,Q299157
Q42490,P2408,Q41937
Q2319007,P1889,Q2429260
Q2319007,P1889,Q56342668
Q2319007,P17,Q1747689
Q2319007,P31,Q8171
Q192027,P138,Q550192
Q192027,P31,Q21162604
Q192027,P31,Q82047057
Q192027,P111,Q11652
Q192027,P460,Q549389
Q192027,P1889,Q1000456
Q218166,P31,Q4167410
Q218166,P1889,Q21717764
Q1199566,P31,Q4167410
Q516508,P2579,Q16387
Q516508,P279,Q816826
Q41263,P279,Q43015
Q41263,P279,Q1416547
Q41263,P910,Q7205760
Q41263,P1343,Q2657718
Q41263,P1687,P2769
Q41263,P1552,Q605095
Q1002999,P31,Q4167410
Q332498,P31,Q902104
Q332498,P31,Q23002054
Q332498,P17,Q30
Q332498,P910,Q8312498
Q332498,P140,Q42504
Q332498,P2643,Q23334891
Q332498,P2643,Q23623479
Q332498,P2643,Q23662488
Q332498,P2643,Q23622707
Q332498,P2643,Q23662432
Q332498,P2643,Q23662765
Q332498,P112,Q203559
Q332498,P112,Q100303
Q332498,P159,Q23443
Q332498,P3876,Q7002488
Q332498,P463,Q4810036
Q332498,P463,Q647039
Q332498,P463,Q5059850
Q332498,P463,Q5137944
Q332498,P138,Q203559
Q332498,P355,Q45135399
Q332498,P355,Q45132614
Q332498,P4195,Q8312501
Q332498,P1056,Q7397
Q332498,P1830,Q907890
Q332498,P1830,Q3808696
Q332498,P1830,Q4836912
Q332498,P1830,Q4836918
Q332498,P1830,Q6326441
Q332498,P1830,Q6339489
Q332498,P1830,Q14711804
Q332498,P1830,Q16671341
Q332498,P131,Q23443
Q184793,P910,Q5926373
Q184793,P279,Q3249551
Q184793,P279,Q166142
Q184793,P31,Q1047113
Q184793,P361,Q21198
Q184793,P361,Q192521
Q184793,P361,Q11023
Q184793,P361,Q101333
Q184793,P460,Q3024621
Q184793,P2737,Q23766486
Q184793,P1889,Q188610
Q184793,P1365,Q120470
Q184793,P1365,Q1164918
Q495933,P279,Q15989253
Q495933,P279,Q223557
Q495933,P361,Q1153014
Q495933,P1889,Q219212
Q495933,P2789,Q13707
Q495933,P366,Q1150070
Q495933,P1552,Q752641
Q257413,P31,Q4167410
Q7982,P279,Q34467
Q7982,P279,Q1048236
Q7982,P279,Q386724
Q7982,P1889,Q432335
Q7982,P1889,Q34467
Q7982,P61,Q1189726
Q17689481,P31,Q12308941
Q17689481,P460,Q16274785
Q17689481,P460,Q16274784
Q17689481,P460,Q17688662
Q17689481,P460,Q18195744
Q17689481,P460,Q15041096
Q17689481,P460,Q1084472
Q17689481,P460,Q20003567
Q17689481,P460,Q18220000
Q17689481,P460,Q18195732
Q17689481,P460,Q18195737
Q17689481,P460,Q18195748
Q17689481,P460,Q23925093
Q17689481,P460,Q6437723
Q17689481,P460,Q23893298
Q17689481,P460,Q1084384
Q17689481,P460,Q1789415
Q17689481,P460,Q1770777
Q17689481,P460,Q21142979
Q17689481,P460,Q21285948
Q17689481,P460,Q23309284
Q17689481,P460,Q23498037
Q17689481,P460,Q24033449
Q17689481,P460,Q28933714
Q17689481,P460,Q40208787
Q17689481,P460,Q83187929
Q17689481,P1533,Q17689461
Q17689481,P1889,Q1084444
Q17689481,P282,Q8229
Q256840,P31,Q4167410
Q256840,P1889,Q16747223
Q256840,P1889,Q2980412
Q47506,P279,Q1077784
Q47506,P279,Q4117406
Q47506,P31,Q17155032
Q47506,P910,Q7216541
Q47506,P461,Q913697
Q47506,P1056,Q157965
Q47506,P2283,Q128751
Q47506,P366,Q56248166
Q12525525,P279,Q622821
Q179310,P910,Q5330456
Q179310,P5125,Q7112592
Q179310,P279,Q1914636
Q179310,P279,Q3958441
Q179310,P279,Q11016
Q179310,P2579,Q538722
Q179310,P1889,Q68
Q179310,P1552,Q241317
Q1129031,P31,Q4167410
Q1129741,P31,Q4167410
Q1129741,P1889,Q37518074
Q399555,P31,Q4167410
Q1297822,P279,Q336286
Q1297822,P279,Q8799101
Q1297822,P31,Q2135465
Q1297822,P31,Q1146011
Q1297822,P910,Q8418710
Q1297822,P1552,Q2199864
Q1297822,P2184,Q1517530
Q1297822,P527,Q29562412
Q1297822,P527,Q2857297
Q1297822,P527,Q12058576
Q1297822,P527,Q29562293
Q1297822,P527,Q1285253
Q1297822,P1889,Q38746
Q1297822,P1889,Q17987556
Q1297822,P1269,Q131257
Q1297822,P361,Q38746
Q1297822,P1343,Q602358
Q1297822,P1343,Q4532138
Q1297822,P1343,Q3181656
Q1297822,P1365,Q11569983
Q407366,P31,Q4167410
Q53121,P1151,Q8210238
Q53121,P910,Q7517245
Q53121,P279,Q1914636
Q53121,P279,Q31629
Q53121,P279,Q334166
Q53121,P279,Q79782
Q53121,P618,Q20984829
Q53121,P2283,Q11442
Q53121,P1889,Q2215841
Q53121,P3095,Q2125610
Q53121,P6104,Q11755824
Q53121,P1424,Q7745571
Q5227290,P31,Q82753
Q1152931,P31,Q67080166
Q1152931,P178,Q690079
Q98447384,P31,Q58408484
Q98447384,P360,Q5
Q98447384,P360,Q5
Q98447384,P360,Q5
Q224380,P31,Q4167410
Q224380,P1889,Q37126809
Q23296735,P31,Q101352
Q23296735,P1889,Q347114
Q23296735,P282,Q8229
Q23296735,P460,Q95149395
Q23296735,P460,Q21493424
Q1208356,P31,Q4167410
Q1208356,P1889,Q19902200
Q163214,P910,Q7015949
Q163214,P1343,Q678259
Q163214,P1343,Q2657718
Q163214,P279,Q679643
Q163214,P31,Q214070
Q163214,P2579,Q11473
Q163214,P910,Q7015949
Q163214,P1343,Q678259
Q163214,P1343,Q2657718
Q163214,P279,Q679643
Q163214,P31,Q214070
Q163214,P2579,Q11473
Q1296184,P31,Q4167410
Q232862,P31,Q4167410
Q232862,P1889,Q37433385
Q1459069,P366,Q248382
Q224299,P31,Q4167410
Q7126717,P461,Q7126699
Q7126717,P31,Q151885
Q7126717,P279,Q1724915
Q7126717,P361,Q7406919
Q7126717,P1687,P4945
Q182767,P138,Q207368
Q182767,P1343,Q2657718
Q182767,P1343,Q602358
Q182767,P1343,Q63284758
Q182767,P279,Q165939
Q182767,P1889,Q2804080
Q17069120,P17,Q30
Q6667893,P279,Q3244549
Q6667893,P279,Q15731071
Q6667893,P279,Q28020127
Q6667893,P527,Q10857997
Q6667893,P910,Q8419338
Q6667893,P31,Q989255
Q6667893,P1080,Q81738
Q6667893,P1889,Q10857997
Q161935,P31,Q4167410
Q161935,P1889,Q37217163
Q23240,P131,Q48006
Q23240,P131,Q21
Q23240,P31,Q180673
Q23240,P17,Q145
Q23240,P421,Q6574
Q23240,P910,Q7214958
Q23240,P1464,Q8080300
Q23240,P47,Q3410
Q23240,P47,Q23112
Q23240,P47,Q23111
Q23240,P47,Q23298
Q23240,P47,Q23306
Q23240,P1465,Q9677421
Q23240,P1740,Q17273594
Q23240,P1792,Q7116049
Q23240,P150,Q1549155
Q23240,P150,Q21487155
Q23240,P150,Q21272241
Q23240,P1343,Q19180675
Q23240,P1343,Q602358
Q23240,P1343,Q63284758
Q23240,P1343,Q4532138
Q23240,P1343,Q3181656
Q23240,P36,Q210985
Q23240,P1791,Q8328584
Q23240,P1889,Q21272241
Q23240,P1889,Q67442940
Q23240,P7867,Q84080592
Q23240,P7959,Q67442940
Q23240,P8744,Q100863839
Q356967,P31,Q4167410
Q1384954,P31,Q4167410
Q407998,P31,Q4167410
Q240957,P31,Q4167410
Q506,P279,Q24060707
Q506,P910,Q6518894
Q506,P910,Q8910141
Q506,P366,Q2725616
Q506,P2079,Q48803
Q506,P361,Q220869
Q506,P361,Q156428
Q506,P527,Q588964
Q506,P527,Q512249
Q506,P527,Q504930
Q506,P1889,Q886167
Q506,P5008,Q5460604
Q506,P1343,Q602358
Q506,P1343,Q19180675
Q506,P1343,Q4173137
Q506,P1343,Q1768721
Q4868296,P361,Q17451
Q4868296,P910,Q28467800
Q4868296,P1889,Q29149990
Q4868296,P1889,Q17451
Q4868296,P1889,Q1147633
Q4868296,P1889,Q184766
Q4868296,P1424,Q12423690
Q4868296,P279,Q386724
Q4868296,P527,Q36975
Q4868296,P1343,Q63284758
Q1440655,P31,Q131212
Q1440655,P366,Q188610
Q1440655,P178,Q11463
Q1440655,P1072,Q1886335
Q1440655,P1072,Q47489943
Q1440655,P1072,Q47489952
Q1440655,P1072,Q47489957
Q1440655,P1072,Q47489989
Q1440655,P1072,Q47489995
Q1440655,P1072,Q47490002
Q1440655,P1072,Q47490016
Q1440655,P1072,Q48801518
Q1440655,P1072,Q61739757
Q1440655,P1072,Q28600767
Q1440655,P1072,Q66210170
Q1440655,P1073,Q1886335
Q1440655,P1073,Q47489943
Q1440655,P1073,Q47489952
Q1440655,P1073,Q47489957
Q1440655,P1073,Q47489989
Q1440655,P1073,Q47489995
Q1440655,P1073,Q47490002
Q1440655,P1073,Q47490016
Q1440655,P1073,Q28600767
Q1440655,P1073,Q66210170
Q1440655,P751,Q42214913
Q1440655,P277,Q15777
Q5532546,P31,Q4167410
Q257494,P31,Q4167410
Q405253,P31,Q4167410
Q405253,P1889,Q16276026
Q16246919,P910,Q6250532
Q1569447,P31,Q4022
Q1569447,P17,Q142
Q1569447,P17,Q31
Q1569447,P403,Q37620
Q1569447,P4614,Q2887577
Q1569447,P974,Q2129322
Q1569447,P974,Q2683350
Q1569447,P974,Q3139167
Q170486,P910,Q7330588
Q170486,P279,Q191768
Q170486,P279,Q10426
Q170486,P279,Q28100020
Q170486,P279,Q81621279
Q170486,P31,Q25403900
Q170486,P460,Q10381127
Q170486,P527,Q78787699
Q1372201,P31,Q4167410
Q21450412,P31,Q101352
Q21450412,P1889,Q1627077
Q21450412,P282,Q8229
Q21450412,P1552,Q89410507
Q351800,P31,Q4167410
Q4817665,P1343,Q2657718
Q4817665,P31,Q560311
Q4817665,P1889,Q860959
Q4817665,P1056,Q860959
Q1146208,P31,Q31855
Q1146208,P452,Q21198
Q1146208,P452,Q4917288
Q1146208,P452,Q3181395
Q1146208,P452,Q189900
Q1146208,P452,Q3510521
Q1146208,P17,Q142
Q1146208,P463,Q13577039
Q1146208,P463,Q2817251
Q1146208,P463,Q2994760
Q1146208,P463,Q37033
Q1146208,P463,Q3456896
Q1146208,P355,Q3152091
Q1146208,P355,Q30299480
Q1146208,P355,Q30299481
Q1146208,P355,Q30299482
Q1146208,P355,Q30299483
Q1146208,P355,Q30299484
Q1146208,P355,Q18156000
Q1146208,P355,Q30299486
Q1146208,P355,Q30261377
Q1146208,P355,Q16008922
Q1146208,P355,Q30261473
Q1146208,P355,Q3214404
Q1146208,P355,Q3214499
Q1146208,P355,Q3214442
Q1146208,P355,Q3214422
Q1146208,P355,Q30261605
Q1146208,P355,Q30262162
Q1146208,P355,Q3214460
Q1146208,P355,Q30262288
Q1146208,P355,Q3214464
Q1146208,P355,Q3214369
Q1146208,P355,Q3214388
Q1146208,P355,Q3402795
Q1146208,P355,Q30262429
Q1146208,P355,Q30262468
Q1146208,P355,Q3214481
Q1146208,P355,Q30262530
Q1146208,P355,Q3214420
Q1146208,P355,Q30274352
Q1146208,P355,Q30274369
Q1146208,P355,Q33122106
Q1146208,P355,Q30261617
Q1146208,P159,Q237281
Q1146208,P1454,Q13582798
Q1146208,P488,Q982534
Q1146208,P488,Q2636365
Q1146208,P488,Q2898180
Q1146208,P488,Q16889632
Q1146208,P488,Q1651791
Q1146208,P488,Q16889632
Q1146208,P488,Q16889632
Q1146208,P488,Q18155976
Q1146208,P488,Q56714695
Q187631,P910,Q8551789
Q187631,P279,Q8366
Q187631,P1343,Q4208106
Q187631,P31,Q486902
Q187631,P1889,Q27058
Q17141489,P31,Q24034552
Q17141489,P279,Q3884033
Q17141489,P2579,Q15176852
Q23442,P279,Q271669
Q23442,P279,Q205895
Q23442,P910,Q6394918
Q23442,P1343,Q678259
Q23442,P1343,Q2657718
Q23442,P1343,Q19190511
Q23442,P1424,Q5616685
Q23442,P1963,P206
Q23442,P1963,P1082
Q23442,P1963,P625
Q23442,P1963,P17
Q23442,P1963,P131
Q23442,P1963,P2046
Q23442,P1963,P2547
Q23442,P1963,P610
Q23442,P1963,P1332
Q23442,P1963,P1333
Q23442,P1963,P1334
Q23442,P1963,P1335
Q23442,P6186,Q6964108
Q23442,P5869,Q26248884
Q582096,P1343,Q678259
Q582096,P1343,Q2657718
Q582096,P31,Q4164871
Q503958,P279,Q13397636
Q503958,P279,Q1138737
Q503958,P910,Q8819016
Q503958,P527,Q1138737
Q503958,P527,Q1144084
Q503958,P366,Q3577509
Q107425,P279,Q1496967
Q107425,P910,Q7143080
Q107425,P527,Q1529874
Q107425,P527,Q271669
Q107425,P1889,Q1200511
Q254549,P31,Q4167410
Q254549,P1889,Q37557616
Q79719,P279,Q93288
Q79719,P279,Q3312801
Q79719,P910,Q7020897
Q79719,P1687,P275
Q79719,P1889,Q47530706
Q79719,P279,Q93288
Q79719,P279,Q3312801
Q79719,P910,Q7020897
Q79719,P1687,P275
Q79719,P1889,Q47530706
Q857341,P31,Q229371
Q857341,P178,Q3875172
Q857341,P1414,Q201904
Q857341,P366,Q189177
Q857341,P306,Q380526
Q857341,P1072,Q28770329
Q857341,P1072,Q28975824
Q857341,P1072,Q28770330
Q527892,P1343,Q678259
Q527892,P1995,Q7867
Q527892,P279,Q1087232
Q527892,P279,Q4133283
Q527892,P1889,Q132874
Q1864932,P31,Q4167410
Q1864976,P31,Q7397
Q1864976,P31,Q63067479
Q1864976,P178,Q55936470
Q1864976,P366,Q304863
Q1654549,P31,Q4167410
Q224102,P31,Q4167410
Q224102,P460,Q6731064
Q224102,P460,Q525178
Q224102,P460,Q400174
Q224102,P460,Q60632270
Q224102,P460,Q60632297
Q224102,P460,Q60632353
Q224102,P460,Q9368931
Q224102,P1889,Q37122004
Q224102,P1889,Q60632227
Q224102,P1889,Q11766161
Q224102,P1889,Q51885857
Q858784,P279,Q6619802
Q858784,P910,Q8039414
Q858784,P1889,Q5806
Q858784,P137,Q76831610
Q35197,P910,Q7215857
Q35197,P279,Q65037298
Q35197,P366,Q2703478
Q35197,P460,Q30147434
Q35197,P1343,Q4086271
Q35197,P1343,Q1970746
Q35197,P1343,Q602358
Q35197,P1343,Q19180675
Q35197,P1343,Q602358
Q35197,P1343,Q1768721
Q35197,P527,Q3514037
Q35197,P527,Q11469
Q35197,P1889,Q59152595
Q1291300,P31,Q4167410
Q568742,P910,Q9828820
Q568742,P31,Q4485156
Q568742,P1889,Q23442766
Q568742,P361,Q189177
Q568742,P2283,Q12121859
Q568742,P1056,Q47034631
Q568742,P279,Q1116876
Q3859815,P366,Q336
Q3859815,P366,Q128570
Q3859815,P366,Q899656
Q3859815,P31,Q7397
Q3859815,P178,Q1061104
Q3859815,P306,Q1406
Q3859815,P306,Q14116
Q3859815,P306,Q3251801
Q3859815,P306,Q11368
Q6889353,P31,Q4167410
Q6889353,P1343,Q2041543
Q157119,P31,Q4167410
Q157119,P1889,Q39089758
Q157119,P1889,Q6900493
Q157119,P910,Q8168603
Q224501,P31,Q4167410
Q224501,P1889,Q37510125
Q361259,P31,Q4167410
Q277034,P31,Q188860
Q277034,P277,Q83303
Q277034,P366,Q336
Q277034,P6216,Q19652
Q74695481,P460,Q20830171
Q74695481,P460,Q17518680
Q74695481,P460,Q18066632
Q74695481,P460,Q18066619
Q74695481,P460,Q97619413
Q74695481,P460,Q3341832
Q74695481,P460,Q1496652
Q74695481,P460,Q97656583
Q74695481,P31,Q12308941
Q74695481,P282,Q8216
Q74695481,P1750,Q2303
Q74695481,P407,Q9129
Q2128997,P31,Q4167410
Q7063001,P910,Q9596634
Q7063001,P361,Q30216
Q7063001,P279,Q327197
Q734737,P31,Q486902
Q734737,P366,Q7600677
Q2045670,P31,Q4167410
Q11629,P910,Q5898147
Q11629,P279,Q36649
Q11629,P279,Q1914636
Q11629,P31,Q1799072
Q11629,P31,Q56055944
Q11629,P1151,Q19369129
Q11629,P1056,Q3305213
Q11629,P3095,Q1028181
Q11629,P5008,Q5460604
Q11629,P1889,Q3305213
Q11629,P1889,Q93184
Q11629,P1343,Q1768721
Q161157,P279,Q8171
Q161157,P279,Q212108
Q161157,P279,Q3702971
Q161157,P1343,Q2041543
Q161157,P1343,Q47482102
Q161157,P1889,Q21436935
Q227723,P31,Q4167410
Q227723,P1889,Q36877186
Q2095549,P31,Q28640
Q2095549,P425,Q765633
Q2095549,P910,Q6997179
Q2095549,P279,Q373021
Q2095549,P279,Q254651
Q2095549,P279,Q23640580
Q2095549,P6186,Q30678637
Q182972,P31,Q4167410
Q182972,P1889,Q37205557
Q77435388,P31,Q4167410
Q77435388,P460,Q347358
Q77435388,P460,Q77435777
Q77435388,P460,Q77436047
Q1416611,P31,Q16335296
Q1416611,P31,Q12737077
Q1416611,P31,Q4164871
Q1416611,P279,Q599151
Q1416611,P279,Q703534
Q1416611,P910,Q10139870
Q1416611,P1889,Q50118159
Q2516951,P910,Q7011191
Q2516951,P279,Q39809
Q207977,P366,Q101965
Q207977,P279,Q8205328
Q207977,P279,Q1003030
Q207977,P910,Q9543830
Q207977,P31,Q483394
Q207977,P1269,Q1395034
Q350348,P31,Q4167410
Q350348,P1889,Q89692143
Q350348,P1889,Q64166357
Q193309,P31,Q4167410
Q1244683,P31,Q4167410
Q1244683,P1889,Q224047
Q1411145,P279,Q107715
Q1411145,P1343,Q80232369
Q1411145,P4934,Q1253365
Q1411145,P4934,Q11500
Q1411145,P4934,Q1357788
Q1411145,P8111,Q69429226
Q1411145,P1889,Q101434718
Q1411145,P1889,Q27649052
Q619942,P279,Q8366
Q619942,P361,Q150971
Q619942,P910,Q18698754
Q619942,P1889,Q72948
Q3422023,P31,Q4167410
Q446256,P31,Q4167410
Q1901582,P31,Q4167410
Q1901582,P1889,Q37159650
Q3774569,P31,Q4167410
Q19927842,P31,Q4167410
Q139956,P31,Q4167410
Q139956,P1889,Q37100921
Q1270976,P31,Q101352
Q1270976,P1889,Q1239348
Q1270976,P282,Q8229
Q1270976,P1552,Q89410507
Q387444,P31,Q4167410
Q387444,P1889,Q37293376
Q387444,P460,Q784399
Q2260509,P31,Q4167410
Q2260509,P1889,Q21475295
Q11456,P361,Q175805
Q11456,P910,Q7469147
Q11456,P910,Q5637613
Q11456,P279,Q214609
Q11456,P1343,Q2657718
Q11456,P5008,Q5460604
Q360590,P31,Q4167410
Q360590,P460,Q636679
Q360590,P1343,Q2041543
Q261636,P910,Q8730180
Q261636,P279,Q17537576
Q261636,P1687,P5940
Q3959179,P31,Q235557
Q3959179,P1889,Q942770
Q3959179,P178,Q92622
Q7512976,P31,Q4167410
Q308841,P910,Q9468020
Q308841,P31,Q55983715
Q308841,P1889,Q4867740
Q308841,P279,Q4867740
Q308841,P1343,Q1768721
Q11438,P279,Q35758
Q11438,P279,Q4437984
Q11438,P910,Q6983719
Q11438,P1557,Q29115074
Q11438,P1889,Q937946
Q11438,P1889,Q223557
Q11438,P5008,Q5460604
Q11438,P31,Q15831576
Q11438,P31,Q11430
Q11438,P2579,Q715396
Q11438,P2579,Q1080293
Q365512,P31,Q4167410
Q12507,P279,Q208395
Q12507,P279,Q211548
Q12507,P279,Q30092280
Q12507,P279,Q875399
Q12507,P279,Q4751134
Q12507,P279,Q22808481
Q12507,P279,Q306610
Q12507,P279,Q484298
Q12507,P910,Q8791351
Q12507,P1552,Q39297
Q12507,P1552,Q11500
Q12507,P1889,Q838611
Q12507,P527,Q173817
Q12507,P156,Q2274197
Q12507,P156,Q12510
Q12507,P155,Q17278
Q12507,P4330,Q64851287
Q12507,P460,Q16216461
Q12507,P460,Q78349860
Q12507,P460,Q825857
Q7578568,P31,Q4167410
Q34678,P910,Q8817864
Q34678,P1343,Q2657718
Q34678,P31,Q4650799
Q34678,P2283,Q765652
Q34678,P1889,Q5315894
Q1436130,P279,Q834028
Q1436130,P2670,Q2461178
Q1436130,P2670,Q607569
Q1436130,P2670,Q987767
Q1436130,P366,Q101017
Q43006303,P279,Q815823
Q43006303,P460,Q322948
Q43006303,P460,Q4054833
Q43006303,P366,Q26674207
Q58778,P910,Q6642953
Q58778,P1343,Q2657718
Q58778,P279,Q6671777
Q58778,P1552,Q7663702
Q58778,P1552,Q215772
Q58778,P1552,Q2920644
Q58778,P1552,Q598451
Q58778,P1552,Q3298282
Q58778,P1552,Q183635
Q58778,P1552,Q96116695
Q58778,P1552,Q723897
Q58778,P1552,Q1062741
Q58778,P1552,Q52948
Q58778,P2579,Q269699
Q58778,P2579,Q123637
Q58778,P2579,Q2167061
Q58778,P2579,Q682496
Q58778,P31,Q96251598
Q58778,P2670,Q2400845
Q58778,P2670,Q1310239
Q58778,P2670,Q1151067
Q40754,P279,Q164307
Q40754,P910,Q15707581
Q40754,P31,Q24034552
Q40754,P913,Q10764194
Q40754,P461,Q32043
Q40754,P1542,Q29896155
Q40754,P527,Q11936853
Q40754,P527,Q14803656
Q40754,P1343,Q20078554
Q188509,P31,Q15700808
Q188509,P279,Q486972
Q188509,P910,Q8823623
Q188509,P1343,Q4532138
Q163829,P910,Q6460913
Q163829,P279,Q1327500
Q163829,P1552,Q19716577
Q163829,P1424,Q14385351
Q163829,P1889,Q1136507
Q327353,P425,Q15563228
Q327353,P1889,Q680296
Q327353,P1889,Q255063
Q327353,P31,Q28640
Q327353,P279,Q5157565
Q5288,P31,Q187432
Q5288,P31,Q28922885
Q5288,P31,Q899523
Q5288,P31,Q12772052
Q5288,P31,Q1993334
Q5288,P178,Q92636
Q5288,P910,Q6344943
Q5288,P737,Q213970
Q5288,P737,Q132874
Q5288,P287,Q92636
Q5288,P275,Q191307
Q5288,P3966,Q4306983
Q5288,P3966,Q79872
Q5288,P3966,Q1418502
Q5288,P1889,Q50829121
Q37226,P425,Q352842
Q37226,P425,Q8434
Q37226,P31,Q28640
Q37226,P31,Q12737077
Q37226,P31,Q4164871
Q37226,P279,Q974144
Q37226,P279,Q702269
Q37226,P910,Q7014389
Q37226,P1343,Q2041543
Q37226,P1343,Q19180675
Q37226,P1343,Q602358
Q37226,P1889,Q1231865
Q37226,P1889,Q1622272
Q37226,P1889,Q15966880
Q37226,P461,Q11448873
Q37226,P461,Q253567
Q37226,P461,Q48282
Q37226,P1687,P1066
Q37226,P6186,Q59576065
Q245005,P279,Q835420
Q245005,P279,Q60310748
Q245005,P910,Q8832924
Q245005,P4330,Q6097
Q245005,P4330,Q32022234
Q354582,P31,Q4167410
Q4213,P279,Q1751850
Q4213,P279,Q751997
Q4213,P279,Q3099911
Q4213,P910,Q7010353
Q4213,P527,Q768575
Q4213,P31,Q14208553
Q4213,P1424,Q6364603
Q4213,P2184,Q2530956
Q4213,P61,Q76468
Q4213,P3095,Q66060315
Q4213,P1343,Q602358
Q4213,P2789,Q1205231
Q347093,P31,Q4167410
Q347093,P1889,Q37463398
Q83790,P279,Q1063801
Q83790,P279,Q1348645
Q83790,P279,Q92257259
Q83790,P279,Q98149704
Q83790,P910,Q8791224
Q83790,P1343,Q2657718
Q83790,P31,Q223393
Q83790,P361,Q27801
Q1495398,P31,Q4167410
Q1495398,P1889,Q83439044
Q42989,P910,Q7217333
Q42989,P361,Q395
Q42989,P31,Q1936384
Q42989,P1424,Q13561427
Q42989,P3095,Q18663426
Q42989,P2578,Q179899
Q42989,P1889,Q18786106
Q42989,P1889,Q134435
Q447106,P31,Q4167410
Q447106,P1889,Q37559619
Q447106,P460,Q29508245
Q7841183,P264,Q2016567
Q7841183,P31,Q482994
Q7841183,P175,Q2019953
Q7841183,P155,Q5422165
Q7841183,P136,Q205560
Q7434,P279,Q11460
Q7434,P910,Q8864767
Q7434,P1889,Q208650
Q7434,P461,Q10310064
Q920419,P279,Q3249551
Q920419,P1889,Q393216
Q920419,P461,Q1253258
Q4917,P489,Q11110
Q4917,P31,Q756202
Q4917,P31,Q8142
Q4917,P562,Q53536
Q4917,P17,Q30
Q4917,P910,Q7615759
Q4917,P279,Q14083
Q4917,P5008,Q5460604
Q4917,P1889,Q11110
Q4917,P176,Q1010519
Q4917,P1001,Q30
Q4917,P1365,Q911562
Q4917,P1365,Q5253462
Q4917,P1365,Q7008374
Q4917,P1365,Q7009567
Q4917,P1365,Q7566716
Q4917,P1365,Q16977837
Q278368,P1889,Q258567
Q278368,P1889,Q3604202
Q278368,P2283,Q3604202
Q2624253,P31,Q13406463
Q2624253,P361,Q55935597
Q2624253,P31,Q13406463
Q2624253,P361,Q55935597
Q243026,P31,Q4167410
Q243026,P1889,Q16429833
Q243026,P1889,Q27987035
Q243026,P460,Q28656836
Q10686316,P910,Q9502125
Q10686316,P1995,Q189553
Q10686316,P1995,Q83042
Q10686316,P1343,Q2657718
Q10686316,P279,Q1441305
Q10686316,P279,Q10916362
Q56249803,P31,Q5
Q56249803,P21,Q6581097
Q56249803,P735,Q18857387
Q5377422,P31,Q200538
Q797551,P279,Q1864008
Q797551,P460,Q1225803
Q6537379,P279,Q2535935
Q6537379,P279,Q349
Q6537379,P279,Q184872
Q6537379,P279,Q219067
Q6537379,P910,Q8141190
Q6537379,P2283,Q133105
Q6537379,P31,Q451967
Q6537379,P1889,Q202391
Q461533,P361,Q37172
Q461533,P31,Q413
Q217973,P31,Q4167410
Q217973,P1889,Q18552466
Q217973,P1889,Q1645480
Q2585588,P31,Q4167410
Q136206,P31,Q4167410
Q220292,P31,Q4167410
Q220292,P1889,Q47015970
Q220292,P1889,Q1930415
Q213689,P31,Q4167410
Q341950,P31,Q4167410
Q420708,P31,Q4167410
Q255826,P31,Q4167410
Q2840513,P31,Q4167410
Q4751087,P31,Q4167410
Q6434802,P279,Q20204151
Q6434802,P1269,Q14620
Q6434802,P366,Q57699905
Q6434802,P1343,Q602358
Q6434802,P1889,Q20820337
Q55660065,P31,Q4167410
Q55660065,P460,Q231515
Q366378,P31,Q4167410
Q660017,P131,Q1369280
Q660017,P17,Q145
Q660017,P31,Q532
Q660017,P31,Q1115575
Q660017,P206,Q19682
Q660017,P7959,Q67508687
Q202785,P279,Q15088658
Q202785,P279,Q1949963
Q202785,P279,Q734219
Q202785,P1269,Q12483
Q202785,P460,Q734219
Q354973,P31,Q4167410
Q354973,P1889,Q25392421
Q354973,P1889,Q67552091
Q354973,P460,Q98482095
Q354973,P460,Q6472414
Q66793616,P31,Q4167410
Q223870,P31,Q4167410
Q223870,P1889,Q21079699
Q223870,P1889,Q16479912
Q412490,P31,Q4167410
Q412490,P1889,Q548770
Q683365,P31,Q4167410
Q683365,P1889,Q15789303
Q683365,P1889,Q79557491
Q247038,P31,Q4167410
Q247038,P1889,Q16275068
Q247038,P1889,Q14915266
Q221656,P31,Q1139554
Q221656,P31,Q1924249
Q221656,P361,Q162668
Q221656,P461,Q204170
Q221656,P1889,Q19426
Q221656,P1889,Q1079524
Q221656,P279,Q68535882
Q614467,P279,Q2578402
Q614467,P527,Q200266
Q614467,P366,Q11629
Q614467,P366,Q999981
Q614467,P366,Q17200001
Q614467,P366,Q2009662
Q614467,P2670,Q894231
Q614467,P1889,Q37326305
Q736777,P31,Q1799072
Q736777,P31,Q151885
Q736777,P1343,Q2657718
Q736777,P279,Q3249551
Q419258,P31,Q4167410
Q15328,P1889,Q18180969
Q15328,P279,Q1751850
Q15328,P527,Q192234
Q15328,P527,Q4410572
Q15328,P527,Q209871
Q15328,P1382,Q313600
Q15328,P1382,Q313614
Q15328,P1424,Q5913742
Q15328,P910,Q7216063
Q15328,P1963,P2033
Q1196645,P31,Q231002
Q1196645,P31,Q81058955
Q1196645,P31,Q22947
Q1196645,P31,Q33829
Q1196645,P910,Q6994944
Q1196645,P1343,Q2657718
Q1196645,P17,Q16
Q1196645,P276,Q16
Q1196645,P279,Q96158230
Q1196645,P279,Q2472587
Q1196645,P279,Q215627
Q1196645,P279,Q2384959
Q1196645,P27,Q16
Q1196645,P495,Q16
Q1196645,P131,Q16
Q1196645,P138,Q16
Q1196645,P1412,Q1860
Q1196645,P1412,Q150
Q1196645,P103,Q1860
Q1196645,P103,Q150
Q1196645,P5008,Q98970039
Q438762,P31,Q4167410
Q246380,P31,Q4167410
Q577964,P17,Q30
Q577964,P31,Q1093829
Q577964,P910,Q8355297
Q577964,P131,Q110187
Q577964,P1464,Q8079344
Q577964,P1465,Q17255478
Q577964,P1792,Q7933181
Q577964,P421,Q5385
Q577964,P421,Q5390
Q1744625,P31,Q4167410
Q1744625,P1889,Q13582682
Q1744625,P1889,Q5962346
Q1744625,P460,Q14829594
Q5135431,P31,Q4167410
Q343388,P31,Q4167410
Q227890,P31,Q4167410
Q5159367,P31,Q4167410
Q1127460,P31,Q4167410
Q1127460,P1889,Q37128600
Q1173877,P31,Q4167410
Q210857,P361,Q190549
Q210857,P361,Q876215
Q210857,P31,Q164307
Q210857,P31,Q877802
Q210857,P461,Q1183700
Q1156791,P910,Q9042742
Q1156791,P279,Q17281278
Q1156791,P279,Q3249551
Q1156791,P1535,Q464666
Q1156791,P1535,Q130996
Q1156791,P1542,Q23013246
Q1156791,P461,Q23013250
Q247154,P910,Q9205402
Q247154,P279,Q37112258
Q247154,P279,Q622821
Q247154,P1542,Q11563
Q247154,P31,Q1924249
Q247154,P460,Q3044523
Q41487,P361,Q7748
Q41487,P279,Q895526
Q41487,P279,Q1412224
Q41487,P910,Q7015676
Q41487,P1343,Q2657718
Q41487,P1343,Q2041543
Q41487,P1343,Q4086271
Q41487,P1424,Q10809999
Q41487,P1687,P4884
Q41487,P1889,Q7748
Q1391868,P279,Q1751850
Q362023,P31,Q4167410
Q601413,P910,Q9684997
Q601413,P279,Q180516
Q601413,P1889,Q634672
Q601413,P1889,Q665819
Q601413,P366,Q172899
Q601413,P1552,Q204170
Q845566,P910,Q8366860
Q845566,P279,Q2078905
Q845566,P361,Q80006
Q845566,P31,Q66747126
Q845566,P2283,Q193231
Q1183700,P461,Q210857
Q1183700,P31,Q3884033
Q52653,P31,Q4167410
Q82604,P279,Q1914636
Q82604,P910,Q6180258
Q82604,P1424,Q14403664
Q82604,P1542,Q41553020
Q82604,P460,Q1519454
Q82604,P5125,Q7112605
Q82604,P3095,Q5322166
Q82604,P31,Q1047113
Q82604,P1552,Q5253831
Q82604,P2579,Q5264373
Q852649,P17,Q30
Q852649,P31,Q167270
Q852649,P279,Q108766
Q852649,P176,Q80978
Q959962,P910,Q7022098
Q959962,P279,Q1027879
Q959962,P279,Q6504956
Q959962,P366,Q395
Q959962,P366,Q11023
Q959962,P366,Q21198
Q959962,P1687,P5555
Q959962,P460,Q28923
Q959962,P1889,Q843237
Q411292,P31,Q4167410
Q521200,P279,Q18534278
Q778384,P279,Q2990593
Q778384,P279,Q2150504
Q358711,P31,Q4167410
Q167799,P31,Q4167410
Q55414,P31,Q4167410
Q55414,P1889,Q51984269
Q9916,P27,Q30
Q9916,P39,Q11696
Q9916,P39,Q783785
Q9916,P39,Q1640949
Q9916,P39,Q1467287
Q9916,P19,Q534669
Q9916,P20,Q1473658
Q9916,P26,Q233686
Q9916,P40,Q5300213
Q9916,P40,Q538633
Q9916,P31,Q5
Q9916,P102,Q29468
Q9916,P69,Q9219
Q9916,P69,Q1115050
Q9916,P69,Q635078
Q9916,P910,Q8395334
Q9916,P166,Q757645
Q9916,P166,Q2990283
Q9916,P166,Q15042145
Q9916,P166,Q12177451
Q9916,P166,Q17200167
Q9916,P166,Q17231624
Q9916,P166,Q465316
Q9916,P166,Q2701827
Q9916,P166,Q1774648
Q9916,P166,Q6825751
Q9916,P166,Q13409491
Q9916,P166,Q2842905
Q9916,P166,Q1376304
Q9916,P166,Q2079534
Q9916,P166,Q4794320
Q9916,P166,Q2611552
Q9916,P166,Q2448945
Q9916,P166,Q22058319
Q9916,P166,Q20966518
Q9916,P166,Q976544
Q9916,P166,Q944955
Q9916,P166,Q15715257
Q9916,P166,Q93911
Q9916,P166,Q13398465
Q9916,P166,Q21292820
Q9916,P166,Q48915
Q9916,P166,Q7781991
Q9916,P166,Q28950956
Q9916,P166,Q258851
Q9916,P166,Q17132005
Q9916,P166,Q21405589
Q9916,P166,Q2297431
Q9916,P166,Q12177470
Q9916,P166,Q10855226
Q9916,P166,Q5357263
Q9916,P166,Q14763449
Q9916,P166,Q2803223
Q9916,P166,Q14900501
Q9916,P166,Q101242891
Q9916,P166,Q104170805
Q9916,P166,Q2297608
Q9916,P166,Q1820710
Q9916,P166,Q3885425
Q9916,P166,Q980578
Q9916,P1050,Q12152
Q9916,P1050,Q189389
Q9916,P1050,Q12202
Q9916,P1050,Q1472
Q9916,P1050,Q12152
Q9916,P1050,Q536269
Q9916,P1050,Q166231
Q9916,P1050,Q15283847
Q9916,P509,Q12152
Q9916,P607,Q361
Q9916,P607,Q362
Q9916,P607,Q8663
Q9916,P607,Q8683
Q9916,P106,Q82955
Q9916,P106,Q36180
Q9916,P106,Q189290
Q9916,P106,Q372436
Q9916,P241,Q9212
Q9916,P241,Q9212
Q9916,P735,Q13582327
Q9916,P735,Q18057751
Q9916,P410,Q1331037
Q9916,P25,Q15997423
Q9916,P119,Q3270206
Q9916,P734,Q20748923
Q9916,P22,Q20760306
Q9916,P1412,Q1860
Q9916,P103,Q1860
Q9916,P1196,Q3739104
Q9916,P485,Q3270206
Q9916,P552,Q3039938
Q9916,P1853,Q19831451
Q9916,P1343,Q2657718
Q9916,P1343,Q67311526
Q9916,P1411,Q35637
Q9916,P1411,Q35637
Q9916,P1411,Q35637
Q9916,P1411,Q35637
Q9916,P3373,Q4501243
Q9916,P3373,Q5325810
Q9916,P3373,Q5337394
Q9916,P140,Q110223
Q9916,P140,Q35269
Q9916,P140,Q178169
Q9916,P463,Q468865
Q9916,P463,Q3556413
Q9916,P172,Q141817
Q9916,P54,Q16148024
Q9916,P21,Q6581097
Q9916,P6886,Q1860
Q9916,P2354,Q92323350
Q9916,P3602,Q699548
Q9916,P3602,Q699567
Q9916,P3602,Q17016372
Q5378767,P31,Q4167410
Q3730788,P31,Q4167410
Q235935,P31,Q4167410
Q79745,P31,Q3550873
Q79745,P111,Q71699827
Q1166374,P31,Q4167410
Q354079,P31,Q4167410
Q176467,P31,Q4167410
Q1121708,P910,Q7216531
Q1121708,P461,Q7632586
Q1121708,P279,Q2995644
Q1121708,P279,Q1190554
Q1121708,P279,Q944806
Q1121708,P1382,Q690140
Q1121708,P1889,Q2493625
Q363530,P31,Q4167410
Q415375,P31,Q4167410
Q415375,P1889,Q21396567
Q415375,P1889,Q20996205
Q108174,P31,Q4167410
Q108174,P1889,Q37502006
Q1421238,P31,Q4167410
Q1421238,P1889,Q37553743
Q5293,P279,Q66221
Q5293,P279,Q1364527
Q5293,P279,Q37768
Q5293,P279,Q193395
Q5293,P279,Q1048236
Q5293,P1552,Q37768
Q5293,P2283,Q3294789
Q5293,P186,Q441961
Q5293,P186,Q411235
Q5293,P178,Q1373431
Q5293,P178,Q37156
Q5293,P910,Q55330989
Q5293,P2789,Q493576
Q83303,P31,Q9143
Q83303,P31,Q28920117
Q83303,P31,Q21562092
Q83303,P31,Q28922885
Q83303,P31,Q899523
Q83303,P31,Q28923026
Q83303,P31,Q28920142
Q83303,P910,Q8468654
Q83303,P178,Q37156
Q83303,P178,Q92746
Q83303,P737,Q7475416
Q83303,P287,Q92746
Q83303,P3966,Q223335
Q83303,P3966,Q79872
Q83303,P3966,Q1418502
Q83303,P3966,Q1051282
Q83303,P3966,Q275596
Q83303,P3966,Q4795882
Q83303,P4969,Q1050459
Q83303,P4969,Q5426889
Q83303,P4969,Q7390955
Q83303,P4969,Q4115288
Q83303,P279,Q9143
Q83303,P1343,Q85568587
Q83303,P747,Q28555916
Q83303,P747,Q28555914
Q83303,P747,Q28555909
Q83303,P747,Q28555904
Q83303,P747,Q28555898
Q83303,P747,Q11199679
Q83303,P747,Q20754790
Q83303,P747,Q5472707
Q83303,P747,Q28555809
Q83303,P747,Q28555829
Q83303,P747,Q28561809
Q223959,P31,Q4167410
Q223959,P1889,Q24688281
Q491,P910,Q6425721
Q491,P279,Q223642
Q491,P461,Q5275945
Q491,P1343,Q20743760
Q491,P3095,Q17297777
Q491,P1889,Q16519308
Q491,P460,Q16514899
Q491,P1552,Q7302495
Q6151773,P31,Q13406463
Q6151773,P360,Q35120
Q636440,P31,Q4167410
Q636440,P1889,Q37041592
Q173582,P31,Q6498784
Q173582,P1343,Q2657718
Q173582,P1889,Q89696115
Q173582,P279,Q7917838
Q173582,P279,Q1058681
Q173582,P279,Q89696115
Q4439,P279,Q3966
Q4439,P279,Q66221
Q4439,P279,Q64819622
Q4439,P910,Q8505336
Q4439,P156,Q487343
Q4439,P5008,Q5460604
Q4439,P31,Q193395
Q4439,P2283,Q1364527
Q4439,P527,Q1195211
Q4439,P527,Q55521774
Q4439,P1552,Q5655518
Q4439,P1552,Q5463579
Q4439,P361,Q1228738
Q193818,P910,Q7478474
Q193818,P1343,Q19558994
Q193818,P279,Q17781690
Q193818,P279,Q66516319
Q193818,P527,Q28792725
Q193818,P527,Q3356933
Q193818,P31,Q4936952
Q193818,P1889,Q1790261
Q185020,P361,Q12483
Q185020,P1269,Q12483
Q185020,P279,Q3427422
Q185020,P910,Q55273682
Q372948,P279,Q1207505
Q51502,P31,Q4167410
Q51502,P1889,Q1524530
Q51502,P460,Q1660431
Q51502,P460,Q98968265
Q229454,P31,Q4167410
Q229454,P1343,Q2041543
Q12503,P279,Q8424307
Q12503,P279,Q12916
Q12503,P279,Q724975
Q12503,P279,Q11756524
Q12503,P910,Q7028429
Q12503,P2820,Q1445491
Q12503,P361,Q47007735
Q12503,P2738,Q23766486
Q12503,P2738,Q23766486
Q12503,P2738,Q23766486
Q12503,P2738,Q23766486
Q12503,P31,Q47460393
Q12503,P2579,Q12479
Q12503,P1424,Q101757284
Q224621,P31,Q4167410
Q224621,P910,Q9848655
Q839721,P31,Q930933
Q839721,P1269,Q1150070
Q839721,P279,Q4026292
Q56354144,P31,Q4167410
Q33103638,P31,Q4167410
Q380339,P279,Q15131569
Q380339,P1343,Q99982228
Q746261,P306,Q1406
Q746261,P306,Q14116
Q746261,P306,Q388
Q746261,P275,Q218616
Q746261,P31,Q9143
Q746261,P31,Q683111
Q746261,P31,Q218616
Q746261,P910,Q55323605
Q746261,P366,Q1172399
Q844947,P461,Q854248
Q844947,P31,Q1281158
Q844947,P155,Q1801985
Q844947,P155,Q458475
Q844947,P279,Q1190554
Q844947,P361,Q20046585
Q844947,P1687,P620
Q844947,P910,Q8878001
Q849791,P910,Q8582519
Q849791,P31,Q21605492
Q849791,P527,Q1816481
Q849791,P527,Q6485033
Q849791,P527,Q6485034
Q849791,P527,Q257457
Q849791,P527,Q3502357
Q849791,P527,Q3503015
Q849791,P527,Q605802
Q849791,P527,Q6485036
Q849791,P527,Q19838561
Q4040290,P17,Q30
Q4040290,P31,Q199769
Q4040290,P176,Q19923099
Q524009,P31,Q4167410
Q524009,P460,Q868954
Q349292,P31,Q4167410
Q1826822,P31,Q4167410
Q1826822,P1889,Q28745221
Q226055,P31,Q4167410
Q226055,P1889,Q39304236
Q690265,P279,Q186152
Q243909,P31,Q4167410
Q243909,P1889,Q16220727
Q243909,P1889,Q19901550
Q243909,P1889,Q28798241
Q1411882,P31,Q218616
Q1411882,P31,Q2351962
Q1411882,P178,Q312
Q1411882,P178,Q1095605
Q1411882,P485,Q964035
Q1411882,P277,Q165436
Q1411882,P1072,Q51842171
Q1411882,P1072,Q28206528
Q1411882,P1072,Q100382626
Q359232,P31,Q4167410
Q359232,P1889,Q36974282
Q39809,P910,Q7012234
Q39809,P361,Q4830453
Q39809,P361,Q159810
Q39809,P1269,Q1066689
Q39809,P1269,Q194189
Q39809,P1269,Q174165
Q39809,P1269,Q492886
Q39809,P1269,Q868257
Q39809,P527,Q1141436
Q39809,P527,Q37038
Q39809,P527,Q453181
Q39809,P527,Q867147
Q39809,P527,Q2424752
Q39809,P527,Q160151
Q39809,P527,Q353163
Q39809,P527,Q1061357
Q39809,P527,Q198981
Q39809,P279,Q451967
Q39809,P279,Q268592
Q39809,P31,Q268592
Q39809,P31,Q1047113
Q39809,P31,Q11862829
Q39809,P1424,Q11001274
Q39809,P3095,Q1900657
Q39809,P3095,Q2296674
Q161524,P910,Q7163202
Q161524,P279,Q11460
Q161524,P279,Q8205328
Q161524,P1343,Q2657718
Q161524,P1343,Q1138524
Q161524,P180,Q37017
Q161524,P3095,Q84591753
Q6783435,P31,Q4167410
Q190069,P31,Q4167410
Q190069,P1343,Q2657718
Q190069,P460,Q12826875
Q190069,P460,Q16292052
Q190069,P460,Q423427
Q845060,P1343,Q2657718
Q845060,P279,Q20203388
Q845060,P2738,Q23766486
Q845060,P2738,Q23766486
Q658274,P279,Q340169
Q1924634,P279,Q1572121
Q32738,P279,Q68
Q32738,P910,Q7215692
Q12965,P59,Q8839
Q12965,P31,Q50053
Q12965,P31,Q523
Q12965,P31,Q6243
Q12965,P31,Q744691
Q12965,P31,Q67201574
Q12965,P31,Q1341811
Q12965,P31,Q67206691
Q12965,P31,Q72803622
Q12965,P31,Q2247863
Q12965,P1343,Q2657718
Q12965,P881,Q744691
Q12965,P881,Q1153690
Q12965,P398,Q48906483
Q12965,P61,Q60204
Q12965,P3938,Q57963
Q12965,P6259,Q1264450
Q12965,P527,Q66531032
Q12965,P527,Q5097988
Q444956,P31,Q4167410
Q444956,P1889,Q47170591
Q1902899,P31,Q4167410
Q1902899,P1889,Q37441354
Q2143522,P279,Q193181
Q2143522,P279,Q18390984
Q2143522,P361,Q1427940
Q2143522,P1343,Q101314624
Q178224,P31,Q4167410
Q178224,P910,Q7465343
Q102066,P910,Q7014749
Q102066,P279,Q9081
Q102066,P279,Q205961
Q102066,P1343,Q2657718
Q102066,P1343,Q19190511
Q3679254,P31,Q4167410
Q3679254,P1889,Q37498406
Q12004,P105,Q34740
Q12004,P171,Q145977
Q12004,P910,Q8616191
Q12004,P31,Q16521
Q12004,P1672,Q2075708
Q12004,P1672,Q67199686
Q12004,P1672,Q3914781
Q12004,P1343,Q2657718
Q12004,P1343,Q4086271
Q12004,P1343,Q19180675
Q12004,P1343,Q1970746
Q12004,P1343,Q4173137
Q12004,P1343,Q602358
Q12004,P1343,Q602358
Q12004,P1343,Q1768721
Q12004,P4000,Q30506015
Q12004,P366,Q33036816
Q12004,P427,Q165145
Q37083,P105,Q7432
Q37083,P171,Q296910
Q37083,P31,Q16521
Q37083,P1672,Q1621080
Q37083,P1672,Q35101402
Q37083,P1672,Q7087231
Q37083,P4000,Q14712
Q37083,P279,Q10884
Q411189,P31,Q4167410
Q354213,P31,Q4167410
Q297973,P31,Q4167410
Q7208,P910,Q7137979
Q7208,P31,Q930752
Q7208,P31,Q11862829
Q7208,P1343,Q2041543
Q7208,P1343,Q1970746
Q7208,P1343,Q602358
Q7208,P1343,Q19180675
Q7208,P3095,Q3368718
Q7208,P1424,Q7069413
Q7208,P279,Q2057971
Q14674,P279,Q26972858
Q14674,P279,Q3300034
Q14674,P279,Q121916
Q14674,P910,Q6403686
Q14674,P186,Q287
Q14674,P186,Q5309
Q14674,P61,Q907411
Q14674,P366,Q37260
Q14674,P366,Q93184
Q28474,P279,Q36253
Q28474,P1687,P2547
Q1177524,P31,Q4167410
Q129793,P31,Q2351962
Q129793,P31,Q1155404
Q129793,P31,Q229371
Q129793,P31,Q23442338
Q129793,P1072,Q1676669
Q129793,P1072,Q2141903
Q129793,P1072,Q178051
Q129793,P1072,Q2192
Q129793,P1072,Q1437034
Q129793,P1072,Q192869
Q129793,P1072,Q28048413
Q129793,P1072,Q28205908
Q129793,P1072,Q1569639
Q129793,P1072,Q27979401
Q129793,P1072,Q1341482
Q129793,P1072,Q535473
Q129793,P1072,Q28207016
Q129793,P1072,Q28207064
Q129793,P1072,Q7434105
Q129793,P1072,Q1063976
Q129793,P1072,Q215106
Q129793,P1072,Q2119856
Q129793,P1072,Q2044200
Q129793,P1072,Q3928271
Q129793,P1072,Q27979322
Q129793,P1072,Q82065565
Q129793,P1072,Q1224796
Q129793,P1072,Q59715886
Q129793,P178,Q11463
Q129793,P910,Q8221652
Q129793,P1073,Q2195
Q129793,P1073,Q2141903
Q129793,P1073,Q28048413
Q129793,P1073,Q28205908
Q129793,P1073,Q1569639
Q129793,P1073,Q27979401
Q129793,P1073,Q1437034
Q129793,P1073,Q178051
Q129793,P1073,Q28207064
Q129793,P1073,Q215106
Q129793,P1073,Q3928271
Q129793,P1073,Q27979322
Q129793,P306,Q1406
Q129793,P306,Q14116
Q129793,P306,Q94
Q129793,P306,Q48493
Q129793,P306,Q4885200
Q129793,P306,Q64350339
Q129793,P275,Q185534
Q129793,P275,Q1444631
Q129793,P275,Q1254596
Q129793,P366,Q141130
Q129793,P366,Q14257460
Q129793,P366,Q11034
Q129793,P170,Q617053
Q129793,P407,Q20923490
Q129793,P7861,Q83440927
Q102891,P910,Q7333992
Q102891,P1343,Q19180675
Q102891,P1343,Q602358
Q102891,P1343,Q2041543
Q102891,P31,Q133311
Q102891,P2348,Q277399
Q102891,P2348,Q202763
Q102891,P2936,Q856383
Q13360264,P279,Q4498085
Q13360264,P910,Q6076781
Q13360264,P1889,Q230776
Q13360264,P1889,Q858627
Q13360264,P2079,Q720398
Q13360264,P5008,Q99671171
Q193255,P279,Q82
Q633674,P279,Q815741
Q61875635,P31,Q4167410
Q61875635,P460,Q227310
Q61875635,P460,Q61875616
Q61875635,P460,Q21130196
Q61875635,P460,Q16881452
Q61875635,P1889,Q7248246
Q61875635,P1889,Q7248245
Q61875635,P1889,Q7248247
Q61875635,P1889,Q7248244
Q519022,P1535,Q451553
Q519022,P2283,Q1075
Q423113,P31,Q4167410
Q225229,P31,Q4167410
Q7308347,P31,Q22808320
Q7308347,P1889,Q19968591
Q7308347,P1889,Q37126057
Q234013,P31,Q4167410
Q170978,P910,Q8670831
Q170978,P31,Q8148
Q170978,P31,Q11862829
Q170978,P31,Q4671286
Q170978,P279,Q180165
Q170978,P5125,Q7112718
Q170978,P1424,Q13856993
Q170978,P1889,Q123637
Q170978,P3095,Q7353430
Q239627,P31,Q4167410
Q27792627,P31,Q4167410
Q319622,P279,Q4026292
Q319622,P279,Q1527264
Q230273,P31,Q4167410
Q258480,P31,Q4167410
Q16882964,P31,Q4167410
Q16882964,P1889,Q37136272
Q351657,P31,Q4167410
Q351657,P1889,Q37254967
Q7881,P910,Q25326312
Q7881,P279,Q188193
Q7881,P361,Q729
Q7881,P1343,Q2657718
Q7881,P1343,Q63284758
Q7881,P5008,Q5460604
Q7881,P527,Q265868
Q7881,P31,Q4936952
Q7881,P4843,Q14860466
Q775963,P279,Q8366
Q7574930,P31,Q4167410
Q654182,P1269,Q14620
Q654182,P1269,Q413
Q654182,P1269,Q11461
Q361414,P31,Q4167410
Q190686,P361,Q40056
Q190686,P910,Q8823514
Q190686,P279,Q17638537
Q190686,P279,Q868299
Q190686,P1343,Q47755251
Q190686,P31,Q66747126
Q343363,P31,Q4167410
Q343363,P1889,Q36892638
Q343363,P910,Q75717460
Q841441,P31,Q192525
Q841441,P156,Q985148
Q6582994,P279,Q1322005
Q6582994,P279,Q1893536
Q6582994,P460,Q6436443
Q334401,P910,Q7015057
Q334401,P527,Q818544
Q334401,P527,Q184876
Q334401,P1889,Q1778541
Q334401,P279,Q2143522
Q334401,P279,Q1920219
Q334401,P366,Q1172399
Q334401,P31,Q1914636
Q334401,P31,Q268592
Q334401,P5008,Q13382529
Q334401,P361,Q10566551
Q334401,P1382,Q1717246
Q7698280,P31,Q4167410
Q847,P1424,Q8087332
Q847,P1424,Q10943918
Q847,P1151,Q8288752
Q847,P279,Q877517
Q847,P279,Q2426135
Q847,P910,Q5325416
Q847,P495,Q21
Q847,P31,Q31629
Q847,P2184,Q2295996
Q847,P2283,Q741118
Q847,P2283,Q153362
Q847,P2283,Q246514
Q847,P1889,Q12565374
Q847,P3095,Q10833314
Q847,P3095,Q48673045
Q847,P3095,Q48676230
Q847,P3095,Q48995125
Q847,P5008,Q5460604
Q847,P5125,Q7112743
Q847,P6104,Q5530169
Q7783957,P31,Q4167410
Q359787,P31,Q4167410
Q1383362,P31,Q759721
Q1383362,P171,Q127960
Q1383362,P910,Q55251271
Q1383362,P1531,Q19939
Q1383362,P1531,Q140
Q11368,P178,Q217365
Q11368,P178,Q1107006
Q11368,P178,Q45575
Q11368,P178,Q92608
Q11368,P138,Q739186
Q11368,P277,Q15777
Q11368,P277,Q165436
Q11368,P910,Q7237938
Q11368,P737,Q739186
Q11368,P156,Q34264
Q11368,P155,Q739186
Q11368,P3931,Q1061619
Q11368,P279,Q14656
Q11368,P2184,Q14664
Q11368,P460,Q10387650
Q11368,P31,Q170584
Q39816,P910,Q7163803
Q39816,P279,Q271669
Q39816,P279,Q82794
Q39816,P279,Q22978151
Q39816,P279,Q35145263
Q39816,P1343,Q678259
Q39816,P1343,Q602358
Q39816,P1343,Q19180675
Q39816,P1343,Q4086271
Q39816,P460,Q5256860
Q39816,P1424,Q6424848
Q340777,P31,Q4167410
Q2151866,P31,Q482994
Q2151866,P155,Q1753110
Q2151866,P175,Q182890
Q2151866,P136,Q83270
Q2151866,P156,Q2152168
Q36253,P910,Q6684529
Q36253,P279,Q107715
Q36253,P279,Q28733284
Q36253,P279,Q30337748
Q36253,P1687,P2043
Q36253,P1343,Q26711932
Q36253,P1343,Q90137277
Q36253,P1343,Q68977959
Q36253,P1552,Q1978718
Q36253,P8111,Q11573
Q8024379,P31,Q4167410
Q192043,P910,Q8411261
Q192043,P1343,Q2657718
Q192043,P527,Q124291
Q192043,P527,Q178150
Q192043,P527,Q1939150
Q192043,P279,Q1183543
Q192043,P1542,Q1262321
Q192043,P3095,Q165029
Q220292,P31,Q4167410
Q220292,P1889,Q47015970
Q220292,P1889,Q1930415
Q2876213,P910,Q7442760
Q2876213,P279,Q11023
Q2876213,P279,Q8148
Q2876213,P1889,Q272730
Q2876213,P5125,Q7112544
Q2876213,P31,Q8148
Q1219045,P31,Q4167410
Q1248784,P910,Q7037170
Q1248784,P279,Q62447
Q1248784,P279,Q12819564
Q1248784,P1343,Q20749089
Q1248784,P1343,Q2657718
Q1248784,P1963,P239
Q1248784,P1963,P238
Q1248784,P1963,P931
Q1248784,P1963,P529
Q1248784,P1963,P131
Q1248784,P1963,P3311
Q1248784,P1963,P521
Q1248784,P1963,P17
Q1248784,P1963,P138
Q1248784,P1963,P625
Q1248784,P1963,P127
Q1248784,P1424,Q5615912
Q1248784,P1424,Q92584380
Q1248784,P527,Q1433344
Q1248784,P527,Q390516
Q1248784,P1889,Q62447
Q1248784,P1889,Q49744838
Q1248784,P1889,Q66715750
Q1248784,P1552,Q1378517
Q514,P361,Q420
Q514,P910,Q4095469
Q514,P31,Q28598684
Q514,P1343,Q2657718
Q514,P1343,Q12088289
Q514,P1424,Q5879630
Q514,P1424,Q6176497
Q514,P1424,Q6678171
Q514,P1151,Q14614547
Q514,P527,Q220384
Q514,P527,Q4021
Q514,P527,Q819121
Q514,P5008,Q5460604
Q514,P279,Q420
Q514,P279,Q11190
Q514,P3095,Q10872101
Q4781747,P31,Q4167410
Q4781747,P1889,Q29526855
Q416893,P31,Q4167410
Q184199,P910,Q8280284
Q184199,P279,Q1914636
Q184199,P279,Q10843872
Q184199,P1424,Q6705401
Q184199,P5125,Q7112562
Q184199,P31,Q11862829
Q184199,P1542,Q7692538
Q184199,P1889,Q16039868
Q184199,P2579,Q3952330
Q5113,P1151,Q4162252
Q5113,P105,Q37517
Q5113,P171,Q19159
Q5113,P171,Q136586
Q5113,P31,Q16521
Q5113,P910,Q1456850
Q5113,P910,Q8700233
Q5113,P944,Q13011
Q5113,P2283,Q1991038
Q5113,P2283,Q471236
Q5113,P2283,Q4201371
Q5113,P2354,Q28854985
Q5113,P2354,Q985708
Q5113,P2354,Q3249537
Q5113,P2354,Q3780434
Q5113,P2354,Q6607599
Q5113,P2354,Q3249542
Q5113,P2354,Q2108454
Q5113,P2354,Q2984333
Q5113,P2354,Q6607742
Q5113,P2354,Q6607738
Q5113,P2354,Q6607606
Q5113,P2354,Q6592368
Q5113,P2354,Q858791
Q5113,P2354,Q17000615
Q5113,P2354,Q6607791
Q5113,P2354,Q11932677
Q5113,P2354,Q3249524
Q5113,P2354,Q6607769
Q5113,P2354,Q4922097
Q5113,P2354,Q6607708
Q5113,P2354,Q3252776
Q5113,P2354,Q2081733
Q5113,P2354,Q20388974
Q5113,P2579,Q44703
Q5113,P4733,Q1126556
Q5113,P5008,Q5460604
Q5113,P5125,Q6210059
Q5113,P1672,Q93189
Q5113,P1672,Q81025
Q5113,P1672,Q10990
Q5113,P1424,Q6719357
Q5113,P1343,Q4532138
Q1194708,P279,Q186152
Q1194708,P279,Q1992074
Q1194708,P1535,Q59154961
Q1194708,P1535,Q182270
Q581776,P279,Q100384264
Q581776,P279,Q1529874
Q581776,P92,Q1153769
Q581776,P1343,Q2657718
Q581776,P1343,Q602358
Q581776,P1343,Q3181656
Q581776,P910,Q47498257
Q40089,P910,Q8311188
Q40089,P279,Q944070
Q40089,P1343,Q2657718
Q40089,P1343,Q1768721
Q40089,P1535,Q327321
Q40089,P1535,Q811122
Q40089,P31,Q206615
Q40089,P186,Q42302
Q40089,P186,Q45190
Q40089,P186,Q1131303
Q226192,P31,Q4167410
Q226192,P1889,Q37155481
Q226192,P1889,Q3645177
Q226192,P1889,Q5509285
Q244025,P31,Q515
Q244025,P31,Q56061
Q244025,P17,Q16
Q244025,P131,Q1061069
Q244025,P910,Q6988731
Q244025,P1464,Q8046109
Q244025,P138,Q7342509
Q244025,P47,Q24639
Q244025,P1792,Q6988846
Q244025,P190,Q42635
Q244025,P190,Q271917
Q244025,P421,Q847142
Q244025,P1830,Q920240
Q244025,P1830,Q4908564
Q160464,P279,Q1065579
Q160464,P279,Q2002016
Q160464,P361,Q11460
Q160464,P1889,Q894936
Q160464,P1889,Q870870
Q160464,P910,Q15958714
Q160464,P1343,Q1970746
Q160464,P1343,Q602358
Q31087,P279,Q39546
Q31087,P279,Q2858615
Q31087,P279,Q2135246
Q31087,P910,Q6812064
Q31087,P1552,Q19799634
Q31087,P1365,Q3547325
Q31087,P144,Q3547325
Q31087,P618,Q206799
Q31087,P618,Q40015
Q31087,P2283,Q11348
Q31087,P366,Q247154
Q31087,P366,Q1379672
Q31087,P366,Q12525525
Q31087,P366,Q622821
Q31087,P527,Q870870
Q31087,P527,Q80831
Q31087,P527,Q4079331
Q31087,P527,Q6021804
Q31087,P1424,Q14336244
Q31087,P1889,Q68
Q170417,P31,Q47574
Q170417,P910,Q10083230
Q170417,P1889,Q3812588
Q170417,P1889,Q6352512
Q170417,P1889,Q665240
Q170417,P1889,Q1722214
Q170417,P279,Q1194773
Q170417,P279,Q185785
Q170417,P1687,P4403
Q425951,P910,Q25317140
Q425951,P1687,P6106
Q425951,P279,Q1151067
Q425951,P361,Q43091
Q425951,P2283,Q98912
Q235356,P279,Q1112950
Q235356,P618,Q726
Q235356,P910,Q7320804
Q235356,P1343,Q2657718
Q235356,P527,Q897404
Q235356,P527,Q2144333
Q235356,P527,Q213853
Q235356,P527,Q4655519
Q39825,P279,Q3523102
Q39825,P279,Q4350743
Q39825,P279,Q29051383
Q39825,P279,Q1172284
Q39825,P910,Q6463755
Q39825,P1343,Q17378135
Q39825,P1343,Q2657718
Q39825,P1343,Q1138524
Q39825,P1889,Q1613416
Q39825,P1889,Q5645805
Q39825,P1542,Q2286103
Q39825,P31,Q15275719
Q39825,P1424,Q16911771
Q39825,P1687,P8701
Q474805,P31,Q1414729
Q2308809,P910,Q25304073
Q2308809,P1382,Q1530412
Q2308809,P1382,Q65560351
Q2308809,P1552,Q4993710
Q2308809,P1537,Q29253
Q2308809,P6477,Q2574811
Q2308809,P828,Q80837
Q2308809,P279,Q483247
Q2308809,P279,Q16887380
Q1140423,P31,Q3427422
Q1140423,P31,Q41362222
Q226952,P31,Q4167410
Q1122074,P31,Q4830453
Q1122074,P31,Q6881511
Q1122074,P31,Q658255
Q1122074,P910,Q8407446
Q1122074,P159,Q16567
Q1122074,P17,Q30
Q1122074,P452,Q418
Q1122074,P1056,Q1641122
Q1122074,P355,Q7765514
Q1122074,P749,Q29231846
Q1122074,P749,Q27585
Q93288,P279,Q327197
Q93288,P279,Q15621286
Q93288,P279,Q321839
Q93288,P279,Q49848
Q93288,P279,Q2006324
Q93288,P1343,Q2657718
Q93288,P1343,Q2041543
Q93288,P1343,Q602358
Q93288,P1343,Q19180675
Q93288,P1343,Q4173137
Q93288,P1343,Q602358
Q93288,P1343,Q95124171
Q93288,P1889,Q1053964
Q93288,P1889,Q68619446
Q93288,P910,Q7006577
Q93288,P1424,Q10811167
Q93288,P1542,Q2648051
Q93288,P710,Q3778211
Q93288,P1269,Q661518
Q93288,P2670,Q5165703
Q93288,P2670,Q1527956
Q93288,P527,Q60981922
Q1129230,P31,Q4167410
Q1129230,P1343,Q2657718
Q380962,P31,Q1914636
Q380962,P31,Q157811
Q380962,P31,Q11862829
Q380962,P1343,Q2657718
Q380962,P1343,Q101314624
Q380962,P910,Q8966074
Q380962,P279,Q15911314
Q380962,P1382,Q1145523
Q380962,P2579,Q97008347
Q355415,P31,Q4167410
Q1137078,P31,Q4167410
Q351071,P31,Q4167410
Q843958,P910,Q10046815
Q843958,P1056,Q42396623
Q843958,P279,Q3249551
Q843958,P1542,Q59138870
Q843958,P1687,P8791
Q843958,P31,Q11862829
Q3708947,P31,Q4167410
Q3708947,P361,Q25580506
Q3708947,P1889,Q37293708
Q450004,P31,Q4167410
Q2633778,P31,Q151885
Q2633778,P279,Q205034
Q2633778,P279,Q36253
Q2633778,P910,Q8948529
Q2633778,P1343,Q2657718
Q2633778,P1659,P2044
Q2633778,P1659,P2660
Q2633778,P1889,Q190200
Q367030,P31,Q4167410
Q344411,P31,Q4167410
Q6502154,P1151,Q18857150
Q6502154,P279,Q61509
Q6502154,P910,Q7216217
Q236777,P31,Q4167410
Q236777,P1889,Q16466766
Q224805,P31,Q4167410
Q233602,P31,Q4167410
Q233602,P1889,Q37564199
Q1428000,P31,Q4167410
Q1428000,P1889,Q37280040
Q217164,P279,Q391414
Q217164,P910,Q8461618
Q217164,P1343,Q2657718
Q217164,P1343,Q2041543
Q217164,P1343,Q602358
Q217164,P1552,Q29933938
Q217164,P31,Q1724915
Q217164,P461,Q221706
Q416508,P31,Q4167410
Q79738,P31,Q3550873
Q79738,P1889,Q79765
Q79738,P1889,Q3105497
Q79738,P111,Q71699827
Q1524180,P31,Q4167410
Q1524180,P1889,Q21492205
Q1524180,P1889,Q29551481
Q169031,P910,Q8492994
Q169031,P279,Q28932195
Q169031,P279,Q14524031
Q169031,P1889,Q1661108
Q169031,P366,Q12684
Q169031,P366,Q10566551
Q47759524,P31,Q82799
Q47759524,P527,Q19819805
Q47759524,P527,Q21506953
Q47759524,P1889,Q963736
Q43238,P105,Q35409
Q43238,P171,Q1860104
Q43238,P171,Q28502
Q43238,P31,Q16521
Q43238,P910,Q6138611
Q43238,P4000,Q506139
Q43238,P427,Q157656
Q43238,P1672,Q66429760
Q30090460,P31,Q82799
Q30090460,P527,Q18857387
Q30090460,P527,Q29646094
Q224298,P31,Q4167410
Q47728,P279,Q61788060
Q47728,P279,Q184872
Q47728,P279,Q12737077
Q47728,P910,Q7216601
Q47728,P2354,Q6623388
Q407776,P31,Q4167410
Q407776,P910,Q6509752
Q209121,P279,Q11585131
Q209121,P279,Q167676
Q209121,P910,Q8532610
Q209121,P31,Q20888925
Q209121,P2283,Q9128
Q209121,P2283,Q1111
Q209121,P1552,Q35059
Q209121,P1552,Q11423
Q209121,P1552,Q539558
Q209121,P1552,Q208826
Q209121,P1552,Q1295020
Q209121,P2821,Q44432
Q209121,P1056,Q494756
Q209121,P1056,Q44432
Q209121,P361,Q62927
Q341771,P31,Q4167410
Q1641058,P31,Q4167410
Q1641058,P460,Q3055223
Q1641058,P460,Q49989520
Q6402372,P31,Q4167410
Q207766,P462,Q3133
Q207766,P910,Q8585431
Q207766,P1889,Q1006733
Q207766,P1889,Q895453
Q207766,P1889,Q2310214
Q207766,P279,Q1496967
Q207766,P1343,Q602358
Q207766,P1343,Q19180675
Q207766,P1343,Q4091875
Q226446,P31,Q4167410
Q226446,P1889,Q16290543
Q226446,P1889,Q16872554
Q785154,P31,Q166142
Q785154,P178,Q312
Q785154,P306,Q420785
Q785154,P277,Q81571
Q785154,P366,Q170130
Q785154,P1072,Q100377453
Q785154,P1072,Q100380477
Q785154,P1072,Q100382306
Q785154,P1073,Q100377453
Q785154,P1073,Q100380477
Q785154,P1073,Q100382306
Q906409,P31,Q4167410
Q906409,P910,Q7012767
Q79735,P31,Q3550873
Q79735,P1889,Q79758
Q79735,P111,Q71699827
Q11573,P31,Q223662
Q11573,P31,Q1978718
Q11573,P31,Q69197847
Q11573,P31,Q82047053
Q11573,P361,Q730906
Q11573,P361,Q12457
Q11573,P361,Q512417
Q11573,P111,Q36253
Q11573,P111,Q126017
Q11573,P111,Q192388
Q11573,P111,Q98876254
Q11573,P111,Q3153623
Q11573,P910,Q20920010
Q11573,P2959,Q25507292
Q11573,P1343,Q26711932
Q11573,P5008,Q5460604
Q11573,P1889,Q6808876
Q11573,P4934,Q2111
Q11573,P4934,Q11574
Q39369,P31,Q208469
Q39369,P31,Q68618328
Q39369,P31,Q69197847
Q39369,P31,Q82047057
Q39369,P111,Q11652
Q39369,P138,Q41257
Q39369,P1343,Q26711932
Q39369,P1343,Q20078554
Q39369,P460,Q5198171
Q1348042,P31,Q7397
Q1348042,P136,Q184793
Q1348042,P178,Q818314
Q1348042,P1072,Q6046575
Q1348042,P1072,Q47012446
Q1348042,P1072,Q81526528
Q1348042,P1072,Q99844768
Q1348042,P1073,Q6046575
Q1348042,P1073,Q47012446
Q1348042,P1073,Q81526528
Q1348042,P1073,Q99844768
Q1348042,P306,Q1406
Q1348042,P366,Q184793
Q709350,P31,Q18343316
Q709350,P275,Q7603
Q709350,P277,Q15777
Q709350,P361,Q1348204
Q709350,P4810,Q47517764
Q709350,P4810,Q47517765
Q709350,P4810,Q47517768
Q709350,P4810,Q47517769
Q709350,P4810,Q47517774
Q117753,P31,Q4167410
Q117753,P1889,Q10588869
Q117753,P1889,Q42310562
Q178224,P31,Q4167410
Q178224,P910,Q7465343
Q3877665,P17,Q962
Q3877665,P131,Q3300020
Q3877665,P31,Q3623867
Q358568,P31,Q4167410
Q358568,P1889,Q30612480
Q7641034,P527,Q319224
Q7641034,P527,Q319604
Q7641034,P527,Q345844
Q7641034,P527,Q185785
Q7641034,P1687,P4519
Q7641034,P1889,Q21211206
Q225061,P31,Q4167410
Q139191,P31,Q4167410
Q165447,P910,Q6842138
Q165447,P279,Q121916
Q165447,P366,Q37260
Q165447,P1343,Q2041543
Q165447,P1343,Q1768721
Q165447,P2670,Q14674
Q165447,P2670,Q493615
Q165447,P2670,Q160137
Q165447,P2670,Q192401
Q165447,P2283,Q127418
Q165447,P186,Q127418
Q3259104,P31,Q4167410
Q224699,P31,Q4167410
Q47528,P910,Q8220655
Q47528,P366,Q2032271
Q47528,P279,Q58778
Q47528,P279,Q1183543
Q47528,P279,Q190157
Q47528,P279,Q199687
Q47528,P279,Q28816538
Q47528,P1343,Q2657718
Q47528,P527,Q2125372
Q47528,P1424,Q14336238
Q47528,P61,Q67152
Q173817,P279,Q166154
Q173817,P279,Q7280270
Q173817,P279,Q39373172
Q173817,P279,Q36253
Q173817,P361,Q37221
Q173817,P1343,Q26711932
Q173817,P1343,Q90137277
Q173817,P1687,P2120
Q173817,P8111,Q11573
Q446166,P31,Q4167410
Q446166,P1889,Q20997712
Q399857,P31,Q4167410
Q399857,P1889,Q16872664
Q399857,P460,Q16033927
Q399857,P460,Q15842114
Q399857,P460,Q4186691
Q399857,P460,Q65620235
Q399857,P460,Q65620244
Q399857,P460,Q65620254
Q399857,P910,Q32081698
Q352867,P1269,Q11635
Q352867,P1269,Q11424
Q352867,P1269,Q5398426
Q352867,P279,Q811430
Q3476466,P31,Q4167410
Q3476466,P1889,Q37444330
Q1807212,P361,Q782543
Q1807212,P31,Q605117
Q220868,P910,Q7401744
Q220868,P4969,Q306152
Q220868,P4969,Q1135301
Q220868,P4969,Q3547335
Q220868,P4969,Q7454655
Q1764062,P910,Q25498083
Q1764062,P279,Q3918374
Q1764062,P279,Q52260246
Q651658,P910,Q8970901
Q651658,P279,Q7590
Q651658,P279,Q1724915
Q651658,P279,Q8187769
Q651658,P1889,Q349613
Q651658,P361,Q159810
Q366349,P31,Q4167410
Q229485,P31,Q4167410
Q2275630,P31,Q4830453
Q2275630,P17,Q183
Q2275630,P159,Q1726
Q36133,P279,Q1155083
Q36133,P279,Q11780457
Q36133,P910,Q8759324
Q36133,P361,Q941094
Q36133,P361,Q8535454
Q36133,P2579,Q215501
Q36133,P2579,Q9161265
Q36133,P461,Q8063
Q36133,P1889,Q16766187
Q36133,P1889,Q2
Q36133,P1552,Q202080
Q36133,P1552,Q889769
Q36133,P1552,Q565649
Q36133,P1552,Q1640043
Q36133,P1552,Q5026010
Q36133,P1552,Q1439949
Q36133,P527,Q878214
Q36133,P527,Q1282599
Q36133,P527,Q7554918
Q36133,P527,Q889507
Q36133,P1343,Q602358
Q36133,P1343,Q19180675
Q36133,P1343,Q1970746
Q36133,P1343,Q4532138
Q36133,P1343,Q1768721
Q36133,P5008,Q69524601
Q36133,P828,Q282070
Q7572647,P31,Q4167410
Q250039,P31,Q4167410
Q17763215,P921,Q7644030
Q17763215,P921,Q904447
Q17763215,P495,Q30
Q17763215,P31,Q11424
Q17763215,P136,Q2484376
Q17763215,P136,Q471839
Q17763215,P364,Q1860
Q17763215,P161,Q451974
Q17763215,P161,Q230308
Q17763215,P161,Q342788
Q17763215,P161,Q1189740
Q17763215,P161,Q2978725
Q17763215,P161,Q5173585
Q17763215,P161,Q464320
Q17763215,P840,Q217
Q17763215,P58,Q5981583
Q17763215,P750,Q907311
Q17763215,P86,Q266429
Q17763215,P344,Q514728
Q17763215,P2684,Q23649983
Q17763215,P1657,Q18665339
Q17763215,P272,Q621364
Q17763215,P462,Q22006653
Q17763215,P2629,Q23301856
Q17763215,P915,Q1781
Q17763215,P1040,Q6161966
Q17763215,P162,Q24343925
Q17763215,P1889,Q18602670
Q188463,P279,Q2041172
Q188463,P279,Q1751850
Q188463,P910,Q6379868
Q349,P1151,Q6566190
Q349,P279,Q747883
Q349,P910,Q1457982
Q349,P1424,Q14397460
Q349,P2959,Q27131947
Q349,P1687,P641
Q349,P1889,Q2312410
Q349,P1889,Q31629
Q349,P1889,Q13406554
Q349,P1889,Q3409055
Q349,P1552,Q31629
Q349,P3095,Q2066131
Q349,P3095,Q50995749
Q349,P366,Q309252
Q349,P366,Q208195
Q349,P5008,Q5460604
Q349,P5125,Q16000501
Q349,P6104,Q8001410
Q349,P2283,Q768186
Q349,P2283,Q2310214
Q349,P2283,Q1202618
Q349,P2283,Q1076486
Q349,P2283,Q23764314
Q349,P31,Q11862829
Q7601557,P31,Q4830453
Q185451,P910,Q10255549
Q185451,P279,Q1371819
Q185451,P1535,Q450
Q185451,P1535,Q24229398
Q185451,P1557,Q16947618
Q185451,P1424,Q21045447
Q185451,P461,Q2000344
Q7631944,P31,Q4167410
Q875267,P910,Q8670297
Q875267,P1343,Q2657718
Q875267,P279,Q90278072
Q875267,P279,Q90278056
Q875267,P31,Q29431432
Q875267,P31,Q374182
Q1240788,P279,Q2462658
Q1240788,P31,Q4164871
Q1240788,P31,Q28640
Q1240788,P1889,Q47594
Q1240788,P1687,P7604
Q14757354,P31,Q4167410
Q298207,P31,Q4167410
Q193139,P279,Q161973
Q193139,P1343,Q2657718
Q193139,P1343,Q2041543
Q193139,P1382,Q218124
Q193139,P1382,Q1962728
Q193139,P1889,Q12226978
Q7553,P910,Q5646576
Q7553,P279,Q2989679
Q7553,P279,Q11398090
Q7553,P279,Q451967
Q7553,P5008,Q5460604
Q7553,P1687,P5972
Q7553,P3095,Q333634
Q7553,P3095,Q21185790
Q7553,P747,Q1256959
Q7553,P31,Q4671286
Q7553,P1889,Q39811647
Q187997,P527,Q1418712
Q187997,P527,Q2083910
Q187997,P910,Q16736832
Q187997,P1343,Q602358
Q187997,P1424,Q55404590
Q187997,P279,Q811367
Q7928799,P31,Q4167410
Q17130325,P31,Q4167410
Q558363,P910,Q7145569
Q558363,P279,Q3955369
Q558363,P927,Q7364
Q558363,P2670,Q7364
Q558363,P2670,Q186029
Q558363,P2670,Q1079316
Q558363,P1889,Q162668
Q1696827,P31,Q4167410
Q7936638,P31,Q4167410
Q40378,P31,Q4167410
Q40378,P1889,Q7963813
Q448349,P31,Q4167410
Q457174,P279,Q2695280
Q457174,P3712,Q1717246
Q457174,P1552,Q47001369
Q457174,P6477,Q403605
Q457174,P2283,Q2995606
Q12741163,P31,Q1969448
Q170542,P461,Q131212
Q170542,P31,Q4485156
Q170542,P1269,Q59154680
Q170542,P1269,Q54277
Q170542,P1889,Q595133
Q1579570,P277,Q15777
Q1579570,P31,Q188860
Q1579570,P31,Q29642875
Q1579570,P31,Q341
Q1579570,P178,Q1778572
Q1579570,P1547,Q28168011
Q1579570,P275,Q18526198
Q1579570,P275,Q18526202
Q1579570,P275,Q5773924
Q1579570,P306,Q3251801
Q1579570,P306,Q58636917
Q1579570,P306,Q14656
Q1579570,P6216,Q50423863
Q1061912,P31,Q4167410
Q299322,P31,Q4167410
Q299322,P1889,Q564507
Q24503377,P279,Q214609
Q165194,P279,Q23808
Q165194,P279,Q241317
Q165194,P279,Q132364
Q165194,P910,Q8257707
Q5245917,P50,Q172140
Q5245917,P123,Q1431868
Q5245917,P155,Q5308898
Q5245917,P156,Q5597786
Q5245917,P156,Q4913864
Q5245917,P136,Q859369
Q5245917,P136,Q8261
Q5245917,P495,Q30
Q5245917,P407,Q1860
Q5245917,P31,Q7725634
Q5245917,P4969,Q18350797
Q342233,P31,Q4167410
Q1495178,P31,Q4167410
Q1495178,P1889,Q16870130
Q6865390,P31,Q4167410
Q7312204,P31,Q4167410
Q1971287,P641,Q43450
Q1971287,P31,Q4942158
Q1971287,P31,Q193036
Q275447,P1687,P4184
Q275447,P460,Q1139344
Q275447,P460,Q7286554
Q275447,P279,Q12916
Q407555,P31,Q4167410
Q407555,P1889,Q37154849
Q224581,P31,Q4167410
Q224581,P1343,Q2657718
Q7504128,P31,Q4167410
Q332280,P279,Q11019
Q332280,P279,Q15984860
Q2728730,P279,Q9415
Q2728730,P910,Q25338729
Q2728730,P461,Q16523851
Q2728730,P1889,Q19456929
Q2728730,P361,Q77468620
Q2728730,P31,Q9415
Q2728730,P1269,Q9418
Q12271,P279,Q82604
Q12271,P279,Q3875186
Q12271,P910,Q6204331
Q12271,P1151,Q3248428
Q12271,P1343,Q602358
Q12271,P1343,Q19180675
Q12271,P1343,Q4173137
Q12271,P1343,Q1970746
Q12271,P1343,Q867541
Q12271,P2184,Q33378246
Q12271,P2184,Q8180985
Q12271,P2184,Q2796470
Q12271,P527,Q811979
Q12271,P5008,Q5460604
Q12271,P5125,Q7112558
Q12271,P31,Q11862829
Q12271,P31,Q8148
Q12271,P31,Q56055944
Q12271,P3095,Q42973
Q12271,P2578,Q47537
Q12271,P2579,Q65278517
Q12271,P2959,Q65455272
Q12271,P361,Q89358787
Q12271,P1889,Q12079357
Q12271,P1552,Q32880
Q1720648,P279,Q1799072
Q1720648,P910,Q7467946
Q130018,P31,Q8502
Q130018,P17,Q30
Q130018,P30,Q49
Q130018,P30,Q828
Q130018,P131,Q179950
Q130018,P910,Q7464125
Q130018,P361,Q208126
Q130018,P138,Q35041
Q130018,P276,Q217136
Q130018,P3018,Q217136
Q130018,P1465,Q32650809
Q130018,P1792,Q32650812
Q130018,P4552,Q156684
Q130018,P3137,Q39739
Q79984,P138,Q208702
Q79984,P138,Q1301371
Q79984,P910,Q8425046
Q79984,P31,Q385853
Q79984,P461,Q29643
Q79984,P279,Q1301371
Q79984,P4969,Q866392
Q79984,P1343,Q570951
Q79984,P61,Q92766
Q205699,P31,Q4167410
Q79422,P17,Q30
Q79422,P31,Q1093829
Q79422,P131,Q512713
Q79422,P421,Q3238805
Q225238,P31,Q4167410
Q225238,P1889,Q26991474
Q225238,P1889,Q16422172
Q225238,P1889,Q64434361
Q225238,P1889,Q56410716
Q225238,P1889,Q25470968
Q225238,P1889,Q56410720
Q225238,P460,Q3272685
Q225238,P460,Q4276065
Q7312190,P31,Q4167410
Q31890912,P31,Q4167410
Q31890912,P1889,Q37042615
Q1534839,P279,Q1183543
Q1534839,P279,Q839546
Q1534839,P910,Q8912299
Q1534839,P1343,Q678259
Q1534839,P31,Q44409287
Q1534839,P1889,Q55670199
Q3154542,P279,Q45669
Q3154542,P138,Q677
Q3154542,P138,Q184453
Q3154542,P460,Q99610029
Q403490,P31,Q4167410
Q245989,P31,Q4167410
Q439799,P31,Q4167410
Q7824157,P31,Q4167410
Q7126699,P461,Q7126717
Q7126699,P31,Q151885
Q7126699,P279,Q1724915
Q7126699,P361,Q7406919
Q11034,P910,Q8921363
Q11034,P279,Q3249551
Q11034,P1343,Q19180675
Q11034,P1343,Q602358
Q11034,P1343,Q20961706
Q11034,P1343,Q19219752
Q11034,P2283,Q12820205
Q11034,P1056,Q1261026
Q11034,P5008,Q5460604
Q11034,P3095,Q175151
Q11034,P31,Q1914636
Q11034,P452,Q11892257
Q11034,P460,Q10353573
Q11034,P1687,P872
Q11034,P1535,Q12562
Q273429,P31,Q4167410
Q2880866,P31,Q4167410
Q3972943,P279,Q1914636
Q3972943,P279,Q268592
Q3972943,P279,Q11024
Q3972943,P910,Q5836947
Q3972943,P1056,Q732577
Q3972943,P3095,Q2085381
Q3972943,P3095,Q2516866
Q3972943,P31,Q268592
Q3972943,P31,Q11862829
Q3972943,P1687,P1433
Q3972943,P460,Q194105
Q4649925,P31,Q43229
Q4649925,P17,Q408
Q45594,P910,Q8500878
Q45594,P279,Q189819
Q45594,P1343,Q2041543
Q45594,P1889,Q626510
Q45594,P1889,Q896575
Q235938,P31,Q4167410
Q1074648,P31,Q100195948
Q1074648,P1382,Q16886469
Q1074648,P279,Q21263262
Q504703,P361,Q8434
Q504703,P1343,Q2657718
Q504703,P279,Q1805393
Q295239,P31,Q4167410
Q295239,P1889,Q16282340
Q295239,P1889,Q17126254
Q423601,P31,Q4167410
Q423601,P1889,Q37032426
Q423601,P1889,Q94285456
Q2097870,P31,Q4167410
Q231475,P31,Q4167410
Q357919,P31,Q4167410
Q248573,P31,Q4167410
Q7276324,P31,Q4167410
Q7276324,P1889,Q19826469
Q7276324,P460,Q422530
Q12777765,P31,Q4167410
Q132241,P279,Q15275719
Q132241,P279,Q43229
Q132241,P910,Q7214296
Q132241,P1963,P710
Q132241,P1963,P859
Q132241,P1963,P664
Q132241,P1963,P527
Q132241,P1963,P571
Q132241,P1963,P576
Q132241,P5125,Q7112630
Q132241,P6186,Q13304959
Q132241,P2670,Q27968043
Q132241,P1889,Q27968043
Q132241,P1424,Q88857718
Q132241,P1343,Q101314624
Q387408,P31,Q4167410
Q387408,P1889,Q16870596
Q234240,P31,Q4167410
Q234240,P1889,Q715465
Q234240,P1889,Q7276345
Q184199,P910,Q8280284
Q184199,P279,Q1914636
Q184199,P279,Q10843872
Q184199,P1424,Q6705401
Q184199,P5125,Q7112562
Q184199,P31,Q11862829
Q184199,P1542,Q7692538
Q184199,P1889,Q16039868
Q184199,P2579,Q3952330
Q83405,P279,Q12144897
Q83405,P279,Q1496967
Q83405,P279,Q13226383
Q83405,P279,Q362482
Q83405,P361,Q4830453
Q83405,P910,Q8606769
Q83405,P1343,Q2657718
Q83405,P1889,Q380342
Q185698,P910,Q6463185
Q185698,P279,Q217602
Q185698,P1889,Q351682
Q356798,P31,Q4167410
Q406190,P31,Q4167410
Q16831479,P31,Q4167410
Q16831479,P1889,Q37525723
Q241284,P279,Q219858
Q241284,P279,Q47495022
Q241284,P361,Q2
Q241284,P1889,Q2627400
Q241284,P461,Q8104
Q4918888,P1889,Q16276187
Q4918888,P279,Q2996394
Q4918888,P279,Q2990593
Q231565,P31,Q4167410
Q231565,P460,Q257605
Q231565,P460,Q1083049
Q231565,P460,Q352217
Q231565,P460,Q3697487
Q231565,P460,Q1175259
Q231565,P460,Q423446
Q231565,P460,Q1789279
Q231565,P1889,Q2087646
Q231565,P1889,Q37034195
Q1590843,P31,Q4167410
Q418752,P31,Q4167410
Q354464,P31,Q4167410
Q354464,P1889,Q3611630
Q354464,P1889,Q16002508
Q354464,P1889,Q37540406
Q8815,P17,Q30
Q8815,P910,Q7215250
Q8815,P31,Q184759
Q8815,P31,Q29149990
Q8815,P156,Q221738
Q8815,P156,Q764925
Q8815,P1535,Q193097
Q8815,P1535,Q27979156
Q8815,P361,Q41179866
Q8815,P1343,Q41179866
Q8815,P407,Q1860
Q8815,P1889,Q723425
Q8815,P1462,Q180003
Q976981,P279,Q1140046
Q976981,P279,Q6498784
Q976981,P910,Q9162868
Q976981,P1687,P2534
Q976981,P1889,Q1989896
Q976981,P1343,Q2041543
Q7847565,P31,Q4167410
Q224472,P31,Q4167410
Q6028586,P31,Q778043
Q1166446,P31,Q4167410
Q1166446,P1889,Q37555976
Q753,P910,Q7217331
Q753,P138,Q644636
Q753,P279,Q214609
Q753,P279,Q12140
Q753,P279,Q11426
Q753,P31,Q11344
Q753,P31,Q2512777
Q753,P1542,Q21174096
Q753,P1343,Q2657718
Q753,P1343,Q19190511
Q753,P1343,Q1768721
Q753,P2959,Q29583093
Q753,P2868,Q7831165
Q753,P5008,Q5460604
Q753,P366,Q65967059
Q753,P366,Q2811078
Q753,P366,Q1796959
Q753,P1441,Q2385
Q753,P462,Q2722041
Q753,P1889,Q583353
Q753,P361,Q909712
Q753,P361,Q239825
Q753,P361,Q185870
Q5283,P534,Q23444
Q5283,P279,Q13292702
Q5283,P279,Q622460
Q5283,P279,Q632350
Q5283,P186,Q623
Q5283,P556,Q473227
Q5283,P589,Q13359931
Q5283,P693,Q14754934
Q5283,P579,Q13406846
Q5283,P910,Q7214380
Q5283,P690,Q15041895
Q5283,P138,Q226841
Q5283,P31,Q12089225
Q5283,P565,Q188884
Q5283,P538,Q2747476
Q5283,P527,Q623
Q5283,P1343,Q1138524
Q5283,P1343,Q4086271
Q5283,P1343,Q23705356
Q5283,P1343,Q602358
Q5283,P1343,Q19180675
Q5283,P1343,Q4173137
Q5283,P5008,Q5460604
Q5283,P366,Q56604589
Q5283,P366,Q83437
Q5283,P1889,Q224096
Q5283,P1889,Q1030048
Q5283,P1889,Q12147681
Q402258,P31,Q4167410
Q127583,P279,Q131777
Q127583,P279,Q83437
Q127583,P279,Q214609
Q127583,P279,Q4990682
Q127583,P910,Q13346220
Q127583,P527,Q177342
Q127583,P462,Q1088
Q127583,P462,Q429220
Q127583,P556,Q588274
Q127583,P31,Q429795
Q127583,P1343,Q4086271
Q127583,P1343,Q602358
Q127583,P1343,Q1970746
Q225182,P31,Q4167410
Q225182,P1889,Q12329823
Q166118,P279,Q1030034
Q166118,P279,Q17334923
Q166118,P910,Q5677116
Q166118,P1343,Q2657718
Q166118,P1343,Q2041543
Q166118,P1343,Q602358
Q166118,P1343,Q602358
Q166118,P1343,Q19180675
Q166118,P1343,Q56647980
Q166118,P1687,P485
Q166118,P1687,P2960
Q166118,P366,Q9158768
Q166118,P366,Q830393
Q166118,P101,Q517656
Q166118,P101,Q1379672
Q166118,P101,Q13515694
Q166118,P1424,Q11011669
Q166118,P1889,Q26944999
Q166118,P1889,Q56648173
Q166118,P2283,Q635719
Q166118,P527,Q4431094
Q1459574,P279,Q13136
Q1459574,P279,Q1063801
Q1459574,P1889,Q1780810
Q1459574,P1889,Q3685091
Q1459574,P31,Q223393
Q1459574,P361,Q27801
Q291486,P31,Q18343316
Q291486,P31,Q877886
Q291486,P1072,Q29209269
Q291486,P1073,Q29209269
Q291486,P4810,Q47517764
Q291486,P4810,Q47517765
Q291486,P4810,Q47517767
Q291486,P4810,Q47517768
Q291486,P4810,Q47517769
Q291486,P4810,Q47517774
Q291486,P144,Q2681
Q237302,P31,Q4167410
Q52943,P279,Q11023058
Q52943,P910,Q9564784
Q11055283,P31,Q4167410
Q400651,P31,Q4167410
Q400651,P1889,Q25114414
Q400651,P1889,Q4039191
Q235577,P31,Q4167410
Q587346,P361,Q9135
Q587346,P31,Q6888088
Q188844,P910,Q8175867
Q188844,P3095,Q24716636
Q188844,P279,Q4374347
Q188844,P279,Q7940935
Q650711,P279,Q180684
Q650711,P279,Q1931388
Q650711,P910,Q7012309
Q650711,P1552,Q124490
Q650711,P3095,Q1414937
Q650711,P3095,Q4991371
Q204606,P910,Q7215645
Q204606,P279,Q170519
Q633043,P31,Q4167410
Q633043,P1889,Q21502346
Q633043,P1889,Q7735
Q633043,P1889,Q417302
Q1339799,P31,Q4167410
Q181001,P31,Q483394
Q181001,P910,Q8421708
Q181001,P1889,Q3519050
Q181001,P1889,Q1168168
Q181001,P1889,Q291
Q181001,P1424,Q19822711
Q181001,P138,Q3519050
Q181001,P279,Q17537576
Q181001,P1343,Q19180675
Q217483,P31,Q4167410
Q217483,P1889,Q26212880
Q217483,P1889,Q26212885
Q217483,P1889,Q26216350
Q217483,P1889,Q29371042
Q217483,P1889,Q21144645
Q472302,P1889,Q16572632
Q472302,P527,Q212108
Q472302,P366,Q212108
Q472302,P31,Q10843872
Q472302,P461,Q3836471
Q177234,P279,Q64729893
Q177234,P910,Q8596604
Q6816339,P31,Q4167410
Q729805,P910,Q8448768
Q729805,P31,Q4038559
Q729805,P1889,Q15731702
Q11012,P279,Q11019
Q11012,P279,Q1274979
Q11012,P527,Q68
Q11012,P527,Q1587588
Q11012,P527,Q1522115
Q11012,P2184,Q4177396
Q11012,P1424,Q3579032
Q11012,P5008,Q5460604
Q11012,P910,Q8670893
Q11012,P1552,Q11660
Q11012,P1552,Q184199
Q11012,P1552,Q7353385
Q11012,P1299,Q13091172
Q1342790,P31,Q859477
Q1342790,P306,Q11368
Q1342790,P306,Q1406
Q1342790,P178,Q92967
Q1342790,P277,Q15777
Q1342790,P277,Q42478
Q1342790,P1056,Q7397
Q45045,P910,Q8745722
Q45045,P361,Q21198
Q45045,P361,Q413
Q45045,P361,Q11023
Q45045,P366,Q1408487
Q45045,P366,Q815820
Q45045,P366,Q117801
Q45045,P366,Q2310303
Q45045,P1343,Q2041543
Q45045,P279,Q3249551
Q45045,P279,Q486902
Q45045,P279,Q101965
Q45045,P279,Q6888384
Q45045,P461,Q1293220
Q45045,P1889,Q4114622
Q237984,P31,Q4167410
Q8366,P279,Q41689629
Q8366,P279,Q386724
Q8366,P138,Q9038
Q8366,P361,Q21198
Q8366,P361,Q13636890
Q8366,P361,Q395
Q8366,P910,Q7019560
Q8366,P1963,P2159
Q8366,P1963,P3753
Q8366,P1963,P3756
Q8366,P1963,P3752
Q8366,P1963,P3755
Q8366,P1963,P3754
Q8366,P1963,P3757
Q8366,P1424,Q5910871
Q8366,P1343,Q2041543
Q8366,P1343,Q47755251
Q8366,P1343,Q1768721
Q8366,P5008,Q5460604
Q8366,P6104,Q6526225
Q8366,P1552,Q5157286
Q8366,P1552,Q1296251
Q8366,P1552,Q7595718
Q5249547,P31,Q4167410
Q1339044,P31,Q4830453
Q1339044,P156,Q11463
Q1339044,P138,Q213220
Q1339044,P17,Q30
Q1339044,P159,Q5083
Q1339044,P1366,Q11463
Q1339044,P1056,Q7397
Q1339044,P452,Q7397
Q1339044,P495,Q30
Q4259259,P279,Q1314278
Q4259259,P1343,Q2657718
Q4259259,P1343,Q2041543
Q4259259,P366,Q12321255
Q4259259,P460,Q12321255
Q4259259,P460,Q1259027
Q4259259,P2079,Q1153946
Q4259259,P138,Q13414920
Q4259259,P138,Q627175
Q87990097,P31,Q4167410
Q3567921,P31,Q15623926
Q4650543,P31,Q4167410
Q869842,P175,Q11975
Q869842,P264,Q27184
Q869842,P31,Q134556
Q869842,P31,Q7366
Q869842,P676,Q11975
Q869842,P156,Q829726
Q869842,P155,Q379751
Q869842,P86,Q11975
Q869842,P136,Q37073
Q869842,P495,Q30
Q869842,P826,Q934895
Q869842,P361,Q27166
Q869842,P162,Q2522695
Q869842,P7937,Q134556
Q297698,P31,Q4167410
Q637202,P1441,Q3107329
Q637202,P170,Q42
Q637202,P31,Q15632617
Q637202,P31,Q3658341
Q637202,P21,Q6581097
Q637202,P1080,Q29982347
Q637202,P19,Q12124
Q637202,P175,Q1686613
Q637202,P8345,Q98557758
Q37038,P279,Q11028
Q37038,P279,Q17537576
Q37038,P279,Q7406919
Q37038,P910,Q6448504
Q37038,P1343,Q2657718
Q37038,P1343,Q602358
Q37038,P1343,Q19180675
Q37038,P1343,Q1970746
Q37038,P2184,Q3137306
Q37038,P180,Q2424752
Q37038,P180,Q7406919
Q37038,P3095,Q10355417
Q37038,P31,Q8187769
Q1145523,P910,Q7216201
Q1145523,P279,Q1914636
Q1145523,P1382,Q380962
Q1145523,P1889,Q156744
Q2388316,P279,Q16334295
Q2388316,P461,Q3248417
Q5372066,P461,Q8018022
Q5372066,P279,Q223557
Q5372066,P279,Q23013246
Q5372066,P279,Q49848
Q9765,P361,Q8229
Q9765,P361,Q606972
Q9765,P361,Q754673
Q9765,P361,Q76228
Q9765,P361,Q607188
Q9765,P361,Q20581324
Q9765,P361,Q1095058
Q9765,P361,Q1187758
Q9765,P361,Q372785
Q9765,P361,Q637405
Q9765,P361,Q550383
Q9765,P361,Q755124
Q9765,P361,Q18691434
Q9765,P361,Q994407
Q9765,P361,Q384749
Q9765,P361,Q1493494
Q9765,P361,Q2839543
Q9765,P361,Q90681288
Q9765,P31,Q19776628
Q9765,P31,Q3841820
Q9765,P1299,Q17021643
Q9765,P910,Q10135635
Q9765,P1889,Q484140
Q9765,P1889,Q129481
Q9765,P1889,Q27269
Q9765,P1343,Q867541
Q10770146,P461,Q183127
Q10770146,P1343,Q2657718
Q10770146,P279,Q937228
Q1101796,P279,Q478798
Q1101796,P279,Q64223661
Q235938,P31,Q4167410
Q1357284,P910,Q25325574
Q1357284,P31,Q39875001
Q365,P31,Q22865
Q365,P31,Q707813
Q365,P31,Q200250
Q365,P31,Q2202509
Q365,P31,Q42744322
Q365,P31,Q1549591
Q365,P31,Q1637706
Q365,P31,Q85635630
Q365,P131,Q7927
Q365,P131,Q7904317
Q365,P150,Q446857
Q365,P150,Q446716
Q365,P150,Q458126
Q365,P150,Q446864
Q365,P150,Q458242
Q365,P150,Q446870
Q365,P150,Q153779
Q365,P150,Q518491
Q365,P150,Q518604
Q365,P150,Q831339
Q365,P150,Q1795766
Q365,P150,Q1795775
Q365,P150,Q6089
Q365,P150,Q316601
Q365,P150,Q3853
Q365,P150,Q633582
Q365,P150,Q1795736
Q365,P150,Q1663115
Q365,P150,Q248236
Q365,P150,Q885372
Q365,P6,Q19285371
Q365,P6,Q54678
Q365,P6,Q96758
Q365,P6,Q2157402
Q365,P6,Q2416853
Q365,P6,Q215272
Q365,P6,Q99424
Q365,P6,Q104695
Q365,P6,Q1360182
Q365,P421,Q6655
Q365,P421,Q6723
Q365,P190,Q24826
Q365,P190,Q16010
Q365,P190,Q648
Q365,P190,Q3992
Q365,P190,Q34370
Q365,P190,Q495
Q365,P190,Q34600
Q365,P190,Q3572
Q365,P190,Q38511
Q365,P190,Q4071168
Q365,P190,Q100188
Q365,P190,Q33935
Q365,P190,Q1492
Q365,P190,Q956
Q365,P190,Q17151
Q365,P190,Q36647
Q365,P190,Q1132939
Q365,P190,Q6346
Q365,P190,Q914
Q365,P190,Q158089
Q365,P190,Q588
Q365,P190,Q5776
Q365,P190,Q406
Q365,P190,Q8678
Q365,P190,Q404429
Q365,P138,Q23048
Q365,P910,Q5609614
Q365,P1151,Q11380304
Q365,P1464,Q11078895
Q365,P1465,Q9218118
Q365,P1740,Q8458064
Q365,P1792,Q7119006
Q365,P1376,Q7927
Q365,P1376,Q273025
Q365,P1376,Q7904317
Q365,P1376,Q153468
Q365,P1343,Q4173137
Q365,P1343,Q19180675
Q365,P1343,Q602358
Q365,P1343,Q4114391
Q365,P1343,Q3181656
Q365,P1343,Q316838
Q365,P206,Q584
Q365,P2184,Q566781
Q365,P47,Q6292
Q365,P47,Q6287
Q365,P47,Q6295
Q365,P47,Q2938
Q365,P47,Q6257
Q365,P47,Q6253
Q365,P47,Q4060
Q365,P17,Q183
Q365,P17,Q7318
Q365,P17,Q41304
Q365,P17,Q43287
Q365,P17,Q27306
Q365,P17,Q142
Q365,P17,Q12548
Q365,P17,Q7904317
Q365,P17,Q153080
Q365,P17,Q146246
Q365,P17,Q2415901
Q365,P17,Q713750
Q365,P17,Q42834
Q365,P17,Q2277
Q365,P17,Q183
Q365,P2872,Q27903825
Q365,P485,Q664138
Q365,P194,Q17484711
Q365,P463,Q627637
Q365,P463,Q1768108
Q365,P463,Q747279
Q365,P463,Q52144567
Q365,P463,Q153468
Q365,P1313,Q52220796
Q365,P1791,Q7976682
Q365,P7867,Q83980630
Q365,P8402,Q63428438
Q365,P8402,Q97146013
Q365,P8744,Q100866188
Q206021,P910,Q6740135
Q206021,P279,Q1190554
Q206021,P279,Q2633862
Q365,P31,Q22865
Q365,P31,Q707813
Q365,P31,Q200250
Q365,P31,Q2202509
Q365,P31,Q42744322
Q365,P31,Q1549591
Q365,P31,Q1637706
Q365,P31,Q85635630
Q365,P131,Q7927
Q365,P131,Q7904317
Q365,P150,Q446857
Q365,P150,Q446716
Q365,P150,Q458126
Q365,P150,Q446864
Q365,P150,Q458242
Q365,P150,Q446870
Q365,P150,Q153779
Q365,P150,Q518491
Q365,P150,Q518604
Q365,P150,Q831339
Q365,P150,Q1795766
Q365,P150,Q1795775
Q365,P150,Q6089
Q365,P150,Q316601
Q365,P150,Q3853
Q365,P150,Q633582
Q365,P150,Q1795736
Q365,P150,Q1663115
Q365,P150,Q248236
Q365,P150,Q885372
Q365,P6,Q19285371
Q365,P6,Q54678
Q365,P6,Q96758
Q365,P6,Q2157402
Q365,P6,Q2416853
Q365,P6,Q215272
Q365,P6,Q99424
Q365,P6,Q104695
Q365,P6,Q1360182
Q365,P421,Q6655
Q365,P421,Q6723
Q365,P190,Q24826
Q365,P190,Q16010
Q365,P190,Q648
Q365,P190,Q3992
Q365,P190,Q34370
Q365,P190,Q495
Q365,P190,Q34600
Q365,P190,Q3572
Q365,P190,Q38511
Q365,P190,Q4071168
Q365,P190,Q100188
Q365,P190,Q33935
Q365,P190,Q1492
Q365,P190,Q956
Q365,P190,Q17151
Q365,P190,Q36647
Q365,P190,Q1132939
Q365,P190,Q6346
Q365,P190,Q914
Q365,P190,Q158089
Q365,P190,Q588
Q365,P190,Q5776
Q365,P190,Q406
Q365,P190,Q8678
Q365,P190,Q404429
Q365,P138,Q23048
Q365,P910,Q5609614
Q365,P1151,Q11380304
Q365,P1464,Q11078895
Q365,P1465,Q9218118
Q365,P1740,Q8458064
Q365,P1792,Q7119006
Q365,P1376,Q7927
Q365,P1376,Q273025
Q365,P1376,Q7904317
Q365,P1376,Q153468
Q365,P1343,Q4173137
Q365,P1343,Q19180675
Q365,P1343,Q602358
Q365,P1343,Q4114391
Q365,P1343,Q3181656
Q365,P1343,Q316838
Q365,P206,Q584
Q365,P2184,Q566781
Q365,P47,Q6292
Q365,P47,Q6287
Q365,P47,Q6295
Q365,P47,Q2938
Q365,P47,Q6257
Q365,P47,Q6253
Q365,P47,Q4060
Q365,P17,Q183
Q365,P17,Q7318
Q365,P17,Q41304
Q365,P17,Q43287
Q365,P17,Q27306
Q365,P17,Q142
Q365,P17,Q12548
Q365,P17,Q7904317
Q365,P17,Q153080
Q365,P17,Q146246
Q365,P17,Q2415901
Q365,P17,Q713750
Q365,P17,Q42834
Q365,P17,Q2277
Q365,P17,Q183
Q365,P2872,Q27903825
Q365,P485,Q664138
Q365,P194,Q17484711
Q365,P463,Q627637
Q365,P463,Q1768108
Q365,P463,Q747279
Q365,P463,Q52144567
Q365,P463,Q153468
Q365,P1313,Q52220796
Q365,P1791,Q7976682
Q365,P7867,Q83980630
Q365,P8402,Q63428438
Q365,P8402,Q97146013
Q16797618,P31,Q4167410
Q227742,P31,Q4167410
Q227742,P460,Q2228728
Q768273,P31,Q4167410
Q768273,P1889,Q16870350
Q768273,P1889,Q21481493
Q994200,P31,Q4167410
Q994200,P1889,Q29767490
Q994200,P1889,Q37108618
Q902662,P31,Q4167410
Q902662,P460,Q19689167
Q902662,P1889,Q15215515
Q422191,P31,Q4167410
Q422191,P1889,Q37255369
Q7113755,P31,Q4167410
Q10998,P105,Q7432
Q10998,P31,Q16521
Q10998,P171,Q146555
Q10998,P910,Q8789128
Q10998,P910,Q22811248
Q10998,P2959,Q25634247
Q10998,P4000,Q13184
Q10998,P1672,Q16587531
Q10998,P1672,Q715160
Q10998,P1889,Q16587531
Q10998,P1343,Q2041543
Q10998,P1343,Q602358
Q10998,P5008,Q5460604
Q10998,P166,Q1344055
Q10998,P2868,Q810198
Q740445,P279,Q46831
Q740445,P279,Q55075651
Q740445,P910,Q8662635
Q740445,P31,Q2624046
Q740445,P1889,Q9381142
Q419307,P31,Q4167410
Q224058,P31,Q4167410
Q224058,P1343,Q2041543
Q224058,P910,Q9737643
Q419970,P31,Q4167410
Q11633,P279,Q10296912
Q11633,P279,Q8148
Q11633,P279,Q36649
Q11633,P910,Q6159053
Q11633,P2184,Q355472
Q11633,P366,Q26911
Q11633,P366,Q208195
Q11633,P366,Q6031064
Q11633,P5008,Q5460604
Q11633,P5125,Q7112699
Q11633,P31,Q11177771
Q11633,P31,Q11862829
Q11633,P1343,Q602358
Q11633,P1343,Q19180675
Q11633,P1343,Q602358
Q11633,P1343,Q867541
Q11633,P3095,Q33231
Q11633,P61,Q933545
Q11633,P495,Q161885
Q11633,P1424,Q8084538
Q11633,P1441,Q63892461
Q23444,P31,Q1075
Q23444,P31,Q56053097
Q23444,P461,Q23445
Q23444,P910,Q19847219
Q23444,P279,Q9128
Q23444,P527,Q3142
Q23444,P527,Q39338
Q23444,P527,Q943
Q23444,P527,Q3133
Q23444,P527,Q373160
Q23444,P527,Q1088
Q23444,P527,Q428124
Q23444,P1343,Q602358
Q174757,P176,Q835702
Q174757,P176,Q47167888
Q174757,P31,Q54277
Q174757,P1072,Q86920
Q174757,P1072,Q27526163
Q174757,P1072,Q5227180
Q174757,P1072,Q467454
Q174757,P1072,Q207819
Q174757,P1072,Q50308743
Q174757,P1072,Q3564764
Q174757,P1072,Q48551303
Q174757,P1072,Q60628185
Q174757,P1072,Q62664770
Q174757,P1072,Q62664735
Q174757,P1072,Q5381415
Q174757,P1073,Q86920
Q174757,P1073,Q27526163
Q174757,P1073,Q5227180
Q174757,P1073,Q467454
Q174757,P1073,Q207819
Q174757,P1073,Q60628185
Q174757,P1073,Q62664735
Q174757,P178,Q835702
Q174757,P306,Q11215
Q4576564,P279,Q16798631
Q4576564,P279,Q2424752
Q4576564,P1382,Q35825432
Q1175121,P31,Q4167410
Q5300,P910,Q7163179
Q5300,P1424,Q6978288
Q5300,P1424,Q8084425
Q5300,P527,Q1303814
Q5300,P527,Q352090
Q5300,P1687,P880
Q5300,P5008,Q5460604
Q5300,P2789,Q727009
Q5300,P1889,Q68
Q5300,P1889,Q1466064
Q5300,P279,Q1466064
Q5300,P361,Q3181395
Q5300,P361,Q68
Q5300,P31,Q3966
Q5300,P1963,P2149
Q5300,P1963,P2079
Q5300,P1963,P1141
Q5300,P1963,P7443
Q5300,P1963,P1041
Q5300,P1963,P1068
Q5300,P1963,P7289
Q5300,P1963,P6889
Q5300,P1963,P2150
Q210040,P31,Q4167410
Q210040,P460,Q12016696
Q362944,P31,Q4167410
Q362944,P1889,Q37499055
Q362944,P1889,Q4038817
Q1449,P190,Q200030
Q1449,P190,Q6506
Q1449,P190,Q1486
Q1449,P190,Q1524
Q1449,P190,Q1647
Q1449,P190,Q1874
Q1449,P190,Q5092
Q1449,P190,Q16567
Q1449,P190,Q17244
Q1449,P190,Q23482
Q1449,P190,Q52337
Q1449,P190,Q57948
Q1449,P190,Q217411
Q1449,P190,Q83404
Q1449,P190,Q748832
Q1449,P190,Q2746
Q1449,P17,Q38
Q1449,P17,Q165154
Q1449,P17,Q142
Q1449,P17,Q659312
Q1449,P17,Q174306
Q1449,P17,Q5343710
Q1449,P131,Q18288152
Q1449,P131,Q16183
Q1449,P31,Q747074
Q1449,P31,Q1549591
Q1449,P31,Q2264924
Q1449,P31,Q515
Q1449,P47,Q265257
Q1449,P47,Q266272
Q1449,P47,Q266592
Q1449,P47,Q17287
Q1449,P47,Q265483
Q1449,P47,Q265498
Q1449,P47,Q266283
Q1449,P47,Q265311
Q1449,P47,Q265284
Q1449,P47,Q265514
Q1449,P47,Q265616
Q1449,P47,Q265539
Q1449,P47,Q271225
Q1449,P47,Q265528
Q1449,P47,Q266630
Q1449,P47,Q266259
Q1449,P47,Q271341
Q1449,P910,Q7214146
Q1449,P1464,Q9886579
Q1449,P1465,Q9218461
Q1449,P1740,Q10218508
Q1449,P1792,Q7117927
Q1449,P1376,Q1256
Q1449,P1376,Q16183
Q1449,P1376,Q174306
Q1449,P1376,Q1098820
Q1449,P1376,Q18288152
Q1449,P1791,Q7975534
Q1449,P6,Q649288
Q1449,P6,Q30745227
Q1449,P6,Q1225736
Q1449,P6,Q930444
Q1449,P6,Q3605773
Q1449,P1343,Q4114391
Q1449,P1343,Q602358
Q1449,P1343,Q4173137
Q1449,P1343,Q19180675
Q1449,P1343,Q316838
Q1449,P206,Q42820
Q1449,P417,Q40662
Q1449,P361,Q1256
Q1449,P361,Q18288152
Q1449,P1313,Q50189121
Q1449,P194,Q50189268
Q1449,P527,Q1638371
Q1449,P166,Q15042072
Q1449,P166,Q129372
Q1449,P1424,Q22871590
Q1449,P1830,Q1808872
Q1449,P1830,Q2034331
Q1449,P1830,Q2047566
Q1449,P1830,Q3636722
Q1449,P1830,Q3636721
Q1449,P1830,Q3636724
Q1449,P1830,Q3636725
Q1449,P1830,Q3662403
Q1449,P1830,Q3748517
Q1449,P1830,Q3748544
Q1449,P1830,Q3748601
Q1449,P1830,Q3748648
Q1449,P1830,Q3967756
Q1449,P1830,Q4011948
Q1449,P1830,Q4011961
Q1449,P1830,Q4012131
Q1449,P1830,Q15845579
Q1449,P1830,Q15845585
Q1449,P1830,Q16572448
Q1449,P1830,Q16621442
Q1449,P1830,Q26828180
Q1449,P1830,Q50919233
Q1449,P1830,Q162965
Q1449,P1830,Q271568
Q1449,P1830,Q661321
Q1449,P1441,Q2385
Q1449,P421,Q6655
Q1449,P421,Q6723
Q1449,P793,Q577441
Q1449,P793,Q3625481
Q1449,P793,Q7510044
Q1449,P793,Q9291683
Q1449,P793,Q20875976
Q1449,P37,Q652
Q1449,P7867,Q84102020
Q1449,P1889,Q48746686
Q1449,P8744,Q100868301
Q255073,P31,Q4167410
Q255073,P460,Q340400
Q255073,P460,Q225593
Q255073,P460,Q1569877
Q255073,P460,Q2201432
Q255073,P1889,Q17862013
Q255073,P1889,Q37039552
Q6120474,P31,Q4167410
Q6120474,P1889,Q37015912
Q4321,P279,Q65034977
Q4321,P279,Q3966
Q4321,P910,Q7466576
Q4321,P361,Q68
Q4321,P527,Q182656
Q4321,P527,Q727009
Q4321,P527,Q2032544
Q4321,P527,Q178048
Q4321,P527,Q949101
Q4321,P527,Q2119531
Q4321,P527,Q5300
Q4321,P1659,P880
Q4321,P2789,Q2308614
Q4321,P2789,Q1361661
Q4321,P1889,Q65034977
Q4321,P1552,Q95987576
Q11229,P31,Q27084
Q11229,P31,Q47574
Q11229,P31,Q82047057
Q11229,P913,Q7559698
Q11229,P156,Q181011
Q11229,P1889,Q278568
Q11229,P1343,Q4532138
Q11229,P111,Q126818
Q11229,P279,Q3481047
Q15080920,P279,Q215536
Q15080920,P31,Q12737077
Q329717,P361,Q222249
Q22676,P527,Q50759282
Q22676,P279,Q161928
Q22676,P910,Q7151246
Q22676,P1343,Q1138524
Q22676,P1343,Q1768721
Q22676,P1552,Q900925
Q1346610,P17,Q148
Q1346610,P131,Q59205
Q1346610,P150,Q14414965
Q1346610,P150,Q10934434
Q1346610,P150,Q14415020
Q1346610,P150,Q10868724
Q1346610,P150,Q10868322
Q1346610,P150,Q10885404
Q1346610,P150,Q14415081
Q1346610,P150,Q10913261
Q1346610,P150,Q11069787
Q1346610,P150,Q10916860
Q1346610,P150,Q10892971
Q1346610,P150,Q14415170
Q1346610,P150,Q11149483
Q1346610,P150,Q14415195
Q1346610,P150,Q10870545
Q1346610,P150,Q14415229
Q1346610,P150,Q11106012
Q1346610,P31,Q1289426
Q1346610,P910,Q9604323
Q1346610,P421,Q6985
Q1346610,P36,Q14414965
Q1346610,P1792,Q31015724
Q7113960,P31,Q4167410
Q1178827,P31,Q4167410
Q1903098,P31,Q4167410
Q104555,P279,Q4198689
Q104555,P279,Q875696
Q104555,P279,Q2041172
Q104555,P279,Q354733
Q104555,P910,Q18724016
Q104555,P2575,Q36253
Q20140,P279,Q184824
Q20140,P910,Q55329506
Q162633,P279,Q4671277
Q162633,P279,Q955824
Q162633,P279,Q38723
Q162633,P279,Q3914
Q162633,P910,Q9699184
Q162633,P1343,Q2657718
Q162633,P1343,Q602358
Q162633,P1343,Q19180675
Q162633,P1343,Q3181656
Q162633,P1889,Q193093
Q162633,P1889,Q2822246
Q162633,P1889,Q337465
Q162633,P1889,Q1211427
Q162633,P138,Q415017
Q162633,P138,Q381885
Q162633,P138,Q162875
Q235109,P31,Q4167410
Q235109,P1889,Q2662113
Q235109,P460,Q248461
Q865588,P279,Q16334295
Q865588,P279,Q1752346
Q865588,P910,Q7020080
Q865588,P1889,Q12008699
Q865588,P1056,Q88802020
Q865588,P460,Q55657615
Q46441,P31,Q1029123
Q46441,P1462,Q37033
Q46441,P910,Q8918851
Q46441,P178,Q16953111
Q46441,P747,Q19942840
Q46441,P747,Q27826458
Q46441,P747,Q27826457
Q46441,P747,Q11707176
Q46441,P1424,Q14400574
Q46441,P1889,Q27826463
Q46441,P1535,Q27826463
Q14169641,P279,Q10884
Q14169641,P31,Q55983715
Q14169641,P1889,Q229
Q225700,P31,Q4167410
Q225700,P1889,Q37551071
Q347207,P31,Q4167410
Q15829892,P910,Q8967504
Q15829892,P1889,Q16726180
Q15829892,P279,Q18624259
Q15829892,P279,Q155076
Q15829892,P31,Q1269299
Q15829892,P31,Q14946528
Q15829892,P921,Q1518609
Q15829892,P921,Q1518604
Q15829892,P921,Q1518608
Q15829892,P921,Q460178
Q6715388,P31,Q4167410
Q49233,P1464,Q8067049
Q49233,P190,Q5776
Q49233,P190,Q914
Q49233,P190,Q4361
Q49233,P190,Q9326
Q49233,P190,Q51103
Q49233,P190,Q152567
Q49233,P190,Q652130
Q49233,P190,Q189633
Q49233,P190,Q81033
Q49233,P190,Q5337
Q49233,P190,Q12753
Q49233,P190,Q140631
Q49233,P190,Q319729
Q49233,P190,Q8356
Q49233,P1151,Q15609443
Q49233,P17,Q30
Q49233,P31,Q1093829
Q49233,P31,Q1549591
Q49233,P131,Q488543
Q49233,P910,Q7213510
Q49233,P1465,Q9688954
Q49233,P1792,Q7117184
Q49233,P421,Q5390
Q49233,P6,Q4984846
Q49233,P47,Q1992883
Q49233,P47,Q986641
Q49233,P1376,Q488543
Q49233,P1830,Q199359
Q49233,P1830,Q481794
Q49233,P1830,Q481795
Q49233,P7867,Q84027031
Q49233,P163,Q60521341
Q49233,P163,Q97495954
Q291427,P31,Q4167410
Q291427,P1889,Q68015325
Q291427,P1889,Q7231329
Q225146,P31,Q4167410
Q225146,P460,Q4420658
Q225146,P1889,Q37553660
Q365096,P31,Q4167410
Q369577,P910,Q17391338
Q369577,P1343,Q2657718
Q369577,P1269,Q836575
Q369577,P1269,Q3406372
Q369577,P1269,Q1087786
Q369577,P279,Q11398090
Q369577,P1542,Q317623
Q167270,P279,Q131257
Q167270,P279,Q3695082
Q167270,P279,Q80071
Q167270,P279,Q1632297
Q167270,P910,Q5896763
Q167270,P913,Q1944044
Q167270,P1424,Q5616238
Q167270,P1424,Q15728918
Q167270,P1343,Q602358
Q167270,P1889,Q1853446
Q28971797,P31,Q4167410
Q535741,P31,Q1799072
Q535741,P279,Q1813494
Q342746,P31,Q4167410
Q348315,P31,Q4167410
Q4673667,P31,Q4167410
Q339062,P279,Q2996394
Q339062,P910,Q9437311
Q339062,P155,Q671701
Q339062,P156,Q1984140
Q339062,P1889,Q4156986
Q224441,P31,Q4167410
Q1229901,P31,Q4167410
Q1229901,P1889,Q16870218
Q1229901,P1889,Q3772838
Q223817,P31,Q4167410
Q223817,P1889,Q7810815
Q223817,P1889,Q20064981
Q234537,P31,Q4167410
Q4383565,P31,Q4167410
Q342068,P31,Q4167410
Q342068,P910,Q8636778
Q235656,P31,Q4167410
Q235656,P460,Q9357969
Q5672718,P31,Q3409032
Q5672718,P1889,Q4064400
Q5672718,P282,Q8229
Q5672718,P282,Q33513
Q5672718,P1533,Q37243996
Q5672718,P5323,Q39131224
Q569057,P1343,Q2657718
Q569057,P31,Q5725005
Q569057,P461,Q46997943
Q569057,P279,Q107715
Q569057,P1552,Q2091584
Q406960,P31,Q4167410
Q250434,P31,Q4167410
Q1002868,P31,Q4167410
Q327245,P279,Q43229
Q327245,P279,Q16334295
Q327245,P2670,Q51747567
Q327245,P461,Q71690273
Q13414347,P31,Q4167410
Q13414347,P1889,Q37543308
Q22670946,P31,Q35127
Q737460,P279,Q3041498
Q737460,P279,Q767669
Q737460,P279,Q2289481
Q737460,P910,Q5636986
Q737460,P1995,Q161437
Q8434,P279,Q133500
Q8434,P279,Q7406919
Q8434,P910,Q4103249
Q8434,P1343,Q4173137
Q8434,P1343,Q602358
Q8434,P1343,Q302556
Q8434,P1343,Q19190511
Q8434,P1343,Q1768721
Q8434,P1343,Q3181656
Q8434,P1343,Q101314624
Q8434,P460,Q1326354
Q8434,P2959,Q22828648
Q8434,P1151,Q13359951
Q8434,P31,Q2465832
Q8434,P31,Q11862829
Q8434,P1424,Q14400727
Q8434,P1424,Q11838819
Q8434,P1889,Q12150409
Q8434,P1889,Q57173735
Q8434,P1889,Q4103249
Q8434,P3095,Q974144
Q8434,P3095,Q37226
Q8434,P3095,Q10509151
Q8434,P5008,Q5460604
Q8434,P5125,Q7112612
Q8434,P1542,Q57173735
Q8434,P6104,Q8486648
Q8434,P2579,Q7922
Q8434,P2670,Q64801076
Q8434,P1552,Q18189
Q6807738,P31,Q4167410
Q403027,P31,Q4167410
Q403027,P1889,Q37047372
Q7366,P279,Q2188189
Q7366,P279,Q7725634
Q7366,P279,Q685884
Q7366,P279,Q207628
Q7366,P910,Q7214384
Q7366,P1343,Q2041543
Q7366,P1343,Q602358
Q7366,P1343,Q1768721
Q7366,P1424,Q9001861
Q7366,P1424,Q15527749
Q7366,P31,Q483394
Q7366,P1963,P2724
Q7366,P1963,P3736
Q7366,P1963,P435
Q7366,P1963,P175
Q7366,P1963,P407
Q7366,P1963,P577
Q7366,P1963,P86
Q7366,P1963,P676
Q7366,P1963,P162
Q7366,P1963,P826
Q7366,P1963,P3440
Q7366,P1963,P1725
Q7366,P1963,P361
Q7366,P1963,P136
Q7366,P1963,P1994
Q7366,P1963,P2624
Q7366,P1963,P2047
Q7366,P1963,P495
Q7366,P2670,Q40686289
Q7366,P5008,Q5460604
Q7366,P1889,Q15974722
Q7366,P1889,Q2188189
Q7366,P5869,Q55777670
Q7366,P5869,Q7228913
Q7366,P2354,Q65178170
Q7366,P870,Q17172850
Q218723,P31,Q4167410
Q218723,P1343,Q2041543
Q255178,P31,Q4167410
Q255178,P1889,Q19830625
Q255178,P1889,Q16880828
Q229516,P31,Q4167410
Q603555,P279,Q472055
Q603555,P31,Q659563
Q603555,P910,Q8210531
Q603555,P1889,Q60617834
Q603555,P1889,Q238357
Q603555,P2354,Q5114165
Q277427,P31,Q4167410
Q5069880,P31,Q8171
Q5069880,P1269,Q1075
Q42344,P1552,Q39297
Q42344,P1552,Q1379273
Q42344,P1535,Q124255
Q42344,P1535,Q676413
Q42344,P1535,Q526863
Q42344,P279,Q937946
Q42344,P527,Q173817
Q42344,P527,Q208826
Q42344,P1889,Q1635267
Q42344,P1889,Q493171
Q1162598,P279,Q210729
Q1162598,P279,Q2425052
Q1162598,P366,Q2274347
Q947048,P31,Q4167410
Q228582,P31,Q4167410
Q228582,P1889,Q36855223
Q187939,P31,Q3958441
Q187939,P31,Q8148
Q187939,P31,Q8187769
Q187939,P910,Q6683771
Q187939,P279,Q4459228
Q187939,P279,Q10843872
Q187939,P279,Q7406919
Q187939,P361,Q55639
Q187939,P1889,Q739302
Q187939,P5125,Q3610525
Q187939,P2670,Q1824206
Q187939,P1343,Q2041543
Q187939,P1424,Q6839140
Q187939,P3095,Q87285943
Q187939,P3095,Q18244268
Q187939,P460,Q8148
Q225858,P31,Q4167410
Q225858,P1889,Q19915007
Q225858,P1889,Q46767
Q225858,P460,Q3303008
Q225858,P460,Q239243
Q225858,P460,Q684332
Q225858,P460,Q727419
Q225858,P460,Q1741455
Q225858,P460,Q11343332
Q18335,P361,Q413
Q18335,P910,Q7015868
Q18335,P31,Q1293220
Q18335,P2579,Q413
Q18335,P1424,Q10927520
Q18335,P279,Q1293220
Q257659,P31,Q4167410
Q257659,P1889,Q1454272
Q257659,P1889,Q37487109
Q257659,P460,Q223968
Q257659,P460,Q7933308
Q521,P910,Q7779711
Q521,P31,Q28598684
Q521,P31,Q11862829
Q521,P5125,Q25350396
Q521,P279,Q420
Q521,P3095,Q2055046
Q521,P1343,Q19180675
Q521,P1343,Q602358
Q7575651,P31,Q215380
Q7575651,P495,Q408
Q233389,P31,Q4167410
Q4243098,P910,Q20191965
Q4243098,P279,Q2002016
Q4243098,P279,Q18819626
Q611130,P31,Q4167410
Q611130,P1889,Q21148399
Q611130,P1889,Q20148490
Q611130,P1889,Q20987254
Q152433,P31,Q4830453
Q152433,P31,Q6881511
Q152433,P910,Q7823180
Q152433,P159,Q54217
Q152433,P166,Q838121
Q152433,P166,Q937629
Q152433,P166,Q92429087
Q152433,P166,Q92429087
Q152433,P414,Q13677
Q152433,P355,Q382465
Q152433,P355,Q8043911
Q152433,P355,Q750428
Q152433,P355,Q29122899
Q152433,P355,Q30338212
Q152433,P355,Q3418995
Q152433,P1830,Q1473137
Q152433,P740,Q49218
Q152433,P1454,Q134161
Q152433,P17,Q30
Q152433,P112,Q15502537
Q152433,P1056,Q7397
Q152433,P463,Q1361045
Q152433,P452,Q11661
Q152433,P361,Q242345
Q152433,P1343,Q103890016
Q43196,P190,Q192225
Q43196,P190,Q40898
Q43196,P190,Q1726
Q43196,P190,Q10086
Q43196,P190,Q45798
Q43196,P190,Q38968
Q43196,P190,Q244898
Q43196,P190,Q3921
Q43196,P190,Q124739
Q43196,P190,Q42308
Q43196,P190,Q1867
Q43196,P190,Q220
Q43196,P1151,Q11240582
Q43196,P17,Q30
Q43196,P131,Q152891
Q43196,P163,Q5456721
Q43196,P31,Q1549591
Q43196,P31,Q1093829
Q43196,P910,Q8371907
Q43196,P1464,Q8078460
Q43196,P1465,Q9218063
Q43196,P138,Q1632484
Q43196,P1792,Q7115063
Q43196,P1376,Q152891
Q43196,P6,Q6227508
Q43196,P2184,Q12060208
Q43196,P206,Q4915
Q43196,P1830,Q153824
Q43196,P421,Q941023
Q43196,P421,Q5390
Q43196,P421,Q5762
Q43196,P7867,Q84048697
Q43196,P1343,Q3181656
Q22690,P1151,Q15647484
Q22690,P421,Q6655
Q22690,P421,Q6723
Q22690,P17,Q142
Q22690,P17,Q43287
Q22690,P17,Q183
Q22690,P131,Q12652
Q22690,P131,Q1399151
Q22690,P131,Q1397924
Q22690,P131,Q1397952
Q22690,P131,Q1397943
Q22690,P131,Q701697
Q22690,P131,Q2900529
Q22690,P131,Q12652
Q22690,P131,Q19863226
Q22690,P190,Q1842
Q22690,P190,Q3138
Q22690,P190,Q170497
Q22690,P190,Q47045
Q22690,P190,Q152418
Q22690,P190,Q499169
Q22690,P190,Q180139
Q22690,P190,Q41819
Q22690,P190,Q2490824
Q22690,P190,Q16666
Q22690,P190,Q126148
Q22690,P190,Q71266
Q22690,P910,Q7465666
Q22690,P31,Q484170
Q22690,P6,Q3035202
Q22690,P1464,Q14517041
Q22690,P1465,Q9219091
Q22690,P1740,Q17303756
Q22690,P1792,Q8807377
Q22690,P1376,Q1137
Q22690,P1376,Q12652
Q22690,P1376,Q701697
Q22690,P1376,Q1397924
Q22690,P1376,Q1397943
Q22690,P1376,Q1397952
Q22690,P1376,Q1399151
Q22690,P1376,Q2900529
Q22690,P1376,Q19863226
Q22690,P1376,Q701694
Q22690,P1376,Q22248793
Q22690,P1376,Q17622846
Q22690,P1376,Q17622843
Q22690,P1376,Q17622837
Q22690,P1376,Q3456472
Q22690,P47,Q21920
Q22690,P47,Q22115
Q22690,P47,Q21756
Q22690,P47,Q22459
Q22690,P47,Q22259
Q22690,P47,Q22302
Q22690,P47,Q22271
Q22690,P47,Q22202
Q22690,P47,Q22752
Q22690,P47,Q22312
Q22690,P47,Q22268
Q22690,P47,Q21927
Q22690,P47,Q22002
Q22690,P47,Q22300
Q22690,P1456,Q1470863
Q22690,P1791,Q8328674
Q22690,P206,Q1667
Q22690,P206,Q599492
Q22690,P1343,Q1138524
Q22690,P1343,Q4114391
Q22690,P1343,Q602358
Q22690,P1343,Q19180675
Q22690,P1343,Q4173137
Q22690,P1343,Q316838
Q22690,P1889,Q318206
Q22690,P485,Q62070481
Q22690,P485,Q62070481
Q22690,P1313,Q61951092
Q22690,P793,Q688847
Q22690,P793,Q3485959
Q22690,P793,Q3485960
Q22690,P793,Q65157955
Q22690,P793,Q3485956
Q22690,P793,Q65157601
Q22690,P793,Q3485955
Q22690,P7867,Q84043720
Q22690,P1365,Q3032422
Q22690,P8402,Q97126380
Q255993,P31,Q4167410
Q255993,P1889,Q37510021
Q365005,P31,Q4167410
Q365005,P460,Q2653939
Q365005,P1889,Q16870998
Q365005,P1889,Q10535618
Q365005,P1889,Q30088713
Q39689,P361,Q269323
Q39689,P910,Q7216265
Q39689,P1343,Q1138524
Q39689,P1343,Q2041543
Q39689,P1343,Q602358
Q39689,P1343,Q19180675
Q39689,P1343,Q4173137
Q39689,P1343,Q23705356
Q39689,P1343,Q1210353
Q39689,P1343,Q3181656
Q39689,P5125,Q7112543
Q39689,P1366,Q2329
Q39689,P3095,Q15954519
Q39689,P279,Q9081
Q39689,P279,Q178934
Q39689,P279,Q375843
Q39689,P1299,Q4713039
Q39689,P1269,Q501353
Q397126,P31,Q4167410
Q397126,P1889,Q5024307
Q397126,P1889,Q16865328
Q4552089,P31,Q215380
Q4552089,P740,Q84
Q4552089,P136,Q20474
Q4552089,P495,Q145
Q48240,P31,Q973861
Q48240,P31,Q951293
Q48240,P31,Q898675
Q48240,P31,Q624025
Q48240,P31,Q2298723
Q48240,P31,Q2842304
Q48240,P31,Q3879385
Q48240,P31,Q5151604
Q48240,P31,Q2068748
Q48240,P31,Q1091176
Q48240,P31,Q21199
Q48240,P31,Q49008
Q48240,P31,Q13366129
Q48240,P5236,Q48240
Q23488,P31,Q21199
Q23488,P31,Q170043
Q23488,P31,Q245102
Q23488,P31,Q2313686
Q23488,P31,Q50707
Q23488,P31,Q13366104
Q23488,P31,Q16858648
Q23488,P31,Q190891
Q23488,P31,Q1165838
Q23488,P31,Q2708903
Q23488,P31,Q1486643
Q23488,P31,Q23296480
Q23488,P31,Q145134
Q23488,P910,Q19799135
Q23488,P5236,Q200
Q23488,P5236,Q201
Q23488,P2959,Q56639970
Q23488,P2959,Q60455135
Q23488,P2959,Q89813091
Q23488,P2959,Q89813500
Q23488,P461,Q10728829
Q23488,P461,Q11184995
Q23488,P629,Q103171625
Q234006,P31,Q4167410
Q621724,P31,Q4167410
Q65088983,P31,Q4271324
Q65088983,P1269,Q12060728
Q353947,P31,Q4167410
Q353947,P1889,Q16479613
Q870,P279,Q15618781
Q870,P279,Q1301433
Q870,P279,Q350783
Q870,P910,Q7348735
Q870,P366,Q3565868
Q870,P31,Q334166
Q870,P527,Q208502
Q870,P527,Q93301
Q870,P5008,Q5460604
Q870,P1424,Q5902995
Q870,P1889,Q15141321
Q16491,P279,Q9128
Q16491,P910,Q9684664
Q16491,P461,Q138502
Q16491,P461,Q1153471
Q16491,P618,Q525
Q16491,P366,Q210064
Q16491,P366,Q1483757
Q16491,P31,Q188460
Q16491,P462,Q193788
Q16491,P276,Q16889140
Q16491,P276,Q16886316
Q16491,P361,Q193788
Q16491,P527,Q249023
Q198999,P31,Q4167410
Q95474715,P279,Q1224898
Q95474715,P2283,Q108766
Q36402,P461,Q168182
Q36402,P361,Q575
Q36402,P279,Q1260524
Q36402,P31,Q25235
Q36402,P1343,Q2041543
Q124734,P279,Q180684
Q124734,P279,Q13418847
Q124734,P910,Q6969040
Q124734,P910,Q7467067
Q124734,P1889,Q6107280
Q124734,P1343,Q2041543
Q124734,P1343,Q4114391
Q124734,P1343,Q602358
Q124734,P1343,Q19180675
Q124734,P1343,Q19190511
Q124734,P1424,Q6229891
Q124734,P3095,Q1125062
Q55412106,P31,Q4167410
Q4226192,P31,Q4167410
Q406754,P31,Q4167410
Q3133,P31,Q1075
Q3133,P31,Q166902
Q3133,P31,Q56053097
Q3133,P910,Q19847226
Q3133,P279,Q9128
Q3133,P279,Q1075
Q3133,P361,Q43213808
Q3133,P1343,Q1210353
Q423061,P31,Q4167410
Q296671,P31,Q4167410
Q233991,P31,Q4167410
Q4436,P31,Q4167410
Q248275,P31,Q4167410
Q220395,P31,Q4167410
Q25956,P279,Q40218
Q25956,P910,Q7155629
Q25956,P1343,Q2657718
Q25956,P2354,Q6640255
Q25956,P1424,Q10808811
Q25956,P1424,Q6456154
Q231799,P31,Q4167410
Q503,P1582,Q10757112
Q503,P1582,Q8666090
Q503,P910,Q6210060
Q503,P279,Q13184
Q503,P279,Q27481647
Q503,P1343,Q20078554
Q503,P462,Q943
Q503,P462,Q3133
Q503,P462,Q47071
Q503,P1889,Q165449
Q503,P5008,Q5460604
Q691652,P178,Q628051
Q691652,P1343,Q28049335
Q691652,P279,Q235557
Q691652,P747,Q28975794
Q691652,P747,Q28975796
Q691652,P747,Q55089059
Q691652,P747,Q43974223
Q691652,P31,Q235557
Q691652,P31,Q26085352
Q691652,P527,Q61315973
Q691652,P527,Q61053201
Q691652,P527,Q43975668
Q691652,P527,Q61315377
Q691652,P527,Q60886472
Q691652,P527,Q60887256
Q691652,P527,Q61576485
Q691652,P527,Q61578345
Q691652,P527,Q61053371
Q691652,P527,Q61315206
Q691652,P527,Q61692923
Q691652,P527,Q43975877
Q691652,P527,Q61135623
Q691652,P527,Q61315572
Q691652,P527,Q43974596
Q691652,P527,Q61131191
Q691652,P527,Q28975794
Q691652,P527,Q43975347
Q691652,P527,Q55089059
Q691652,P527,Q61315785
Q691652,P527,Q28975796
Q691652,P527,Q61576757
Q691652,P527,Q59851255
Q691652,P527,Q61135953
Q691652,P527,Q100165244
Q691652,P527,Q100165439
Q691652,P527,Q100165480
Q691652,P527,Q100165626
Q691652,P527,Q100165780
Q691652,P527,Q100166033
Q202785,P279,Q15088658
Q202785,P279,Q1949963
Q202785,P279,Q734219
Q202785,P1269,Q12483
Q202785,P460,Q734219
Q419301,P31,Q4167410
Q16278455,P31,Q4167410
Q53060,P279,Q391414
Q53060,P279,Q811979
Q53060,P279,Q854429
Q53060,P279,Q1183543
Q53060,P910,Q6832338
Q53060,P1343,Q4086271
Q53060,P1343,Q23705356
Q53060,P1343,Q1768721
Q1267034,P31,Q4167410
Q1267034,P460,Q226379
Q1267034,P460,Q293274
Q1267034,P460,Q443449
Q1267034,P460,Q999883
Q1267034,P460,Q413620
Q1267034,P460,Q7576347
Q1267034,P1889,Q19607482
Q6047630,P31,Q4167410
Q256522,P31,Q4167410
Q3294789,P361,Q11406
Q3294789,P910,Q6983088
Q3294789,P1343,Q2657718
Q3294789,P31,Q4162444
Q3294789,P279,Q1293220
Q5297,P279,Q1466064
Q5297,P1659,P880
Q5297,P1889,Q165678
Q20830730,P31,Q4167410
Q20830730,P460,Q2178750
Q20830730,P460,Q19862999
Q20830730,P460,Q109406
Q20830730,P460,Q12339068
Q20830730,P460,Q98434073
Q20830730,P1889,Q9049609
Q209577,P31,Q4167410
Q256482,P31,Q4167410
Q256482,P1889,Q577520
Q191733,P361,Q4241494
Q191733,P279,Q170475
Q191733,P279,Q1067560
Q191733,P279,Q44476427
Q191733,P366,Q37723634
Q191733,P828,Q37726042
Q191733,P31,Q104018785
Q191733,P5133,Q55072497
Q191733,P1889,Q17021880
Q21071764,P31,Q4167410
Q2128703,P31,Q202444
Q2128703,P282,Q8229
Q2128703,P1533,Q37320608
Q1611074,P31,Q4167410
Q950511,P279,Q20669574
Q950511,P279,Q19644522
Q950511,P366,Q676108
Q950511,P361,Q186649
Q292912,P31,Q4167410
Q340812,P31,Q4167410
Q234662,P31,Q4167410
Q145037,P31,Q4167410
Q411405,P31,Q4167410
Q300092,P31,Q4167410
Q406979,P31,Q4167410
Q5967009,P138,Q422662
Q5967009,P279,Q1088
Q5967009,P31,Q1075
Q5967009,P31,Q2607820
Q5967009,P361,Q43213808
Q5967009,P910,Q55307272
Q5967009,P1889,Q422662
Q3806,P31,Q448801
Q3806,P31,Q1187811
Q3806,P31,Q253030
Q3806,P31,Q42744322
Q3806,P31,Q134626
Q3806,P131,Q8214
Q3806,P17,Q183
Q3806,P30,Q5401
Q3806,P421,Q6655
Q3806,P421,Q6723
Q3806,P190,Q43195
Q3806,P190,Q64051
Q3806,P190,Q47465
Q3806,P190,Q485172
Q3806,P190,Q179815
Q3806,P190,Q3437
Q3806,P190,Q1895
Q3806,P190,Q66633
Q3806,P190,Q124126
Q3806,P190,Q691525
Q3806,P910,Q6505266
Q3806,P1464,Q8076301
Q3806,P1465,Q9220225
Q3806,P206,Q1673
Q3806,P1792,Q9077921
Q3806,P1376,Q8170
Q3806,P1376,Q8214
Q3806,P166,Q20828891
Q3806,P1791,Q23793517
Q3806,P47,Q7078
Q3806,P47,Q507707
Q3806,P47,Q507755
Q3806,P47,Q521411
Q3806,P2872,Q28008421
Q3806,P463,Q1780330
Q3806,P463,Q1768108
Q3806,P463,Q55473342
Q3806,P463,Q747279
Q3806,P6,Q107726
Q3806,P6,Q916613
Q3806,P6,Q1372872
Q3806,P6,Q1579835
Q3806,P6,Q1272251
Q3806,P6,Q362020
Q3806,P6,Q2524374
Q3806,P7867,Q83986993
Q2681,P31,Q2755432
Q2681,P138,Q92847
Q2681,P138,Q957439
Q2681,P138,Q92915
Q2681,P366,Q2493
Q2681,P144,Q549992
Q230968,P31,Q4167410
Q230968,P1889,Q16882112
Q233939,P31,Q4167410
Q413619,P31,Q4167410
Q413619,P1889,Q16209292
Q990170,P17,Q145
Q990170,P131,Q376141
Q990170,P31,Q532
Q990170,P31,Q1115575
Q990170,P7959,Q67287495
Q2973,P131,Q7932
Q2973,P131,Q20135
Q2973,P17,Q183
Q2973,P17,Q43287
Q2973,P17,Q41304
Q2973,P17,Q7318
Q2973,P17,Q2415901
Q2973,P17,Q713750
Q2973,P17,Q20135
Q2973,P1465,Q9218213
Q2973,P31,Q1549591
Q2973,P31,Q1180262
Q2973,P31,Q1375749
Q2973,P31,Q253030
Q2973,P31,Q1187811
Q2973,P31,Q61980648
Q2973,P31,Q134626
Q2973,P31,Q42744322
Q2973,P31,Q22865
Q2973,P421,Q6655
Q2973,P421,Q6723
Q2973,P190,Q66629
Q2973,P190,Q972
Q2973,P190,Q5489
Q2973,P190,Q823600
Q2973,P190,Q13298
Q2973,P190,Q25804
Q2973,P190,Q40738
Q2973,P190,Q104725
Q2973,P190,Q81581
Q2973,P190,Q1011718
Q2973,P190,Q14819
Q2973,P190,Q6221
Q2973,P190,Q156711
Q2973,P190,Q167668
Q2973,P190,Q14325
Q2973,P190,Q975
Q2973,P910,Q8363502
Q2973,P1464,Q13224958
Q2973,P1792,Q6059638
Q2973,P166,Q1235308
Q2973,P166,Q1411043
Q2973,P361,Q707278
Q2973,P6,Q1340903
Q2973,P6,Q17326889
Q2973,P6,Q2073903
Q2973,P6,Q1561666
Q2973,P6,Q1601169
Q2973,P6,Q1242692
Q2973,P527,Q1166438
Q2973,P527,Q1166439
Q2973,P527,Q1166442
Q2973,P527,Q1166427
Q2973,P527,Q1166444
Q2973,P527,Q1166422
Q2973,P527,Q1166430
Q2973,P527,Q1166448
Q2973,P527,Q1166435
Q2973,P206,Q831702
Q2973,P206,Q663762
Q2973,P206,Q27886784
Q2973,P47,Q7916
Q2973,P47,Q7912
Q2973,P1343,Q4173137
Q2973,P1343,Q19180675
Q2973,P1343,Q602358
Q2973,P1343,Q20096917
Q2973,P1343,Q867541
Q2973,P1343,Q3181656
Q2973,P1376,Q7916
Q2973,P1376,Q7932
Q2973,P1376,Q2332860
Q2973,P1376,Q20135
Q2973,P485,Q23786628
Q2973,P1791,Q17143173
Q2973,P463,Q1768108
Q2973,P463,Q747279
Q2973,P463,Q26882604
Q2973,P463,Q1802757
Q2973,P1830,Q314042
Q2973,P7867,Q83979670
Q901407,P31,Q3320743
Q901407,P1343,Q2041543
Q901407,P910,Q8360039
Q901407,P279,Q60754876
Q901407,P460,Q12889364
Q79988,P31,Q21199
Q79988,P31,Q223722
Q79988,P31,Q13366104
Q79988,P31,Q2702442
Q79988,P31,Q50707
Q79988,P5236,Q200
Q79988,P5236,Q201
Q79988,P4969,Q28469734
Q79988,P910,Q52008313
Q79986,P31,Q21199
Q79986,P31,Q467511
Q79986,P31,Q50705
Q79986,P31,Q2300333
Q79986,P31,Q2313686
Q79986,P31,Q13366129
Q79986,P31,Q1589528
Q79986,P31,Q14390354
Q79986,P31,Q190900
Q79986,P31,Q50707
Q79986,P1889,Q24560
Q79986,P5236,Q203
Q79986,P4969,Q28469735
Q83264,P31,Q21199
Q83264,P31,Q467511
Q83264,P31,Q13366104
Q83264,P31,Q606977
Q83264,P31,Q50707
Q83264,P5236,Q200
Q83264,P5236,Q37141
Q83264,P4969,Q28469736
Q433353,P31,Q21199
Q433353,P31,Q467511
Q433353,P31,Q13366129
Q433353,P31,Q861555
Q433353,P31,Q663029
Q433353,P31,Q50707
Q433353,P5236,Q201
Q433353,P4969,Q28469737
Q587465,P31,Q21199
Q587465,P31,Q170043
Q587465,P31,Q245102
Q587465,P31,Q13366104
Q587465,P31,Q1587799
Q587465,P31,Q1165838
Q587465,P31,Q11606
Q587465,P31,Q50707
Q587465,P5236,Q200
Q587465,P5236,Q23350
Q122067,P31,Q4167410
Q626066,P279,Q15361145
Q626066,P1343,Q602358
Q1260304,P31,Q101352
Q1260304,P31,Q829026
Q1260304,P1889,Q224284
Q1260304,P1889,Q81710
Q1260304,P2354,Q20007437
Q1260304,P138,Q12059906
Q1260304,P407,Q9063
Q1260304,P407,Q188
Q1260304,P407,Q150
Q1260304,P407,Q9043
Q1260304,P282,Q8229
Q1260304,P460,Q36909169
Q1260304,P460,Q57744754
Q1260304,P5323,Q81945591
Q131734,P279,Q4830453
Q131734,P279,Q1252971
Q131734,P279,Q628858
Q131734,P910,Q8311127
Q131734,P1056,Q44
Q131734,P1963,P2905
Q131734,P1963,P2904
Q131734,P1963,P3002
Q131734,P452,Q4899370
Q131734,P1889,Q187456
Q131734,P1889,Q57778855
Q131734,P1424,Q10804692
Q1796060,P31,Q4167410
Q1796060,P1889,Q16865280
Q1796060,P910,Q7328445
Q331693,P31,Q4167410
Q331693,P1889,Q37506491
Q1034198,P910,Q15921366
Q1034198,P279,Q4388799
Q1034198,P1889,Q516992
Q25267,P138,Q81130
Q25267,P31,Q208469
Q25267,P31,Q68618328
Q25267,P31,Q68723978
Q25267,P31,Q82047057
Q25267,P111,Q74758530
Q25267,P1889,Q69362731
Q140686,P31,Q11488158
Q140686,P31,Q12737077
Q140686,P31,Q4164871
Q140686,P2389,Q188628
Q140686,P2389,Q1752346
Q140686,P2389,Q837675
Q140686,P2389,Q865588
Q140686,P2389,Q5146169
Q140686,P1889,Q2420458
Q140686,P1889,Q30461
Q140686,P1687,P488
Q140686,P460,Q1255921
Q140686,P460,Q1251441
Q140686,P279,Q25713832
Q140686,P910,Q30826359
Q11460,P279,Q386724
Q11460,P279,Q2424752
Q11460,P279,Q8205328
Q11460,P910,Q7214143
Q11460,P186,Q28823
Q11460,P186,Q286
Q11460,P186,Q1792537
Q11460,P361,Q12684
Q11460,P361,Q11828862
Q11460,P366,Q2526135
Q11460,P366,Q12684
Q11460,P366,Q162297
Q11460,P1552,Q1075138
Q11460,P2670,Q28935403
Q11460,P1687,P3828
Q11460,P1687,P7376
Q11460,P1424,Q8079042
Q11460,P1343,Q30059240
Q11460,P1343,Q4173137
Q11460,P1343,Q602358
Q11460,P1343,Q4086271
Q11460,P1343,Q1970746
Q11460,P1343,Q19190511
Q11460,P1343,Q1768721
Q11460,P5008,Q5460604
Q11460,P2184,Q2501507
Q11460,P176,Q242468
Q410104,P31,Q4167410
Q3062108,P31,Q4167410
Q1142227,P2354,Q6639631
Q1142227,P279,Q11765
Q1142227,P1889,Q3066785
Q1142227,P910,Q8805889
Q14373,P910,Q7216152
Q14373,P1151,Q11315090
Q14373,P1343,Q2657718
Q14373,P279,Q36963
Q14373,P276,Q15324
Q14373,P31,Q1914636
Q14373,P5125,Q7112638
Q14373,P3095,Q331432
Q14373,P1889,Q283534
Q14373,P1889,Q11202642
Q1785936,P31,Q12308941
Q1785936,P1750,Q2701
Q1785936,P1750,Q2692
Q1785936,P460,Q11739584
Q1785936,P407,Q9027
Q1785936,P407,Q7411
Q1785936,P1533,Q27888699
Q1785936,P282,Q8229
Q1785936,P5323,Q21644845
Q845060,P1343,Q2657718
Q845060,P279,Q20203388
Q845060,P279,Q614112
Q845060,P2738,Q23766486
Q845060,P2738,Q23766486
Q1148747,P910,Q6336083
Q1148747,P361,Q1553237
Q1148747,P279,Q315364
Q1148747,P1687,P2851
Q156223,P910,Q7015194
Q156223,P31,Q15809678
Q156223,P279,Q43183
Q156223,P279,Q678774
Q156223,P1343,Q2657718
Q156223,P1343,Q19180675
Q156223,P1343,Q602358
Q156223,P1889,Q7551299
Q156223,P1889,Q14970788
Q768396,P31,Q4167410
Q345746,P31,Q4167410
Q11707,P910,Q7343592
Q11707,P279,Q62602544
Q11707,P279,Q63922515
Q11707,P279,Q213441
Q11707,P279,Q4830453
Q11707,P366,Q41958
Q11707,P366,Q777754
Q11707,P1963,P571
Q11707,P1963,P112
Q11707,P1963,P127
Q11707,P1963,P2012
Q11707,P7163,Q746549
Q11707,P1424,Q6587103
Q11707,P1889,Q19316447
Q180494,P31,Q223393
Q180494,P361,Q1417288
Q180494,P1343,Q19180675
Q180494,P1343,Q602358
Q180494,P1343,Q2657718
Q180494,P910,Q8696569
Q180494,P279,Q7832362
Q180494,P279,Q24455797
Q180494,P1889,Q24273299
Q180494,P1889,Q19936317
Q188675,P279,Q7170587
Q188675,P361,Q93288
Q188675,P361,Q131569
Q188675,P361,Q661518
Q188675,P361,Q239768
Q188675,P1687,P109
Q188675,P910,Q24067816
Q188675,P1343,Q20078554
Q1196129,P1687,P26
Q1196129,P279,Q5
Q1196129,P910,Q8806031
Q1196129,P1552,Q37713312
Q1196129,P31,Q954007
Q11466,P279,Q181175
Q11466,P279,Q3387041
Q11466,P31,Q230937
Q11466,P910,Q8838531
Q11466,P1687,P2076
Q11466,P1687,P5067
Q11466,P1687,P7767
Q11466,P5008,Q5460604
Q11466,P1889,Q69362767
Q26087,P1464,Q9227774
Q26087,P190,Q39450
Q26087,P190,Q47492
Q26087,P190,Q1538
Q26087,P190,Q1435
Q26087,P190,Q177019
Q26087,P190,Q179406
Q26087,P190,Q1763
Q26087,P131,Q50631
Q26087,P131,Q52600648
Q26087,P47,Q499770
Q26087,P47,Q486717
Q26087,P47,Q48657
Q26087,P47,Q494018
Q26087,P47,Q48728
Q26087,P47,Q56249968
Q26087,P17,Q20
Q26087,P910,Q8873564
Q26087,P31,Q755707
Q26087,P6,Q64853425
Q26087,P1465,Q15081676
Q26087,P1792,Q8751770
Q26087,P2354,Q11972930
Q26087,P421,Q6655
Q26087,P36,Q42328401
Q26087,P1313,Q50173129
Q26087,P1376,Q214041
Q26087,P1889,Q42328401
Q26087,P1365,Q4999463
Q26087,P1365,Q6517425
Q26087,P1365,Q15510890
Q26087,P2936,Q25167
Q26087,P2936,Q25164
Q26087,P7867,Q84096239
Q26087,P793,Q28953942
Q26087,P793,Q28953942
Q26087,P793,Q28953942
Q26087,P793,Q28953942
Q26087,P793,Q28953942
Q26087,P1454,Q99691499
Q6537379,P279,Q2535935
Q6537379,P279,Q349
Q6537379,P279,Q184872
Q6537379,P279,Q219067
Q6537379,P910,Q8141190
Q6537379,P2283,Q133105
Q6537379,P31,Q451967
Q6537379,P1889,Q202391
Q5038289,P31,Q4167410
Q6981958,P17,Q30
Q6981958,P31,Q13226383
Q6981958,P31,Q31855
Q6981958,P749,Q6981916
Q6981958,P159,Q1637241
Q6981958,P527,Q6981961
Q6981958,P527,Q6981960
Q6981958,P527,Q5038292
Q6981958,P527,Q14692015
Q6981958,P527,Q95791524
Q6981958,P527,Q6981959
Q1137655,P1343,Q2657718
Q1137655,P910,Q21995110
Q1137655,P366,Q741332
Q1137655,P279,Q1799072
Q937498,P279,Q5297
Q937498,P31,Q811701
Q937498,P910,Q9028494
Q790063,P31,Q215380
Q790063,P495,Q30
Q790063,P264,Q605388
Q790063,P136,Q10922
Q83341,P279,Q125171
Q83341,P910,Q10771141
Q83341,P1557,Q54003144
Q83341,P1889,Q54003144
Q83341,P1889,Q125171
Q43013,P910,Q9654599
Q43013,P366,Q1782301
Q43013,P366,Q560361
Q43013,P279,Q3327760
Q43013,P279,Q571
Q398462,P31,Q4167410
Q396788,P31,Q4167410
Q7428168,P31,Q4167410
Q404057,P31,Q4167410
Q4116214,P910,Q7216172
Q4116214,P361,Q2043282
Q4116214,P361,Q43015
Q4116214,P417,Q43600
Q4116214,P279,Q8187769
Q4116214,P279,Q11862829
Q4116214,P1424,Q6667859
Q4116214,P3095,Q326653
Q4116214,P31,Q60050485
Q4116214,P2184,Q3137179
Q4116214,P1687,P5703
Q13516686,P910,Q8431708
Q13516686,P31,Q151885
Q13516686,P1687,P2402
Q13516686,P1889,Q18089644
Q13516686,P279,Q240673
Q1753225,P279,Q1069371
Q1753225,P279,Q207125
Q59434791,P279,Q49848
Q59434791,P366,Q194489
Q501758,P31,Q62078547
Q501758,P31,Q615150
Q501758,P31,Q23002039
Q501758,P31,Q45400320
Q501758,P31,Q875538
Q501758,P31,Q3918
Q501758,P17,Q30
Q501758,P131,Q487999
Q501758,P910,Q8968849
Q501758,P361,Q3382998
Q501758,P2643,Q23334765
Q501758,P2643,Q23623487
Q501758,P2643,Q23662486
Q501758,P2643,Q23622707
Q501758,P2643,Q23662433
Q501758,P2643,Q23662768
Q501758,P3876,Q8883183
Q501758,P463,Q4810036
Q501758,P463,Q647039
Q501758,P463,Q5059850
Q501758,P463,Q963227
Q501758,P463,Q5137944
Q501758,P355,Q30264216
Q501758,P355,Q30280270
Q501758,P355,Q6973069
Q501758,P749,Q3382998
Q501758,P4195,Q8883188
Q501758,P1830,Q816516
Q501758,P1830,Q4722196
Q501758,P1830,Q4873478
Q501758,P1830,Q6134382
Q501758,P1830,Q6377550
Q501758,P1830,Q6552418
Q501758,P1830,Q7071713
Q501758,P1830,Q7955339
Q501758,P1830,Q7955341
Q501758,P1830,Q7956582
Q274864,P31,Q4167410
Q1987948,P31,Q4167410
Q1987948,P460,Q69335091
Q132911,P910,Q8411861
Q132911,P279,Q391414
Q132911,P279,Q334166
Q132911,P279,Q11019
Q132911,P279,Q9249606
Q132911,P279,Q4368509
Q132911,P1343,Q2657718
Q132911,P1687,P1301
Q127995,P279,Q11386
Q127995,P910,Q9215767
Q127995,P361,Q133139
Q163656,P171,Q13502819
Q163656,P171,Q263205
Q163656,P105,Q35409
Q163656,P31,Q16521
Q163656,P944,Q13011
Q163656,P910,Q6540289
Q163656,P1343,Q16387823
Q163656,P1343,Q602358
Q45922,P279,Q1194773
Q45922,P361,Q19827042
Q45922,P910,Q9081714
Q45922,P527,Q1643900
Q45922,P527,Q973227
Q45922,P527,Q60173131
Q45922,P1343,Q4532138
Q45922,P1343,Q1768721
Q45922,P1343,Q1970746
Q45922,P1343,Q602358
Q45922,P1343,Q19180675
Q45922,P1889,Q49393
Q40112,P279,Q78145859
Q40112,P279,Q867058
Q40112,P279,Q2983648
Q40112,P279,Q594135
Q40112,P279,Q1047694
Q40112,P279,Q17099260
Q40112,P361,Q190046
Q40112,P1552,Q28474
Q40112,P1552,Q15921574
Q40112,P1552,Q104486
Q40112,P1552,Q212750
Q40112,P910,Q55330588
Q5384111,P31,Q4167410
Q5384111,P1889,Q1160014
Q5384111,P1889,Q4344508
Q5384111,P1889,Q249832
Q249741,P31,Q4167410
Q422953,P31,Q4167410
Q422953,P1343,Q2657718
Q422953,P1889,Q28150708
Q442627,P31,Q4167410
Q233269,P31,Q4167410
Q107617,P910,Q7332881
Q107617,P279,Q79782
Q107617,P1889,Q848368
Q107617,P1889,Q59172
Q107617,P461,Q1129632
Q107617,P1552,Q504111
Q107617,P1552,Q11652
Q107617,P1552,Q161635
Q107617,P1552,Q186300
Q107617,P1552,Q2266743
Q107617,P1552,Q516175
Q388,P822,Q131200
Q388,P1151,Q8210921
Q388,P279,Q14656
Q388,P279,Q341
Q388,P138,Q14579
Q388,P144,Q14579
Q388,P910,Q8591663
Q388,P437,Q131669
Q388,P737,Q187906
Q388,P737,Q11368
Q388,P1424,Q8084313
Q388,P277,Q15777
Q388,P277,Q165436
Q388,P2184,Q1517650
Q388,P400,Q858065
Q388,P400,Q182933
Q388,P400,Q272629
Q388,P400,Q16980
Q388,P400,Q209860
Q388,P400,Q17637401
Q388,P400,Q527464
Q388,P1889,Q3251801
Q388,P1889,Q14579
Q388,P4428,Q14656
Q388,P31,Q16889133
Q207915,P31,Q4167410
Q207915,P1889,Q6472414
Q207915,P1889,Q30228486
Q39201,P279,Q622852
Q39201,P279,Q28877
Q39201,P279,Q26401003
Q39201,P910,Q8890794
Q39201,P1687,P1429
Q39201,P366,Q16514899
Q39201,P31,Q729
Q2583685,P910,Q7334601
Q2583685,P279,Q58778
Q2583685,P361,Q42889
Q2583685,P366,Q3242194
Q2583685,P1382,Q69396773
Q292738,P31,Q4167410
Q292738,P460,Q1145185
Q292738,P460,Q363152
Q292738,P1889,Q10419770
Q292738,P1889,Q33100951
Q292738,P1889,Q1145185
Q226497,P31,Q4167410
Q226497,P1889,Q225950
Q226497,P1889,Q37499372
Q178805,P279,Q865422
Q178805,P279,Q28816538
Q178805,P910,Q8568496
Q178805,P460,Q12768089
Q178805,P361,Q194156
Q217963,P31,Q4167410
Q217963,P1889,Q19776296
Q217963,P1889,Q19776297
Q6739267,P31,Q4167410
Q6739267,P1889,Q25114673
Q2428476,P31,Q9143
Q2428476,P31,Q28922885
Q2428476,P178,Q92604
Q2428476,P737,Q81571
Q2428476,P3966,Q1418502
Q193897,P31,Q3300034
Q193897,P910,Q9083052
Q193897,P1343,Q2657718
Q193897,P279,Q614467
Q193897,P279,Q121916
Q193897,P1535,Q1028181
Q4047031,P31,Q4167410
Q2108764,P31,Q4167410
Q294383,P31,Q4167410
Q349624,P31,Q4167410
Q170167,P31,Q11173
Q170167,P31,Q21073024
Q170167,P31,Q187661
Q170167,P527,Q627
Q170167,P527,Q629
Q170167,P527,Q623
Q170167,P527,Q556
Q170167,P1542,Q21175396
Q170167,P1343,Q2657718
Q170167,P2868,Q12870
Q170167,P4952,Q51139288
Q170167,P361,Q22281359
Q170167,P361,Q22281364
Q224205,P31,Q4167410
Q224205,P1889,Q37440896
Q405718,P31,Q4167410
Q405718,P1889,Q28842058
Q405718,P1889,Q37466781
Q482798,P31,Q1978718
Q482798,P31,Q28608087
Q482798,P1343,Q26711932
Q482798,P1343,Q66386517
Q482798,P1343,Q602358
Q482798,P1343,Q19180675
Q482798,P1343,Q63284758
Q482798,P111,Q36253
Q482798,P361,Q641227
Q482798,P1889,Q61756607
Q482798,P1889,Q61769985
Q482798,P1889,Q100158590
Q482798,P5008,Q99671171
Q39782,P910,Q12081659
Q39782,P279,Q518350
Q39782,P527,Q753
Q39782,P527,Q758
Q39782,P556,Q473227
Q39782,P366,Q41207
Q39782,P366,Q839546
Q39782,P1889,Q34095
Q18230386,P31,Q4167410
Q154425,P279,Q34583
Q154425,P279,Q66516342
Q154425,P361,Q15807
Q154425,P1889,Q10691807
Q154425,P1889,Q34583
Q154425,P1889,Q15807
Q154425,P910,Q25217654
Q154425,P5008,Q99671171
Q286355,P31,Q4167410
Q16865893,P31,Q101352
Q16865893,P407,Q1860
Q16865893,P282,Q8229
Q6646531,P279,Q3630827
Q19874606,P915,Q408
Q19874606,P31,Q11424
Q19874606,P136,Q200092
Q19874606,P136,Q3072049
Q19874606,P136,Q471839
Q19874606,P364,Q1860
Q19874606,P495,Q408
Q19874606,P161,Q2374646
Q19874606,P161,Q5591220
Q19874606,P161,Q1877051
Q19874606,P161,Q3644222
Q19874606,P161,Q545138
Q19874606,P161,Q5671500
Q19874606,P161,Q6108647
Q19874606,P161,Q4882880
Q19874606,P57,Q23542535
Q19874606,P2363,Q21571489
Q19874606,P462,Q22006653
Q19874606,P58,Q23542535
Q19874606,P750,Q18395323
Q19874606,P750,Q16516296
Q19874606,P2756,Q23790275
Q19874606,P1981,Q20644797
Q7242413,P31,Q4167410
Q16465933,P31,Q4167410
Q446430,P31,Q4167410
Q1191981,P910,Q8734581
Q1191981,P31,Q8366
Q1191981,P279,Q176953
Q1994071,P279,Q1183543
Q1994071,P1889,Q3978971
Q1994071,P1343,Q20078554
Q5173771,P910,Q9867305
Q5173771,P279,Q732577
Q5173771,P279,Q49848
Q5173771,P279,Q483394
Q6452087,P279,Q83267
Q6452087,P279,Q1772449
Q6452087,P910,Q8432380
Q6452087,P1343,Q2041543
Q6452087,P92,Q674827
Q35865,P461,Q161081
Q35865,P31,Q29028649
Q35865,P31,Q483247
Q35865,P910,Q8548688
Q35865,P1343,Q4208106
Q35865,P1542,Q4157877
Q35865,P279,Q3539169
Q74048276,P279,Q1470834
Q74048276,P279,Q3687258
Q74048276,P527,Q3314483
Q74048276,P527,Q11002
Q74048276,P910,Q30868251
Q1865056,P31,Q4167410
Q1865056,P1889,Q37053114
Q1865056,P1889,Q3834949
Q53706,P279,Q1520311
Q53706,P279,Q857984
Q53706,P279,Q2727213
Q53706,P910,Q8670234
Q53706,P1343,Q2657718
Q53706,P1343,Q2041543
Q53706,P1343,Q19180675
Q53706,P1343,Q602358
Q53706,P1343,Q4086271
Q53706,P1343,Q4173137
Q53706,P1343,Q1138524
Q53706,P1343,Q30059240
Q53706,P1889,Q2352205
Q53706,P1889,Q7294269
Q53706,P1889,Q2727213
Q53706,P92,Q674827
Q53706,P3095,Q10659189
Q53706,P3712,Q200535
Q53706,P2283,Q3858303
Q17096451,P279,Q2623437
Q17096451,P366,Q6033694
Q17096451,P366,Q19595078
Q253503,P31,Q4167410
Q253503,P1889,Q37040552
Q226185,P31,Q4167410
Q226185,P1889,Q3643673
Q226185,P1889,Q4097411
Q15041096,P31,Q12308941
Q15041096,P460,Q16274785
Q15041096,P460,Q18195744
Q15041096,P460,Q16274784
Q15041096,P460,Q17689481
Q15041096,P460,Q17688662
Q15041096,P460,Q1084472
Q15041096,P460,Q18220000
Q15041096,P460,Q18195732
Q15041096,P460,Q18195737
Q15041096,P460,Q18195748
Q15041096,P460,Q1084384
Q15041096,P460,Q23309284
Q15041096,P460,Q1789415
Q15041096,P460,Q1770777
Q15041096,P460,Q6437723
Q15041096,P460,Q20003567
Q15041096,P460,Q21142979
Q15041096,P460,Q21285948
Q15041096,P460,Q23498037
Q15041096,P460,Q23893298
Q15041096,P460,Q23925093
Q15041096,P460,Q24033449
Q15041096,P460,Q40208787
Q15041096,P407,Q809
Q15041096,P1560,Q10999006
Q15041096,P282,Q8229
Q15041096,P1343,Q151
Q15041096,P1533,Q65534849
Q36611,P105,Q34740
Q36611,P31,Q16521
Q36611,P910,Q7010889
Q36611,P171,Q5883633
Q36611,P171,Q635162
Q36611,P171,Q67528297
Q36611,P1343,Q678259
Q36611,P1343,Q2657718
Q36611,P1343,Q602358
Q36611,P1343,Q19180675
Q36611,P5008,Q99671172
Q4649209,P31,Q4167410
Q341447,P31,Q4167410
Q341447,P1889,Q28874368
Q341447,P1889,Q37479560
Q25308,P105,Q35409
Q25308,P171,Q26229
Q25308,P171,Q1771937
Q25308,P171,Q2720158
Q25308,P171,Q6840309
Q25308,P31,Q16521
Q25308,P910,Q6571487
Q25308,P4000,Q147768
Q25308,P4000,Q13184
Q25308,P2579,Q16911243
Q25308,P2283,Q858313
Q25308,P427,Q161714
Q25308,P1343,Q19190511
Q25308,P1343,Q1768721
Q906409,P31,Q4167410
Q906409,P910,Q7012767
Q1769191,P31,Q101352
Q1769191,P407,Q256
Q1769191,P1889,Q6027509
Q1769191,P282,Q8229
Q1175112,P31,Q4167410
Q1175112,P1889,Q947984
Q1298638,P31,Q7397
Q1298638,P366,Q189177
Q344443,P31,Q4167410
Q366453,P31,Q4167410
Q366453,P1889,Q16872403
Q366453,P460,Q345350
Q28122151,P31,Q4167410
Q596465,P31,Q4167410
Q1043452,P279,Q1914636
Q1043452,P279,Q3249551
Q1043452,P1687,P6440
Q1043452,P3095,Q63930359
Q1043452,P3095,Q327029
Q1043452,P361,Q69406938
Q1970348,P1889,Q3851114
Q1970348,P910,Q6318634
Q1970348,P279,Q1207505
Q1970348,P527,Q690140
Q1970348,P828,Q16301153
Q1970348,P361,Q133182
Q321259,P279,Q2561317
Q321259,P279,Q34467
Q321259,P127,Q41187
Q321259,P1343,Q61996814
Q321259,P1344,Q273309
Q321259,P1889,Q1120996
Q59350,P31,Q4167410
Q408170,P31,Q4167410
Q408170,P1889,Q16276115
Q620207,P279,Q34583
Q620207,P279,Q66516309
Q620207,P361,Q33767
Q620207,P910,Q8458578
Q620207,P927,Q33767
Q620207,P2959,Q22828760
Q620207,P1889,Q34583
Q2995606,P1889,Q13770410
Q2995606,P460,Q16622821
Q2995606,P279,Q1140419
Q2995606,P279,Q2184645
Q2995606,P279,Q1178984
Q2995606,P366,Q457174
Q2995606,P31,Q151885
Q2995606,P138,Q16082085
Q11474,P279,Q79529
Q11474,P279,Q214609
Q11474,P910,Q8968597
Q11474,P31,Q1783121
Q11474,P5008,Q5460604
Q11474,P1889,Q1418040
Q11474,P1343,Q1768721
Q2125865,P31,Q4167410
Q2125865,P460,Q3416499
Q255390,P31,Q4167410
Q379425,P31,Q4167410
Q379425,P1889,Q21279597
Q379425,P1889,Q1427982
Q621695,P461,Q1208425
Q621695,P279,Q451967
Q621695,P279,Q900584
Q621695,P361,Q77468620
Q40840,P190,Q41329
Q40840,P190,Q25804
Q40840,P190,Q2066
Q40840,P190,Q102397
Q40840,P190,Q580
Q40840,P190,Q4115712
Q40840,P190,Q2795
Q40840,P190,Q189361
Q40840,P190,Q110218
Q40840,P190,Q42307965
Q40840,P190,Q1899
Q40840,P190,Q163852
Q40840,P190,Q891
Q40840,P190,Q25331
Q40840,P190,Q81137
Q40840,P190,Q504676
Q40840,P190,Q208151
Q40840,P190,Q128069
Q40840,P190,Q82174
Q40840,P17,Q33
Q40840,P131,Q5701
Q40840,P31,Q1549591
Q40840,P31,Q702492
Q40840,P31,Q856076
Q40840,P421,Q6723
Q40840,P421,Q6760
Q40840,P910,Q6381270
Q40840,P1464,Q9227601
Q40840,P1465,Q15111902
Q40840,P237,Q11896323
Q40840,P1792,Q8074852
Q40840,P6,Q16299288
Q40840,P6,Q5391948
Q40840,P1343,Q2657718
Q40840,P1343,Q602358
Q40840,P1343,Q4532138
Q40840,P2633,Q20912968
Q40840,P206,Q824371
Q40840,P206,Q545559
Q40840,P206,Q222028
Q40840,P361,Q6304273
Q40840,P194,Q5493879
Q40840,P37,Q1412
Q40840,P2184,Q11896292
Q40840,P1376,Q5701
Q40840,P1830,Q765643
Q40840,P1830,Q961917
Q40840,P1830,Q1419146
Q40840,P1830,Q1538681
Q40840,P1830,Q5493026
Q40840,P1830,Q11850690
Q40840,P1830,Q83788188
Q40840,P1889,Q3522951
Q40840,P8402,Q97063980
Q5183420,P31,Q4167410
Q228793,P31,Q4167410
Q228793,P1889,Q37564136
Q756901,P105,Q35409
Q756901,P944,Q13011
Q756901,P31,Q16521
Q756901,P171,Q849836
Q756901,P910,Q7069159
Q756901,P1343,Q19180675
Q756901,P1343,Q602358
Q37122,P460,Q126916
Q37122,P460,Q3361501
Q37122,P21,Q6581072
Q37122,P31,Q205985
Q37122,P910,Q8273874
Q37122,P1049,Q855270
Q37122,P25,Q190565
Q37122,P25,Q58818193
Q37122,P22,Q34201
Q37122,P3373,Q2631851
Q37122,P40,Q37330653
Q37122,P551,Q80344
Q37122,P1343,Q20078554
Q37122,P1343,Q4263804
Q37122,P1343,Q1138524
Q37122,P1343,Q30059240
Q37122,P1343,Q602358
Q37122,P1343,Q4532135
Q37122,P1343,Q234535
Q37122,P1343,Q3181656
Q37122,P1343,Q602358
Q37122,P1343,Q602358
Q37122,P1343,Q19180675
Q37122,P4185,Q173603
Q37122,P4185,Q190662
Q37122,P4185,Q37083
Q37122,P4185,Q1161687
Q37122,P4185,Q8021345
Q37122,P2925,Q799
Q37122,P2925,Q198
Q37122,P2925,Q192296
Q37122,P2925,Q11642
Q37122,P2925,Q11451
Q37122,P263,Q80344
Q37122,P106,Q41863069
Q37122,P106,Q54200631
Q37122,P106,Q54200443
Q37122,P106,Q54200484
Q37122,P1441,Q35160
Q37122,P1441,Q8275
Q37122,P1441,Q672319
Q37122,P7047,Q41127
Q37122,P3828,Q425554
Q37122,P361,Q101609
Q37122,P1269,Q1649033
Q405525,P31,Q22808320
Q405525,P1889,Q30179909
Q6567,P910,Q7017258
Q6567,P175,Q3785777
Q6567,P31,Q15773347
Q6567,P31,Q65048226
Q6567,P31,Q2248485
Q6567,P31,Q276453
Q6567,P136,Q223770
Q6567,P1441,Q5577028
Q6567,P166,Q17985761
Q6567,P5800,Q3246821
Q6567,P4969,Q24075
Q6567,P4969,Q7731172
Q6567,P4969,Q17501972
Q6567,P4969,Q56307503
Q6567,P4969,Q2583799
Q6567,P4969,Q536204
Q6567,P4969,Q2406442
Q6567,P7047,Q1470558
Q7435279,P31,Q4167410
Q1362411,P31,Q15991303
Q1362411,P910,Q8853940
Q1362411,P641,Q2736
Q1362411,P17,Q30
Q1362411,P17,Q16
Q1362411,P159,Q49255
Q1362411,P2541,Q30
Q1362411,P2541,Q16
Q1362411,P1687,P4019
Q1362411,P1424,Q43055401
Q1362411,P1424,Q13422351
Q1362411,P4794,Q110
Q1362411,P1889,Q1520453
Q1362411,P1889,Q3246708
Q1362411,P1889,Q30636616
Q1362411,P1889,Q976491
Q1362411,P664,Q1520453
Q1362411,P6118,Q125
Q1362411,P2499,Q18543
Q1362411,P2500,Q30636616
Q187046,P279,Q11472
Q3422023,P31,Q4167410
Q398045,P31,Q4167410
Q398045,P460,Q296474
Q398045,P1889,Q631035
Q258480,P31,Q4167410
Q359212,P31,Q4167410
Q5948447,P31,Q4167410
Q5948447,P1889,Q19520672
Q424758,P31,Q4167410
Q424758,P460,Q19372010
Q563920,P31,Q4167410
Q3126,P1465,Q9218319
Q3126,P47,Q10447
Q3126,P47,Q2090
Q3126,P47,Q3075
Q3126,P47,Q10455
Q3126,P47,Q73206
Q3126,P17,Q183
Q3126,P17,Q34762
Q3126,P17,Q27306
Q3126,P17,Q154195
Q3126,P17,Q71084
Q3126,P17,Q43287
Q3126,P17,Q41304
Q3126,P17,Q7318
Q3126,P17,Q2415901
Q3126,P17,Q713750
Q3126,P17,Q42585
Q3126,P17,Q561334
Q3126,P17,Q183
Q3126,P131,Q10551
Q3126,P6,Q15987145
Q3126,P6,Q101881
Q3126,P6,Q1223403
Q3126,P6,Q1348329
Q3126,P6,Q1603294
Q3126,P6,Q590011
Q3126,P6,Q1608867
Q3126,P6,Q15982711
Q3126,P6,Q1596604
Q3126,P6,Q89431
Q3126,P6,Q1506689
Q3126,P6,Q16824798
Q3126,P421,Q6655
Q3126,P421,Q6723
Q3126,P910,Q8421616
Q3126,P31,Q22865
Q3126,P31,Q1549591
Q3126,P31,Q253030
Q3126,P31,Q42744322
Q3126,P31,Q85631896
Q3126,P31,Q134626
Q3126,P190,Q647
Q3126,P190,Q2684
Q3126,P190,Q3150
Q3126,P190,Q134902
Q3126,P190,Q459495
Q3126,P190,Q49243
Q3126,P190,Q503144
Q3126,P190,Q509568
Q3126,P190,Q6526
Q3126,P1464,Q15069488
Q3126,P1792,Q7221570
Q3126,P150,Q438327
Q3126,P150,Q1014798
Q3126,P150,Q992071
Q3126,P150,Q1181822
Q3126,P150,Q1020323
Q3126,P150,Q1334111
Q3126,P150,Q1313377
Q3126,P150,Q16027839
Q3126,P150,Q1652575
Q3126,P150,Q1784886
Q3126,P150,Q1788598
Q3126,P150,Q16219060
Q3126,P150,Q2202910
Q3126,P150,Q2284025
Q3126,P150,Q1772926
Q3126,P150,Q2403591
Q3126,P206,Q643525
Q3126,P206,Q2252501
Q3126,P206,Q317594
Q3126,P361,Q728664
Q3126,P361,Q2349933
Q3126,P1791,Q22087237
Q3126,P463,Q1768108
Q3126,P463,Q747279
Q3126,P463,Q812378
Q3126,P1456,Q1631209
Q3126,P1376,Q10447
Q3126,P7867,Q84035986
Q3126,P1343,Q63284758
Q3126,P1343,Q4532138
Q3126,P1343,Q316838
Q403915,P31,Q4167410
Q403915,P460,Q383185
Q403915,P460,Q395412
Q403915,P460,Q50412314
Q403915,P460,Q1182922
Q403915,P460,Q5592097
Q403915,P460,Q12908115
Q403915,P1889,Q5612960
Q403915,P1889,Q20962822
Q403915,P1889,Q12790213
Q26329975,P31,Q26085352
Q26329975,P279,Q27996264
Q26329975,P1343,Q29561574
Q26329975,P2283,Q62619848
Q26329975,P747,Q26329648
Q26329975,P747,Q26329502
Q26329975,P747,Q1676669
Q26329975,P747,Q26329547
Q26329975,P1889,Q2195
Q26329975,P1889,Q1702547
Q26329975,P1889,Q27996264
Q26329975,P1889,Q62619848
Q1217026,P31,Q4167410
Q489375,P31,Q178285
Q489375,P31,Q26726974
Q489375,P31,Q7397
Q489375,P366,Q93184
Q489375,P366,Q150971
Q489375,P275,Q178285
Q76557,P279,Q21073936
Q76557,P279,Q84048850
Q76557,P31,Q171318
Q76557,P1552,Q6581097
Q76557,P1343,Q1970746
Q76557,P1343,Q602358
Q76557,P1889,Q41805469
Q76557,P461,Q76507
Q246271,P31,Q4167410
Q246271,P1889,Q400412
Q246271,P1889,Q852887
Q246271,P1889,Q25114009
Q246271,P1889,Q26437609
Q246271,P1889,Q26438195
Q246271,P1889,Q26447652
Q246271,P1889,Q20017935
Q246271,P1889,Q24283017
Q246271,P1889,Q40105218
Q246271,P1889,Q249832
Q1004917,P31,Q4167410
Q1004917,P1889,Q16865160
Q1308239,P425,Q601401
Q1308239,P31,Q4897819
Q1308239,P31,Q28640
Q1308239,P279,Q215627
Q1308239,P2868,Q1148747
Q1308239,P1889,Q1968442
Q3705086,P31,Q4167410
Q8047,P279,Q426799
Q8047,P279,Q8054
Q8047,P910,Q8420217
Q8047,P1424,Q10980674
Q8047,P1424,Q6453709
Q8047,P5008,Q5460604
Q8047,P1889,Q28456397
Q8047,P1343,Q602358
Q8047,P1343,Q602358
Q8047,P1343,Q602358
Q8047,P1343,Q602358
Q8047,P361,Q5381540
Q8047,P31,Q84467700
Q8047,P680,Q82264
Q8047,P2868,Q2941663
Q1247963,P31,Q4167410
Q7020,P361,Q7868
Q7020,P361,Q808
Q7020,P910,Q9458551
Q7020,P527,Q7430
Q7020,P527,Q11053
Q7020,P527,Q37748
Q7020,P1963,P2143
Q7020,P31,Q193946
Q7020,P2283,Q5532884
Q7020,P279,Q80756
Q7020,P279,Q193395
Q7020,P2579,Q7162
Q7020,P1687,P6800
Q7609,P105,Q34740
Q7609,P171,Q615263
Q7609,P31,Q16521
Q7609,P910,Q9566703
Q7609,P1343,Q2041543
Q7609,P1343,Q20078554
Q7609,P183,Q15
Q9006796,P31,Q4167410
Q9006796,P1889,Q216176
Q9006796,P1889,Q37240758
Q200303,P910,Q8549387
Q200303,P1343,Q2657718
Q200303,P1343,Q2041543
Q200303,P1343,Q602358
Q200303,P1343,Q19180675
Q200303,P1343,Q101314624
Q200303,P1343,Q867541
Q200303,P279,Q1864008
Q1347898,P279,Q9019674
Q1347898,P1889,Q718154
Q6548932,P31,Q4167410
Q6548932,P1889,Q27264955
Q33506,P279,Q1030034
Q33506,P279,Q17334923
Q33506,P279,Q294440
Q33506,P279,Q570116
Q33506,P910,Q7139164
Q33506,P2388,Q22132694
Q33506,P1424,Q6232685
Q33506,P2650,Q830393
Q33506,P1963,P539
Q33506,P1963,P4290
Q33506,P1963,P856
Q33506,P1963,P1436
Q33506,P1963,P921
Q33506,P1963,P1619
Q33506,P1963,P542
Q33506,P1963,P571
Q33506,P1963,P576
Q33506,P1963,P1329
Q33506,P1963,P968
Q33506,P1963,P131
Q33506,P1963,P17
Q33506,P1963,P137
Q33506,P1963,P112
Q33506,P1963,P127
Q33506,P1963,P859
Q33506,P1963,P2555
Q33506,P1963,P3134
Q33506,P1963,P625
Q33506,P1963,P6006
Q33506,P6186,Q8923116
Q33506,P6104,Q14942921
Q33506,P5869,Q190804
Q33506,P5869,Q11323320
Q33506,P2283,Q24699794
Q33506,P1889,Q24699794
Q33506,P1343,Q602358
Q390551,P17,Q30
Q390551,P910,Q7466836
Q390551,P159,Q584451
Q390551,P488,Q336658
Q390551,P463,Q19861084
Q390551,P31,Q20857065
Q390551,P31,Q7315155
Q390551,P31,Q43229
Q390551,P31,Q35127
Q390551,P749,Q942326
Q390551,P355,Q6973755
Q390551,P355,Q6973612
Q390551,P355,Q6971366
Q390551,P355,Q1634459
Q390551,P355,Q10843453
Q390551,P355,Q6973606
Q390551,P355,Q6973682
Q390551,P355,Q5969362
Q390551,P355,Q6973751
Q390551,P355,Q16821236
Q390551,P355,Q1284039
Q390551,P355,Q1814921
Q390551,P355,Q6973666
Q390551,P355,Q5409765
Q390551,P355,Q611833
Q390551,P355,Q645285
Q390551,P355,Q1967405
Q390551,P355,Q6973027
Q390551,P355,Q6973632
Q390551,P355,Q3519875
Q390551,P355,Q664846
Q390551,P355,Q10843453
Q390551,P355,Q6973027
Q390551,P355,Q1814921
Q390551,P355,Q1634459
Q390551,P355,Q611833
Q390551,P355,Q6973612
Q390551,P355,Q3278030
Q390551,P355,Q1284039
Q390551,P355,Q6973682
Q390551,P355,Q6973666
Q390551,P355,Q6973755
Q390551,P355,Q6973757
Q390551,P355,Q5059684
Q390551,P355,Q1967405
Q390551,P355,Q645285
Q390551,P355,Q5969362
Q390551,P355,Q29220409
Q390551,P355,Q16821236
Q390551,P355,Q6973606
Q390551,P355,Q5409765
Q390551,P355,Q6973751
Q390551,P355,Q16932123
Q390551,P355,Q30290678
Q390551,P355,Q6230737
Q390551,P355,Q30296556
Q390551,P355,Q30296573
Q390551,P355,Q30296761
Q390551,P355,Q5059867
Q390551,P355,Q30296951
Q390551,P355,Q30297409
Q390551,P355,Q6954313
Q390551,P355,Q30270147
Q390551,P355,Q33122148
Q390551,P355,Q6954312
Q390551,P166,Q28918638
Q390551,P485,Q38945047
Q390551,P1424,Q11826188
Q390551,P131,Q488659
Q223407,P31,Q4830453
Q223407,P31,Q6881511
Q223407,P910,Q7457668
Q223407,P155,Q5419409
Q223407,P159,Q49190
Q223407,P159,Q23443
Q223407,P112,Q5258401
Q223407,P749,Q1931458
Q223407,P740,Q23443
Q223407,P1454,Q891723
Q223407,P127,Q1931458
Q223407,P452,Q880371
Q223407,P1056,Q7397
Q223407,P1889,Q666207
Q1140630,P31,Q623109
Q1140630,P17,Q408
Q1140630,P17,Q664
Q1140630,P910,Q10209352
Q1140630,P641,Q10962
Q1140630,P4794,Q110
Q1140630,P664,Q2872178
Q33602,P105,Q7432
Q33602,P141,Q278113
Q33602,P171,Q535979
Q33602,P31,Q16521
Q33602,P910,Q8491871
Q33602,P1034,Q35922
Q33602,P1403,Q37927494
Q33602,P1343,Q20078554
Q33602,P2959,Q21287459
Q43812,P279,Q2616578
Q43812,P279,Q47988
Q43812,P910,Q8894055
Q43812,P1343,Q2041543
Q43812,P1343,Q602358
Q43812,P1343,Q19180675
Q43812,P1889,Q2324663
Q43812,P1889,Q48533333
Q441682,P31,Q4167410
Q441682,P1889,Q36868298
Q395685,P31,Q4167410
Q2353244,P31,Q4167410
Q2353244,P1889,Q16883898
Q42889,P279,Q3245975
Q42889,P279,Q11019
Q42889,P279,Q987767
Q42889,P910,Q7237917
Q42889,P31,Q334166
Q42889,P1963,P2073
Q42889,P1963,P3086
Q42889,P366,Q7590
Q42889,P1424,Q11163985
Q42889,P5125,Q7112804
Q42889,P1542,Q9687
Q42889,P1542,Q244156
Q42889,P137,Q23640580
Q42889,P361,Q4323994
Q42889,P1552,Q68015325
Q42889,P1687,P3438
Q365089,P31,Q4167410
Q365089,P1889,Q37564491
Q466,P279,Q1668024
Q466,P279,Q1076968
Q466,P31,Q121182
Q466,P31,Q65966993
Q466,P910,Q4897839
Q466,P527,Q35127
Q466,P527,Q221989
Q466,P527,Q59164093
Q466,P2959,Q23013914
Q466,P1889,Q75
Q466,P1889,Q267091
Q466,P5008,Q5460604
Q466,P1542,Q1089465
Q466,P61,Q80
Q466,P61,Q92749
Q466,P737,Q2385520
Q466,P737,Q7742259
Q466,P737,Q1053749
Q466,P2184,Q1393866
Q466,P793,Q98785838
Q188056,P31,Q18120378
Q188056,P279,Q1802710
Q408760,P31,Q4167410
Q408760,P1889,Q37170392
Q7999605,P31,Q4167410
Q224006,P31,Q4167410
Q224006,P1889,Q21142325
Q28021107,P31,Q4167410
Q7990195,P31,Q4167410
Q232817,P31,Q4167410
Q1675697,P31,Q4167410
Q1675697,P1889,Q16277185
Q1675697,P1382,Q48536341
Q296862,P31,Q4167410
Q296862,P1889,Q27887769
Q296862,P460,Q15808127
Q107711,P279,Q327055
Q107711,P279,Q17126809
Q107711,P910,Q6586613
Q107711,P31,Q28640
Q107711,P425,Q897825
Q107711,P417,Q298845
Q107711,P417,Q229190
Q107711,P417,Q192816
Q107711,P463,Q6498663
Q107711,P3828,Q13627046
Q107711,P3828,Q1333024
Q107711,P3828,Q7434
Q107711,P163,Q2019498
Q180371,P31,Q4167410
Q176494,P910,Q8636870
Q176494,P361,Q192311
Q176494,P279,Q8187769
Q176494,P279,Q1920219
Q176494,P1889,Q2995714
Q417888,P31,Q4167410
Q170658,P279,Q781413
Q170658,P279,Q2393196
Q170658,P910,Q6697267
Q170658,P1542,Q17537576
Q170658,P1542,Q21075690
Q170658,P2184,Q5870765
Q170658,P361,Q77468620
Q170658,P31,Q2393196
Q170658,P1269,Q47407603
Q170658,P460,Q19357667
Q712467,P31,Q21199
Q712467,P31,Q13366104
Q712467,P31,Q50707
Q712467,P460,Q12011831
Q712467,P460,Q31828510
Q712467,P5236,Q200
Q712467,P5236,Q203
Q1339824,P279,Q450
Q1339824,P31,Q1127759
Q1339824,P361,Q77468620
Q1339824,P1343,Q101314624
Q123028,P31,Q930752
Q123028,P31,Q11862829
Q123028,P910,Q5881496
Q123028,P1343,Q2657718
Q123028,P1343,Q2041543
Q123028,P1343,Q602358
Q123028,P1343,Q19180675
Q123028,P279,Q11190
Q123028,P101,Q57354899
Q123028,P3095,Q1919436
Q99298406,P31,Q4167410
Q99298406,P1889,Q522618
Q99298406,P460,Q2110909
Q99298406,P460,Q99298421
Q99298406,P460,Q99298506
Q99298406,P460,Q99298782
Q99298406,P460,Q99299026
Q99298406,P460,Q99299129
Q101401,P279,Q55721729
Q101401,P279,Q838948
Q101401,P910,Q7239085
Q101401,P1343,Q2041543
Q101401,P1343,Q27680201
Q101401,P1343,Q602358
Q101401,P1343,Q1768721
Q101401,P1419,Q47298214
Q101401,P1889,Q21127449
Q101401,P1889,Q871633
Q101401,P31,Q1254773
Q101401,P361,Q26836418
Q101401,P361,Q53424891
Q101401,P361,Q200334
Q101401,P2579,Q168058
Q101401,P527,Q9335418
Q101401,P527,Q96140174
Q101401,P527,Q96140177
Q101401,P527,Q96140182
Q101401,P527,Q96140183
Q101401,P527,Q96140184
Q101401,P527,Q96140185
Q101401,P527,Q96140186
Q101401,P527,Q96140191
Q101401,P527,Q96140216
Q101401,P1963,P8331
Q101401,P1963,P2067
Q101401,P1963,P2386
Q101401,P1963,P276
Q101401,P1963,P186
Q101401,P1963,P571
Q101401,P1963,P170
Q16881385,P31,Q4167410
Q397970,P31,Q4167410
Q10987,P910,Q8521437
Q10987,P279,Q5159627
Q10987,P279,Q6584340
Q10987,P279,Q19388114
Q10987,P279,Q211439
Q10987,P279,Q7493597
Q10987,P2079,Q176353
Q10987,P2079,Q2991771
Q10987,P1343,Q2041543
Q10987,P1343,Q1970746
Q10987,P1343,Q30059240
Q10987,P1343,Q234535
Q10987,P1343,Q20078554
Q10987,P1343,Q602358
Q10987,P1343,Q4173137
Q10987,P1343,Q19180675
Q10987,P1343,Q4086271
Q10987,P186,Q171934
Q10987,P31,Q25403900
Q10987,P31,Q1783121
Q10987,P1552,Q216678
Q10987,P1552,Q128709
Q10987,P366,Q1472481
Q10987,P366,Q10675206
Q10987,P366,Q11190
Q10987,P1582,Q30034
Q10987,P5008,Q5460604
Q10987,P527,Q283
Q341048,P31,Q4167410
Q399469,P31,Q4167410
Q228890,P31,Q4167410
Q8352226,P31,Q4167410
Q416580,P31,Q4167410
Q416580,P1343,Q2041543
Q416580,P1343,Q2657718
Q416580,P31,Q4167410
Q416580,P1343,Q2041543
Q416580,P1343,Q2657718
Q2823464,P31,Q4167410
Q41441174,P31,Q4167410
Q100047,P910,Q8248689
Q100047,P2959,Q12715455
Q100047,P287,Q208305
Q100047,P306,Q380526
Q100047,P279,Q473708
Q100047,P279,Q16338
Q100047,P127,Q21842980
Q100047,P176,Q208305
Q100047,P17,Q30
Q100047,P880,Q667808
Q100047,P31,Q10929058
Q357855,P31,Q1235234
Q166118,P279,Q1030034
Q166118,P279,Q17334923
Q166118,P910,Q5677116
Q166118,P1343,Q2657718
Q166118,P1343,Q2041543
Q166118,P1343,Q602358
Q166118,P1343,Q602358
Q166118,P1343,Q19180675
Q166118,P1343,Q56647980
Q166118,P1687,P485
Q166118,P1687,P2960
Q166118,P366,Q9158768
Q166118,P366,Q830393
Q166118,P101,Q517656
Q166118,P101,Q1379672
Q166118,P101,Q13515694
Q166118,P1424,Q11011669
Q166118,P1889,Q26944999
Q166118,P1889,Q56648173
Q166118,P2283,Q635719
Q166118,P527,Q4431094
Q838948,P361,Q735
Q838948,P279,Q17537576
Q838948,P279,Q18593264
Q838948,P279,Q28877
Q838948,P910,Q7703548
Q838948,P2079,Q36649
Q838948,P1424,Q6064255
Q838948,P1963,P2108
Q838948,P1963,P3805
Q838948,P1963,P170
Q838948,P1478,Q47407603
Q838948,P1889,Q17537576
Q838948,P2579,Q50637
Q838948,P1687,P6500
Q838948,P1552,Q1437361
Q227077,P31,Q4167410
Q227077,P1889,Q37181413
Q421281,P279,Q81163
Q421281,P910,Q9534746
Q421281,P1343,Q2657718
Q421281,P1343,Q55954345
Q8799,P460,Q851872
Q8799,P31,Q3550873
Q8799,P31,Q82047057
Q8799,P527,Q8805
Q8799,P1889,Q8805
Q8799,P111,Q71699827
Q5126959,P31,Q4167410
Q50700,P279,Q11563
Q50700,P279,Q54640195
Q50700,P361,Q43260
Q50700,P1889,Q2981756
Q296074,P31,Q4167410
Q230216,P31,Q4167410
Q230216,P460,Q16665192
Q535264,P31,Q4167410
Q785116,P279,Q26904132
Q812880,P1312,Q164
Q812880,P279,Q188745
Q812880,P279,Q213723
Q812880,P279,Q2485866
Q812880,P279,Q3100536
Q812880,P279,Q854916
Q812880,P279,Q262959
Q812880,P279,Q10925338
Q812880,P910,Q7463500
Q812880,P1343,Q2657718
Q812880,P1552,Q39297
Q812880,P1552,Q1379273
Q812880,P3263,Q164
Q812880,P3263,Q157002
Q812880,P1678,Q157002
Q812880,P1322,Q12557050
Q812880,P2670,Q26401
Q812880,P2670,Q26382
Q812880,P2670,Q3064117
Q812880,P1299,Q3115569
Q812880,P1299,Q49740
Q812880,P1299,Q274897
Q812880,P2579,Q131476
Q204170,P461,Q9128
Q204170,P461,Q221656
Q204170,P910,Q8363444
Q204170,P361,Q10874
Q204170,P1889,Q231737
Q204170,P1889,Q54894490
Q204170,P31,Q1924249
Q5224074,P31,Q4167410
Q1524708,P31,Q4167410
Q1524708,P31,Q4167410
Q345280,P31,Q4167410
Q66055,P527,Q2279584
Q66055,P527,Q3044574
Q66055,P279,Q1244890
Q66055,P279,Q1140046
Q66055,P910,Q7307097
Q66055,P1343,Q602358
Q66055,P1343,Q2041543
Q3044839,P31,Q4167410
Q376493,P279,Q1070689
Q3715176,P156,Q6035629
Q5379054,P31,Q4167410
Q5379054,P31,Q4167410
Q5504569,P31,Q4167410
Q5647529,P31,Q4167410
Q283202,P279,Q39594
Q283202,P910,Q9036856
Q283202,P1343,Q2657718
Q283202,P1343,Q19180675
Q283202,P1343,Q602358
Q283202,P1889,Q44782
Q5680079,P17,Q34
Q5680079,P31,Q486972
Q229378,P31,Q4167410
Q5923290,P31,Q4060698
Q415999,P31,Q4167410
Q415999,P1889,Q28801023
Q415999,P460,Q28800169
Q629039,P31,Q235557
Q629039,P31,Q15087423
Q629039,P178,Q37156
Q629039,P178,Q6269113
Q629039,P156,Q1143961
Q16800501,P31,Q4167410
Q79726,P31,Q3550873
Q79726,P1889,Q79756
Q79726,P111,Q71699827
Q3291944,P279,Q1190554
Q3291944,P279,Q628523
Q3291944,P361,Q80993
Q3291944,P361,Q80006
Q3291944,P828,Q118470
Q3291944,P31,Q66747126
Q409044,P31,Q4167410
Q1218236,P31,Q4167410
Q55542,P279,Q2493
Q55542,P461,Q55564
Q55542,P910,Q7216422
Q79735,P31,Q3550873
Q79735,P1889,Q79758
Q79735,P111,Q71699827
Q175561,P279,Q1183543
Q175561,P279,Q58778
Q6875856,P279,Q8171
Q6875856,P1889,Q2250680
Q6875856,P1889,Q25345174
Q250391,P31,Q4167410
Q250391,P1889,Q18921114
Q250391,P1889,Q16877244
Q233545,P31,Q4167410
Q1179254,P31,Q4167410
Q1179254,P460,Q89891589
Q1179254,P460,Q89891903
Q1179254,P460,Q89892335
Q1179254,P460,Q7079088
Q1179254,P460,Q15403761
Q1179254,P460,Q91272203
Q226362,P31,Q4167410
Q340626,P31,Q4167410
Q340626,P1889,Q24476018
Q340626,P910,Q6373746
Q2914681,P31,Q4167410
Q228907,P31,Q4167410
Q228907,P1889,Q20997663
Q228907,P1889,Q23874556
Q228907,P460,Q348100
Q9950,P31,Q19776628
Q9950,P31,Q3841820
Q9950,P361,Q8229
Q9950,P361,Q754673
Q9950,P361,Q1187758
Q9950,P361,Q570693
Q9950,P361,Q550383
Q9950,P361,Q755124
Q9950,P361,Q76228
Q9950,P361,Q18691434
Q9950,P361,Q994407
Q9950,P3094,Q129522
Q9950,P1299,Q17021542
Q9950,P910,Q13344142
Q9950,P1343,Q867541
Q198099,P1889,Q17007827
Q198099,P1889,Q636027
Q1384878,P910,Q55251308
Q1384878,P31,Q352328
Q1384878,P366,Q22857
Q1384878,P527,Q588395
Q19828995,P31,Q12308941
Q19828995,P1889,Q1402478
Q19828995,P282,Q38592
Q19828995,P407,Q1568
Q19828995,P407,Q9610
Q19828995,P460,Q56702140
Q7314265,P175,Q193676
Q7314265,P175,Q184249
Q7314265,P264,Q947109
Q7314265,P264,Q1151996
Q7314265,P31,Q134556
Q7314265,P155,Q6202281
Q7314265,P155,Q5985176
Q7314265,P156,Q47060
Q7314265,P136,Q11401
Q405415,P31,Q4167410
Q405415,P1889,Q37237211
Q181319,P31,Q5255461
Q15137003,P279,Q604733
Q15137003,P527,Q7240995
Q7541374,P31,Q4167410
Q3711325,P361,Q11465
Q3711325,P279,Q181175
Q3711325,P279,Q1144560
Q3711325,P279,Q107715
Q3711325,P910,Q8228686
Q3711325,P1687,P2052
Q3711325,P1343,Q26711932
Q3711325,P1343,Q90137277
Q3711325,P1889,Q3998287
Q3711325,P1889,Q1144560
Q3711325,P1889,Q1518019
Q3711325,P1889,Q11465
Q3711325,P8111,Q182429
Q3711325,P8111,Q180154
Q7546454,P31,Q4167410
Q177646,P1568,Q36161
Q177646,P31,Q130901
Q177646,P279,Q3965271
Q177646,P279,Q36161
Q177646,P1571,Q36161
Q177646,P361,Q36161
Q177646,P461,Q15882515
Q177646,P2283,Q28803400
Q177646,P1889,Q21514624
Q177646,P2579,Q12482
Q83360,P279,Q620207
Q83360,P2286,Q3328747
Q83360,P2289,Q3324393
Q83360,P2288,Q5254868
Q83360,P927,Q33767
Q83360,P361,Q33767
Q83360,P156,Q184848
Q183225,P461,Q859781
Q183225,P461,Q3800752
Q183225,P31,Q2393196
Q183225,P5008,Q13382529
Q638123,P279,Q16513426
Q638123,P279,Q254128
Q638123,P1269,Q36829
Q638123,P1269,Q1331926
Q2181244,P31,Q3503189
Q2181244,P178,Q7131061
Q354775,P31,Q4167410
Q354775,P1889,Q775182
Q525728,P279,Q3300024
Q525728,P279,Q361132
Q525728,P1889,Q13174801
Q525728,P1343,Q602358
Q30,P1344,Q488
Q30,P1344,Q280468
Q30,P1344,Q1088364
Q30,P1344,Q40949
Q30,P1344,Q184425
Q30,P1344,Q178810
Q30,P1344,Q155723
Q30,P1344,Q8740
Q30,P1344,Q8663
Q30,P1344,Q169401
Q30,P1344,Q327052
Q30,P1344,Q1789376
Q30,P1344,Q65132216
Q30,P1344,Q1935947
Q30,P1344,Q418151
Q30,P1344,Q301487
Q30,P1344,Q862751
Q30,P1344,Q334029
Q30,P1344,Q1754313
Q30,P1792,Q3919762
Q30,P2852,Q533806
Q30,P2853,Q24288454
Q30,P2853,Q24288456
Q30,P1313,Q11696
Q30,P1465,Q6334989
Q30,P832,Q86591
Q30,P832,Q196627
Q30,P832,Q751738
Q30,P832,Q744159
Q30,P832,Q371781
Q30,P832,Q848352
Q30,P832,Q367523
Q30,P832,Q755999
Q30,P832,Q2913791
Q30,P530,Q889
Q30,P530,Q222
Q30,P530,Q148
Q30,P530,Q183
Q30,P530,Q159
Q30,P530,Q408
Q30,P530,Q801
Q30,P530,Q155
Q30,P530,Q796
Q30,P530,Q403
Q30,P530,Q16
Q30,P530,Q17
Q30,P530,Q38
Q30,P530,Q347
Q30,P530,Q414
Q30,P530,Q953
Q30,P530,Q668
Q30,P530,Q37
Q30,P530,Q1011
Q30,P530,Q805
Q30,P530,Q1050
Q30,P530,Q334
Q30,P530,Q20
Q30,P530,Q142
Q30,P530,Q212
Q30,P530,Q822
Q30,P530,Q858
Q30,P530,Q884
Q30,P530,Q902
Q30,P530,Q928
Q30,P530,Q115
Q30,P530,Q184
Q30,P530,Q215
Q30,P530,Q213
Q30,P530,Q159583
Q30,P530,Q43
Q30,P530,Q227
Q30,P530,Q96
Q30,P530,Q236
Q30,P530,Q1025
Q30,P530,Q712
Q30,P530,Q851
Q30,P530,Q41
Q30,P530,Q145
Q30,P530,Q419
Q30,P530,Q811
Q30,P530,Q865
Q30,P530,Q1005
Q30,P530,Q34266
Q30,P530,Q34
Q30,P530,Q863
Q30,P530,Q25227
Q30,P530,Q458
Q30,P530,Q881
Q30,P530,Q717
Q30,P530,Q686
Q30,P530,Q265
Q30,P530,Q77
Q30,P530,Q55
Q30,P530,Q986
Q30,P530,Q1008
Q30,P530,Q31
Q30,P530,Q948
Q30,P530,Q1045
Q30,P530,Q874
Q30,P530,Q230
Q30,P530,Q15180
Q30,P530,Q39
Q30,P530,Q916
Q30,P530,Q398
Q30,P530,Q21203
Q30,P530,Q262
Q30,P530,Q399
Q30,P530,Q23635
Q30,P530,Q967
Q30,P530,Q5785
Q30,P530,Q657
Q30,P530,Q963
Q30,P530,Q225
Q30,P530,Q298
Q30,P530,Q836
Q30,P530,Q424
Q30,P530,Q244
Q30,P530,Q242
Q30,P530,Q750
Q30,P530,Q921
Q30,P530,Q965
Q30,P530,Q224
Q30,P530,Q786
Q30,P530,Q784
Q30,P530,Q35
Q30,P530,Q33
Q30,P530,Q800
Q30,P530,Q736
Q30,P530,Q970
Q30,P530,Q229
Q30,P530,Q977
Q30,P530,Q792
Q30,P530,Q974
Q30,P530,Q574
Q30,P530,Q983
Q30,P530,Q191
Q30,P530,Q702
Q30,P530,Q790
Q30,P530,Q774
Q30,P530,Q117
Q30,P530,Q1006
Q30,P530,Q1000
Q30,P530,Q769
Q30,P530,Q1007
Q30,P530,Q734
Q30,P530,Q783
Q30,P530,Q28
Q30,P530,Q766
Q30,P530,Q189
Q30,P530,Q252
Q30,P530,Q8646
Q30,P530,Q1013
Q30,P530,Q32
Q30,P530,Q833
Q30,P530,Q843
Q30,P530,Q733
Q30,P530,Q710
Q30,P530,Q813
Q30,P530,Q1016
Q30,P530,Q1027
Q30,P530,Q730
Q30,P530,Q819
Q30,P530,Q1014
Q30,P530,Q1019
Q30,P530,Q1020
Q30,P530,Q912
Q30,P530,Q232
Q30,P530,Q1246
Q30,P530,Q709
Q30,P530,Q235
Q30,P530,Q1028
Q30,P530,Q156418
Q30,P530,Q14773
Q30,P530,Q233
Q30,P530,Q217
Q30,P530,Q711
Q30,P530,Q221
Q30,P530,Q837
Q30,P530,Q695
Q30,P530,Q760
Q30,P530,Q683
Q30,P530,Q691
Q30,P530,Q1041
Q30,P530,Q664
Q30,P530,Q1033
Q30,P530,Q45
Q30,P530,Q1037
Q30,P530,Q757
Q30,P530,Q1030
Q30,P530,Q1032
Q30,P530,Q804
Q30,P530,Q36
Q30,P530,Q170588
Q30,P530,Q218
Q30,P530,Q1042
Q30,P530,Q1044
Q30,P530,Q214
Q30,P530,Q1049
Q30,P530,Q945
Q30,P530,Q754
Q30,P530,Q826
Q30,P530,Q958
Q30,P530,Q1039
Q30,P530,Q924
Q30,P530,Q672
Q30,P530,Q854
Q30,P530,Q1036
Q30,P530,Q211
Q30,P530,Q962
Q30,P530,Q817
Q30,P530,Q971
Q30,P530,Q1029
Q30,P530,Q219060
Q30,P530,Q228
Q30,P530,Q27
Q30,P2184,Q131110
Q30,P36,Q61
Q30,P36,Q60
Q30,P36,Q1345
Q30,P457,Q127912
Q30,P1791,Q7977902
Q30,P5008,Q5460604
Q30,P5008,Q54439832
Q30,P463,Q37470
Q30,P463,Q1065
Q30,P463,Q7184
Q30,P463,Q37143
Q30,P463,Q41550
Q30,P463,Q7825
Q30,P463,Q674182
Q30,P463,Q842490
Q30,P463,Q19771
Q30,P463,Q170481
Q30,P463,Q181574
Q30,P463,Q81299
Q30,P463,Q191384
Q30,P463,Q827525
Q30,P463,Q656801
Q30,P463,Q1043527
Q30,P463,Q899770
Q30,P463,Q340195
Q30,P463,Q7886981
Q30,P463,Q188822
Q30,P463,Q782942
Q30,P463,Q295875
Q30,P463,Q7164
Q30,P463,Q7804
Q30,P463,Q1928989
Q30,P463,Q1072120
Q30,P463,Q277252
Q30,P463,Q8475
Q30,P463,Q1480793
Q30,P463,Q4033111
Q30,P463,Q2863003
Q30,P463,Q7768229
Q30,P463,Q5150848
Q30,P463,Q4426267
Q30,P463,Q3866537
Q30,P463,Q1579424
Q30,P463,Q233611
Q30,P463,Q826700
Q30,P463,Q7809
Q30,P463,Q5611262
Q30,P463,Q7809
Q30,P463,Q17495
Q30,P463,Q376150
Q30,P463,Q123759
Q30,P463,Q170424
Q30,P463,Q7817
Q30,P463,Q15978258
Q30,P5658,Q14565199
Q30,P1464,Q7463286
Q30,P1906,Q11696
Q30,P361,Q49
Q30,P47,Q96
Q30,P47,Q16
Q30,P47,Q159
Q30,P47,Q241
Q30,P47,Q804
Q30,P47,Q778
Q30,P47,Q717
Q30,P47,Q248452
Q30,P47,Q786
Q30,P47,Q702
Q30,P47,Q17
Q30,P47,Q710
Q30,P47,Q790
Q30,P47,Q683
Q30,P47,Q678
Q30,P47,Q15180
Q30,P47,Q34266
Q30,P2238,Q127216
Q30,P793,Q7512984
Q30,P793,Q8676
Q30,P793,Q193155
Q30,P793,Q26013
Q30,P793,Q727854
Q30,P793,Q6683
Q30,P793,Q379356
Q30,P793,Q2572004
Q30,P793,Q4302809
Q30,P793,Q631489
Q30,P793,Q331377
Q30,P793,Q1501025
Q30,P793,Q309029
Q30,P793,Q12583
Q30,P793,Q361
Q30,P793,Q696482
Q30,P793,Q52418
Q30,P793,Q362
Q30,P793,Q488
Q30,P793,Q8663
Q30,P793,Q128160
Q30,P793,Q1025404
Q30,P793,Q193484
Q30,P793,Q8740
Q30,P793,Q43653
Q30,P793,Q42761
Q30,P793,Q868261
Q30,P793,Q37643
Q30,P793,Q696187
Q30,P793,Q1778229
Q30,P793,Q155723
Q30,P793,Q10806
Q30,P793,Q182865
Q30,P793,Q545449
Q30,P793,Q16422
Q30,P793,Q844541
Q30,P793,Q896666
Q30,P793,Q154510
Q30,P793,Q210714
Q30,P793,Q18121212
Q30,P793,Q553332
Q30,P418,Q171663
Q30,P1622,Q14565199
Q30,P163,Q42537
Q30,P92,Q11698
Q30,P92,Q493620
Q30,P1151,Q5365167
Q30,P1546,Q270871
Q30,P5125,Q7112786
Q30,P38,Q4917
Q30,P172,Q49078
Q30,P172,Q49085
Q30,P172,Q727928
Q30,P172,Q49297
Q30,P2633,Q272160
Q30,P2959,Q20571325
Q30,P2959,Q29045433
Q30,P2959,Q29045456
Q30,P122,Q49892
Q30,P122,Q512187
Q30,P1424,Q8171085
Q30,P194,Q11268
Q30,P194,Q1195929
Q30,P421,Q5385
Q30,P421,Q2212
Q30,P421,Q2204
Q30,P421,Q2183
Q30,P421,Q2146
Q30,P421,Q2154
Q30,P421,Q5762
Q30,P421,Q7056
Q30,P421,Q7105
Q30,P421,Q5390
Q30,P421,Q4816926
Q30,P421,Q2085376
Q30,P421,Q2086913
Q30,P421,Q3238805
Q30,P421,Q3134980
Q30,P421,Q3446496
Q30,P37,Q1860
Q30,P37,Q7976
Q30,P37,Q33569
Q30,P37,Q1321
Q30,P1365,Q179997
Q30,P1365,Q81931
Q30,P30,Q49
Q30,P30,Q538
Q30,P30,Q48
Q30,P237,Q171663
Q30,P138,Q828
Q30,P1552,Q3174312
Q30,P208,Q48525
Q30,P1304,Q53536
Q30,P1304,Q2263849
Q30,P1304,Q934187
Q30,P910,Q1410960
Q30,P6,Q23
Q30,P6,Q11806
Q30,P6,Q11812
Q30,P6,Q11813
Q30,P6,Q11815
Q30,P6,Q11816
Q30,P6,Q11817
Q30,P6,Q11820
Q30,P6,Q11869
Q30,P6,Q11881
Q30,P6,Q11891
Q30,P6,Q11896
Q30,P6,Q12306
Q30,P6,Q12312
Q30,P6,Q12325
Q30,P6,Q91
Q30,P6,Q8612
Q30,P6,Q34836
Q30,P6,Q35686
Q30,P6,Q34597
Q30,P6,Q35498
Q30,P6,Q35171
Q30,P6,Q35678
Q30,P6,Q35171
Q30,P6,Q35041
Q30,P6,Q33866
Q30,P6,Q35648
Q30,P6,Q34296
Q30,P6,Q35286
Q30,P6,Q36023
Q30,P6,Q35236
Q30,P6,Q8007
Q30,P6,Q11613
Q30,P6,Q9916
Q30,P6,Q9696
Q30,P6,Q9640
Q30,P6,Q9588
Q30,P6,Q9582
Q30,P6,Q23685
Q30,P6,Q9960
Q30,P6,Q23505
Q30,P6,Q1124
Q30,P6,Q207
Q30,P6,Q76
Q30,P6,Q22686
Q30,P1343,Q19180675
Q30,P1343,Q602358
Q30,P1343,Q4532138
Q30,P1343,Q867541
Q30,P1740,Q6839466
Q30,P85,Q44696
Q30,P209,Q11201
Q30,P78,Q37861
Q30,P78,Q31635
Q30,P78,Q31643
Q30,P31,Q3624078
Q30,P31,Q1520223
Q30,P31,Q5255892
Q30,P31,Q43702
Q30,P31,Q1489259
Q30,P31,Q6256
Q30,P31,Q99541706
Q30,P610,Q130018
Q30,P35,Q22686
Q30,P1589,Q799720
Q30,P150,Q173
Q30,P150,Q1612
Q30,P150,Q99
Q30,P150,Q1261
Q30,P150,Q779
Q30,P150,Q812
Q30,P150,Q1428
Q30,P150,Q782
Q30,P150,Q1221
Q30,P150,Q1204
Q30,P150,Q1415
Q30,P150,Q1546
Q30,P150,Q1558
Q30,P150,Q1603
Q30,P150,Q1588
Q30,P150,Q724
Q30,P150,Q1391
Q30,P150,Q771
Q30,P150,Q1166
Q30,P150,Q1527
Q30,P150,Q1494
Q30,P150,Q1581
Q30,P150,Q1212
Q30,P150,Q1553
Q30,P150,Q1227
Q30,P150,Q759
Q30,P150,Q1408
Q30,P150,Q1522
Q30,P150,Q1384
Q30,P150,Q1454
Q30,P150,Q1207
Q30,P150,Q1397
Q30,P150,Q1649
Q30,P150,Q824
Q30,P150,Q1400
Q30,P150,Q1387
Q30,P150,Q1456
Q30,P150,Q1211
Q30,P150,Q1509
Q30,P150,Q1439
Q30,P150,Q829
Q30,P150,Q16551
Q30,P150,Q1370
Q30,P150,Q1223
Q30,P150,Q1371
Q30,P150,Q1537
Q30,P150,Q1214
Q30,P150,Q16641
Q30,P150,Q61
Q30,P150,Q16635
Q30,P150,Q16644
Q30,P150,Q1183
Q30,P150,Q11703
Q30,P150,Q16645
Q30,P150,Q797
Q30,P150,Q816
Q30,P150,Q547795
Q30,P150,Q1811372
Q30,P150,Q1393
Q30,P150,Q669315
Q30,P150,Q1548588
Q30,P150,Q660384
Q30,P150,Q777763
Q30,P150,Q1518439
Q30,P150,Q1360064
Q30,P150,Q1500063
Q30,P150,Q6042084
Q30,P150,Q146328
Q30,P150,Q3551781
Q30,P2936,Q1860
Q30,P2936,Q1860
Q30,P2936,Q33385
Q30,P2936,Q3515185
Q30,P2936,Q20054484
Q30,P2936,Q25559652
Q30,P2936,Q25559662
Q30,P2936,Q1294243
Q30,P2936,Q1294227
Q30,P2936,Q1294251
Q30,P2936,Q1815020
Q30,P2936,Q1207611
Q30,P2936,Q1288440
Q30,P2936,Q1288385
Q30,P2936,Q143130
Q30,P2936,Q1185119
Q30,P2936,Q1185127
Q30,P2936,Q1185133
Q30,P2936,Q133678
Q30,P2936,Q2315424
Q30,P2936,Q2270532
Q30,P2936,Q523014
Q30,P2936,Q530384
Q30,P2936,Q1957120
Q30,P2936,Q1957108
Q30,P2936,Q1568938
Q30,P2936,Q3412974
Q30,P2936,Q2380124
Q30,P2936,Q2109432
Q30,P2936,Q2454881
Q30,P2936,Q3414522
Q30,P2936,Q3414490
Q30,P2936,Q2393095
Q30,P2936,Q5051602
Q30,P2936,Q3479942
Q30,P2936,Q2600085
Q30,P2936,Q3492334
Q30,P2936,Q2669248
Q30,P2936,Q2669206
Q30,P2936,Q5096458
Q30,P2936,Q2665761
Q30,P2936,Q3504233
Q30,P2936,Q2917968
Q30,P2936,Q2962074
Q30,P2936,Q2984602
Q30,P2936,Q2944443
Q30,P2936,Q2963878
Q30,P2936,Q3565286
Q30,P2936,Q2967638
Q30,P2936,Q2967636
Q30,P2936,Q2981109
Q30,P2936,Q3001877
Q30,P2936,Q3573199
Q30,P2936,Q3549180
Q30,P2936,Q3912876
Q30,P2936,Q3111838
Q30,P2936,Q3111983
Q30,P2936,Q3135234
Q30,P2936,Q3126783
Q30,P2936,Q3183144
Q30,P2936,Q7570552
Q30,P2936,Q3915517
Q30,P2936,Q3193689
Q30,P2936,Q3192120
Q30,P2936,Q3192772
Q30,P2936,Q3216471
Q30,P2936,Q3198700
Q30,P2936,Q7684320
Q30,P2936,Q3027471
Q30,P2936,Q12645081
Q30,P2936,Q3278074
Q30,P2936,Q3280640
Q30,P2936,Q7857412
Q30,P2936,Q3319130
Q30,P2936,Q3319444
Q30,P2936,Q3370188
Q30,P2936,Q3324744
Q30,P2936,Q3396018
Q30,P2936,Q3391031
Q30,P2936,Q3396020
Q30,P2936,Q3396025
Q30,P2936,Q3396021
Q30,P2936,Q3396023
Q30,P2936,Q3396032
Q30,P2936,Q3344791
Q30,P2936,Q3336118
Q30,P2936,Q3343396
Q30,P2936,Q3344226
Q30,P2936,Q6693377
Q30,P2936,Q3339226
Q30,P2936,Q3343229
Q30,P2936,Q6693380
Q30,P2936,Q3360656
Q30,P2936,Q56396
Q30,P2936,Q56391
Q30,P2936,Q35173
Q30,P2936,Q56417
Q30,P2936,Q35162
Q30,P2936,Q56438
Q30,P2936,Q56421
Q30,P2936,Q1321
Q30,P2936,Q12953952
Q30,P2936,Q56510
Q30,P2936,Q56492
Q30,P2936,Q56547
Q30,P2936,Q56530
Q30,P2936,Q56523
Q30,P2936,Q56539
Q30,P2936,Q56704
Q30,P2936,Q56712
Q30,P2936,Q56718
Q30,P2936,Q56661
Q30,P2936,Q56627
Q30,P2936,Q56628
Q30,P2936,Q56631
Q30,P2936,Q56619
Q30,P2936,Q35602
Q30,P2936,Q56749
Q30,P2936,Q56513
Q30,P2936,Q56519
Q30,P2936,Q56737
Q30,P2936,Q56754
Q30,P2936,Q56751
Q30,P2936,Q56756
Q30,P2936,Q36444
Q30,P2936,Q36937
Q30,P2936,Q36944
Q30,P2936,Q56236
Q30,P2936,Q36993
Q30,P2936,Q10188
Q30,P2936,Q13315
Q30,P2936,Q56338
Q30,P2936,Q13310
Q30,P2936,Q13316
Q30,P2936,Q13260
Q30,P2936,Q22711
Q30,P2936,Q21117
Q30,P2936,Q20832
Q30,P2936,Q20627
Q30,P2936,Q20831
Q30,P2936,Q20711
Q30,P2936,Q14759
Q30,P2936,Q28508
Q30,P2936,Q21058
Q30,P2936,Q20824
Q30,P2936,Q20827
Q30,P2936,Q28565
Q30,P2936,Q28058
Q30,P2936,Q28062
Q30,P2936,Q27785
Q30,P2936,Q27993
Q30,P2936,Q27782
Q30,P2936,Q27992
Q30,P2936,Q28060
Q30,P2936,Q27792
Q30,P2936,Q27861
Q30,P2936,Q28269
Q30,P2936,Q27210
Q30,P2936,Q33044
Q30,P2936,Q56386
Q30,P2936,Q13339
Q30,P2936,Q27480
Q30,P2936,Q28281
Q30,P2936,Q27183
Q30,P2936,Q28277
Q30,P2936,Q28268
Q30,P2936,Q28272
Q30,P2936,Q13363
Q30,P2936,Q28304
Q30,P2936,Q13368
Q30,P2936,Q32979
Q30,P2936,Q32967
Q30,P2936,Q33265
Q30,P2936,Q32915
Q30,P2936,Q33060
Q30,P2936,Q32972
Q30,P2936,Q33192
Q30,P2936,Q33388
Q30,P2936,Q33358
Q30,P2936,Q33404
Q30,P2936,Q33395
Q30,P2936,Q33537
Q30,P2936,Q33591
Q30,P2936,Q33569
Q30,P2936,Q33658
Q30,P2936,Q33665
Q30,P2936,Q33434
Q30,P2936,Q33811
Q30,P2936,Q33926
Q30,P2936,Q34057
Q30,P2936,Q34198
Q30,P2936,Q34204
Q30,P2936,Q34249
Q30,P2936,Q34685
Q30,P2936,Q3083213
Q30,P2936,Q3493704
Q30,P2936,Q12642471
Q30,P2936,Q12635887
Q30,P2936,Q12628946
Q30,P2936,Q12714767
Q30,P2936,Q12645568
Q30,P2936,Q12953452
Q30,P2936,Q12953960
Q30,P2936,Q15649021
Q30,P2936,Q15699255
Q30,P2936,Q20085721
Q30,P2936,Q20162127
Q30,P2936,Q25559714
Q30,P2936,Q25559666
Q30,P2936,Q25559664
Q30,P2936,Q35976053
Q30,P2936,Q35443
Q30,P1830,Q468574
Q30,P1830,Q731639
Q30,P1830,Q881182
Q30,P1830,Q884798
Q30,P1830,Q1783821
Q30,P1830,Q2225315
Q30,P1830,Q2336640
Q30,P1830,Q2525979
Q30,P1830,Q5203364
Q30,P1830,Q5471573
Q30,P1830,Q5570493
Q30,P1830,Q6242206
Q30,P1830,Q7318882
Q30,P1830,Q7846680
Q30,P1830,Q8035812
Q30,P1830,Q15094405
Q30,P1830,Q15888178
Q30,P1830,Q20709326
Q30,P1830,Q35525
Q30,P206,Q788
Q30,P206,Q98
Q30,P206,Q97
Q30,P2579,Q470125
Q30,P1441,Q622282
Q30,P2596,Q1044835
Q30,P7867,Q8607619
Q30,P17,Q30
Q30,P1889,Q828
Q30,P8402,Q5227102
Q30,P8744,Q188540
Q647003,P910,Q8238806
Q647003,P31,Q1328899
Q647003,P31,Q163740
Q647003,P159,Q16553
Q647003,P112,Q219203
Q43501,P279,Q570116
Q43501,P279,Q178706
Q43501,P279,Q13226383
Q43501,P279,Q464980
Q43501,P279,Q96102071
Q43501,P910,Q7961238
Q43501,P155,Q1401536
Q43501,P417,Q676555
Q43501,P1343,Q2657718
Q43501,P1424,Q5911510
Q43501,P1963,P1990
Q43501,P1889,Q3363934
Q353512,P31,Q4167410
Q353512,P1889,Q16276045
Q353512,P1889,Q16839852
Q559590,P17,Q183
Q559590,P31,Q262166
Q559590,P131,Q5945
Q559590,P910,Q8916521
Q559590,P421,Q6655
Q559590,P421,Q6723
Q2934,P31,Q55983715
Q2934,P1672,Q1418287
Q2934,P1672,Q449506
Q2934,P910,Q8493223
Q2934,P279,Q57814795
Q2934,P279,Q1797813
Q2934,P6104,Q59959228
Q2934,P527,Q82025
Q72879,P279,Q2751085
Q72879,P279,Q1155605
Q16872111,P31,Q4167410
Q1434666,P31,Q4167410
Q1434666,P1889,Q37521485
Q13365548,P279,Q210521
Q13365548,P1889,Q55804
Q13365548,P31,Q4373292
Q2823464,P31,Q4167410
Q12975,P706,Q817157
Q12975,P59,Q10586
Q12975,P31,Q523
Q12975,P31,Q50053
Q12975,P31,Q6243
Q12975,P31,Q836976
Q12975,P31,Q67206691
Q12975,P31,Q2154519
Q12975,P31,Q2247863
Q12975,P361,Q5511885
Q12975,P361,Q324113
Q12975,P881,Q836976
Q12975,P1343,Q2041543
Q12975,P1343,Q602358
Q12975,P6259,Q1264450
Q12975,P398,Q57032558
Q12975,P398,Q60457427
Q207946,P910,Q6506882
Q207946,P1343,Q2041543
Q207946,P279,Q438484
Q207946,P3095,Q2234405
Q207946,P1889,Q273088
Q218341,P910,Q6427939
Q218341,P1687,P4092
Q218341,P279,Q42848
Q218341,P366,Q1419522
Q2993476,P31,Q4167410
Q1128697,P31,Q4167410
Q25193637,P31,Q4167410
Q170124,P910,Q7032108
Q170124,P279,Q23497974
Q170124,P1343,Q602358
Q223811,P31,Q4167410
Q548838,P1269,Q15836568
Q548838,P279,Q202875
Q548838,P366,Q1781447
Q548838,P366,Q12780996
Q548838,P361,Q8803
Q548838,P138,Q830043
Q1387137,P31,Q4167410
Q1387137,P460,Q3800793
Q253438,P31,Q4167410
Q253438,P1889,Q37502296
Q165678,P910,Q7215693
Q165678,P279,Q80831
Q165678,P279,Q1466064
Q165678,P527,Q11140433
Q165678,P527,Q160710
Q165678,P527,Q1466064
Q165678,P1889,Q5297
Q165678,P1889,Q1129239
Q165678,P1424,Q14444473
Q165678,P366,Q193040
Q415223,P31,Q4167410
Q415223,P1889,Q28737385
Q415223,P1889,Q64799927
Q167676,P279,Q2041172
Q167676,P910,Q8729856
Q167676,P361,Q2041172
Q167676,P460,Q2066909
Q167676,P2354,Q6638158
Q167676,P5008,Q54439832
Q167676,P1424,Q21096631
Q167676,P31,Q811909
Q226531,P31,Q4167410
Q36279,P279,Q15706467
Q36279,P910,Q5640343
Q36279,P31,Q223393
Q36279,P1151,Q5364766
Q36279,P1343,Q2657718
Q36279,P1343,Q602358
Q36279,P1343,Q1768721
Q36279,P1889,Q864380
Q36279,P3095,Q864380
Q36279,P527,Q20741317
Q36279,P527,Q59157079
Q205873,P31,Q4167410
Q5145863,P31,Q4167410
Q1751358,P279,Q223642
Q1751358,P527,Q18029574
Q1751358,P527,Q2983548
Q188613,P910,Q19474498
Q188613,P279,Q17990877
Q188613,P279,Q628455
Q188613,P140,Q5043
Q188613,P1343,Q4086271
Q188613,P1343,Q602358
Q188613,P1343,Q19180675
Q188613,P1343,Q19190511
Q5282663,P31,Q4167410
Q871232,P910,Q18175424
Q871232,P279,Q59908
Q871232,P279,Q267628
Q871232,P31,Q4894405
Q871232,P1889,Q3719255
Q871232,P1889,Q651270
Q871232,P1889,Q2085381
Q5565592,P31,Q4167410
Q4027615,P361,Q336
Q4027615,P910,Q9854767
Q4027615,P2959,Q16633642
Q4027615,P1424,Q21533039
Q4027615,P1889,Q21198
Q4027615,P279,Q11862829
Q4120725,P31,Q4167410
Q4120725,P1889,Q11224874
Q4120725,P1889,Q4120661
Q4120725,P1889,Q1399687
Q265158,P361,Q58854
Q265158,P361,Q59156192
Q265158,P1343,Q2657718
Q265158,P1343,Q4532138
Q265158,P910,Q25277858
Q265158,P279,Q386724
Q265158,P279,Q1379672
Q265158,P279,Q483394
Q265158,P1687,P6977
Q230116,P31,Q4167410
Q230116,P1889,Q27168989
Q230116,P1889,Q19902018
Q230116,P460,Q22150615
Q1022,P610,Q826470
Q1022,P1151,Q11380685
Q1022,P17,Q183
Q1022,P17,Q7318
Q1022,P17,Q41304
Q1022,P17,Q43287
Q1022,P17,Q159631
Q1022,P17,Q2172530
Q1022,P17,Q2227570
Q1022,P190,Q38022
Q1022,P190,Q153647
Q1022,P190,Q10690
Q1022,P190,Q6602
Q1022,P190,Q1156
Q1022,P190,Q27435
Q1022,P190,Q85
Q1022,P190,Q580
Q1022,P190,Q14960
Q1022,P190,Q894
Q1022,P190,Q374365
Q1022,P190,Q41139
Q1022,P190,Q571191
Q1022,P190,Q1489
Q1022,P190,Q384926
Q1022,P6,Q78408
Q1022,P6,Q92494
Q1022,P6,Q57952
Q1022,P421,Q6655
Q1022,P421,Q6723
Q1022,P31,Q1549591
Q1022,P31,Q14784328
Q1022,P31,Q2327515
Q1022,P31,Q1066984
Q1022,P31,Q253030
Q1022,P31,Q42744322
Q1022,P31,Q22865
Q1022,P194,Q1360830
Q1022,P47,Q8528
Q1022,P47,Q8533
Q1022,P47,Q8536
Q1022,P47,Q8541
Q1022,P150,Q727750
Q1022,P150,Q1398505
Q1022,P150,Q2359472
Q1022,P150,Q2359473
Q1022,P150,Q656982
Q1022,P150,Q865457
Q1022,P150,Q894747
Q1022,P150,Q660862
Q1022,P150,Q289874
Q1022,P150,Q1593221
Q1022,P150,Q1957900
Q1022,P150,Q733332
Q1022,P150,Q1959130
Q1022,P150,Q1730884
Q1022,P150,Q2099499
Q1022,P150,Q782888
Q1022,P150,Q1373697
Q1022,P150,Q897283
Q1022,P150,Q767962
Q1022,P150,Q1469016
Q1022,P150,Q322559
Q1022,P150,Q228211
Q1022,P910,Q8823080
Q1022,P1464,Q8079771
Q1022,P1465,Q9220061
Q1022,P1740,Q17273587
Q1022,P1792,Q7234184
Q1022,P361,Q8172
Q1022,P361,Q451619
Q1022,P706,Q1707601
Q1022,P206,Q1673
Q1022,P206,Q319609
Q1022,P1376,Q985
Q1022,P1376,Q8172
Q1022,P1376,Q251660
Q1022,P131,Q8172
Q1022,P1791,Q22910203
Q1022,P485,Q1806929
Q1022,P2872,Q45070553
Q1022,P463,Q1768108
Q1022,P463,Q28936918
Q1022,P463,Q55473342
Q1022,P463,Q747279
Q1022,P463,Q1691932
Q1022,P1343,Q602358
Q1022,P1343,Q4532138
Q1022,P1343,Q63284758
Q1022,P7867,Q83978807
Q65045905,P31,Q4167410
Q1498800,P31,Q12308941
Q1498800,P1750,Q2590
Q1498800,P407,Q294
Q1498800,P282,Q8229
Q1498800,P2976,Q98877314
Q1498800,P2976,Q56538458
Q136080,P31,Q4167410
Q136313,P31,Q4167410
Q343203,P31,Q4167410
Q423339,P31,Q4167410
Q227482,P31,Q4167410
Q227482,P1889,Q5115115
Q227482,P1889,Q16865581
Q227482,P1889,Q25114761
Q227482,P1889,Q20008613
Q240665,P31,Q4167410
Q240665,P1889,Q37192278
Q408386,P910,Q20918412
Q408386,P279,Q3249551
Q408386,P31,Q1156402
Q1124860,P910,Q7719012
Q1124860,P361,Q29627
Q1124860,P1343,Q2657718
Q1124860,P279,Q8187769
Q1124860,P1889,Q3035707
Q1124860,P1889,Q707482
Q1124860,P1687,P1028
Q1124860,P1687,P8093
Q1124860,P31,Q815823
Q213283,P279,Q27096235
Q213283,P279,Q327333
Q213283,P910,Q6592582
Q213283,P361,Q1889
Q213283,P1343,Q678259
Q213283,P1343,Q2657718
Q213283,P1687,P531
Q213283,P1424,Q6623549
Q213283,P6104,Q15304945
Q1175516,P31,Q4167410
Q1098485,P31,Q4167410
Q1098485,P460,Q65153338
Q375,P910,Q8172895
Q375,P279,Q7802
Q375,P279,Q748611
Q375,P279,Q746549
Q375,P279,Q1226651
Q375,P527,Q29493
Q375,P495,Q31
Q375,P1343,Q602358
Q375,P2283,Q1139975
Q1207,P1465,Q8365595
Q1207,P1151,Q14615672
Q1207,P17,Q30
Q1207,P36,Q37066
Q1207,P47,Q1989
Q1207,P47,Q1948
Q1207,P47,Q1527
Q1207,P47,Q1211
Q1207,P47,Q1212
Q1207,P47,Q2007
Q1207,P37,Q1860
Q1207,P138,Q16148367
Q1207,P163,Q837312
Q1207,P421,Q5385
Q1207,P421,Q2086913
Q1207,P421,Q3134980
Q1207,P421,Q15406405
Q1207,P131,Q30
Q1207,P910,Q6808095
Q1207,P31,Q35657
Q1207,P194,Q7055026
Q1207,P1464,Q8071977
Q1207,P1740,Q8458173
Q1207,P1792,Q8744072
Q1207,P1343,Q302556
Q1207,P1343,Q2657718
Q1207,P1343,Q602358
Q1207,P1343,Q19180675
Q1207,P1343,Q19180675
Q1207,P1343,Q3181656
Q1207,P1313,Q3773741
Q1207,P2184,Q5865714
Q1207,P2633,Q5535209
Q1207,P6,Q770393
Q1207,P6,Q22095395
Q1207,P6,Q374762
Q1207,P6,Q887102
Q1207,P6,Q367363
Q1207,P6,Q883207
Q1207,P6,Q367727
Q1207,P6,Q367322
Q1207,P6,Q277330
Q1207,P6,Q367750
Q1207,P6,Q882579
Q1207,P6,Q882245
Q1207,P6,Q370780
Q1207,P6,Q882437
Q1207,P6,Q367309
Q1207,P6,Q882219
Q1207,P6,Q881722
Q1207,P6,Q881593
Q1207,P6,Q709439
Q1207,P6,Q888337
Q1207,P6,Q367709
Q1207,P6,Q888119
Q1207,P6,Q367733
Q1207,P6,Q885954
Q1207,P6,Q367512
Q1207,P6,Q885617
Q1207,P6,Q885675
Q1207,P6,Q366989
Q1207,P6,Q885209
Q1207,P6,Q884319
Q1207,P6,Q504980
Q1207,P6,Q360110
Q1207,P6,Q370780
Q1207,P237,Q5138483
Q1207,P610,Q590820
Q1207,P1589,Q156006
Q1207,P150,Q28316
Q1207,P150,Q28308
Q1207,P150,Q28292
Q1207,P150,Q28321
Q1207,P150,Q29124
Q1207,P150,Q28274
Q1207,P150,Q29118
Q1207,P150,Q28283
Q1207,P150,Q28285
Q1207,P150,Q28523
Q1207,P150,Q28488
Q1207,P150,Q28311
Q1207,P150,Q28503
Q1207,P150,Q48863
Q1207,P150,Q48917
Q1207,P150,Q48931
Q1207,P150,Q48926
Q1207,P150,Q135328
Q1207,P150,Q48834
Q1207,P150,Q48910
Q1207,P150,Q48867
Q1207,P150,Q135330
Q1207,P150,Q48891
Q1207,P150,Q48896
Q1207,P150,Q280826
Q1207,P150,Q280815
Q1207,P150,Q280844
Q1207,P150,Q280820
Q1207,P150,Q48905
Q1207,P150,Q28499
Q1207,P150,Q280838
Q1207,P150,Q48902
Q1207,P150,Q48933
Q1207,P150,Q48920
Q1207,P150,Q48878
Q1207,P150,Q48937
Q1207,P150,Q511461
Q1207,P150,Q48831
Q1207,P150,Q126829
Q1207,P150,Q48856
Q1207,P150,Q511470
Q1207,P150,Q500598
Q1207,P150,Q48850
Q1207,P150,Q511487
Q1207,P150,Q282188
Q1207,P150,Q511478
Q1207,P150,Q511498
Q1207,P150,Q511510
Q1207,P150,Q511524
Q1207,P150,Q28286
Q1207,P150,Q48927
Q1207,P150,Q48874
Q1207,P150,Q28496
Q1207,P1791,Q30718123
Q1207,P5125,Q7112389
Q1207,P457,Q5164220
Q1207,P457,Q5375151
Q1207,P209,Q7055070
Q1207,P208,Q53709968
Q1207,P361,Q578170
Q1207,P2238,Q652823
Q1207,P2936,Q33385
Q1207,P2936,Q530384
Q1207,P2936,Q1957120
Q1207,P2936,Q2963878
Q1207,P2936,Q3135234
Q1207,P2936,Q56539
Q1207,P2936,Q13315
Q1207,P2936,Q33537
Q1207,P7867,Q84036199
Q1207,P1365,Q1117425
Q1207,P418,Q652823
Q1207,P8402,Q97098982
Q407992,P31,Q4167410
Q3324310,P31,Q4167410
Q42478,P31,Q28922885
Q42478,P31,Q899523
Q42478,P31,Q12772052
Q42478,P31,Q21562092
Q42478,P31,Q1993334
Q42478,P31,Q9143
Q42478,P31,Q506883
Q42478,P910,Q6345187
Q42478,P178,Q92597
Q42478,P178,Q941805
Q42478,P822,Q19844990
Q42478,P737,Q2407
Q42478,P737,Q15777
Q42478,P737,Q305876
Q42478,P737,Q213970
Q42478,P737,Q42979
Q42478,P737,Q132874
Q42478,P737,Q14663
Q42478,P277,Q15777
Q42478,P275,Q713244
Q42478,P275,Q27016750
Q42478,P170,Q92597
Q42478,P287,Q92597
Q42478,P5125,Q17083764
Q42478,P306,Q388
Q42478,P306,Q14116
Q42478,P306,Q1406
Q42478,P306,Q14646
Q42478,P306,Q269856
Q42478,P306,Q847593
Q42478,P1889,Q2043979
Q42478,P6216,Q50423863
Q225382,P31,Q4167410
Q225382,P460,Q14210666
Q225382,P527,Q16238417
Q229949,P31,Q4167410
Q229949,P1889,Q36868654
Q229949,P1889,Q7577381
Q348101,P31,Q4167410
Q348101,P1889,Q16277860
Q347774,P31,Q4167410
Q347774,P1889,Q25521896
Q416679,P31,Q4167410
Q416679,P1889,Q36857176
Q133454,P910,Q7215349
Q133454,P31,Q1144899
Q133454,P31,Q317623
Q133454,P527,Q1784429
Q133454,P527,Q3124794
Q133454,P527,Q477803
Q348465,P31,Q4167410
Q348465,P1889,Q28322374
Q1383412,P1687,P2957
Q1383412,P31,Q7692348
Q1383412,P31,Q1197550
Q42586063,P279,Q1183543
Q11273,P31,Q27493
Q11273,P361,Q11224347
Q11273,P910,Q6999521
Q11273,P1889,Q910081
Q20811561,P31,Q4167410
Q211439,P910,Q8462711
Q211439,P361,Q11451
Q211439,P361,Q80962
Q211439,P279,Q2836947
Q211439,P460,Q12046531
Q211439,P460,Q2836947
Q211439,P1343,Q602358
Q211439,P1343,Q5217764
Q211439,P461,Q14515951
Q406964,P31,Q4167410
Q406964,P460,Q298968
Q406964,P460,Q363705
Q406964,P460,Q20117140
Q406964,P460,Q12400105
Q406964,P1889,Q17127261
Q406964,P1889,Q3949468
Q406964,P1889,Q27166248
Q406964,P1889,Q18280684
Q774306,P279,Q3332438
Q774306,P425,Q40821
Q774306,P31,Q66811410
Q774306,P31,Q189533
Q774306,P417,Q152457
Q774306,P155,Q1360697
Q774306,P155,Q781850
Q774306,P910,Q8826475
Q774306,P1889,Q61590692
Q2727213,P279,Q857984
Q2727213,P910,Q7215299
Q2727213,P1343,Q2041543
Q2727213,P1343,Q30059240
Q2727213,P1343,Q4086271
Q2727213,P1343,Q1768721
Q2727213,P92,Q674827
Q2727213,P92,Q19727767
Q2727213,P3095,Q3562775
Q216901,P31,Q33513999
Q216901,P31,Q6949155
Q216901,P1343,Q602358
Q216901,P1343,Q3181656
Q397567,P31,Q4167410
Q258692,P31,Q4167410
Q1753188,P31,Q21484471
Q1753188,P31,Q3924032
Q1753188,P31,Q98929882
Q1753188,P1552,Q1140419
Q1753188,P180,Q207643
Q1753188,P180,Q188597
Q1753188,P180,Q382497
Q1753188,P180,Q51379
Q1753188,P1889,Q436660
Q1067816,P31,Q4167410
Q1067816,P1889,Q16872391
Q11248330,P1889,Q908729
Q11248330,P910,Q8761859
Q2598033,P31,Q134830
Q2598033,P1889,Q11847231
Q161462,P279,Q186713
Q161462,P1343,Q19190511
Q344272,P31,Q4167410
Q344272,P1889,Q19688886
Q344272,P1889,Q19688887
Q25428,P910,Q8946800
Q25428,P1687,P2436
Q25428,P279,Q181175
Q25428,P279,Q3707379
Q25428,P1269,Q12725
Q25428,P1343,Q26711936
Q25428,P1889,Q55451
Q25428,P1889,Q77597807
Q25428,P4934,Q55451
Q25428,P4934,Q55451
Q25428,P4934,Q20989
Q25428,P4934,Q192388
Q25428,P460,Q77597807
Q25428,P8111,Q25250
Q226890,P31,Q4167410
Q228325,P31,Q4167410
Q228325,P1889,Q28641
Q45867,P279,Q46303
Q45867,P279,Q3259505
Q45867,P279,Q7135025
Q45867,P279,Q27678359
Q45867,P279,Q47008488
Q45867,P279,Q98098837
Q45867,P1312,Q26382
Q45867,P910,Q10135884
Q45867,P1552,Q15921574
Q45867,P1343,Q602358
Q34876,P279,Q56061
Q34876,P31,Q15617994
Q34876,P31,Q15617994
Q34876,P910,Q5620504
Q34876,P1343,Q2657718
Q34876,P1343,Q2041543
Q34876,P1343,Q4532138
Q34876,P2959,Q25634187
Q34876,P2959,Q25634186
Q34876,P1889,Q4644326
Q444471,P31,Q4167410
Q444471,P1889,Q6981730
Q444471,P1889,Q37027992
Q444471,P460,Q13360888
Q444471,P460,Q226252
Q444471,P460,Q227750
Q444471,P460,Q292357
Q444471,P460,Q340915
Q444471,P460,Q403725
Q444471,P460,Q420260
Q444471,P460,Q419259
Q444471,P460,Q522747
Q444471,P460,Q533217
Q444471,P460,Q561024
Q444471,P460,Q832243
Q444471,P460,Q832516
Q444471,P460,Q1824281
Q444471,P460,Q25193677
Q246947,P31,Q4167410
Q323013,P31,Q4167410
Q323013,P460,Q480441
Q343527,P31,Q4167410
Q28425,P105,Q36602
Q28425,P31,Q16521
Q28425,P171,Q25833
Q28425,P171,Q7377
Q28425,P171,Q27379
Q28425,P171,Q17092469
Q28425,P171,Q7439311
Q28425,P171,Q740132
Q28425,P944,Q13011
Q28425,P910,Q7216581
Q28425,P2959,Q19758493
Q28425,P2579,Q2043240
Q28425,P1606,Q278567
Q28425,P1606,Q82069695
Q28425,P1343,Q4532138
Q28425,P5008,Q87748614
Q28425,P1672,Q17067753
Q358366,P31,Q4167410
Q423813,P279,Q845804
Q423813,P1889,Q417861
Q423813,P1889,Q16033323
Q780172,P277,Q15777
Q780172,P31,Q341
Q780172,P31,Q47506
Q780172,P306,Q170434
Q780172,P144,Q178940
Q780172,P178,Q5205293
Q780172,P275,Q7603
Q780172,P400,Q182933
Q202871,P279,Q40056
Q202871,P910,Q8412935
Q202871,P31,Q17155032
Q202871,P1343,Q47755251
Q202871,P1269,Q90890255
Q202871,P1889,Q2057931
Q420422,P31,Q4167410
Q404359,P31,Q4167410
Q447312,P31,Q4167410
Q42519,P279,Q9128
Q42519,P31,Q1075
Q42519,P31,Q56053097
Q42519,P31,Q376346
Q42519,P910,Q19847233
Q42519,P1889,Q4458713
Q42519,P1889,Q10509939
Q42519,P1889,Q1145422
Q42519,P1889,Q17245659
Q42519,P1343,Q1970746
Q232016,P31,Q4167410
Q232016,P1889,Q12823290
Q1649367,P31,Q4167410
Q3402603,P31,Q4167410
Q847679,P31,Q28167864
Q847679,P178,Q7269289
Q847679,P366,Q1617799
Q855204,P31,Q13365548
Q408553,P31,Q4167410
Q232721,P31,Q4167410
Q232721,P1889,Q7669153
Q232721,P1889,Q25114392
Q7702782,P31,Q4167410
Q400437,P31,Q4167410
Q347390,P31,Q4167410
Q347390,P1889,Q26868863
Q347390,P1889,Q17128250
Q172937,P279,Q937946
Q172937,P279,Q747980
Q172937,P1312,Q3064117
Q172937,P910,Q7035965
Q172937,P1424,Q11170198
Q172937,P1343,Q19180675
Q172937,P156,Q2155148
Q172937,P155,Q37555
Q172937,P1889,Q25379348
Q679325,P31,Q15900647
Q679325,P664,Q3412169
Q679325,P17,Q30
Q2416710,P31,Q4167410
Q1045331,P31,Q4167410
Q1045331,P1889,Q19688326
Q1045331,P1889,Q36944161
Q16774901,P31,Q4167410
Q619942,P279,Q8366
Q619942,P361,Q150971
Q619942,P910,Q18698754
Q619942,P1889,Q72948
Q13439954,P31,Q4167410
Q13439954,P1889,Q18611510
Q13439954,P1889,Q83383555
Q80228,P279,Q16896124
Q80228,P910,Q8308552
Q80228,P129,Q40050
Q80228,P129,Q11435
Q80228,P186,Q11469
Q80228,P186,Q145863
Q80228,P186,Q45621
Q80228,P4969,Q5567172
Q80228,P170,Q64104
Q80228,P1343,Q1768721
Q80228,P1343,Q602358
Q80228,P31,Q987767
Q123709,P190,Q3370
Q123709,P190,Q88
Q123709,P190,Q2999
Q123709,P190,Q6548
Q123709,P190,Q214178
Q123709,P190,Q612
Q123709,P31,Q515
Q123709,P31,Q202435
Q123709,P31,Q1549591
Q123709,P17,Q145
Q123709,P131,Q2357511
Q123709,P131,Q79249839
Q123709,P131,Q67387310
Q123709,P131,Q68826051
Q123709,P37,Q1860
Q123709,P37,Q14549
Q123709,P910,Q8392741
Q123709,P1464,Q17485078
Q123709,P1465,Q8051858
Q123709,P1792,Q9237357
Q123709,P1376,Q2357511
Q123709,P47,Q996509
Q123709,P194,Q28528294
Q123709,P1343,Q4114391
Q123709,P1343,Q602358
Q123709,P1343,Q3181656
Q123709,P7867,Q83978647
Q123709,P7959,Q67387310
Q123709,P8402,Q97024014
Q1818255,P31,Q4167410
Q1818255,P1889,Q37175146
Q504514,P910,Q7415184
Q504514,P279,Q6942562
Q504514,P1343,Q2657718
Q504514,P1343,Q20078554
Q504514,P1343,Q602358
Q504514,P3095,Q29448653
Q406145,P31,Q4167410
Q218972,P31,Q4167410
Q193294,P361,Q573
Q193294,P461,Q166564
Q193294,P155,Q11326182
Q193294,P31,Q1260524
Q193294,P31,Q751989
Q193294,P1343,Q602358
Q193294,P1343,Q19180675
Q193294,P1343,Q1970746
Q193294,P1889,Q11326182
Q193294,P1889,Q12218712
Q173056,P1343,Q2657718
Q173056,P1343,Q602358
Q173056,P279,Q19394283
Q173056,P279,Q1183543
Q173056,P366,Q192296
Q173056,P1535,Q437512
Q173056,P910,Q8151211
Q173056,P1889,Q55427903
Q14865097,P31,Q4167410
Q14865097,P1889,Q3427307
Q42292,P910,Q7214702
Q42292,P105,Q34740
Q42292,P171,Q163489
Q42292,P171,Q1450881
Q42292,P31,Q16521
Q42292,P1672,Q402516
Q42292,P366,Q59772474
Q42292,P1343,Q602358
Q42292,P1343,Q1138524
Q42292,P1343,Q602358
Q42292,P1343,Q1768721
Q42292,P1343,Q2041543
Q81294,P31,Q9143
Q81294,P31,Q830340
Q81294,P31,Q1639024
Q81294,P31,Q28920142
Q81294,P31,Q3839507
Q81294,P31,Q28050159
Q81294,P31,Q7936632
Q81294,P31,Q1993334
Q81294,P178,Q1367937
Q81294,P277,Q15777
Q81294,P277,Q2407
Q81294,P277,Q251
Q81294,P1414,Q201904
Q81294,P1072,Q4545331
Q81294,P1072,Q21834748
Q81294,P1072,Q758853
Q81294,P1072,Q209054
Q81294,P1072,Q21848765
Q81294,P1072,Q192869
Q81294,P1072,Q283563
Q81294,P1072,Q1122075
Q81294,P1072,Q2713137
Q81294,P1072,Q935809
Q81294,P1072,Q16545707
Q81294,P1072,Q81095
Q81294,P1072,Q5227180
Q81294,P1072,Q21849093
Q81294,P1072,Q900927
Q81294,P1072,Q691652
Q81294,P1072,Q352571
Q81294,P1072,Q1047541
Q81294,P1072,Q1593782
Q81294,P1072,Q3063023
Q81294,P1072,Q1428303
Q81294,P1072,Q219848
Q81294,P1072,Q901755
Q81294,P1072,Q1502796
Q81294,P1072,Q2192
Q81294,P1072,Q576465
Q81294,P1072,Q5597315
Q81294,P1072,Q1543325
Q81294,P1072,Q753666
Q81294,P1072,Q1487345
Q81294,P1072,Q3756354
Q81294,P1072,Q10287816
Q81294,P1072,Q1069215
Q81294,P1072,Q8811
Q81294,P1072,Q729366
Q81294,P1072,Q284651
Q81294,P1072,Q27996264
Q81294,P1072,Q27979401
Q81294,P1072,Q2063
Q81294,P1072,Q1676709
Q81294,P1072,Q79587
Q81294,P1072,Q5310
Q81294,P1072,Q3820542
Q81294,P1072,Q169478
Q81294,P1072,Q823982
Q81294,P1072,Q424324
Q81294,P1072,Q562334
Q81294,P1072,Q80535
Q81294,P1072,Q6717333
Q81294,P1072,Q296980
Q81294,P1072,Q174349
Q81294,P1072,Q363369
Q81294,P1072,Q1361922
Q81294,P1072,Q225233
Q81294,P1072,Q2119595
Q81294,P1072,Q2011664
Q81294,P1072,Q1341482
Q81294,P1072,Q17154458
Q81294,P1072,Q535473
Q81294,P1072,Q139191
Q81294,P1072,Q42332
Q81294,P1072,Q3888116
Q81294,P1072,Q178051
Q81294,P1072,Q224174
Q81294,P1072,Q942350
Q81294,P1072,Q408123
Q81294,P1072,Q45432
Q81294,P1072,Q467454
Q81294,P1072,Q407509
Q81294,P1072,Q447161
Q81294,P1072,Q7598235
Q81294,P1072,Q408792
Q81294,P1072,Q466769
Q81294,P1072,Q7391833
Q81294,P1072,Q7392404
Q81294,P1072,Q1238229
Q81294,P1072,Q3944032
Q81294,P1072,Q283579
Q81294,P1072,Q86920
Q81294,P1072,Q1063976
Q81294,P1072,Q237035
Q81294,P1072,Q215106
Q81294,P1072,Q1970847
Q81294,P1072,Q3513566
Q81294,P1072,Q1570391
Q81294,P1072,Q405091
Q81294,P1072,Q437825
Q81294,P1072,Q2307285
Q81294,P1072,Q217570
Q81294,P1072,Q1817318
Q81294,P1072,Q166074
Q81294,P1072,Q11272
Q81294,P1072,Q2115
Q81294,P1072,Q1250383
Q81294,P1072,Q136218
Q81294,P1072,Q15860313
Q81294,P1073,Q4545331
Q81294,P1073,Q21834748
Q81294,P1073,Q758853
Q81294,P1073,Q672985
Q81294,P1073,Q209054
Q81294,P1073,Q726780
Q81294,P1073,Q192869
Q81294,P1073,Q21848871
Q81294,P1073,Q283563
Q81294,P1073,Q15777
Q81294,P1073,Q1122075
Q81294,P1073,Q935809
Q81294,P1073,Q81095
Q81294,P1073,Q5227180
Q81294,P1073,Q21849093
Q81294,P1073,Q900927
Q81294,P1073,Q691652
Q81294,P1073,Q3054349
Q81294,P1073,Q1047541
Q81294,P1073,Q1593782
Q81294,P1073,Q3063023
Q81294,P1073,Q341326
Q81294,P1073,Q1428303
Q81294,P1073,Q219848
Q81294,P1073,Q1135858
Q81294,P1073,Q2192
Q81294,P1073,Q1543325
Q81294,P1073,Q3756354
Q81294,P1073,Q10287816
Q81294,P1073,Q1069215
Q81294,P1073,Q8811
Q81294,P1073,Q2858737
Q81294,P1073,Q729366
Q81294,P1073,Q27996264
Q81294,P1073,Q27979401
Q81294,P1073,Q2063
Q81294,P1073,Q1676709
Q81294,P1073,Q79587
Q81294,P1073,Q28770329
Q81294,P1073,Q823982
Q81294,P1073,Q272597
Q81294,P1073,Q562334
Q81294,P1073,Q80535
Q81294,P1073,Q174349
Q81294,P1073,Q1361922
Q81294,P1073,Q2119595
Q81294,P1073,Q12798225
Q81294,P1073,Q17154458
Q81294,P1073,Q535473
Q81294,P1073,Q139191
Q81294,P1073,Q42332
Q81294,P1073,Q178051
Q81294,P1073,Q942350
Q81294,P1073,Q28975655
Q81294,P1073,Q467454
Q81294,P1073,Q407509
Q81294,P1073,Q447161
Q81294,P1073,Q7391833
Q81294,P1073,Q1238229
Q81294,P1073,Q2078
Q81294,P1073,Q165658
Q81294,P1073,Q283579
Q81294,P1073,Q5301
Q81294,P1073,Q86920
Q81294,P1073,Q1063976
Q81294,P1073,Q237035
Q81294,P1073,Q215106
Q81294,P1073,Q3513566
Q81294,P1073,Q1570391
Q81294,P1073,Q176061
Q81294,P1073,Q18812775
Q81294,P1073,Q217570
Q81294,P1073,Q930428
Q81294,P1073,Q1817318
Q81294,P1073,Q166074
Q81294,P1073,Q11272
Q81294,P1073,Q2115
Q81294,P1073,Q136218
Q81294,P1073,Q28975915
Q81294,P1073,Q15860313
Q81294,P366,Q336
Q81294,P275,Q3238057
Q81294,P3966,Q193076
Q81294,P3966,Q4795882
Q81294,P910,Q53140924
Q81294,P306,Q1406
Q81294,P306,Q388
Q81294,P306,Q14116
Q81294,P737,Q7661164
Q246174,P31,Q4167410
Q1109586,P31,Q4167410
Q1109586,P1889,Q24251425
Q1109586,P1889,Q20001778
Q1109586,P460,Q28341044
Q57821,P279,Q6852233
Q57821,P1343,Q1138524
Q57821,P1889,Q57831
Q57821,P1424,Q8084813
Q57821,P527,Q2538929
Q57821,P910,Q91520
Q175403,P910,Q6529489
Q175403,P1343,Q2657718
Q175403,P279,Q11650
Q229761,P31,Q4167410
Q229761,P1889,Q37013684
Q229761,P1889,Q1115992
Q229761,P460,Q90835891
Q229761,P460,Q29534427
Q229761,P460,Q16280636
Q2177560,P31,Q12308941
Q2177560,P1750,Q2624
Q2177560,P1889,Q24052940
Q2177560,P407,Q9027
Q2177560,P407,Q7411
Q2177560,P282,Q8229
Q2177560,P460,Q29001841
Q2177560,P460,Q64154789
Q2177560,P5323,Q21644845
Q28097936,P31,Q4167410
Q28097936,P1889,Q37050020
Q656083,P1269,Q2308807
Q656083,P1269,Q9135
Q405178,P31,Q4167410
Q405178,P460,Q396695
Q1088,P31,Q1075
Q1088,P31,Q166902
Q1088,P31,Q56053097
Q1088,P910,Q9773898
Q1088,P279,Q9128
Q1088,P2959,Q25930042
Q1088,P2959,Q98200604
Q1088,P361,Q43213808
Q1088,P1343,Q1970746
Q224277,P31,Q4167410
Q224277,P460,Q4153386
Q222749,P31,Q735
Q222749,P31,Q1047113
Q222749,P910,Q8220336
Q222749,P1151,Q16347481
Q222749,P1343,Q2657718
Q222749,P3095,Q33999
Q222749,P3095,Q21169216
Q222749,P1889,Q184485
Q222749,P279,Q1914636
Q46737,P279,Q1554231
Q46737,P361,Q46834
Q46737,P361,Q21094121
Q46737,P910,Q9425522
Q46737,P1687,P2403
Q46737,P461,Q546972
Q46737,P1343,Q2041543
Q46737,P1343,Q20078554
Q46737,P1343,Q4532138
Q46737,P460,Q1275989
Q46737,P5008,Q99671171
Q1175708,P31,Q4167410
Q1175708,P1889,Q37436063
Q2476929,P31,Q1207505
Q2476929,P1382,Q308859
Q2476929,P1382,Q188728
Q2476929,P279,Q7748
Q2476929,P279,Q1503443
Q2476929,P1269,Q1503443
Q2476929,P1269,Q7748
Q2476929,P460,Q1503443
Q192797,P31,Q187588
Q192797,P910,Q32771990
Q840407,P279,Q60539479
Q840407,P1343,Q20743760
Q840407,P1343,Q602358
Q840407,P1343,Q63284758
Q840407,P361,Q77468620
Q840407,P31,Q9415
Q840407,P1269,Q9418
Q840407,P1552,Q487
Q1413630,P31,Q12308941
Q1413630,P460,Q827311
Q1413630,P460,Q15727189
Q1413630,P460,Q998338
Q1413630,P460,Q15727164
Q1413630,P460,Q15727141
Q1413630,P460,Q18145728
Q1413630,P460,Q23710600
Q1413630,P460,Q19970429
Q1413630,P460,Q19816553
Q1413630,P460,Q25917078
Q1413630,P460,Q25917075
Q1413630,P460,Q19413497
Q1413630,P460,Q16423806
Q1413630,P460,Q3092978
Q1413630,P460,Q59904930
Q1413630,P460,Q104043744
Q1413630,P407,Q5146
Q1413630,P1889,Q15727136
Q1413630,P1533,Q27235655
Q1413630,P282,Q8229
Q14745,P910,Q7204633
Q14745,P279,Q31807746
Q14745,P279,Q1357761
Q14745,P279,Q2424752
Q14745,P279,Q8205328
Q14745,P1343,Q2657718
Q14745,P1343,Q2041543
Q14745,P527,Q43192208
Q14745,P527,Q1355652
Q14745,P527,Q898776
Q14745,P527,Q1397443
Q14745,P176,Q60077401
Q3436010,P1889,Q523627
Q282744,P31,Q151885
Q282744,P1889,Q280943
Q282744,P910,Q30812492
Q188828,P910,Q10109444
Q188828,P1343,Q2657718
Q188828,P1343,Q4532138
Q188828,P279,Q726
Q3421874,P31,Q4167410
Q3421874,P1889,Q10650091
Q3421874,P1889,Q15925146
Q3421874,P1889,Q17018694
Q877546,P279,Q189970
Q255063,P279,Q3604202
Q255063,P1269,Q327353
Q255063,P1269,Q9135
Q255063,P1889,Q391413
Q255063,P1889,Q327353
Q875146,P279,Q278368
Q2727213,P279,Q857984
Q2727213,P910,Q7215299
Q2727213,P1343,Q2041543
Q2727213,P1343,Q30059240
Q2727213,P1343,Q4086271
Q2727213,P1343,Q1768721
Q2727213,P92,Q674827
Q2727213,P92,Q19727767
Q2727213,P3095,Q3562775
Q227715,P31,Q4167410
Q227715,P1889,Q21074392
Q227715,P1889,Q2227838
Q227715,P1889,Q37193484
Q6160,P279,Q65659335
Q6160,P910,Q6371816
Q6160,P138,Q42211
Q357706,P31,Q4167410
Q357706,P1889,Q30126782
Q357706,P1889,Q36856555
Q628858,P910,Q7183668
Q628858,P279,Q2221906
Q628858,P279,Q13226383
Q628858,P1424,Q6688965
Q628858,P1687,P937
Q628858,P366,Q6958747
Q628858,P1889,Q192525
Q628858,P1889,Q17993820
Q628858,P1889,Q699405
Q628858,P1889,Q2063507
Q349926,P31,Q4167410
Q349926,P1889,Q37308028
Q217506,P31,Q4167410
Q1254764,P31,Q146083
Q1254764,P361,Q205740
Q1254764,P1889,Q845354
Q4636360,P31,Q4167410
Q9922,P31,Q3841820
Q9922,P31,Q19776628
Q9922,P361,Q1095058
Q9922,P361,Q1187758
Q9922,P361,Q622712
Q9922,P361,Q637405
Q9922,P361,Q570693
Q9922,P361,Q755124
Q9922,P361,Q18691434
Q9922,P361,Q384749
Q9922,P361,Q994407
Q9922,P361,Q1493494
Q9922,P361,Q2839543
Q9922,P361,Q754673
Q9922,P361,Q20581324
Q9922,P361,Q607188
Q9922,P361,Q76228
Q9922,P361,Q41670
Q9922,P361,Q606972
Q9922,P361,Q5974462
Q9922,P361,Q90681288
Q9922,P1299,Q17021759
Q9922,P910,Q16325365
Q9922,P1889,Q47110999
Q9922,P1889,Q82320
Q9922,P1889,Q14401
Q9922,P1343,Q867541
Q13147,P910,Q7010962
Q13147,P279,Q265868
Q13147,P279,Q28659665
Q13147,P1343,Q19558994
Q13147,P1343,Q602358
Q13147,P1343,Q602358
Q13147,P1343,Q602358
Q13147,P1343,Q4532138
Q13147,P527,Q28947902
Q13147,P527,Q5283631
Q13147,P527,Q1148039
Q13147,P527,Q1068553
Q13147,P527,Q613203
Q13147,P527,Q1423729
Q13147,P527,Q16298
Q13147,P31,Q4936952
Q13147,P1889,Q9604
Q13147,P927,Q23640
Q13147,P361,Q1377526
Q13147,P2789,Q482853
Q13147,P2286,Q515848
Q13147,P2286,Q125276
Q13147,P2286,Q30126918
Q13147,P2670,Q265868
Q466707,P910,Q6486940
Q466707,P31,Q29028649
Q466707,P31,Q64513524
Q466707,P31,Q84475169
Q466707,P279,Q878143
Q466707,P460,Q3880991
Q466707,P1382,Q21189091
Q83193,P1672,Q1310886
Q83193,P105,Q7432
Q83193,P31,Q16521
Q83193,P171,Q578052
Q83193,P910,Q15268436
Q83193,P166,Q1344055
Q83193,P279,Q20134
Q83193,P1343,Q1768721
Q12896105,P279,Q6460735
Q12896105,P1299,Q21042583
Q12896105,P910,Q24069572
Q12896105,P1889,Q2257841
Q12896105,P1343,Q2041543
Q12896105,P31,Q6460735
Q12896105,P155,Q80973
Q12896105,P156,Q657221
Q7206085,P31,Q4167410
Q208165,P910,Q7216421
Q208165,P2283,Q2342494
Q208165,P3095,Q3243461
Q208165,P3095,Q81546212
Q208165,P279,Q47728
Q443264,P31,Q4167410
Q443264,P1889,Q34782702
Q20999386,P31,Q4167410
Q416597,P31,Q4167410
Q416597,P1889,Q23005647
Q416597,P1889,Q36959742
Q227887,P31,Q4167410
Q292434,P31,Q4167410
Q6646450,P1269,Q6501338
Q6646450,P361,Q77468620
Q57203830,P31,Q4167410
Q57203830,P460,Q340972
Q57203830,P1889,Q55609521
Q57203830,P1889,Q17208892
Q357938,P31,Q4167410
Q357938,P1889,Q37438254
Q406457,P31,Q4167410
Q406457,P1889,Q613014
Q406457,P1889,Q26945140
Q406457,P1889,Q4085204
Q406457,P460,Q16256890
Q406457,P460,Q12302688
Q406457,P460,Q16860149
Q406457,P460,Q224225
Q406457,P460,Q396395
Q406457,P460,Q406192
Q406457,P460,Q386069
Q406457,P460,Q447029
Q406457,P460,Q4926797
Q406457,P460,Q832635
Q406457,P460,Q960228
Q406457,P460,Q2281303
Q406457,P460,Q29436981
Q406457,P460,Q2637730
Q14159489,P31,Q4167410
Q14159489,P1889,Q20818050
Q14159489,P1889,Q1667498
Q14159489,P1889,Q37184227
Q14159489,P1889,Q15249858
Q1068683,P279,Q6958747
Q1068683,P2670,Q99737532
Q1068683,P3712,Q70467272
Q1068683,P1542,Q2398352
Q1068683,P366,Q1571749
Q346947,P31,Q4167410
Q4808852,P31,Q4167410
Q452823,P31,Q4167410
Q452823,P1889,Q37518703
Q452823,P910,Q21521276
Q753479,P31,Q15836568
Q753479,P1343,Q47169066
Q753479,P1343,Q47260143
Q753479,P1343,Q47256525
Q753479,P1343,Q47470791
Q753479,P1343,Q47483464
Q753479,P1343,Q47484783
Q753479,P1343,Q47463758
Q753479,P1343,Q47462493
Q753479,P1343,Q47459925
Q753479,P1343,Q47468080
Q230187,P279,Q1474513
Q230187,P31,Q3405599
Q230187,P186,Q12969754
Q230187,P3081,Q4503810
Q230187,P1889,Q7577264
Q416616,P31,Q4167410
Q900946,P31,Q4167410
Q900946,P460,Q2752630
Q900946,P460,Q408612
Q900946,P460,Q8075638
Q900946,P460,Q227951
Q900946,P1889,Q3037297
Q900946,P1889,Q37060173
Q900946,P1889,Q96912031
Q103230,P910,Q6442932
Q103230,P279,Q71574018
Q103230,P1343,Q2657718
Q103230,P1343,Q2041543
Q103230,P31,Q47154513
Q103230,P361,Q22275951
Q103230,P361,Q14819885
Q103230,P361,Q22273301
Q103230,P361,Q22275954
Q103230,P361,Q22275930
Q103230,P1889,Q202218
Q103230,P1889,Q381913
Q563083,P31,Q4167410
Q563083,P1889,Q36894176
Q750997,P31,Q613299
Q750997,P279,Q613299
Q750997,P461,Q782979
Q750997,P1889,Q813911
Q1054021,P910,Q8497933
Q1054021,P279,Q7551318
Q1054021,P1343,Q2041543
Q3126770,P31,Q11424
Q3126770,P57,Q457250
Q3126770,P364,Q1860
Q3126770,P136,Q883179
Q3126770,P136,Q188473
Q3126770,P495,Q30
Q3126770,P161,Q346245
Q3126770,P161,Q132217
Q3126770,P161,Q527303
Q3126770,P161,Q3568454
Q3126770,P161,Q1608534
Q3126770,P161,Q248718
Q3126770,P161,Q23753600
Q3126770,P86,Q7822014
Q3126770,P750,Q5277256
Q3126770,P162,Q385055
Q420231,P31,Q4167410
Q420231,P1889,Q23661445
Q220764,P910,Q7372759
Q220764,P31,Q173212
Q220764,P279,Q2956685
Q217496,P31,Q4167410
Q1144586,P31,Q175022
Q1144586,P1542,Q220764
Q1144586,P828,Q864114
Q224137,P31,Q4167410
Q226372,P31,Q4167410
Q472302,P1889,Q16572632
Q472302,P527,Q212108
Q472302,P366,Q212108
Q472302,P31,Q10843872
Q472302,P461,Q3836471
Q1527,P1151,Q14615899
Q1527,P17,Q30
Q1527,P36,Q28848
Q1527,P47,Q1948
Q1527,P47,Q1904
Q1527,P47,Q1537
Q1527,P47,Q1211
Q1527,P47,Q1546
Q1527,P47,Q1207
Q1527,P47,Q1166
Q1527,P47,Q1121436
Q1527,P47,Q738395
Q1527,P47,Q2007
Q1527,P47,Q603676
Q1527,P138,Q1136502
Q1527,P163,Q828147
Q1527,P421,Q5385
Q1527,P421,Q2086913
Q1527,P421,Q15406405
Q1527,P131,Q30
Q1527,P910,Q6808341
Q1527,P31,Q35657
Q1527,P194,Q1117432
Q1527,P1464,Q8063604
Q1527,P1465,Q8365557
Q1527,P1740,Q6427956
Q1527,P1791,Q8328683
Q1527,P1792,Q6918360
Q1527,P1343,Q302556
Q1527,P1313,Q5589682
Q1527,P2238,Q5590954
Q1527,P2238,Q190342
Q1527,P150,Q109986
Q1527,P150,Q110495
Q1527,P150,Q111566
Q1527,P150,Q110491
Q1527,P150,Q109851
Q1527,P150,Q113255
Q1527,P150,Q110340
Q1527,P150,Q110900
Q1527,P150,Q113354
Q1527,P150,Q113275
Q1527,P150,Q111421
Q1527,P150,Q109846
Q1527,P150,Q486309
Q1527,P150,Q111831
Q1527,P150,Q486281
Q1527,P150,Q156619
Q1527,P150,Q110684
Q1527,P150,Q113333
Q1527,P150,Q111694
Q1527,P150,Q113056
Q1527,P150,Q109981
Q1527,P150,Q486187
Q1527,P150,Q486198
Q1527,P150,Q491144
Q1527,P150,Q486243
Q1527,P150,Q486270
Q1527,P150,Q486229
Q1527,P150,Q486288
Q1527,P150,Q486218
Q1527,P150,Q486255
Q1527,P150,Q486238
Q1527,P150,Q486215
Q1527,P150,Q490454
Q1527,P150,Q486313
Q1527,P150,Q486207
Q1527,P150,Q486305
Q1527,P150,Q486261
Q1527,P150,Q491178
Q1527,P150,Q491243
Q1527,P150,Q491288
Q1527,P150,Q490446
Q1527,P150,Q491152
Q1527,P150,Q842938
Q1527,P150,Q486248
Q1527,P150,Q284439
Q1527,P150,Q497984
Q1527,P150,Q490432
Q1527,P150,Q491214
Q1527,P150,Q491272
Q1527,P150,Q490450
Q1527,P150,Q497482
Q1527,P150,Q490409
Q1527,P150,Q491196
Q1527,P150,Q486265
Q1527,P150,Q485656
Q1527,P150,Q180785
Q1527,P150,Q491173
Q1527,P150,Q485509
Q1527,P150,Q486191
Q1527,P150,Q372648
Q1527,P150,Q486301
Q1527,P150,Q491201
Q1527,P150,Q490436
Q1527,P150,Q485430
Q1527,P150,Q188275
Q1527,P150,Q490423
Q1527,P150,Q491170
Q1527,P150,Q491208
Q1527,P150,Q111549
Q1527,P150,Q491256
Q1527,P150,Q490427
Q1527,P150,Q491184
Q1527,P150,Q491148
Q1527,P150,Q487686
Q1527,P150,Q490443
Q1527,P150,Q490420
Q1527,P150,Q485370
Q1527,P150,Q491160
Q1527,P150,Q485412
Q1527,P150,Q491157
Q1527,P150,Q490652
Q1527,P150,Q485408
Q1527,P150,Q491292
Q1527,P150,Q491229
Q1527,P150,Q491281
Q1527,P150,Q490390
Q1527,P150,Q490414
Q1527,P206,Q1066
Q1527,P206,Q1497
Q1527,P206,Q1507416
Q1527,P206,Q156006
Q1527,P206,Q1136502
Q1527,P206,Q845876
Q1527,P206,Q2128582
Q1527,P1424,Q10402047
Q1527,P2633,Q5535193
Q1527,P6,Q2434360
Q1527,P610,Q252204
Q1527,P1589,Q1066
Q1527,P2184,Q2984061
Q1527,P361,Q186545
Q1527,P361,Q578170
Q1527,P1546,Q6456020
Q1527,P5125,Q16147684
Q1527,P457,Q6868198
Q1527,P209,Q2113741
Q1527,P208,Q41500875
Q1527,P1365,Q1530285
Q1527,P1830,Q6588176
Q1527,P2936,Q33385
Q1527,P2936,Q530384
Q1527,P2936,Q2963878
Q1527,P7867,Q83987654
Q1527,P418,Q2102966
Q1527,P8744,Q5333724
Q396464,P31,Q4167410
Q7118478,P1269,Q9135
Q3409038,P31,Q4167410
Q322280,P31,Q4167410
Q224199,P31,Q4167410
Q11242478,P31,Q4167410
Q11242478,P1889,Q37182851
Q27906024,P31,Q4167410
Q27906024,P1889,Q11021513
Q876824,P279,Q22676
Q876824,P460,Q16707809
Q876824,P1889,Q99984134
Q876824,P1343,Q99982228
Q293425,P31,Q4167410
Q2406438,P31,Q4167410
Q2406438,P1889,Q37528637
Q340815,P31,Q4167410
Q16461040,P31,Q4167410
Q347500,P31,Q4167410
Q224453,P31,Q4167410
Q1178941,P31,Q4167410
Q239532,P31,Q4167410
Q396800,P31,Q4167410
Q396800,P910,Q7035339
Q296726,P31,Q4167410
Q296726,P1889,Q29533463
Q296726,P1889,Q37175572
Q4545589,P31,Q4167410
Q1602149,P31,Q25303924
Q1602149,P306,Q170434
Q1602149,P178,Q550635
Q1602149,P176,Q3330119
Q1602149,P31,Q25303924
Q1602149,P306,Q170434
Q1602149,P178,Q550635
Q1602149,P176,Q3330119
Q190868,P279,Q161928
Q190868,P910,Q7331028
Q190868,P1343,Q28864320
Q190868,P1343,Q1768721
Q190868,P1343,Q99982228
Q1062652,P31,Q5282310
Q1062652,P31,Q1079196
Q404291,P31,Q4167410
Q230234,P31,Q4167410
Q18156180,P1533,Q18810214
Q18156180,P460,Q1245713
Q18156180,P460,Q11487195
Q18156180,P460,Q18218532
Q18156180,P460,Q13415699
Q18156180,P460,Q18220943
Q18156180,P460,Q5398775
Q18156180,P460,Q48777111
Q18156180,P31,Q12308941
Q18156180,P1889,Q1217774
Q18156180,P282,Q8229
Q18156180,P407,Q7411
Q18156180,P5323,Q21644845
Q2470517,P279,Q877977
Q2470517,P31,Q1413465
Q2470517,P527,Q1172412
Q2470517,P361,Q8513
Q393817,P31,Q4167410
Q393817,P1343,Q2657718
Q224282,P31,Q4167410
Q95474715,P279,Q1224898
Q95474715,P2283,Q108766
Q1123301,P31,Q4167410
Q1123301,P1889,Q37308488
Q1720648,P279,Q1799072
Q1720648,P910,Q7467946
Q185369,P910,Q8761883
Q185369,P1343,Q2657718
Q185369,P1056,Q49465334
Q185369,P279,Q11019
Q10269116,P31,Q1207505
Q10269116,P279,Q2199864
Q10269116,P1382,Q65965582
Q10269116,P1382,Q20742557
Q10269116,P361,Q2689057
Q345928,P31,Q4167410
Q224434,P31,Q4167410
Q224434,P1889,Q16562590
Q205883,P31,Q4830453
Q205883,P31,Q6881511
Q205883,P159,Q128375
Q205883,P1454,Q134161
Q205883,P17,Q30
Q205883,P1056,Q7397
Q205883,P156,Q835702
Q205883,P452,Q868410
Q17024352,P31,Q4167410
Q17024352,P1889,Q295575
Q17024352,P1889,Q37545992
Q24614,P31,Q2351962
Q24614,P31,Q1155404
Q24614,P31,Q218616
Q24614,P407,Q20923490
Q24614,P178,Q1683742
Q24614,P366,Q173095
Q24614,P275,Q3238057
Q24614,P306,Q5046
Q24614,P306,Q11215
Q24614,P306,Q18168774
Q24614,P1072,Q48623521
Q24614,P1072,Q48623760
Q24614,P1072,Q51034568
Q24614,P1072,Q51034765
Q24614,P1072,Q52060012
Q24614,P1072,Q52060199
Q24614,P1072,Q28205588
Q24614,P1072,Q28206822
Q24614,P1072,Q52830687
Q24614,P1072,Q52834540
Q24614,P1072,Q654383
Q24614,P1072,Q192869
Q24614,P1072,Q2192
Q24614,P1072,Q26329975
Q24614,P1072,Q27979401
Q24614,P1072,Q178051
Q24614,P1072,Q215106
Q24614,P1072,Q535473
Q24614,P1072,Q17138473
Q24614,P1072,Q1224796
Q24614,P1072,Q28206876
Q24614,P1072,Q7434105
Q24614,P1072,Q100323885
Q24614,P1073,Q28205588
Q2749276,P31,Q13406463
Q2749276,P360,Q1485500
Q2749276,P1754,Q7189892
Q502261,P279,Q154242
Q502261,P279,Q19829125
Q502261,P910,Q8744897
Q502261,P461,Q11461
Q502261,P31,Q17587776
Q502261,P5008,Q5460604
Q11348416,P31,Q4167410
Q1428393,P1142,Q1077064
Q1428393,P1142,Q484275
Q1428393,P1142,Q828812
Q1428393,P31,Q1897098
Q1428393,P159,Q462799
Q1428393,P112,Q109179
Q400161,P31,Q4167410
Q400161,P1889,Q844046
Q400161,P1889,Q56195882
Q400161,P1889,Q56219251
Q400161,P1889,Q93366377
Q2400130,P31,Q4167410
Q751800,P31,Q235557
Q751800,P910,Q18524912
Q751800,P366,Q1147633
Q1757631,P31,Q4167410
Q1757631,P1889,Q11862752
Q259745,P279,Q9198102
Q259745,P279,Q81741
Q259745,P910,Q6153275
Q259745,P460,Q18380502
Q259745,P1343,Q4173137
Q259745,P1343,Q602358
Q259745,P1343,Q2041543
Q259745,P3095,Q47429760
Q192242,P31,Q60539481
Q192242,P361,Q77468620
Q285297,P31,Q4167410
Q285297,P1889,Q1871102
Q285297,P1889,Q1673339
Q285297,P1889,Q37236630
Q131740,P279,Q987767
Q131740,P5008,Q99671172
Q17017806,P31,Q4830453
Q17017806,P159,Q84
Q17017806,P17,Q145
Q17017806,P452,Q25245117
Q292434,P31,Q4167410
Q5275616,P31,Q4830453
Q5275616,P452,Q418
Q792548,P279,Q10888573
Q792548,P279,Q4204340
Q792548,P279,Q43116
Q792548,P279,Q43101
Q792548,P2375,Q792519
Q792548,P31,Q22675015
Q792548,P517,Q11412
Q792548,P517,Q849919
Q792548,P1889,Q17736
Q1945687,P31,Q4167410
Q240854,P279,Q1299240
Q240854,P1343,Q2657718
Q240854,P910,Q32069413
Q33101151,P31,Q12308941
Q33101151,P282,Q8229
Q33101151,P460,Q1420110
Q33101151,P407,Q294
Q2005002,P279,Q863247
Q2005002,P279,Q6545185
Q2005002,P2670,Q853614
Q440476,P31,Q4167410
Q36965203,P31,Q101352
Q36965203,P1889,Q1687327
Q36965203,P282,Q8229
Q36965203,P5323,Q92953148
Q1259977,P279,Q27166344
Q1259977,P1343,Q63284758
Q1259977,P1343,Q4532138
Q1886698,P31,Q4167410
Q165896,P910,Q7470290
Q165896,P279,Q65037298
Q165896,P1419,Q180544
Q165896,P1343,Q4532138
Q165896,P5008,Q99671171
Q136218,P31,Q26085352
Q136218,P527,Q26211840
Q136218,P527,Q10394822
Q136218,P527,Q26211874
Q136218,P527,Q26211891
Q136218,P527,Q26211905
Q136218,P527,Q26211915
Q136218,P527,Q26211927
Q136218,P527,Q26211931
Q136218,P527,Q26211936
Q136218,P527,Q26211940
Q136218,P527,Q26211948
Q136218,P527,Q26211954
Q136218,P527,Q26211957
Q136218,P527,Q26211958
Q136218,P527,Q26211965
Q136218,P527,Q26211975
Q136218,P527,Q26211977
Q136218,P527,Q26211978
Q136218,P527,Q26211983
Q136218,P279,Q1351368
Q136218,P178,Q550635
Q136218,P178,Q3330119
Q136218,P1889,Q24033040
Q136218,P4969,Q921122
Q136218,P4969,Q945923
Q136218,P4969,Q977900
Q136218,P4969,Q1546911
Q136218,P4969,Q3353182
Q136218,P4969,Q4027920
Q136218,P4969,Q4684000
Q136218,P4969,Q5532250
Q136218,P4969,Q6927978
Q136218,P4969,Q7903498
Q136218,P4969,Q25099931
Q136218,P4969,Q27196933
Q136218,P4969,Q28921959
Q136218,P4969,Q29167841
Q136218,P4969,Q29944072
Q136218,P4969,Q34273453
Q136218,P4969,Q34275276
Q136218,P4969,Q34311120
Q136218,P144,Q2712
Q1999108,P31,Q4167410
Q161071,P279,Q2578402
Q161071,P910,Q101410805
Q161071,P527,Q23824424
Q161071,P527,Q200266
Q161071,P527,Q309383
Q161071,P31,Q39546
Q25804,P1465,Q9220220
Q25804,P190,Q43070
Q25804,P190,Q1663
Q25804,P190,Q2973
Q25804,P190,Q211950
Q25804,P190,Q13298
Q25804,P190,Q163852
Q25804,P190,Q306789
Q25804,P190,Q189361
Q25804,P190,Q21146
Q25804,P190,Q190828
Q25804,P190,Q158119
Q25804,P190,Q40840
Q25804,P190,Q132572
Q25804,P190,Q208445
Q25804,P190,Q25331
Q25804,P190,Q504676
Q25804,P131,Q50628
Q25804,P131,Q19393186
Q25804,P131,Q3358872
Q25804,P131,Q127676
Q25804,P17,Q20
Q25804,P163,Q3435436
Q25804,P910,Q8873574
Q25804,P31,Q15092344
Q25804,P31,Q515
Q25804,P31,Q1306755
Q25804,P31,Q1549591
Q25804,P6,Q455871
Q25804,P1464,Q8075936
Q25804,P166,Q18910363
Q25804,P166,Q18910363
Q25804,P166,Q46996056
Q25804,P1792,Q7930187
Q25804,P1383,Q11969200
Q25804,P1383,Q1648687
Q25804,P1383,Q11980429
Q25804,P1383,Q12000711
Q25804,P1383,Q11966480
Q25804,P1383,Q1373658
Q25804,P1383,Q19378716
Q25804,P1383,Q4581064
Q25804,P1383,Q11989782
Q25804,P1383,Q11987024
Q25804,P1383,Q636798
Q25804,P2354,Q11972928
Q25804,P421,Q6655
Q25804,P1791,Q29579321
Q25804,P1376,Q1324436
Q25804,P1376,Q50628
Q25804,P206,Q499668
Q25804,P206,Q279579
Q25804,P1313,Q56525898
Q25804,P1830,Q1607234
Q25804,P1830,Q5359982
Q25804,P1830,Q5996857
Q25804,P1830,Q6469358
Q25804,P1830,Q15222207
Q25804,P237,Q3740236
Q25804,P1343,Q602358
Q25804,P2936,Q25167
Q25804,P2936,Q25164
Q25804,P1365,Q1006463
Q25804,P1365,Q4560616
Q2481838,P31,Q13406463
Q2481838,P737,Q219528
Q2481838,P1754,Q9641812
Q2481838,P360,Q50320283
Q207894,P31,Q157811
Q207894,P910,Q28608912
Q207894,P1269,Q5043
Q207894,P461,Q6498477
Q207894,P361,Q686919
Q10861399,P31,Q4167410
Q10861399,P1889,Q27554641
Q10861399,P1889,Q37110857
Q15702756,P31,Q4167410
Q15702756,P1889,Q450742
Q346804,P31,Q4167410
Q346804,P1889,Q21079678
Q346804,P1889,Q21500481
Q346804,P1889,Q13583359
Q352739,P31,Q4167410
Q468402,P186,Q42302
Q468402,P279,Q206615
Q468402,P279,Q391414
Q468402,P1552,Q32914898
Q468402,P910,Q55302696
Q468402,P1889,Q45808677
Q227911,P31,Q4167410
Q1092305,P31,Q4167410
Q1092305,P1889,Q16275207
Q1092305,P460,Q13137831
Q444560,P31,Q4167410
Q444560,P1889,Q858305
Q444560,P1889,Q36886913
Q13586558,P279,Q669057
Q13586558,P31,Q162940
Q5089161,P31,Q4167410
Q7272637,P31,Q4167410
Q688317,P31,Q166142
Q688317,P31,Q25303924
Q688317,P178,Q835702
Q688317,P306,Q1406
Q688317,P275,Q185534
Q688317,P1072,Q136218
Q688317,P1072,Q283579
Q688317,P1072,Q10287816
Q688317,P1072,Q29209269
Q688317,P1072,Q194831
Q688317,P1072,Q243303
Q688317,P1072,Q27866052
Q688317,P1072,Q368782
Q688317,P1072,Q270131
Q688317,P1072,Q877050
Q688317,P1072,Q162839
Q688317,P1072,Q1326659
Q688317,P1072,Q2658179
Q688317,P1073,Q136218
Q688317,P1073,Q368782
Q688317,P750,Q135288
Q129238,P279,Q4830453
Q129238,P279,Q6881511
Q129238,P910,Q29790392
Q745105,P279,Q2041172
Q745105,P910,Q55323581
Q745105,P2575,Q126017
Q3141064,P31,Q830382
Q3141064,P361,Q41271
Q401151,P31,Q4167410
Q256424,P31,Q4167410
Q226771,P31,Q4167410
Q226771,P460,Q2883682
Q226771,P460,Q246899
Q226771,P460,Q1128639
Q226771,P1889,Q16275516
Q226771,P1889,Q783685
Q226771,P1889,Q2883682
Q2635535,P279,Q5297
Q2635535,P178,Q248
Q2635535,P31,Q10929058
Q2635535,P179,Q213423
Q1349983,P279,Q1434290
Q1349983,P279,Q1121708
Q1349983,P828,Q20204151
Q1349983,P828,Q256699
Q1349983,P1478,Q39552
Q1349983,P1478,Q11412
Q1349983,P1542,Q20888800
Q1349983,P1542,Q60528603
Q1349983,P1537,Q28777323
Q1349983,P1479,Q507234
Q1349983,P1479,Q4115667
Q1349983,P1479,Q21262209
Q1349983,P1479,Q5937752
Q2920921,P910,Q7012003
Q2920921,P279,Q338754
Q2920921,P279,Q29017603
Q2920921,P279,Q1783823
Q2920921,P1269,Q43229
Q2920921,P2079,Q309100
Q2920921,P2079,Q31728
Q2920921,P2079,Q623971
Q2920921,P460,Q50412353
Q2920921,P31,Q1914636
Q2920921,P31,Q11862829
Q2920921,P3095,Q999897
Q2920921,P3095,Q20481199
Q2920921,P3095,Q978044
Q2920921,P3095,Q2462658
Q2920921,P1424,Q14399581
Q2920921,P361,Q2043282
Q2920921,P1889,Q29017603
Q2920921,P1552,Q1481177
Q2920921,P1552,Q1888611
Q2920921,P1552,Q1474521
Q2920921,P1552,Q96247293
Q2921069,P31,Q4167410
Q210075,P31,Q4830453
Q210075,P31,Q6881511
Q210075,P910,Q8307283
Q210075,P159,Q16559
Q210075,P155,Q726342
Q210075,P112,Q1373386
Q210075,P17,Q30
Q210075,P740,Q189471
Q210075,P1454,Q134161
Q210075,P452,Q880371
Q210075,P1056,Q487378
Q210075,P1056,Q7397
Q210075,P127,Q1931458
Q210075,P1830,Q726342
Q210075,P749,Q1931458
Q210075,P1889,Q25387911
Q1415101,P31,Q4167410
Q341398,P31,Q4167410
Q7637201,P175,Q6649122
Q7637201,P264,Q5359742
Q7637201,P31,Q134556
Q7637201,P155,Q4975458
Q7637201,P156,Q5639542
Q7637201,P361,Q5160057
Q7637201,P136,Q11399
Q342160,P31,Q4167410
Q41803,P31,Q3647172
Q41803,P31,Q208469
Q41803,P31,Q82047053
Q41803,P361,Q26240
Q41803,P111,Q11423
Q41803,P279,Q42531880
Q41803,P1343,Q602358
Q98815142,P31,Q2080967
Q98815142,P31,Q83034
Q98815142,P31,Q1084
Q98815142,P407,Q1860
Q98815142,P279,Q12068060
Q233614,P31,Q4167410
Q233614,P31,Q102786
Q231586,P31,Q4167410
Q231586,P1889,Q21400436
Q201097,P279,Q987767
Q201097,P186,Q287
Q201097,P186,Q11474
Q201097,P2079,Q373017
Q201097,P176,Q976015
Q343050,P31,Q4167410
Q343050,P1889,Q36995274
Q17147,P910,Q8408461
Q17147,P31,Q20056177
Q17147,P31,Q55597235
Q17147,P1343,Q2041543
Q17147,P1343,Q4086271
Q17147,P1343,Q602358
Q17147,P1343,Q63284758
Q17147,P527,Q16336079
Q17147,P527,Q764184
Q17147,P527,Q2731253
Q17147,P279,Q12038335
Q17147,P279,Q23497974
Q17147,P366,Q93189
Q17147,P703,Q729
Q17147,P1889,Q93189
Q17147,P1889,Q1321695
Q17147,P1269,Q212306
Q17147,P1269,Q192805
Q204674,P31,Q4167410
Q63676257,P31,Q4167410
Q3406907,P31,Q4167410
Q22114637,P31,Q4167410
Q9779,P279,Q8192
Q9779,P279,Q28813620
Q9779,P279,Q4563817
Q9779,P910,Q5631254
Q9779,P1343,Q2041543
Q9779,P1343,Q20078554
Q9779,P1343,Q602358
Q9779,P1343,Q19211082
Q9779,P1343,Q19180675
Q9779,P1343,Q4114391
Q9779,P1343,Q4173137
Q9779,P1343,Q4173137
Q9779,P1343,Q20078554
Q9779,P361,Q2182919
Q9779,P1535,Q2182919
Q9779,P1535,Q10925
Q9779,P2670,Q9788
Q9779,P2184,Q911270
Q9779,P1889,Q10926511
Q9779,P6104,Q59960085
Q9779,P527,Q2545446
Q297514,P31,Q4167410
Q1709148,P1269,Q9135
Q1709148,P31,Q66747126
Q160835,P105,Q35409
Q160835,P171,Q25341
Q160835,P944,Q13011
Q160835,P31,Q16521
Q160835,P910,Q7210703
Q160835,P910,Q8336316
Q160835,P1343,Q2657718
Q160835,P1343,Q1138524
Q160835,P1343,Q602358
Q160835,P1343,Q19180675
Q160835,P1889,Q3037952
Q918413,P31,Q4167410
Q366,P279,Q1456832
Q366,P279,Q3537603
Q366,P910,Q7216162
Q366,P1343,Q2657718
Q366,P1552,Q15292
Q366,P2670,Q1975478
Q366,P1424,Q25741400
Q366,P1424,Q11013132
Q366,P361,Q600571
Q364722,P31,Q4167410
Q364722,P1889,Q37028565
Q1213419,P31,Q4167410
Q1090839,P910,Q10114339
Q1090839,P279,Q989963
Q224038,P31,Q4167410
Q224038,P1889,Q18177320
Q15948404,P31,Q4167410
Q298316,P31,Q4167410
Q1265417,P31,Q4167410
Q1265417,P460,Q343441
Q1265417,P460,Q18460065
Q217395,P31,Q4167410
Q256401,P279,Q60539481
Q256401,P361,Q77468620
Q256401,P31,Q9415
Q256401,P1269,Q9418
Q398601,P31,Q4167410
Q398601,P1889,Q37233463
Q960876,P31,Q4830453
Q960876,P31,Q6881511
Q960876,P159,Q927510
Q960876,P749,Q705392
Q960876,P127,Q705392
Q960876,P1454,Q891723
Q960876,P17,Q30
Q960876,P1056,Q7397
Q960876,P452,Q4439
Q1369902,P306,Q737508
Q1369902,P155,Q4043473
Q1369902,P156,Q196305
Q1369902,P361,Q737508
Q1369902,P361,Q83370
Q1369902,P361,Q483132
Q1369902,P361,Q483881
Q1369902,P31,Q676202
Q1369902,P31,Q218616
Q1369902,P31,Q18109
Q348005,P31,Q4167410
Q219218,P31,Q4167410
Q219218,P1889,Q7799957
Q17082179,P31,Q103817
Q388317,P31,Q4167410
Q388317,P1889,Q16881335
Q388317,P460,Q22929262
Q3179581,P279,Q12909644
Q403599,P31,Q4167410
Q403599,P1889,Q22678618
Q403599,P1889,Q37440450
Q663,P138,Q190527
Q663,P910,Q8236715
Q663,P279,Q19591
Q663,P279,Q206615
Q663,P279,Q12140
Q663,P279,Q21073023
Q663,P31,Q11344
Q663,P31,Q214609
Q663,P1542,Q21167711
Q663,P1343,Q2657718
Q663,P1343,Q2041543
Q663,P1343,Q602358
Q663,P1343,Q20078551
Q663,P186,Q102078
Q663,P2959,Q29583098
Q663,P2959,Q29583100
Q663,P2184,Q43884467
Q663,P5008,Q5460604
Q663,P61,Q44412
Q663,P361,Q211331
Q663,P361,Q189294
Q663,P4952,Q2005334
Q1126182,P31,Q4167410
Q17105036,P279,Q1423543
Q257674,P31,Q4167410
Q257674,P1889,Q476874
Q257674,P1889,Q5521862
Q257674,P1889,Q3442952
Q257674,P460,Q61147637
Q257674,P460,Q7735798
Q225339,P31,Q4167410
Q225339,P1889,Q11983041
Q7112160,P31,Q4167410
Q191895,P31,Q6046311
Q191895,P2283,Q73276874
Q191895,P1535,Q385390
Q191895,P123,Q1156461
Q15874788,P31,Q4167410
Q1806579,P31,Q4167410
Q1806579,P1889,Q37109234
Q1806579,P460,Q564820
Q4699620,P31,Q4167410
Q4699620,P1889,Q19693362
Q4699620,P1889,Q37152434
Q3839081,P910,Q7139660
Q3839081,P279,Q1190554
Q3839081,P279,Q1132455
Q3839081,P279,Q813912
Q3839081,P279,Q1931388
Q3839081,P279,Q1920219
Q3839081,P1424,Q10809553
Q3839081,P1424,Q15813043
Q3839081,P1963,P1120
Q3839081,P1963,P3082
Q3839081,P1963,P2630
Q3839081,P1963,P1590
Q3839081,P1963,P1561
Q3839081,P1963,P1479
Q3839081,P1963,P1478
Q3839081,P1963,P1446
Q3839081,P1963,P1339
Q3839081,P1151,Q14614967
Q3839081,P2579,Q1345659
Q3839081,P1479,Q7944
Q3839081,P1479,Q168983
Q3839081,P1479,Q8068
Q3839081,P5008,Q54439832
Q3839081,P1889,Q260927
Q233547,P31,Q4167410
Q233547,P1889,Q23891291
Q233547,P1889,Q29828695
Q846651,P31,Q1724915
Q846651,P279,Q232661
Q184299,P31,Q355567
Q184299,P31,Q4164871
Q184299,P910,Q8995072
Q184299,P279,Q1097498
Q184299,P1343,Q602358
Q246201,P31,Q4167410
Q255722,P910,Q7904078
Q255722,P1343,Q2041543
Q255722,P1343,Q602358
Q255722,P1343,Q19180675
Q255722,P1343,Q4114391
Q255722,P1343,Q1970746
Q255722,P279,Q11432
Q255722,P279,Q283
Q255722,P366,Q12760
Q255722,P366,Q188223
Q255722,P366,Q13406206
Q255722,P366,Q483634
Q255722,P366,Q189859
Q255722,P366,Q1759615
Q255722,P1889,Q662717
Q255722,P5008,Q99671171
Q191529,P279,Q64597509
Q191529,P361,Q3072619
Q191529,P910,Q9136733
Q191529,P186,Q11472
Q191529,P186,Q28917
Q191529,P1343,Q19190511
Q1339274,P31,Q4167410
Q1339274,P31,Q1413287
Q219266,P31,Q4167410
Q219266,P1889,Q2711522
Q219266,P460,Q3552058
Q95377384,P31,Q4167410
Q95377384,P460,Q95376693
Q95377384,P460,Q95377034
Q95377384,P460,Q1294087
Q95377384,P460,Q95377784
Q95377384,P1889,Q37204827
Q3796543,P31,Q82
Q3796543,P176,Q312
Q1907882,P31,Q4167410
Q961356,P279,Q1183543
Q961356,P366,Q29017603
Q152282,P31,Q60539481
Q152282,P361,Q9357054
Q152282,P361,Q77468620
Q152282,P1889,Q628939
Q152282,P461,Q187234
Q152282,P279,Q490149
Q352390,P31,Q4830453
Q352390,P31,Q6881511
Q352390,P159,Q208459
Q352390,P1454,Q134161
Q352390,P17,Q30
Q352390,P740,Q927510
Q352390,P1056,Q7397
Q352390,P452,Q68
Q397071,P31,Q4167410
Q468756,P279,Q20719696
Q465749,P21,Q6581072
Q465749,P27,Q30
Q465749,P106,Q82955
Q465749,P106,Q1524582
Q465749,P106,Q18581305
Q465749,P106,Q131512
Q465749,P39,Q13218630
Q465749,P39,Q19360976
Q465749,P39,Q13218630
Q465749,P39,Q13218630
Q465749,P39,Q13218630
Q465749,P39,Q13218630
Q465749,P39,Q2626318
Q465749,P102,Q29468
Q465749,P69,Q2302260
Q465749,P69,Q14709772
Q465749,P69,Q2001088
Q465749,P31,Q5
Q465749,P19,Q1065503
Q465749,P735,Q6437836
Q465749,P735,Q3841018
Q465749,P937,Q61
Q465749,P1412,Q1860
Q465749,P734,Q37178209
Q465749,P734,Q694764
Q465749,P101,Q11451
Q465749,P512,Q787674
Q465749,P6886,Q1860
Q217123,P910,Q9050045
Q217123,P417,Q335127
Q217123,P31,Q12737077
Q217123,P425,Q5657747
Q217123,P1343,Q19190511
Q217123,P2348,Q486761
Q224358,P460,Q2736869
Q224358,P460,Q15617217
Q224358,P31,Q4167410
Q561406,P31,Q4167410
Q227277,P31,Q4167410
Q227277,P1889,Q1820274
Q227277,P1889,Q14629945
Q227277,P460,Q1494501
Q352768,P31,Q4167410
Q4576564,P279,Q16798631
Q4576564,P279,Q2424752
Q4576564,P1382,Q35825432
Q184485,P279,Q2018526
Q184485,P910,Q8267611
Q184485,P527,Q11639
Q184485,P527,Q638
Q184485,P527,Q1344
Q184485,P527,Q11635
Q184485,P527,Q2743
Q184485,P527,Q148442
Q184485,P527,Q39818
Q184485,P527,Q1428637
Q184485,P527,Q588750
Q184485,P527,Q47928
Q184485,P527,Q213156
Q184485,P527,Q18342738
Q184485,P5125,Q7112697
Q184485,P31,Q56055944
Q184485,P31,Q11862829
Q184485,P3095,Q2259451
Q184485,P3095,Q713200
Q184485,P1889,Q222749
Q184485,P1889,Q213156
Q184485,P186,Q23852
Q184485,P6104,Q59956276
Q340355,P31,Q4167410
Q340355,P1889,Q37317697
Q1409226,P31,Q101352
Q1409226,P460,Q21452294
Q1409226,P2354,Q20007808
Q1409226,P1889,Q1464172
Q1409226,P282,Q8229
Q1409226,P407,Q1321
Q1409226,P407,Q188
Q1409226,P5323,Q81945591
Q4728286,P31,Q4167410
Q4728286,P460,Q2821631
Q174165,P910,Q7217425
Q174165,P1343,Q2657718
Q174165,P279,Q3249551
Q174165,P279,Q61788060
Q42819,P131,Q16199
Q42819,P47,Q42926
Q42819,P47,Q42439
Q42819,P47,Q6237
Q42819,P47,Q42626
Q42819,P47,Q100016
Q42819,P47,Q101554
Q42819,P421,Q6655
Q42819,P421,Q6723
Q42819,P17,Q38
Q42819,P31,Q747074
Q42819,P36,Q30025562
Q141090,P279,Q5375490
Q141090,P910,Q7019674
Q141090,P361,Q8789
Q141090,P366,Q23647168
Q141090,P366,Q165950
Q141090,P366,Q501700
Q141090,P366,Q1503443
Q141090,P366,Q839180
Q141090,P366,Q192532
Q141090,P366,Q212108
Q141090,P366,Q461671
Q141090,P366,Q7444868
Q141090,P1269,Q78908682
Q141090,P461,Q59164233
Q59671,P31,Q16335296
Q59671,P279,Q212238
Q59671,P1343,Q2041543
Q59671,P1343,Q30059240
Q59671,P1343,Q602358
Q59671,P17,Q1747689
Q59671,P2348,Q486761
Q292908,P31,Q4167410
Q292908,P1889,Q42306642
Q5527345,P31,Q4167410
Q5527345,P1889,Q37262583
Q1247867,P1151,Q18857153
Q1247867,P910,Q6445289
Q1247867,P527,Q2588161
Q1247867,P527,Q2588157
Q1247867,P527,Q1799415
Q1247867,P31,Q1920219
Q1247867,P31,Q29028649
Q1247867,P279,Q5409930
Q224421,P31,Q4167410
Q224421,P460,Q728709
Q1412392,P31,Q132364
Q1412392,P1343,Q47469979
Q1412392,P1343,Q47450644
Q1412392,P1535,Q82
Q3553018,P31,Q10929058
Q3553018,P176,Q690079
Q3553018,P279,Q216640
Q166764,P31,Q10617810
Q166764,P361,Q427676
Q166764,P366,Q65044042
Q166764,P366,Q11024
Q166764,P366,Q2001982
Q166764,P366,Q2001982
Q166764,P461,Q11639406
Q166764,P1889,Q30749930
Q436048,P279,Q10617810
Q436048,P279,Q1383557
Q436048,P1889,Q4068120
Q436048,P1889,Q6889419
Q436048,P1889,Q403854
Q436048,P1889,Q2907865
Q436048,P910,Q21093478
Q670834,P31,Q184754
Q670834,P913,Q14392
Q126473,P279,Q102786
Q126473,P279,Q728001
Q126473,P461,Q98772589
Q4545587,P31,Q4167410
Q4545588,P31,Q4167410
Q4545590,P31,Q4167410
Q4545597,P31,Q4167410
Q4545598,P31,Q4167410
Q4545599,P31,Q4167410
Q4545600,P31,Q4167410
Q4545603,P31,Q4167410
Q4545604,P31,Q4167410
Q4545605,P31,Q4167410
Q4545606,P31,Q4167410
Q4545607,P31,Q4167410
Q1414645,P31,Q39911
Q1414645,P155,Q161251
Q1414645,P156,Q3085981
Q1414645,P361,Q8106
Q1414645,P910,Q7216463
Q1414645,P527,Q19610
Q1414645,P527,Q19620
Q1414645,P527,Q19636
Q1414645,P527,Q19647
Q1414645,P527,Q19774
Q1414645,P527,Q23104
Q1414645,P527,Q23108
Q1414645,P527,Q23339
Q1414645,P527,Q23344
Q1414645,P527,Q23348
Q4545614,P31,Q4167410
Q4545615,P31,Q4167410
Q199,P31,Q21199
Q199,P31,Q2313686
Q199,P31,Q63116
Q199,P31,Q13366129
Q199,P31,Q245102
Q199,P31,Q190890
Q199,P31,Q50705
Q199,P31,Q861555
Q199,P31,Q190893
Q199,P31,Q1587812
Q199,P31,Q14390508
Q199,P31,Q940343
Q199,P31,Q190899
Q199,P31,Q14390666
Q199,P31,Q1587799
Q199,P31,Q1589528
Q199,P31,Q14390354
Q199,P31,Q16858648
Q199,P31,Q190891
Q199,P31,Q190900
Q199,P31,Q14390192
Q199,P31,Q13825533
Q199,P31,Q663029
Q199,P31,Q1081248
Q199,P31,Q967999
Q199,P31,Q606977
Q199,P31,Q1165838
Q199,P31,Q1990975
Q199,P31,Q13823786
Q199,P31,Q2702442
Q199,P31,Q2634498
Q199,P31,Q674928
Q199,P31,Q2708903
Q199,P31,Q1403502
Q199,P31,Q18949
Q199,P31,Q1885380
Q199,P31,Q2524197
Q199,P31,Q3879425
Q199,P31,Q975166
Q199,P31,Q47577
Q199,P31,Q21199
Q199,P31,Q1136880
Q199,P31,Q184611
Q199,P31,Q41068772
Q199,P31,Q2198779
Q199,P31,Q28920052
Q199,P31,Q840676
Q199,P31,Q10549775
Q199,P31,Q37947496
Q199,P31,Q37947505
Q199,P31,Q10338607
Q199,P31,Q1199125
Q199,P31,Q68019776
Q199,P31,Q69197847
Q199,P31,Q1618549
Q199,P31,Q84752530
Q199,P31,Q91025251
Q199,P460,Q73026
Q199,P460,Q713113
Q199,P910,Q8485348
Q199,P179,Q23835349
Q199,P1889,Q27721
Q199,P1889,Q23108
Q199,P1889,Q13012262
Q199,P2959,Q56446900
Q199,P2959,Q56639902
Q199,P2959,Q60454562
Q199,P2959,Q60455150
Q199,P2959,Q89813770
Q199,P461,Q310395
Q199,P461,Q199
Q199,P1343,Q1970746
Q199,P629,Q80799905
Q199,P629,Q82285393
Q199,P629,Q63579660
Q199,P111,Q126818
Q3246583,P31,Q18127
Q3246583,P17,Q30
Q3246583,P276,Q1270755
Q3246583,P131,Q1270755
Q3246583,P1552,Q1542343
Q3246583,P1552,Q64214252
Q208938,P31,Q4167410
Q208944,P31,Q4167410
Q208954,P31,Q4167410
Q208953,P31,Q4167410
Q4595905,P31,Q4167410
Q208979,P31,Q4167410
Q2486017,P127,Q527769
Q2486017,P126,Q527769
Q2486017,P16,Q98696173
Q2486017,P31,Q34442
Q2486017,P17,Q30
Q2486017,P131,Q1384
Q2486017,P3096,Q26340764
Q28641,P31,Q4167410
Q28641,P1889,Q228325
Q4633105,P31,Q4167410
Q4633192,P31,Q4167410
Q222765,P31,Q4167410
Q4633201,P31,Q4167410
Q4633235,P31,Q4167410
Q4633247,P31,Q4167410
Q1166669,P31,Q4167410
Q395479,P31,Q4167410
Q1040546,P31,Q4167410
Q4636337,P31,Q4167410
Q54389,P816,Q533498
Q54389,P279,Q556
Q54389,P155,Q102296
Q54389,P1343,Q2657718
Q54389,P156,Q1064956
Q54389,P31,Q466603
Q4636353,P31,Q4167410
Q4636363,P31,Q4167410
Q2816486,P31,Q4167410
Q1306149,P31,Q4167410
Q1207181,P31,Q4167410
Q229506,P31,Q4167410
Q4636425,P31,Q4167410
Q4636434,P31,Q4167410
Q202,P31,Q21199
Q202,P31,Q50707
Q202,P31,Q467511
Q202,P31,Q50705
Q202,P31,Q13366104
Q202,P31,Q190890
Q202,P31,Q975166
Q202,P31,Q1136880
Q202,P31,Q145134
Q202,P910,Q10081914
Q202,P5236,Q200
Q202,P461,Q10728827
Q202,P461,Q2310416
Q202,P2959,Q60454601
Q202,P2959,Q60455169
Q202,P2959,Q89812906
Q411346,P31,Q4167410
Q64809,P31,Q119565
Q64809,P31,Q11016
Q238080,P31,Q4167410
Q4638892,P31,Q4167410
Q4638899,P31,Q4167410
Q4638917,P31,Q4167410
Q238141,P31,Q4167410
Q4638924,P31,Q4167410
Q4638935,P31,Q4167410
Q4638937,P31,Q4167410
Q4638992,P31,Q4167410
Q4638999,P31,Q4167410
Q4639003,P31,Q4167410
Q245371,P31,Q4167410
Q3599450,P31,Q4167410
Q4641052,P31,Q4167410
Q4641056,P31,Q4167410
Q245382,P31,Q4167410
Q4641070,P31,Q4167410
Q4641071,P31,Q4167410
Q4641079,P31,Q4167410
Q4641078,P31,Q4167410
Q4641081,P31,Q4167410
Q4641088,P31,Q4167410
Q16248310,P31,Q4167410
Q23488,P31,Q21199
Q23488,P31,Q170043
Q23488,P31,Q245102
Q23488,P31,Q2313686
Q23488,P31,Q50707
Q23488,P31,Q13366104
Q23488,P31,Q16858648
Q23488,P31,Q190891
Q23488,P31,Q1165838
Q23488,P31,Q2708903
Q23488,P31,Q1486643
Q23488,P31,Q23296480
Q23488,P31,Q145134
Q23488,P910,Q19799135
Q23488,P5236,Q200
Q23488,P5236,Q201
Q23488,P2959,Q56639970
Q23488,P2959,Q60455135
Q23488,P2959,Q89813091
Q23488,P2959,Q89813500
Q23488,P461,Q10728829
Q23488,P461,Q11184995
Q23488,P629,Q103171625
Q258886,P31,Q4167410
Q4642437,P31,Q4167410
Q4642445,P31,Q4167410
Q4642450,P31,Q4167410
Q4642453,P31,Q4167410
Q4642459,P31,Q4167410
Q4642467,P31,Q4167410
Q4642470,P31,Q4167410
Q2818066,P31,Q4167410
Q4642480,P31,Q4167410
Q4642481,P31,Q4167410
Q4643771,P31,Q4167410
Q269951,P31,Q4167410
Q4643772,P31,Q4167410
Q118802,P31,Q4167410
Q4643779,P31,Q4167410
Q16248456,P31,Q4167410
Q3599848,P31,Q4167410
Q269985,P31,Q4167410
Q4643786,P31,Q4167410
Q3599850,P31,Q4167410
Q3599851,P31,Q4167410
Q4643799,P31,Q4167410
Q23355,P31,Q21199
Q23355,P31,Q2661866
Q23355,P31,Q50707
Q23355,P31,Q13366104
Q23355,P31,Q861555
Q23355,P31,Q940343
Q23355,P31,Q606977
Q23355,P31,Q2634498
Q23355,P31,Q11606
Q23355,P31,Q1136880
Q23355,P31,Q47577
Q23355,P910,Q19799150
Q23355,P5236,Q200
Q23355,P2959,Q56639966
Q23355,P2959,Q60455105
Q23355,P2959,Q89813268
Q23355,P2959,Q89813621
Q23355,P461,Q10728831
Q23355,P747,Q81491862
Q4645170,P31,Q4167410
Q3600066,P31,Q4167410
Q4645177,P31,Q4167410
Q4645178,P31,Q4167410
Q4645180,P31,Q4167410
Q1664043,P31,Q4167410
Q2818563,P31,Q4167410
Q274859,P31,Q4167410
Q4645193,P31,Q4167410
Q4645196,P31,Q4167410
Q4645200,P31,Q4167410
Q4645204,P31,Q4167410
Q2818744,P31,Q4167410
Q3600262,P31,Q4167410
Q4646356,P31,Q4167410
Q4646359,P31,Q4167410
Q4646361,P31,Q4167410
Q4646360,P31,Q4167410
Q277410,P31,Q4167410
Q16248536,P31,Q4167410
Q4646364,P31,Q4167410
Q2818745,P31,Q4167410
Q4646372,P31,Q4167410
Q4646369,P31,Q4167410
Q4646373,P31,Q4167410
Q4646376,P31,Q4167410
Q4646375,P31,Q4167410
Q4646388,P31,Q4167410
Q9659,P144,Q9887
Q9659,P361,Q5974462
Q9659,P361,Q912243
Q9659,P361,Q912455
Q9659,P361,Q76228
Q9659,P361,Q607188
Q9659,P361,Q20581324
Q9659,P361,Q372785
Q9659,P361,Q754673
Q9659,P361,Q41670
Q9659,P361,Q755124
Q9659,P361,Q606972
Q9659,P361,Q1095058
Q9659,P361,Q1187758
Q9659,P361,Q622712
Q9659,P361,Q637405
Q9659,P361,Q550383
Q9659,P361,Q18691434
Q9659,P361,Q336228
Q9659,P361,Q9985
Q9659,P361,Q994407
Q9659,P361,Q384749
Q9659,P361,Q2839543
Q9659,P361,Q1583923
Q9659,P361,Q90681288
Q9659,P361,Q2297077
Q9659,P31,Q19776628
Q9659,P31,Q9398093
Q9659,P1299,Q17021474
Q9659,P1343,Q2041543
Q9659,P1343,Q19180675
Q9659,P1343,Q4114391
Q9659,P1343,Q602358
Q9659,P1343,Q867541
Q9659,P1889,Q568666
Q9659,P1889,Q652798
Q9659,P1889,Q16330
Q9659,P1889,Q9887
Q9659,P1889,Q28047
Q9659,P4969,Q9982
Q9659,P4969,Q9979
Q9659,P4969,Q336022
Q9659,P4969,Q9987
Q9659,P4969,Q336228
Q9659,P4969,Q9989
Q9659,P4969,Q336276
Q9659,P4969,Q10012
Q9659,P4969,Q16024711
Q9659,P4969,Q775701
Q9659,P4969,Q129555
Q9659,P4969,Q10714
Q9659,P4969,Q9985
Q9659,P4969,Q3594578
Q9659,P4969,Q2876578
Q9659,P4969,Q2876576
Q9659,P4969,Q14654116
Q9659,P4969,Q63179522
Q9659,P4969,Q3439799
Q9659,P910,Q9421834
Q125725,P31,Q4167410
Q219337,P31,Q4167410
Q280175,P31,Q4167410
Q223922,P31,Q4167410
Q224404,P31,Q4167410
Q224398,P31,Q4167410
Q224398,P1889,Q2818960
Q226767,P31,Q4167410
Q226507,P31,Q4167410
Q226507,P1889,Q4662678
Q226507,P460,Q271207
Q296232,P31,Q4167410
Q296232,P1889,Q15056358
Q296232,P1889,Q16158532
Q296232,P460,Q4324484
Q227699,P31,Q4167410
Q227699,P1889,Q12605983
Q217428,P31,Q4167410
Q4696621,P1366,Q17084964
Q4696621,P31,Q11497309
Q4696621,P17,Q30
Q4696621,P457,Q7550813
Q224256,P31,Q4167410
Q224256,P1889,Q26849007
Q15783513,P31,Q11879590
Q15783513,P1889,Q556605
Q15783513,P1533,Q23011157
Q15783513,P282,Q8229
Q15783513,P407,Q7411
Q15783513,P5323,Q21644845
Q296098,P31,Q4167410
Q208197,P361,Q44722
Q208197,P910,Q18698514
Q208197,P1343,Q4173137
Q208197,P1343,Q602358
Q208197,P1343,Q2041543
Q208197,P1343,Q4532135
Q208197,P1343,Q4532135
Q208197,P1343,Q867541
Q208197,P31,Q47018901
Q208197,P279,Q18602451
Q208197,P138,Q334753
Q223828,P31,Q4167410
Q39397,P279,Q2578402
Q39397,P910,Q6469398
Q39397,P1343,Q678259
Q39397,P1343,Q2041543
Q39397,P1343,Q602358
Q39397,P1343,Q1970746
Q39397,P1343,Q1768721
Q39397,P1535,Q1124183
Q39397,P1535,Q154549
Q146029,P21,Q6581097
Q146029,P31,Q5
Q146029,P40,Q273979
Q146029,P40,Q40930
Q146029,P106,Q2304859
Q146029,P27,Q11768
Q146029,P735,Q10480465
Q146029,P910,Q18698504
Q146029,P39,Q37110
Q146029,P53,Q146055
Q146029,P20,Q101583
Q146029,P19,Q340572
Q146029,P97,Q37110
Q146029,P1343,Q46002746
Q146029,P26,Q457710
Q146029,P26,Q230863
Q146029,P119,Q2706226
Q146029,P119,Q133423
Q146029,P2348,Q180568
Q146029,P22,Q517662
Q146029,P25,Q270376
Q233297,P31,Q4167410
Q225971,P31,Q4167410
Q232779,P31,Q4167410
Q233304,P31,Q4167410
Q296334,P31,Q4167410
Q296978,P31,Q4167410
Q21152809,P31,Q4167410
Q21152809,P460,Q202341
Q223997,P31,Q4167410
Q218713,P31,Q4167410
Q218025,P31,Q4167410
Q207485,P31,Q4167410
Q207485,P1889,Q855179
Q207485,P460,Q12785855
Q224024,P31,Q4167410
Q13716,P910,Q8309620
Q13716,P279,Q198763
Q13716,P31,Q855691
Q13716,P366,Q9103
Q13716,P2184,Q5867471
Q218871,P31,Q4167410
Q438305,P31,Q4167410
Q189838,P361,Q756
Q189838,P910,Q32800251
Q189838,P279,Q24060707
Q189838,P1343,Q4532138
Q225261,P31,Q4167410
Q232281,P31,Q4167410
Q225008,P31,Q4167410
Q255191,P31,Q4167410
Q292237,P31,Q4167410
Q347665,P31,Q4167410
Q347665,P1889,Q16167317
Q6147804,P279,Q58914721
Q6147804,P910,Q8343379
Q6147804,P1889,Q80151
Q6147804,P186,Q28823
Q6147804,P366,Q12684
Q6147804,P366,Q7638720
Q219242,P31,Q4167410
Q217492,P31,Q4167410
Q219118,P31,Q4167410
Q219118,P1889,Q37019677
Q219118,P1889,Q96279675
Q224261,P31,Q4167410
Q218834,P31,Q4167410
Q291766,P31,Q4167410
Q218057,P31,Q4167410
Q226368,P31,Q4167410
Q224017,P31,Q4167410
Q224017,P1889,Q450129
Q223824,P31,Q4167410
Q395270,P31,Q4167410
Q232303,P31,Q4167410
Q232274,P31,Q4167410
Q349584,P31,Q4167410
Q355325,P31,Q4167410
Q412004,P31,Q4167410
Q402264,P31,Q4167410
Q230059,P31,Q532
Q235268,P31,Q4167410
Q451639,P31,Q4167410
Q130857,P279,Q639669
Q130857,P31,Q66715801
Q130857,P31,Q12737077
Q130857,P910,Q7025040
Q130857,P6186,Q59522081
Q226364,P31,Q4167410
Q217453,P31,Q4167410
Q415951,P31,Q4167410
Q255558,P31,Q4167410
Q298665,P31,Q4167410
Q357426,P31,Q4167410
Q293609,P31,Q4167410
Q298759,P31,Q4167410
Q218019,P31,Q4167410
Q218019,P1889,Q11966444
Q218019,P1889,Q11917955
Q350367,P31,Q4167410
Q224857,P31,Q4167410
Q224857,P1889,Q1282258
Q224857,P1889,Q37489735
Q224857,P460,Q257172
Q224857,P460,Q419192
Q224857,P460,Q971631
Q224857,P460,Q5348779
Q224857,P460,Q1290778
Q224857,P460,Q6405222
Q224857,P460,Q9250256
Q227979,P31,Q4167410
Q225074,P31,Q4167410
Q258044,P31,Q4167410
Q230053,P31,Q4167410
Q365192,P31,Q4167410
Q1209203,P31,Q4167410
Q296711,P31,Q4167410
Q294965,P31,Q4167410
Q404342,P31,Q4167410
Q219232,P31,Q4167410
Q219232,P460,Q16278197
Q219232,P1889,Q96353202
Q219232,P1889,Q61836179
Q224846,P31,Q4167410
Q225582,P31,Q4167410
Q224777,P31,Q4167410
Q224777,P1889,Q11843382
Q224777,P1889,Q26252219
Q224777,P1889,Q36930876
Q224777,P460,Q228859
Q224777,P460,Q3740801
Q1388252,P31,Q4167410
Q227969,P31,Q4167410
Q210319,P31,Q4167410
Q227971,P31,Q4167410
Q357562,P31,Q4167410
Q1389760,P31,Q4167410
Q1389760,P460,Q1293109
Q225605,P31,Q4167410
Q225605,P1889,Q18419552
Q225605,P1889,Q96336400
Q225605,P460,Q42884699
Q225605,P460,Q22171713
Q225605,P460,Q17158060
Q225605,P460,Q10885262
Q225605,P460,Q17506938
Q298970,P31,Q4167410
Q248316,P31,Q4167410
Q257976,P31,Q4167410
Q356227,P31,Q4167410
Q224263,P31,Q4167410
Q225278,P31,Q4167410
Q225278,P1889,Q19967909
Q231198,P31,Q4167410
Q224267,P31,Q4167410
Q224267,P1889,Q1485700
Q292805,P31,Q4167410
Q292805,P1889,Q37258908
Q1555305,P31,Q12308941
Q1555305,P31,Q1130279
Q1555305,P1889,Q363882
Q1555305,P407,Q1860
Q1555305,P282,Q8229
Q1555305,P1533,Q37248463
Q1255916,P31,Q4167410
Q257981,P31,Q4167410
Q404375,P31,Q4167410
Q401838,P31,Q4167410
Q408629,P31,Q4167410
Q394467,P31,Q4167410
Q404452,P31,Q4167410
Q248336,P31,Q4167410
Q224916,P31,Q4167410
Q258004,P31,Q4167410
Q8646,P1151,Q7543445
Q8646,P5125,Q7112289
Q8646,P38,Q31015
Q8646,P1792,Q7031102
Q8646,P2852,Q3086706
Q8646,P2853,Q1528507
Q8646,P457,Q15165
Q8646,P2633,Q2510174
Q8646,P1313,Q2741486
Q8646,P17,Q148
Q8646,P17,Q8680
Q8646,P2959,Q22704538
Q8646,P832,Q196627
Q8646,P832,Q131772
Q8646,P832,Q718778
Q8646,P832,Q40317
Q8646,P832,Q186206
Q8646,P832,Q209663
Q8646,P832,Q47499
Q8646,P832,Q5348941
Q8646,P832,Q1254268
Q8646,P832,Q13636529
Q8646,P832,Q1145566
Q8646,P832,Q14931580
Q8646,P832,Q463754
Q8646,P832,Q19809
Q8646,P832,Q956699
Q8646,P206,Q15274
Q8646,P206,Q37660
Q8646,P418,Q752790
Q8646,P530,Q16
Q8646,P530,Q408
Q8646,P530,Q14773
Q8646,P530,Q334
Q8646,P530,Q865
Q8646,P530,Q869
Q8646,P530,Q928
Q8646,P530,Q30
Q8646,P530,Q423
Q8646,P530,Q668
Q8646,P530,Q145
Q8646,P194,Q19208
Q8646,P2184,Q733116
Q8646,P37,Q3110592
Q8646,P37,Q1860
Q8646,P37,Q9186
Q8646,P37,Q727694
Q8646,P5008,Q5460604
Q8646,P155,Q1054923
Q8646,P1304,Q1595286
Q8646,P910,Q7213843
Q8646,P1791,Q31059028
Q8646,P6,Q15023
Q8646,P6,Q15027
Q8646,P6,Q15024
Q8646,P6,Q19217
Q8646,P463,Q7825
Q8646,P463,Q170481
Q8646,P463,Q188822
Q8646,P463,Q170424
Q8646,P463,Q605326
Q8646,P463,Q485750
Q8646,P463,Q681487
Q8646,P463,Q5348119
Q8646,P463,Q309195
Q8646,P463,Q8475
Q8646,P208,Q15164
Q8646,P1465,Q9687484
Q8646,P85,Q156136
Q8646,P209,Q837636
Q8646,P361,Q148
Q8646,P361,Q27231
Q8646,P78,Q41639
Q8646,P47,Q15175
Q8646,P31,Q779415
Q8646,P31,Q515
Q8646,P31,Q486972
Q8646,P31,Q1907114
Q8646,P31,Q1549591
Q8646,P31,Q1637706
Q8646,P31,Q3502482
Q8646,P610,Q1481864
Q8646,P1464,Q8050957
Q8646,P1622,Q13196750
Q8646,P421,Q6985
Q8646,P150,Q752523
Q8646,P150,Q877132
Q8646,P150,Q868032
Q8646,P150,Q155697
Q8646,P150,Q15019
Q8646,P150,Q877813
Q8646,P150,Q878514
Q8646,P150,Q986383
Q8646,P150,Q871442
Q8646,P150,Q986415
Q8646,P150,Q875773
Q8646,P150,Q655626
Q8646,P150,Q878503
Q8646,P150,Q157669
Q8646,P150,Q312485
Q8646,P150,Q727054
Q8646,P150,Q986431
Q8646,P150,Q986434
Q8646,P163,Q186456
Q8646,P2936,Q1860
Q8646,P2936,Q1860
Q8646,P2936,Q9186
Q8646,P2936,Q727694
Q8646,P2936,Q7033959
Q8646,P2936,Q17038844
Q8646,P2936,Q9192
Q8646,P92,Q15165
Q8646,P1740,Q7140824
Q8646,P1441,Q2385
Q8646,P1343,Q602358
Q8646,P1343,Q4114391
Q8646,P793,Q671479
Q8646,P7867,Q8607386
Q8646,P190,Q612
Q8646,P8402,Q97033976
Q8646,P30,Q48
Q8646,P8744,Q785605
Q258019,P31,Q4167410
Q217419,P31,Q4167410
Q298958,P31,Q4167410
Q22661291,P31,Q9143
Q22661291,P737,Q28865
Q22661291,P737,Q132874
Q22661291,P4913,Q132874
Q22661291,P275,Q334661
Q22661291,P6216,Q50423863
Q22661291,P3966,Q275596
Q22661291,P3966,Q1418502
Q22661291,P3966,Q79872
Q22661291,P3966,Q661075
Q22661291,P3966,Q1051282
Q39369,P31,Q208469
Q39369,P31,Q68618328
Q39369,P31,Q69197847
Q39369,P31,Q82047057
Q39369,P111,Q11652
Q39369,P138,Q41257
Q39369,P1343,Q26711932
Q39369,P1343,Q20078554
Q39369,P460,Q5198171
Q9893,P361,Q8229
Q9893,P361,Q606972
Q9893,P361,Q754673
Q9893,P361,Q76228
Q9893,P361,Q607188
Q9893,P361,Q20581324
Q9893,P361,Q1095058
Q9893,P361,Q2335779
Q9893,P361,Q1187758
Q9893,P361,Q372785
Q9893,P361,Q622712
Q9893,P361,Q550383
Q9893,P361,Q755124
Q9893,P361,Q18691434
Q9893,P361,Q384749
Q9893,P361,Q994407
Q9893,P361,Q1493494
Q9893,P361,Q2839543
Q9893,P361,Q90681288
Q9893,P31,Q19776628
Q9893,P31,Q9398093
Q9893,P1299,Q17022119
Q9893,P1889,Q172537
Q9893,P1889,Q1132051
Q9893,P1889,Q9927
Q9893,P1889,Q134105
Q9893,P1889,Q14399
Q9893,P1889,Q98505969
Q9893,P4969,Q28622
Q9893,P4969,Q394664
Q9893,P4969,Q14291
Q9893,P4969,Q28554
Q9893,P4969,Q28595
Q9893,P4969,Q3594583
Q9893,P4969,Q13426605
Q9893,P4969,Q50379086
Q9893,P4969,Q3594625
Q9893,P4969,Q343073
Q9893,P4969,Q343105
Q9893,P4969,Q30749930
Q9893,P4969,Q6673482
Q9893,P4969,Q30766367
Q9893,P4969,Q17019234
Q9893,P910,Q13326157
Q9893,P1343,Q602358
Q9893,P1343,Q867541
Q1208797,P31,Q4167410
Q386108,P31,Q4167410
Q386108,P460,Q21467401
Q1180184,P31,Q4167410
Q450724,P31,Q4167410
Q395369,P31,Q4167410
Q411858,P31,Q4167410
Q1205101,P31,Q4167410
Q225125,P31,Q4167410
Q405667,P31,Q4167410
Q225049,P31,Q4167410
Q225049,P1889,Q12957509
Q410398,P31,Q4167410
Q226876,P31,Q4167410
Q226876,P460,Q247375
Q226876,P460,Q423162
Q226876,P460,Q27273
Q204136,P31,Q4167410
Q204136,P1889,Q37544109
Q204136,P460,Q22151094
Q2266278,P31,Q24533670
Q2266278,P279,Q4318321
Q2266278,P460,Q2497303
Q2266278,P460,Q2509384
Q2143064,P31,Q41710
Q2143064,P17,Q30
Q2143064,P17,Q96
Q2143064,P910,Q8576863
Q2143064,P527,Q7415075
Q2143064,P527,Q63431585
Q170277,P910,Q9597753
Q170277,P31,Q12453
Q170277,P1639,Q28937514
Q170277,P1639,Q13433825
Q170277,P1639,Q85850169
Q170277,P4988,Q1051792
Q170277,P1880,Q1141779
Q170277,P1880,Q1510887
Q170277,P1880,Q1763297
Q170277,P1880,Q5448020
Q170277,P1880,Q1143555
Q170277,P1552,Q133871
Q224468,P31,Q4167410
Q365161,P31,Q4167410
Q9773,P31,Q19776628
Q9773,P31,Q3841820
Q9773,P361,Q8229
Q9773,P361,Q606972
Q9773,P361,Q754673
Q9773,P361,Q76228
Q9773,P361,Q607188
Q9773,P361,Q20581324
Q9773,P361,Q1095058
Q9773,P361,Q2335779
Q9773,P361,Q1187758
Q9773,P361,Q1271025
Q9773,P361,Q637405
Q9773,P361,Q570693
Q9773,P361,Q755124
Q9773,P361,Q18691434
Q9773,P361,Q384749
Q9773,P361,Q994407
Q9773,P361,Q1493494
Q9773,P361,Q2839543
Q9773,P361,Q90681288
Q9773,P1299,Q17022135
Q9773,P910,Q32080315
Q9773,P1889,Q134100
Q9773,P1343,Q867541
Q6107532,P31,Q4167410
Q438377,P31,Q4167410
Q422342,P31,Q4167410
Q404259,P31,Q4167410
Q404349,P31,Q4167410
Q224881,P31,Q4167410
Q224881,P1889,Q20080353
Q2069971,P31,Q12160552
Q2069971,P1441,Q732870
Q235274,P31,Q4167410
Q250121,P31,Q4167410
Q250121,P1889,Q37529846
Q410433,P31,Q4167410
Q1324962,P31,Q4167410
Q1324962,P1889,Q16850200
Q294407,P31,Q4167410
Q294407,P1889,Q20098789
Q235280,P31,Q4167410
Q229725,P31,Q4167410
Q1676661,P31,Q4167410
Q224129,P31,Q4167410
Q229733,P31,Q4167410
Q410376,P31,Q4167410
Q226770,P31,Q4167410
Q347675,P31,Q4167410
Q186973,P31,Q4167410
Q235230,P31,Q4167410
Q235230,P1889,Q9002169
Q229670,P31,Q4167410
Q225910,P31,Q4167410
Q225910,P460,Q65060616
Q225910,P1889,Q96335955
Q225910,P1889,Q96335895
Q225911,P31,Q4167410
Q224589,P31,Q4167410
Q828224,P31,Q1978718
Q828224,P31,Q208469
Q828224,P111,Q36253
Q828224,P1343,Q2657718
Q828224,P1343,Q2041543
Q224281,P31,Q4167410
Q228064,P31,Q4167410
Q225951,P31,Q4167410
Q1208768,P31,Q4167410
Q248433,P31,Q4167410
Q248433,P460,Q403077
Q407844,P31,Q4167410
Q421993,P31,Q4167410
Q421993,P1889,Q502328
Q1179656,P31,Q4167410
Q368469,P31,Q4167410
Q368469,P1889,Q1138185
Q368469,P1889,Q6456108
Q395507,P31,Q4167410
Q1209210,P31,Q4167410
Q229701,P31,Q4167410
Q136778,P910,Q8578971
Q136778,P355,Q162345
Q136778,P355,Q626409
Q136778,P355,Q486976
Q136778,P355,Q16169971
Q136778,P355,Q10854619
Q136778,P355,Q189606
Q136778,P31,Q778575
Q136778,P159,Q8684
Q136778,P1454,Q134161
Q136778,P17,Q884
Q136778,P112,Q16163642
Q136778,P452,Q778575
Q136778,P1830,Q162345
Q136778,P1830,Q189606
Q136778,P1830,Q483006
Q136778,P1830,Q626409
Q136778,P1830,Q5512689
Q136778,P1830,Q5636021
Q136778,P1056,Q212920
Q2488579,P1889,Q4261352
Q2488579,P31,Q39546
Q2488579,P279,Q5135523
Q2488579,P361,Q987767
Q231223,P31,Q4167410
Q410159,P31,Q4167410
Q682458,P31,Q4167410
Q404768,P31,Q4167410
Q11230756,P31,Q4167410
Q219225,P31,Q4167410
Q219225,P1889,Q11764757
Q219225,P1889,Q236786
Q219165,P31,Q4167410
Q349718,P31,Q4167410
Q219229,P31,Q4167410
Q219229,P1889,Q71180968
Q224108,P31,Q4167410
Q226801,P31,Q4167410
Q404968,P31,Q4167410
Q180161,P31,Q4167410
Q228962,P31,Q4167410
Q231535,P31,Q4167410
Q249031,P31,Q4167410
Q407069,P31,Q4167410
Q211535,P31,Q4167410
Q211535,P460,Q12071636
Q403663,P31,Q4167410
Q403663,P1889,Q16876763
Q6810461,P31,Q4167410
Q218966,P31,Q4167410
Q660,P138,Q205668
Q660,P910,Q7469678
Q660,P31,Q11344
Q660,P1343,Q2657718
Q660,P61,Q272512
Q660,P361,Q211331
Q660,P361,Q19563
Q660,P189,Q145
Q660,P1889,Q731
Q660,P279,Q211331
Q660,P279,Q19563
Q562334,P31,Q4167410
Q224835,P31,Q4167410
Q225768,P31,Q4167410
Q3841348,P31,Q4167410
Q3841356,P31,Q4167410
Q640972,P31,Q4167410
Q219113,P31,Q4167410
Q207900,P31,Q4167410
Q223820,P31,Q4167410
Q218120,P31,Q4167410
Q218120,P460,Q7486658
Q218120,P460,Q16296867
Q218120,P460,Q229492
Q218120,P460,Q20850230
Q218120,P1889,Q30088920
Q218120,P1889,Q1043021
Q218120,P1889,Q28457580
Q218120,P1889,Q11467527
Q218120,P1889,Q20065390
Q218120,P1889,Q16296867
Q218708,P31,Q4167410
Q218708,P1889,Q37554831
Q218708,P460,Q28340959
Q16877513,P31,Q4167410
Q16877513,P1889,Q20707406
Q16877513,P460,Q3841470
Q228062,P31,Q4167410
Q16460613,P31,Q4167410
Q219319,P31,Q4167410
Q219319,P1889,Q4305661
Q219319,P1889,Q22809411
Q1556605,P31,Q4167410
Q1556605,P1889,Q18128173
Q1556605,P1889,Q37516392
Q1556605,P460,Q10588861
Q1556605,P460,Q2432366
Q223990,P31,Q4167410
Q3841729,P31,Q4167410
Q223814,P31,Q4167410
Q1208811,P31,Q4167410
Q404492,P31,Q4167410
Q404310,P31,Q4167410
Q404503,P31,Q4167410
Q419168,P31,Q4167410
Q224438,P31,Q4167410
Q224438,P1889,Q21146237
Q224438,P1889,Q20017798
Q224438,P1889,Q31021578
Q219130,P31,Q4167410
Q224837,P31,Q4167410
Q225579,P31,Q4167410
Q225579,P1889,Q37188616
Q185494,P31,Q4167410
Q185494,P1889,Q96782632
Q185494,P460,Q6452816
Q293961,P31,Q4167410
Q229730,P31,Q4167410
Q225160,P31,Q4167410
Q424599,P31,Q4167410
Q3869737,P31,Q4167410
Q664,P1151,Q8253889
Q664,P5125,Q7112381
Q664,P1792,Q6992874
Q664,P2852,Q4547309
Q664,P2853,Q2335539
Q664,P172,Q7015349
Q664,P172,Q6122670
Q664,P172,Q29467330
Q664,P172,Q2065556
Q664,P2633,Q1773900
Q664,P1313,Q1071117
Q664,P17,Q664
Q664,P2959,Q26331304
Q664,P2959,Q27062315
Q664,P122,Q3330103
Q664,P122,Q41614
Q664,P122,Q179164
Q664,P418,Q7440569
Q664,P530,Q16
Q664,P530,Q38
Q664,P530,Q183
Q664,P530,Q34020
Q664,P530,Q408
Q664,P530,Q851
Q664,P530,Q212
Q664,P530,Q403
Q664,P530,Q145
Q664,P530,Q20
Q664,P530,Q29
Q664,P530,Q334
Q664,P530,Q43
Q664,P530,Q35
Q664,P530,Q142
Q664,P530,Q833
Q664,P530,Q252
Q664,P530,Q921
Q664,P530,Q843
Q664,P530,Q865
Q664,P530,Q30
Q664,P530,Q34
Q664,P530,Q159
Q664,P530,Q423
Q664,P530,Q148
Q664,P530,Q712
Q664,P530,Q41
Q664,P530,Q668
Q664,P530,Q17
Q664,P530,Q902
Q664,P530,Q79
Q664,P530,Q96
Q664,P530,Q230
Q664,P1906,Q14931517
Q664,P194,Q1520966
Q664,P2184,Q672551
Q664,P37,Q1860
Q664,P37,Q36451
Q664,P37,Q36239
Q664,P1365,Q5148518
Q664,P1365,Q2594990
Q664,P30,Q538
Q664,P36,Q23661
Q664,P36,Q37100
Q664,P36,Q7081990
Q664,P237,Q200972
Q664,P5008,Q5460604
Q664,P1552,Q3174312
Q664,P155,Q5148518
Q664,P910,Q1411745
Q664,P6,Q3606816
Q664,P35,Q9682
Q664,P1304,Q1494550
Q664,P1791,Q7977278
Q664,P463,Q1065
Q664,P463,Q7785
Q664,P463,Q41550
Q664,P463,Q7825
Q664,P463,Q170481
Q664,P463,Q191384
Q664,P463,Q827525
Q664,P463,Q656801
Q664,P463,Q1043527
Q664,P463,Q899770
Q664,P463,Q7886981
Q664,P463,Q188822
Q664,P463,Q782942
Q664,P463,Q295875
Q664,P463,Q1072120
Q664,P463,Q2625543
Q664,P463,Q277252
Q664,P463,Q8475
Q664,P463,Q1480793
Q664,P463,Q842490
Q664,P463,Q4033111
Q664,P463,Q2863003
Q664,P463,Q7768229
Q664,P463,Q5150848
Q664,P463,Q4426267
Q664,P463,Q233611
Q664,P463,Q826700
Q664,P463,Q7809
Q664,P463,Q5611262
Q664,P463,Q17495
Q664,P463,Q376150
Q664,P463,Q45177
Q664,P463,Q170424
Q664,P463,Q7817
Q664,P463,Q15978258
Q664,P5658,Q13196750
Q664,P1740,Q6434239
Q664,P208,Q3526359
Q664,P1465,Q7482575
Q664,P38,Q1472704
Q664,P38,Q1887019
Q664,P85,Q202137
Q664,P209,Q1355832
Q664,P361,Q45256
Q664,P78,Q42019
Q664,P47,Q408
Q664,P31,Q202686
Q664,P31,Q223832
Q664,P31,Q3624078
Q664,P31,Q6256
Q664,P31,Q112099
Q664,P31,Q1351282
Q664,P610,Q5059
Q664,P1464,Q8065596
Q664,P1622,Q13196750
Q664,P1589,Q2388459
Q664,P421,Q7127
Q664,P421,Q7118
Q664,P421,Q7110
Q664,P421,Q7105
Q664,P421,Q2163
Q664,P421,Q2154
Q664,P150,Q59596
Q664,P150,Q726917
Q664,P150,Q139918
Q664,P150,Q2192924
Q664,P150,Q140246
Q664,P150,Q140207
Q664,P150,Q139907
Q664,P150,Q251825
Q664,P150,Q856010
Q664,P150,Q140083
Q664,P150,Q1995856
Q664,P150,Q666142
Q664,P150,Q541468
Q664,P150,Q657004
Q664,P150,Q692912
Q664,P150,Q864971
Q664,P150,Q26882619
Q664,P138,Q705
Q664,P163,Q160260
Q664,P2936,Q1860
Q664,P2936,Q1860
Q664,P2936,Q36239
Q664,P2936,Q36451
Q664,P1343,Q302556
Q664,P1343,Q2041543
Q664,P1343,Q4114391
Q664,P1343,Q4173137
Q664,P1343,Q602358
Q664,P1343,Q19180675
Q664,P1343,Q19190511
Q664,P6104,Q8408470
Q664,P527,Q909136
Q664,P2596,Q3007290
Q664,P7867,Q84027174
Q664,P8402,Q97011207
Q664,P793,Q719883
Q664,P8744,Q956630
Q1209152,P31,Q4167410
Q405830,P31,Q4167410
Q226816,P31,Q4167410
Q1656920,P31,Q1248784
Q1656920,P17,Q30
Q1656920,P131,Q99
Q437092,P31,Q4167410
Q452793,P31,Q4167410
Q404850,P31,Q4167410
Q395474,P31,Q4167410
Q404206,P31,Q4167410
Q404206,P460,Q2357016
Q234475,P31,Q4167410
Q229647,P31,Q4167410
Q217844,P31,Q8171
Q217844,P910,Q24007759
Q217844,P1889,Q27653826
Q184128,P31,Q23847174
Q184128,P1269,Q748
Q184128,P1269,Q9089
Q184128,P1269,Q9232
Q248309,P31,Q4167410
Q248309,P1889,Q2325500
Q9859,P910,Q9061096
Q9859,P17,Q55
Q9859,P31,Q2039348
Q9859,P47,Q904544
Q9859,P47,Q658081
Q9859,P47,Q9839
Q9859,P47,Q9849
Q9859,P47,Q9815
Q9859,P47,Q9807
Q9859,P47,Q72981
Q9859,P47,Q9851
Q9859,P6,Q2116239
Q9859,P36,Q13971034
Q9859,P1383,Q13971034
Q9859,P1383,Q2042013
Q9859,P1383,Q589056
Q9859,P1383,Q677529
Q9859,P1383,Q2765944
Q9859,P1383,Q1862257
Q9859,P1383,Q1879808
Q9859,P1383,Q541055
Q9859,P1383,Q2630173
Q9859,P1383,Q1924826
Q9859,P1383,Q733763
Q9859,P1383,Q2177528
Q9859,P1383,Q2705944
Q9859,P1383,Q2771946
Q9859,P1383,Q3121608
Q9859,P1383,Q2002802
Q9859,P1383,Q3337729
Q9859,P1383,Q977619
Q9859,P1383,Q2029081
Q9859,P1383,Q2247213
Q9859,P1383,Q3337728
Q9859,P1383,Q2044634
Q9859,P1383,Q2351860
Q9859,P1383,Q2522932
Q9859,P1383,Q2660771
Q9859,P1383,Q2693558
Q9859,P1383,Q3492431
Q9859,P1383,Q4808894
Q9859,P1383,Q2768145
Q9859,P1464,Q8067232
Q9859,P1456,Q1870988
Q9859,P1456,Q12013096
Q9859,P1456,Q4819511
Q9859,P1792,Q8744948
Q9859,P421,Q6655
Q9859,P206,Q41986
Q9859,P1365,Q2360587
Q9859,P1365,Q18286551
Q9859,P237,Q4501197
Q9859,P131,Q1101
Q9859,P7867,Q84099609
Q225043,P31,Q4167410
Q248290,P31,Q4167410
Q248290,P1889,Q21855905
Q375139,P31,Q4167410
Q375139,P1889,Q24572943
Q375139,P1889,Q37533879
Q375139,P1889,Q33093700
Q6961616,P279,Q38890985
Q6961616,P279,Q6961615
Q473194,P279,Q25497
Q473194,P1343,Q2657718
Q473194,P1343,Q4086271
Q473194,P1343,Q1970746
Q473194,P1343,Q602358
Q473194,P1343,Q4173137
Q473194,P1343,Q19180675
Q473194,P1889,Q168903
Q217451,P31,Q4167410
Q217451,P460,Q4047106
Q348547,P31,Q4167410
Q117790,P31,Q4167410
Q404186,P31,Q4167410
Q407154,P31,Q4167410
Q407154,P1889,Q20060489
Q208029,P31,Q4167410
Q208029,P460,Q12501562
Q208029,P1343,Q2657718
Q208029,P1343,Q2041543
Q208029,P1889,Q37546589
Q298145,P31,Q4167410
Q298145,P1889,Q12798235
Q298145,P1889,Q715935
Q230125,P31,Q4167410
Q230125,P1889,Q37087508
Q230125,P460,Q16288900
Q230125,P460,Q29598012
Q219301,P31,Q4167410
Q248506,P31,Q4167410
Q219294,P31,Q4167410
Q419007,P31,Q4167410
Q1237677,P31,Q4167410
Q1237677,P1889,Q37155090
Q446885,P31,Q4167410
Q396521,P31,Q4167410
Q257902,P31,Q4167410
Q210352,P31,Q4167410
Q4841938,P31,Q4167410
Q33266,P31,Q4167410
Q365140,P31,Q4167410
Q3412283,P31,Q4167410
Q165472,P31,Q4167410
Q165472,P156,Q404776
Q404776,P31,Q4167410
Q404776,P155,Q165472
Q416042,P31,Q4167410
Q404615,P31,Q4167410
Q3412287,P31,Q4167410
Q3412287,P1889,Q88588287
Q357144,P31,Q4167410
Q364211,P31,Q4167410
Q357544,P31,Q4167410
Q410438,P31,Q4167410
Q1283027,P31,Q4167410
Q1209157,P31,Q4167410
Q254845,P31,Q4167410
Q254845,P1889,Q40656678
Q260029,P31,Q4167410
Q261283,P31,Q4167410
Q259797,P31,Q4167410
Q259996,P31,Q4167410
Q259999,P31,Q4167410
Q26018,P1889,Q12769769
Q26018,P1889,Q36396
Q26018,P31,Q55983715
Q26018,P279,Q10850
Q30121934,P31,Q5
Q30121934,P106,Q3374326
Q30121934,P106,Q130857
Q30121934,P19,Q131491
Q30121934,P21,Q6581097
Q226388,P31,Q4167410
Q226388,P1889,Q21156640
Q196672,P279,Q265868
Q196672,P279,Q928150
Q196672,P279,Q1512017
Q196672,P910,Q9104861
Q196672,P1343,Q19558994
Q196672,P1343,Q2041543
Q196672,P2789,Q180323
Q196672,P2789,Q8481
Q298967,P31,Q4167410
Q257970,P31,Q4167410
Q229694,P31,Q4167410
Q224753,P31,Q4167410
Q224753,P1889,Q1244220
Q211538,P31,Q4167410
Q211538,P1889,Q9290281
Q211538,P1889,Q28801217
Q206037,P111,Q1256787
Q206037,P31,Q47574
Q224060,P31,Q4167410
Q746448,P279,Q752870
Q746448,P910,Q8640182
Q746448,P366,Q49389
Q746448,P366,Q55639160
Q746448,P1889,Q1434998
Q365142,P31,Q4167410
Q365142,P1889,Q22129817
Q9956,P31,Q19776628
Q9956,P31,Q3841820
Q9956,P361,Q8229
Q9956,P361,Q606972
Q9956,P361,Q754673
Q9956,P361,Q76228
Q9956,P361,Q607188
Q9956,P361,Q20581324
Q9956,P361,Q1095058
Q9956,P361,Q1187758
Q9956,P361,Q637405
Q9956,P361,Q550383
Q9956,P361,Q755124
Q9956,P361,Q18691434
Q9956,P361,Q384749
Q9956,P361,Q994407
Q9956,P361,Q1493494
Q9956,P361,Q2839543
Q9956,P1299,Q17022013
Q9956,P1889,Q208001
Q9956,P1889,Q11110
Q9956,P910,Q16363428
Q9956,P1343,Q867541
Q404361,P31,Q4167410
Q231858,P31,Q4167410
Q245906,P31,Q4167410
Q259505,P31,Q4167410
Q254306,P31,Q4167410
Q259056,P31,Q4167410
Q260144,P31,Q4167410
Q258957,P31,Q4167410
Q218146,P31,Q4167410
Q3943497,P31,Q4167410
Q225140,P31,Q4167410
Q219249,P31,Q4167410
Q224648,P31,Q4167410
Q188637,P31,Q4167410
Q188637,P1889,Q12603871
Q188637,P1889,Q6127287
Q188637,P1889,Q3482800
Q188637,P1889,Q37185368
Q188637,P1889,Q95917977
Q188637,P460,Q218252
Q188637,P460,Q17989498
Q188637,P460,Q341433
Q188637,P460,Q344974
Q188637,P460,Q7059548
Q188637,P460,Q4418155
Q188637,P460,Q2377820
Q188637,P460,Q28048208
Q218699,P31,Q4167410
Q351037,P31,Q4167410
Q224469,P31,Q4167410
Q224469,P460,Q293627
Q173997,P31,Q4167410
Q218008,P31,Q4167410
Q7592214,P31,Q4830453
Q7592214,P910,Q18676060
Q7592214,P159,Q1757
Q7592214,P2184,Q56402709
Q346340,P31,Q4167410
Q346340,P1889,Q37510536
Q167763,P31,Q4167410
Q7659212,P31,Q216653
Q7659212,P400,Q178481
Q7659212,P306,Q388
Q7659212,P306,Q14656
Q7659212,P1343,Q24696020
Q25114598,P31,Q202444
Q25114598,P282,Q8229
Q226539,P31,Q4167410
Q9813,P31,Q19776628
Q9813,P31,Q3841820
Q9813,P361,Q8229
Q9813,P361,Q606972
Q9813,P361,Q754673
Q9813,P361,Q76228
Q9813,P361,Q607188
Q9813,P361,Q20581324
Q9813,P361,Q1095058
Q9813,P361,Q1187758
Q9813,P361,Q18694620
Q9813,P361,Q637405
Q9813,P361,Q550383
Q9813,P361,Q755124
Q9813,P361,Q18691434
Q9813,P361,Q994407
Q9813,P361,Q384749
Q9813,P361,Q1493494
Q9813,P361,Q2839543
Q9813,P1299,Q17022027
Q9813,P910,Q13349343
Q9813,P279,Q32483
Q9813,P1889,Q21041
Q9813,P1889,Q182438
Q9813,P1343,Q867541
Q1208985,P31,Q4167410
Q226439,P31,Q4167410
Q226439,P460,Q4448805
Q1347955,P31,Q4167410
Q412887,P31,Q4167410
Q412887,P460,Q4050538
Q447838,P31,Q4167410
Q423444,P31,Q4167410
Q1979714,P31,Q4167410
Q1979714,P1889,Q22211838
Q225573,P31,Q4167410
Q226551,P31,Q4167410
Q616360,P910,Q16809905
Q616360,P31,Q1193246
Q616360,P31,Q341
Q616360,P178,Q92636
Q616360,P275,Q191307
Q616360,P277,Q15777
Q616360,P306,Q174666
Q616360,P1889,Q50829121
Q616360,P366,Q1193246
Q224448,P31,Q4167410
Q225560,P31,Q4167410
Q424569,P31,Q4167410
Q219247,P31,Q4167410
Q224755,P31,Q4167410
Q235226,P31,Q4167410
Q7859608,P31,Q4830453
Q7859608,P112,Q7859651
Q7859608,P159,Q935479
Q7859608,P127,Q7859651
Q7859608,P452,Q7830510
Q3547117,P31,Q4167410
Q2472052,P31,Q4167410
Q396,P358,Q752426
Q396,P527,Q834621
Q396,P527,Q714845
Q396,P527,Q175907
Q396,P527,Q814065
Q396,P527,Q2136220
Q396,P31,Q5741069
Q396,P910,Q8788137
Q396,P740,Q1761
Q396,P166,Q179191
Q396,P166,Q19858055
Q396,P166,Q894841
Q396,P136,Q11366
Q396,P136,Q598929
Q396,P495,Q27
Q396,P264,Q190585
Q396,P264,Q231694
Q396,P264,Q183387
Q396,P264,Q165745
Q396,P553,Q1508912
Q396,P1424,Q5867784
Q396,P17,Q27
Q396,P1344,Q193740
Q396,P6365,Q6368365
Q396,P1875,Q5622519
Q396,P1875,Q1317221
Q396,P737,Q2306
Q396,P1889,Q108750
Q347697,P31,Q4167410
Q347720,P31,Q4167410
Q355889,P31,Q4167410
Q357754,P31,Q4167410
Q564481,P31,Q4167410
Q227973,P31,Q4167410
Q227973,P1889,Q13370438
Q11391,P279,Q11386
Q11391,P361,Q133139
Q11391,P910,Q8857539
Q11391,P1542,Q127724
Q11391,P1343,Q2657718
Q11391,P1343,Q3181656
Q11391,P5008,Q5460604
Q11391,P155,Q34777
Q11391,P527,Q22914691
Q11391,P527,Q22914692
Q11391,P527,Q22914694
Q11391,P527,Q1385457
Q11391,P156,Q76299
Q225272,P31,Q4167410
Q225272,P1889,Q37524812
Q406417,P31,Q4167410
Q10856569,P31,Q2576663
Q10856569,P1002,Q724736
Q10856569,P279,Q724736
Q10856569,P155,Q3295022
Q10856569,P910,Q30600558
Q10856569,P1889,Q343349
Q404612,P31,Q4167410
Q395495,P31,Q4167410
Q225698,P31,Q4167410
Q357129,P31,Q4167410
Q357553,P31,Q4167410
Q365145,P31,Q4167410
Q350382,P31,Q4167410
Q235244,P31,Q4167410
Q235244,P1889,Q37509546
Q235244,P460,Q29402814
Q410394,P31,Q4167410
Q226762,P31,Q4167410
Q2506869,P31,Q4167410
Q246,P31,Q17412622
Q246,P138,Q1737639
Q246,P910,Q6267149
Q246,P17,Q183
Q246,P112,Q57249
Q246,P793,Q21000630
Q246,P1889,Q156578
Q246,P166,Q184253
Q246,P452,Q190117
Q246,P159,Q3014
Q246,P749,Q156578
Q246,P1056,Q152946
Q246,P1056,Q1968742
Q246,P1056,Q247
Q246,P1056,Q697152
Q246,P1056,Q1027973
Q246,P1056,Q55637210
Q246,P1056,Q216754
Q246,P1056,Q247819
Q246,P1056,Q28064385
Q246,P1056,Q782671
Q246,P1056,Q15966358
Q246,P1056,Q748949
Q246,P1056,Q918047
Q246,P1056,Q1417237
Q246,P1056,Q158736
Q246,P1056,Q835078
Q246,P1056,Q39075622
Q246,P1056,Q817309
Q246,P1056,Q1752148
Q246,P1056,Q1418315
Q246,P1056,Q500665
Q246,P1454,Q134161
Q299967,P31,Q4167410
Q267091,P31,Q4167410
Q242554,P31,Q4167410
Q112544,P31,Q4167410
Q1903259,P31,Q4167410
Q1089015,P31,Q4167410
Q361606,P31,Q4167410
Q225557,P31,Q4167410
Q114850,P31,Q4167410
Q235813,P31,Q4167410
Q357155,P31,Q4167410
Q357737,P31,Q4167410
Q454565,P31,Q4167410
Q443744,P31,Q4167410
Q258013,P31,Q4167410
Q258013,P460,Q23016169
Q258013,P1889,Q37474417
Q258013,P1889,Q96467991
Q224287,P31,Q4167410
Q364961,P31,Q4167410
Q417235,P31,Q4167410
Q357133,P31,Q4167410
Q359081,P31,Q4167410
Q359081,P460,Q25521728
Q386807,P31,Q4167410
Q386807,P1889,Q16766487
Q408912,P31,Q4167410
Q418308,P31,Q4167410
Q1202923,P31,Q4167410
Q349596,P31,Q4167410
Q349596,P1889,Q82256
Q349855,P31,Q4167410
Q836043,P31,Q506883
Q836043,P31,Q15077416
Q836043,P31,Q28168011
Q836043,P275,Q18526202
Q836043,P366,Q15077416
Q361404,P31,Q4167410
Q204031,P31,Q4167410
Q289526,P31,Q4167410
Q230645,P31,Q4167410
Q842127,P279,Q14637321
Q842127,P1080,Q3551295
Q842127,P1080,Q19786052
Q842127,P8345,Q462
Q395304,P31,Q4167410
Q2384303,P31,Q4167410
Q1903651,P31,Q4167410
Q3571145,P31,Q4167410
Q1306338,P31,Q4167410
Q3571147,P31,Q4167410
Q358756,P31,Q4167410
Q3571149,P31,Q4167410
Q294382,P31,Q4167410
Q294382,P1889,Q484078
Q17492958,P31,Q4167410
Q17492958,P1889,Q233955
Q17492958,P1889,Q37487144
Q17492958,P1889,Q20085843
Q17492958,P1889,Q709443
Q419455,P31,Q4167410
Q404786,P31,Q4167410
Q295848,P31,Q4167410
Q563263,P31,Q4167410
Q563263,P1889,Q20085847
Q563263,P1889,Q699742
Q563263,P1889,Q37208714
Q229715,P31,Q4167410
Q229715,P1889,Q21856445
Q229715,P1889,Q96107479
Q229715,P460,Q28337373
Q404796,P31,Q4167410
Q1184030,P31,Q4167410
Q418978,P31,Q4167410
Q135826,P31,Q4167410
Q135838,P31,Q4167410
Q135843,P31,Q4167410
Q135853,P31,Q4167410
Q135853,P1889,Q8062912
Q3574333,P31,Q4167410
Q135858,P31,Q4167410
Q1143377,P31,Q4167410
Q136148,P31,Q4167410
Q136159,P31,Q4167410
Q136159,P1889,Q96240710
Q136159,P1889,Q96240662
Q126836,P31,Q4167410
Q136320,P31,Q4167410
Q8064836,P19,Q8660
Q8064836,P106,Q4610556
Q8064836,P106,Q33999
Q8064836,P106,Q13590141
Q8064836,P31,Q5
Q8064836,P21,Q6581072
Q8064836,P140,Q432
Q8064836,P27,Q843
Q8064836,P1340,Q17122705
Q8064836,P69,Q125623
Q136544,P31,Q4167410
Q579705,P279,Q811909
Q579705,P361,Q446
Q579705,P31,Q811909
Q457281,P31,Q62078547
Q457281,P31,Q615150
Q457281,P31,Q23002039
Q457281,P17,Q30
Q457281,P131,Q577964
Q457281,P910,Q8055789
Q457281,P463,Q729478
Q457281,P463,Q19861084
Q457281,P463,Q5275906
Q457281,P463,Q4810036
Q457281,P463,Q5153069
Q457281,P463,Q37033
Q457281,P463,Q5137944
Q457281,P2643,Q23334765
Q457281,P2643,Q23623483
Q457281,P2643,Q23662486
Q457281,P2643,Q23622771
Q457281,P2643,Q23662432
Q457281,P2643,Q23662768
Q457281,P749,Q1145814
Q457281,P3876,Q7002146
Q457281,P2184,Q22058994
Q457281,P355,Q45135817
Q457281,P355,Q4878755
Q457281,P355,Q45131724
Q457281,P355,Q45132597
Q457281,P355,Q45134106
Q457281,P355,Q30264506
Q457281,P355,Q55774996
Q457281,P355,Q6757001
Q457281,P355,Q7864734
Q457281,P4195,Q8883382
Q457281,P793,Q541394
Q457281,P1830,Q3305514
Q457281,P1830,Q3324432
Q457281,P1830,Q4736646
Q457281,P1830,Q5929482
Q457281,P1830,Q5999475
Q457281,P1830,Q5999477
Q457281,P1830,Q7864732
Q457281,P1830,Q7950724
Q457281,P1830,Q16617142
Q457281,P1830,Q16632622
Q457281,P1344,Q3944788
Q457281,P1344,Q67193881
Q457281,P1889,Q7900213
Q1990010,P279,Q769620
Q23661,P30,Q538
Q23661,P17,Q664
Q23661,P31,Q5119
Q23661,P31,Q702492
Q23661,P31,Q1549591
Q23661,P131,Q856010
Q23661,P910,Q8146231
Q23661,P421,Q7105
Q23661,P1464,Q8048576
Q23661,P1465,Q9690844
Q23661,P1376,Q664
Q23661,P1376,Q2594990
Q23661,P1343,Q2041543
Q23661,P1343,Q4532138
Q23661,P206,Q5023
Q23661,P527,Q1015681
Q23661,P527,Q166002
Q23661,P527,Q1015773
Q23661,P527,Q47037646
Q23661,P138,Q131691
Q23661,P1441,Q2385
Q23661,P190,Q956
Q23661,P8744,Q100868401
Q6377429,P106,Q28389
Q6377429,P106,Q10800557
Q6377429,P106,Q10798782
Q6377429,P106,Q578109
Q6377429,P27,Q30
Q6377429,P21,Q6581072
Q6377429,P31,Q5
Q6377429,P19,Q1077969
Q6377429,P69,Q499451
Q6377429,P735,Q1158388
Q6377429,P734,Q37030871
Q1426845,P31,Q4167410
Q1426845,P1889,Q37558475
Q1364,P910,Q8960117
Q1364,P1343,Q2657718
Q1364,P1343,Q2041543
Q1364,P1343,Q602358
Q1364,P1343,Q1768721
Q1364,P1343,Q63284758
Q1364,P3094,Q588964
Q1364,P1889,Q3314483
Q1364,P1889,Q28149961
Q1364,P31,Q27494256
Q1364,P527,Q40763
Q1364,P527,Q876445
Q1364,P279,Q24060707
Q1364,P361,Q25314
Q1364,P5008,Q5460604
Q1364,P1552,Q28149961
Q7386,P105,Q35409
Q7386,P31,Q16521
Q7386,P171,Q4038925
Q7386,P171,Q425636
Q7386,P910,Q7470151
Q7386,P1343,Q602358
Q7386,P1343,Q19180675
Q7386,P1343,Q1138524
Q7386,P1343,Q455
Q7386,P1343,Q1768721
Q7386,P5008,Q5460604
Q7386,P5125,Q7112553
Q7386,P2579,Q499578
Q7386,P279,Q1390
Q408258,P31,Q4167410
Q43196,P190,Q192225
Q43196,P190,Q40898
Q43196,P190,Q1726
Q43196,P190,Q10086
Q43196,P190,Q45798
Q43196,P190,Q38968
Q43196,P190,Q244898
Q43196,P190,Q3921
Q43196,P190,Q124739
Q43196,P190,Q42308
Q43196,P190,Q1867
Q43196,P190,Q220
Q43196,P1151,Q11240582
Q43196,P17,Q30
Q43196,P131,Q152891
Q43196,P163,Q5456721
Q43196,P31,Q1549591
Q43196,P31,Q1093829
Q43196,P910,Q8371907
Q43196,P1464,Q8078460
Q43196,P1465,Q9218063
Q43196,P138,Q1632484
Q43196,P1792,Q7115063
Q43196,P1376,Q152891
Q43196,P6,Q6227508
Q43196,P2184,Q12060208
Q43196,P206,Q4915
Q43196,P1830,Q153824
Q43196,P421,Q941023
Q43196,P421,Q5390
Q43196,P421,Q5762
Q43196,P7867,Q84048697
Q43196,P1343,Q3181656
Q258547,P31,Q4167410
Q258547,P156,Q10404455
Q133279,P31,Q17781690
Q133279,P1343,Q19558994
Q133279,P1343,Q602358
Q133279,P2959,Q22828733
Q133279,P654,Q16938807
Q133279,P461,Q9645
Q133279,P910,Q17420457
Q133279,P527,Q774933
Q133279,P361,Q160695
Q133279,P279,Q66596064
Q133279,P279,Q68345931
Q786484,P279,Q315
Q749212,P279,Q8441
Q749212,P279,Q2478141
Q749212,P1552,Q15290
Q749212,P1269,Q844586
Q749212,P1889,Q10856905
Q749212,P31,Q3320743
Q217407,P31,Q4167410
Q217407,P1343,Q2657718
Q7505510,P31,Q4167410
Q256528,P31,Q4167410
Q256528,P1889,Q37495000
Q438485,P31,Q4167410
Q438485,P1889,Q37474096
Q438485,P1889,Q3684022
Q438485,P1889,Q2985086
Q438485,P1889,Q3684023
Q1915304,P31,Q4167410
Q1915304,P1889,Q21484853
Q395287,P31,Q4167410
Q395287,P1889,Q37115219
Q17863942,P31,Q12308941
Q17863942,P460,Q18917827
Q17863942,P460,Q5220046
Q17863942,P460,Q48981625
Q17863942,P1889,Q1164487
Q17863942,P282,Q8229
Q17863942,P1533,Q37525197
Q17863942,P407,Q7411
Q17863942,P5323,Q21644845
Q17863942,P1343,Q151
Q17863942,P1560,Q101552594
Q169399,P31,Q68
Q169399,P31,Q28542014
Q169399,P31,Q1207371
Q169399,P17,Q30
Q169399,P287,Q522162
Q169399,P287,Q457906
Q169399,P287,Q6175907
Q169399,P287,Q711833
Q169399,P287,Q5669903
Q169399,P361,Q7896095
Q169399,P910,Q55271371
Q169399,P156,Q1044055
Q7271585,P279,Q340169
Q7271585,P1269,Q9135
Q1595418,P279,Q179661
Q1595418,P461,Q12136
Q1595418,P31,Q151885
Q1595418,P1889,Q1571900
Q1595418,P1889,Q689247
Q271628,P31,Q2604618
Q271628,P279,Q222405
Q107679,P279,Q271669
Q107679,P279,Q1174791
Q107679,P910,Q7163233
Q107679,P910,Q13344752
Q9644,P910,Q6543834
Q9644,P1343,Q19558994
Q9644,P1343,Q2657718
Q9644,P1343,Q4532138
Q9644,P279,Q66561296
Q9644,P527,Q425667
Q12148040,P31,Q4167410
Q17525380,P279,Q19793980
Q17525380,P527,Q12857574
Q17525380,P527,Q17524999
Q17525380,P527,Q19122
Q17525380,P527,Q293461
Q17525380,P527,Q3334045
Q17525380,P527,Q17538309
Q17525380,P155,Q17525374
Q17525380,P156,Q17525437
Q17525380,P1889,Q19122
Q319608,P279,Q3702971
Q319608,P279,Q82799
Q319608,P279,Q6545185
Q319608,P279,Q17334923
Q319608,P910,Q19330460
Q319608,P1687,P6375
Q319608,P527,Q24574749
Q319608,P527,Q37447
Q319608,P527,Q27134986
Q319608,P527,Q28008314
Q4761205,P31,Q4167410
Q4761205,P1889,Q23301833
Q4761205,P460,Q22214389
Q625642,P31,Q3550873
Q625642,P910,Q7210956
Q14290559,P31,Q28640
Q14290559,P910,Q25335441
Q14290559,P1889,Q7253467
Q14290559,P1343,Q20078554
Q1223303,P31,Q4167410
Q1223303,P1889,Q60648564
Q1223303,P460,Q60648602
Q488085,P31,Q9415
Q488085,P31,Q157811
Q488085,P910,Q8574038
Q488085,P361,Q1147007
Q488085,P361,Q686919
Q488085,P1269,Q5043
Q488085,P461,Q188739
Q488085,P1343,Q4086271
Q488085,P1552,Q487
Q488085,P279,Q60539479
Q1785626,P31,Q11424
Q1785626,P57,Q441578
Q1785626,P161,Q310785
Q1785626,P161,Q298658
Q1785626,P161,Q29086
Q1785626,P161,Q329734
Q1785626,P161,Q236948
Q1785626,P161,Q313522
Q1785626,P161,Q447710
Q1785626,P161,Q256144
Q1785626,P161,Q263964
Q1785626,P161,Q309592
Q1785626,P161,Q1354144
Q1785626,P161,Q4253122
Q1785626,P161,Q2944669
Q1785626,P161,Q3543932
Q1785626,P364,Q1860
Q1785626,P58,Q1138605
Q1785626,P136,Q860626
Q1785626,P344,Q1167015
Q1785626,P495,Q30
Q1785626,P162,Q2483123
Q1785626,P86,Q115756
Q1785626,P462,Q22006653
Q1785626,P1981,Q20644796
Q1785626,P750,Q465449
Q1785626,P272,Q908662
Q1176587,P31,Q4167410
Q1176587,P1889,Q37054891
Q4116378,P361,Q77468620
Q4116378,P31,Q9415
Q362334,P31,Q4167410
Q1292638,P31,Q4167410
Q1292638,P1889,Q37148020
Q1505874,P31,Q4167410
Q1505874,P1889,Q16870803
Q351962,P31,Q4167410
Q351962,P1889,Q3882885
Q7440723,P31,Q4167410
Q4128962,P31,Q4167410
Q1144593,P31,Q8514257
Q1144593,P910,Q6979713
Q1144593,P1889,Q2207370
Q16947323,P31,Q4167410
Q1030026,P31,Q4167410
Q12284,P279,Q2466889
Q12284,P279,Q12376661
Q12284,P279,Q1826691
Q12284,P279,Q355304
Q12284,P910,Q7022643
Q12284,P460,Q1210950
Q12284,P1343,Q2657718
Q12284,P1343,Q65109596
Q12284,P1424,Q6500619
Q12284,P5008,Q5460604
Q248,P31,Q4830453
Q248,P31,Q6881511
Q248,P169,Q12572999
Q248,P169,Q1148995
Q248,P169,Q55819738
Q248,P169,Q2564082
Q248,P169,Q432929
Q248,P169,Q243969
Q248,P169,Q241735
Q248,P1343,Q17311605
Q248,P1343,Q17290934
Q248,P910,Q8549991
Q248,P355,Q16997084
Q248,P355,Q18351734
Q248,P355,Q1746945
Q248,P355,Q2660350
Q248,P355,Q267313
Q248,P355,Q7935252
Q248,P355,Q29000319
Q248,P355,Q29000320
Q248,P355,Q25491807
Q248,P355,Q2901365
Q248,P355,Q4041454
Q248,P463,Q20947086
Q248,P463,Q60535625
Q248,P463,Q858851
Q248,P463,Q37033
Q248,P463,Q1361045
Q248,P463,Q67904121
Q248,P463,Q75097496
Q248,P463,Q80656429
Q248,P463,Q38620786
Q248,P463,Q80653810
Q248,P463,Q15731702
Q248,P463,Q852297
Q248,P463,Q7389502
Q248,P463,Q492705
Q248,P1056,Q3966
Q248,P1056,Q5297
Q248,P1056,Q174077
Q248,P1056,Q487343
Q248,P1056,Q182656
Q248,P1056,Q44127
Q248,P1056,Q7397
Q248,P1056,Q5300
Q248,P361,Q242345
Q248,P361,Q507306
Q248,P361,Q180816
Q248,P1830,Q83382
Q248,P1830,Q267313
Q248,P1830,Q1746945
Q248,P1830,Q7943726
Q248,P1830,Q25210951
Q248,P1830,Q214314
Q248,P414,Q82059
Q248,P414,Q496672
Q248,P159,Q159260
Q248,P112,Q241735
Q248,P112,Q243969
Q248,P17,Q30
Q248,P452,Q2986369
Q248,P1454,Q891723
Q233964,P31,Q4167410
Q233964,P460,Q3407714
Q2004615,P31,Q5398426
Q2004615,P495,Q145
Q2004615,P449,Q216108
Q2004615,P136,Q846662
Q2004615,P364,Q150
Q2004615,P371,Q3009009
Q2004615,P750,Q5376047
Q2004615,P4312,Q738160
Q2004615,P407,Q7979
Q2004615,P161,Q7328202
Q2004615,P155,Q3127766
Q2004615,P156,Q30739613
Q351553,P31,Q4167410
Q351553,P1889,Q1158973
Q351553,P1889,Q37445786
Q351553,P460,Q22184370
Q183197,P279,Q166142
Q183197,P279,Q7247856
Q183197,P31,Q40056
Q183197,P31,Q4485156
Q183197,P910,Q6938112
Q183197,P1056,Q26853769
Q183197,P1056,Q28923
Q183197,P1424,Q13412532
Q183197,P527,Q59154568
Q362199,P31,Q4167410
Q362199,P1889,Q36913773
Q6908717,P31,Q4167410
Q6908717,P1889,Q37532240
Q225778,P31,Q4167410
Q166735,P279,Q170321
Q166735,P279,Q4421
Q166735,P1343,Q16387823
Q166735,P1889,Q30198
Q166735,P1889,Q1681353
Q166735,P1889,Q22699831
Q166735,P1889,Q30312340
Q166735,P1889,Q17249182
Q166735,P910,Q8835189
Q229510,P31,Q4167410
Q229510,P1889,Q16865664
Q229510,P1889,Q678221
Q229510,P1889,Q18504405
Q229510,P460,Q2470647
Q848466,P31,Q12737077
Q848466,P425,Q2334804
Q848466,P1343,Q602358
Q848466,P279,Q33394058
Q848466,P460,Q2961574
Q217448,P31,Q4167410
Q234747,P31,Q4167410
Q510487,P279,Q87929050
Q510487,P910,Q8833831
Q510487,P2670,Q1116074
Q345391,P31,Q4167410
Q345391,P1889,Q37021223
Q345391,P1889,Q56642738
Q345391,P1889,Q56649370
Q345391,P1889,Q5449475
Q345391,P460,Q20989041
Q243574,P31,Q4167410
Q243574,P1889,Q37196302
Q32479,P31,Q577
Q32479,P361,Q220774
Q32479,P155,Q33744
Q32479,P156,Q30992
Q32479,P910,Q6623576
Q32479,P2959,Q31799860
Q2943258,P31,Q4167410
Q2943258,P1889,Q24068191
Q2943258,P1889,Q37081226
Q778586,P279,Q40056
Q778586,P1424,Q13107306
Q778586,P1269,Q9135
Q778586,P2283,Q17560478
Q778586,P527,Q55813
Q778586,P527,Q128751
Q778586,P1889,Q623334
Q778586,P1542,Q205663
Q778586,P461,Q128751
Q778586,P461,Q188860
Q778586,P1535,Q650550
Q217983,P31,Q4167410
Q217983,P1889,Q1526838
Q217983,P1889,Q23039002
Q217983,P1889,Q19819759
Q183385,P31,Q4167410
Q8034858,P31,Q4167410
Q577395,P31,Q4167410
Q59350,P31,Q4167410
Q440512,P31,Q4167410
Q563770,P31,Q4167410
Q1667927,P31,Q4167410
Q1667927,P1889,Q37133971
Q1667927,P1889,Q5304797
Q43013,P910,Q9654599
Q43013,P366,Q1782301
Q43013,P366,Q560361
Q43013,P279,Q3327760
Q43013,P279,Q571
Q555882,P910,Q55306116
Q555882,P279,Q4406616
Q876776,P279,Q2990593
Q876776,P279,Q1663054
Q876776,P279,Q4026292
Q876776,P366,Q2138622
Q876776,P2283,Q40050
Q876776,P2283,Q9635
Q876776,P2283,Q11435
Q876776,P2283,Q81727
Q876776,P828,Q474187
Q876776,P1542,Q2290559
Q876776,P31,Q1914636
Q876776,P910,Q32856119
Q15042830,P31,Q4167410
Q860,P31,Q100023
Q860,P1343,Q47463912
Q397254,P31,Q4167410
Q29034095,P360,Q8514257
Q29034095,P31,Q13406463
Q7312074,P31,Q4167410
Q225734,P31,Q4167410
Q225734,P1889,Q37506476
Q290704,P31,Q4167410
Q57096,P17,Q39
Q57096,P31,Q70208
Q57096,P131,Q12771
Q57096,P131,Q660762
Q57096,P37,Q150
Q57096,P1456,Q14540863
Q57096,P910,Q8921869
Q57096,P47,Q68925
Q57096,P1313,Q24701201
Q57096,P6,Q24698710
Q57096,P1435,Q12127133
Q57096,P206,Q14375
Q484260,P279,Q37226
Q484260,P279,Q15995642
Q484260,P31,Q12737077
Q484260,P31,Q23847174
Q484260,P1269,Q748
Q484260,P1269,Q9089
Q484260,P910,Q9890469
Q484260,P361,Q5620325
Q345797,P31,Q4167410
Q1067544,P31,Q4167410
Q1067544,P1889,Q36866659
Q4515943,P31,Q82799
Q4515943,P527,Q18109457
Q4515943,P527,Q18109999
Q4515943,P1889,Q1884580
Q416845,P31,Q4167410
Q416845,P1889,Q16865134
Q3686669,P17,Q238
Q3686669,P131,Q206980
Q3686669,P31,Q15896596
Q3686669,P31,Q902814
Q359787,P31,Q4167410
Q347098,P31,Q4167410
Q347098,P1889,Q905946
Q347098,P1889,Q19768168
Q347098,P460,Q1782518
Q347098,P460,Q231963
Q347098,P460,Q295152
Q347098,P460,Q892983
Q5309,P556,Q663314
Q5309,P279,Q13292702
Q5309,P279,Q622460
Q5309,P279,Q21073024
Q5309,P579,Q13406846
Q5309,P579,Q63016949
Q5309,P690,Q15041650
Q5309,P910,Q9508199
Q5309,P1542,Q21174353
Q5309,P31,Q12089225
Q5309,P534,Q23445
Q5309,P527,Q623
Q5309,P1343,Q602358
Q5309,P1343,Q19180675
Q5309,P138,Q86647781
Q16071166,P31,Q4167410
Q16071166,P1889,Q18180933
Q16071166,P1889,Q36999516
Q16071166,P460,Q217415
Q2474544,P31,Q41298
Q2474544,P31,Q847906
Q2474544,P495,Q30
Q2474544,P123,Q1360149
Q2474544,P407,Q1860
Q235660,P31,Q4167410
Q322481,P910,Q8749074
Q322481,P279,Q2091629
Q322481,P1343,Q101314624
Q1510102,P31,Q4167410
Q28048853,P31,Q783794
Q28048853,P1454,Q783794
Q28048853,P355,Q61779112
Q28048853,P414,Q82059
Q560791,P31,Q4167410
Q1570391,P31,Q235557
Q1570391,P31,Q3775042
Q1570391,P178,Q92718
Q293583,P31,Q4167410
Q293583,P1889,Q12360193
Q293583,P1889,Q18419723
Q293583,P1889,Q3438138
Q293583,P1889,Q18499884
Q293583,P1889,Q96241052
Q293583,P460,Q1218966
Q293583,P460,Q8242139
Q293583,P460,Q8242140
Q232612,P31,Q4167410
Q232612,P1889,Q16865841
Q232612,P460,Q112091
Q235862,P31,Q4167410
Q4001074,P31,Q4167410
Q253338,P31,Q4167410
Q148571,P279,Q811430
Q148571,P279,Q2084929
Q148571,P279,Q1307347
Q148571,P910,Q8446429
Q148571,P186,Q551997
Q148571,P186,Q287
Q148571,P186,Q1371480
Q148571,P186,Q7974974
Q148571,P186,Q1906859
Q148571,P186,Q11469
Q148571,P1343,Q2041543
Q148571,P1479,Q16334295
Q148571,P1479,Q729
Q185744,P279,Q214609
Q185744,P910,Q7329573
Q185744,P31,Q11173
Q11022,P910,Q8723373
Q11022,P1343,Q2657718
Q11022,P279,Q186713
Q11022,P279,Q7797167
Q11022,P527,Q749400
Q11022,P527,Q1147806
Q11022,P31,Q44409287
Q11022,P5008,Q5460604
Q37038,P279,Q11028
Q37038,P279,Q17537576
Q37038,P279,Q7406919
Q37038,P910,Q6448504
Q37038,P1343,Q2657718
Q37038,P1343,Q602358
Q37038,P1343,Q19180675
Q37038,P1343,Q1970746
Q37038,P2184,Q3137306
Q37038,P180,Q2424752
Q37038,P180,Q7406919
Q37038,P3095,Q10355417
Q37038,P31,Q8187769
Q4818196,P31,Q4167410
Q17955,P279,Q3059502
Q17955,P910,Q7450218
Q17955,P460,Q3059502
Q17955,P1889,Q54894883
Q17955,P31,Q4894405
Q17955,P31,Q223393
Q5303277,P31,Q4167410
Q5502832,P31,Q4167410
Q400629,P31,Q4167410
Q400629,P461,Q256420
Q400629,P460,Q357678
Q400629,P460,Q2870493
Q400629,P460,Q422481
Q400629,P460,Q414187
Q400629,P1889,Q3773396
Q400629,P1889,Q56071447
Q400629,P1889,Q94451778
Q400629,P1889,Q5583219
Q400629,P1889,Q96359408
Q44481,P101,Q184274
Q44481,P101,Q5862903
Q44481,P101,Q7754
Q44481,P101,Q395
Q44481,P101,Q41217
Q44481,P101,Q333
Q44481,P106,Q170790
Q44481,P106,Q11063
Q44481,P106,Q169470
Q44481,P106,Q82955
Q44481,P106,Q4964182
Q44481,P106,Q1622272
Q44481,P106,Q19350898
Q44481,P106,Q2732142
Q44481,P19,Q838579
Q44481,P20,Q90
Q44481,P69,Q568554
Q44481,P69,Q2983840
Q44481,P463,Q123885
Q44481,P463,Q3291340
Q44481,P463,Q161806
Q44481,P463,Q191583
Q44481,P463,Q188771
Q44481,P463,Q463303
Q44481,P463,Q329464
Q44481,P463,Q83172
Q44481,P463,Q253439
Q44481,P463,Q2297128
Q44481,P463,Q3603946
Q44481,P463,Q684415
Q44481,P463,Q2822396
Q44481,P166,Q10855226
Q44481,P166,Q10855216
Q44481,P166,Q10855271
Q44481,P166,Q19689642
Q44481,P166,Q15631401
Q44481,P166,Q123885
Q44481,P166,Q52382875
Q44481,P166,Q387946
Q44481,P27,Q142
Q44481,P31,Q5
Q44481,P39,Q21032621
Q44481,P39,Q21032677
Q44481,P39,Q20203006
Q44481,P39,Q30461
Q44481,P39,Q70495953
Q44481,P39,Q140686
Q44481,P735,Q2093070
Q44481,P1412,Q150
Q44481,P1343,Q678259
Q44481,P1343,Q19180675
Q44481,P1343,Q602358
Q44481,P1343,Q51955019
Q44481,P1343,Q67311526
Q44481,P103,Q150
Q44481,P910,Q10189068
Q44481,P26,Q22230899
Q44481,P40,Q2960765
Q44481,P184,Q153232
Q44481,P737,Q7604
Q44481,P551,Q16954
Q44481,P551,Q467132
Q44481,P1066,Q2966252
Q44481,P108,Q3578279
Q44481,P108,Q1010517
Q44481,P108,Q377066
Q44481,P97,Q3519259
Q44481,P97,Q209726
Q44481,P734,Q37450992
Q44481,P140,Q288928
Q44481,P185,Q190772
Q44481,P185,Q355892
Q44481,P21,Q6581097
Q44481,P6886,Q150
Q44481,P119,Q272208
Q44481,P361,Q162873
Q44481,P7763,Q71887839
Q44481,P5008,Q103505599
Q660848,P910,Q9668928
Q660848,P1889,Q20856201
Q660848,P279,Q638328
Q660848,P461,Q1072174
Q660848,P1552,Q47490617
Q817765,P279,Q82799
Q817765,P279,Q184754
Q817765,P279,Q64826646
Q817765,P527,Q64826685
Q817765,P527,Q1144928
Q817765,P527,Q1135777
Q817765,P1269,Q9135
Q733021,P31,Q4167410
Q733021,P1889,Q827311
Q733021,P1889,Q27235644
Q733021,P460,Q100320946
Q733021,P460,Q15907355
Q733021,P460,Q297497
Q733021,P460,Q2088336
Q1144593,P31,Q8514257
Q1144593,P910,Q6979713
Q1144593,P1889,Q2207370
Q284286,P31,Q7397
Q284286,P178,Q7545224
Q284286,P306,Q14116
Q284286,P306,Q1406
Q284286,P306,Q3251801
Q284286,P1072,Q59535034
Q284286,P1072,Q3459655
Q284286,P1073,Q59535034
Q284286,P1073,Q3459655
Q204,P31,Q245102
Q204,P31,Q47371099
Q204,P31,Q12503
Q204,P31,Q13366104
Q204,P31,Q28920052
Q204,P31,Q30027695
Q204,P31,Q2313686
Q204,P31,Q47577
Q204,P31,Q2767837
Q204,P910,Q7154741
Q204,P460,Q217675
Q204,P1889,Q30027695
Q204,P1889,Q47342419
Q204,P1889,Q214604
Q204,P1889,Q9941
Q204,P1889,Q17278
Q204,P1889,Q28469710
Q204,P1889,Q294219
Q204,P1889,Q203
Q204,P1889,Q340734
Q204,P361,Q47342419
Q204,P461,Q204
Q204,P461,Q205
Q204,P1343,Q2041543
Q395524,P31,Q4167410
Q395524,P1889,Q37102313
Q7644488,P279,Q215536
Q7644488,P361,Q168678
Q12806,P910,Q6423154
Q12806,P279,Q2820185
Q12806,P1343,Q2657718
Q12806,P1343,Q2041543
Q12806,P1343,Q19180675
Q12806,P1343,Q602358
Q12806,P1343,Q20078554
Q12806,P1343,Q1138524
Q12806,P1343,Q20078554
Q12806,P366,Q48782649
Q847337,P910,Q8898839
Q555882,P910,Q55306116
Q555882,P279,Q4406616
Q563828,P31,Q4167410
Q563828,P1889,Q17151875
Q563828,P1889,Q37523492
Q296976,P31,Q4167410
Q296976,P460,Q5635457
Q296976,P1889,Q37025238
Q7898208,P31,Q35127
Q7898208,P127,Q37093
Q7898208,P7936,Q348303
Q422537,P31,Q4167410
Q182656,P910,Q8919898
Q182656,P279,Q80831
Q182656,P279,Q1129239
Q182656,P1424,Q14336250
Q182656,P361,Q4321
Q401749,P31,Q4167410
Q401749,P1889,Q37478839
Q19125,P105,Q36602
Q19125,P171,Q5308296
Q19125,P31,Q16521
Q19125,P910,Q8718349
Q19125,P1343,Q2657718
Q19125,P1343,Q1768721
Q19125,P1343,Q63284758
Q19125,P2579,Q94579930
Q254926,P31,Q4167410
Q2509280,P279,Q1914636
Q2509280,P527,Q329381
Q2509280,P1889,Q329381
Q2509280,P1343,Q101314624
Q2509280,P31,Q11862829
Q380075,P31,Q15987302
Q380075,P279,Q40348
Q380075,P910,Q8222038
Q380075,P1889,Q17048963
Q380075,P1343,Q1138524
Q380075,P425,Q44554
Q380075,P460,Q40348
Q219108,P31,Q4167410
Q219108,P460,Q26943914
Q4604,P106,Q4964182
Q4604,P106,Q37226
Q4604,P106,Q36180
Q4604,P19,Q210287
Q4604,P20,Q736936
Q4604,P22,Q847621
Q4604,P25,Q7239593
Q4604,P40,Q7240164
Q4604,P910,Q7283992
Q4604,P31,Q5
Q4604,P27,Q736936
Q4604,P802,Q836861
Q4604,P802,Q1207671
Q4604,P802,Q1155960
Q4604,P802,Q1039504
Q4604,P802,Q11447909
Q4604,P802,Q837573
Q4604,P802,Q840352
Q4604,P802,Q8193981
Q4604,P802,Q24835307
Q4604,P802,Q24835393
Q4604,P802,Q24834907
Q4604,P802,Q10892588
Q4604,P802,Q10892620
Q4604,P802,Q24835291
Q4604,P802,Q10892833
Q4604,P802,Q10892972
Q4604,P802,Q16903777
Q4604,P802,Q24835331
Q4604,P802,Q6853486
Q4604,P802,Q24835065
Q4604,P802,Q24835069
Q4604,P802,Q10893003
Q4604,P802,Q24835041
Q4604,P802,Q24834934
Q4604,P802,Q857146
Q4604,P802,Q5363408
Q4604,P802,Q24835267
Q4604,P802,Q10911249
Q4604,P802,Q24835319
Q4604,P802,Q12603391
Q4604,P802,Q24835981
Q4604,P802,Q10916692
Q4604,P802,Q24835142
Q4604,P802,Q10923186
Q4604,P802,Q10923196
Q4604,P802,Q24835146
Q4604,P802,Q24835327
Q4604,P802,Q10944085
Q4604,P802,Q24835253
Q4604,P802,Q10948046
Q4604,P802,Q24835280
Q4604,P802,Q11058327
Q4604,P802,Q24835311
Q4604,P802,Q11085100
Q4604,P802,Q24834886
Q4604,P802,Q11091584
Q4604,P802,Q4533461
Q4604,P802,Q24834895
Q4604,P802,Q24835323
Q4604,P802,Q11121049
Q4604,P802,Q24835138
Q4604,P802,Q16903788
Q4604,P802,Q24835989
Q4604,P802,Q24835985
Q4604,P802,Q11566026
Q4604,P802,Q24835261
Q4604,P802,Q24835256
Q4604,P802,Q24835365
Q4604,P802,Q24835057
Q4604,P802,Q24835303
Q4604,P802,Q24835295
Q4604,P802,Q24835049
Q4604,P802,Q24835045
Q4604,P802,Q24835077
Q4604,P802,Q8193964
Q4604,P802,Q24835272
Q4604,P802,Q16259876
Q4604,P802,Q24835129
Q4604,P802,Q698867
Q4604,P802,Q15926484
Q4604,P802,Q24835285
Q4604,P802,Q24835276
Q4604,P802,Q24835315
Q4604,P802,Q24834921
Q4604,P802,Q24835287
Q4604,P802,Q24835085
Q4604,P802,Q4505450
Q4604,P1412,Q35137
Q4604,P1343,Q27051827
Q4604,P1343,Q20078554
Q4604,P1343,Q19180675
Q4604,P1343,Q602358
Q4604,P1343,Q51955019
Q4604,P1343,Q67311526
Q4604,P1343,Q3181656
Q4604,P1343,Q272530
Q4604,P119,Q619258
Q4604,P1196,Q3739104
Q4604,P2959,Q27890372
Q4604,P3373,Q7239680
Q4604,P734,Q1043077
Q4604,P734,Q10105188
Q4604,P5008,Q5460604
Q4604,P140,Q9581
Q4604,P21,Q6581097
Q4604,P1441,Q1368044
Q4604,P135,Q9581
Q4604,P26,Q24835105
Q4604,P103,Q10913056
Q4604,P937,Q736936
Q4604,P800,Q276015
Q4604,P7763,Q71887839
Q4604,P101,Q5891
Q5284693,P31,Q4167410
Q5284693,P1889,Q16290281
Q563730,P31,Q4167410
Q607831,P31,Q4167410
Q607831,P460,Q62850754
Q459221,P910,Q25319254
Q459221,P279,Q30028999
Q459221,P279,Q989018
Q7077502,P31,Q4167410
Q259966,P31,Q4830453
Q259966,P31,Q6881511
Q259966,P159,Q837109
Q259966,P17,Q30
Q259966,P127,Q552581
Q259966,P452,Q880371
Q259966,P740,Q484678
Q259966,P910,Q25346218
Q259966,P1454,Q891723
Q259966,P1056,Q7397
Q259966,P1830,Q7659491
Q224461,P31,Q4167410
Q1144825,P31,Q157811
Q1144825,P31,Q151885
Q1144825,P279,Q157811
Q1144825,P1889,Q5167661
Q204461,P279,Q39546
Q626217,P1343,Q19180675
Q626217,P1343,Q602358
Q1177745,P31,Q4167410
Q1177745,P1889,Q16269170
Q1177745,P1889,Q36984978
Q1277658,P31,Q4167410
Q1277658,P1889,Q25114644
Q11491258,P31,Q451967
Q11491258,P1889,Q6458947
Q11491258,P279,Q451967
Q11491258,P1552,Q47001369
Q11491258,P1552,Q192683
Q11491258,P1382,Q457174
Q11491258,P1382,Q2144962
Q11491258,P828,Q730920
Q11491258,P6477,Q1207152
Q11491258,P6477,Q2689057
Q7631700,P31,Q169930
Q7631700,P156,Q5263860
Q7631700,P155,Q6027488
Q7631700,P136,Q208494
Q7631700,P175,Q2005871
Q7631700,P264,Q838544
Q987767,P279,Q8205328
Q987767,P279,Q39546
Q987767,P279,Q9158768
Q987767,P910,Q9756541
Q987767,P910,Q8737927
Q987767,P460,Q16896124
Q987767,P2670,Q63250353
Q987767,P366,Q23656961
Q987767,P527,Q28840755
Q987767,P527,Q28367692
Q987767,P4330,Q223557
Q987767,P1552,Q65088056
Q987767,P1552,Q1638155
Q987767,P1552,Q65088069
Q987767,P1552,Q39297
Q5377348,P31,Q4167410
Q108327,P31,Q4167410
Q34706,P105,Q7432
Q34706,P141,Q278113
Q34706,P910,Q7210519
Q34706,P171,Q127960
Q34706,P31,Q16521
Q34706,P1403,Q47450956
Q34706,P4733,Q3177438
Q34706,P1343,Q4086271
Q34706,P1343,Q1970746
Q34706,P1343,Q602358
Q34706,P1343,Q19180675
Q34706,P1343,Q1768721
Q34706,P166,Q25385081
Q34706,P279,Q7377
Q622404,P279,Q84048850
Q622404,P461,Q49835
Q622404,P1344,Q654810
Q622404,P1344,Q491
Q3788746,P31,Q4167410
Q227244,P31,Q4167410
Q227244,P1889,Q16883751
Q294388,P31,Q4167410
Q228307,P31,Q4167410
Q228307,P1889,Q12184718
Q216820,P1464,Q8080649
Q216820,P190,Q311326
Q216820,P131,Q485502
Q216820,P31,Q1093829
Q216820,P31,Q62049
Q216820,P17,Q30
Q216820,P910,Q7216901
Q216820,P112,Q11728012
Q216820,P1740,Q8458240
Q216820,P1792,Q8754458
Q216820,P1465,Q19860754
Q216820,P1376,Q485502
Q216820,P1830,Q5178958
Q216820,P1343,Q602358
Q216820,P7867,Q84055669
Q216820,P8744,Q5333810
Q417583,P31,Q4167410
Q417583,P1889,Q16869358
Q178024,P279,Q3955017
Q178024,P279,Q2095
Q178024,P279,Q5726634
Q178024,P279,Q1726215
Q178024,P279,Q21198046
Q178024,P910,Q6489503
Q178024,P527,Q36465
Q178024,P527,Q11435
Q123705,P279,Q48907157
Q123705,P279,Q56061
Q123705,P910,Q5189380
Q123705,P460,Q16837104
Q123705,P460,Q604435
Q123705,P361,Q515
Q123705,P1963,P276
Q123705,P1963,P131
Q123705,P1963,P625
Q123705,P1963,P17
Q123705,P1963,P281
Q123705,P1963,P373
Q123705,P1963,P18
Q123705,P1889,Q18114025
Q123705,P1889,Q1348006
Q123705,P1889,Q2983893
Q123705,P1889,Q61089180
Q1465769,P31,Q4167410
Q1465769,P910,Q25304400
Q341589,P31,Q4167410
Q7565,P1687,P22
Q7565,P31,Q171318
Q7565,P279,Q7566
Q7565,P279,Q84048850
Q7565,P910,Q7353782
Q7565,P1552,Q6581097
Q7565,P179,Q267388
Q7565,P461,Q7560
Q7565,P461,Q29514218
Q7565,P1889,Q4837249
Q17054581,P31,Q60539479
Q17054581,P279,Q352126
Q1999108,P31,Q4167410
Q246387,P31,Q4167410
Q5611828,P31,Q4167410
Q170579,P910,Q8584563
Q170579,P31,Q327968
Q170579,P1343,Q4086271
Q170579,P1343,Q1970746
Q170579,P1343,Q602358
Q170579,P1343,Q19180675
Q170579,P1343,Q4532138
Q170579,P1889,Q22113739
Q170579,P1889,Q14619005
Q170579,P1889,Q35874
Q170579,P279,Q2844542
Q170579,P5008,Q99671171
Q16245951,P31,Q868299
Q6484784,P31,Q4830453
Q6484784,P355,Q5291050
Q2330647,P31,Q12737077
Q6206,P31,Q1641112
Q6206,P31,Q179805
Q6206,P31,Q12909644
Q6206,P910,Q6584912
Q6206,P1343,Q21002838
Q6206,P1343,Q2657718
Q6206,P461,Q389647
Q6206,P2184,Q3183163
Q6206,P5008,Q5460604
Q6206,P279,Q273005
Q6206,P2283,Q1780322
Q6206,P1424,Q6329076
Q6206,P1424,Q6688953
Q6206,P7378,Q7264
Q5419420,P279,Q1207505
Q17737,P910,Q6488282
Q17737,P279,Q151885
Q17737,P1343,Q2657718
Q17737,P461,Q10354783
Q17737,P527,Q72867640
Q622664,P31,Q3918
Q622664,P31,Q23002039
Q622664,P910,Q8882890
Q622664,P17,Q30
Q622664,P361,Q184478
Q622664,P527,Q7895182
Q622664,P527,Q3428406
Q622664,P527,Q3182133
Q622664,P527,Q7626417
Q622664,P527,Q3526141
Q622664,P527,Q3050526
Q622664,P527,Q3485759
Q622664,P527,Q7864119
Q622664,P527,Q6119768
Q622664,P527,Q604029
Q622664,P527,Q16982442
Q622664,P527,Q3547155
Q622664,P527,Q7281806
Q622664,P527,Q3947008
Q622664,P527,Q7533741
Q622664,P527,Q7844316
Q622664,P527,Q7242568
Q622664,P527,Q962291
Q622664,P527,Q6337596
Q622664,P527,Q6324509
Q622664,P527,Q7638304
Q622664,P527,Q7638305
Q622664,P527,Q12053158
Q622664,P131,Q840668
Q622664,P2643,Q23334765
Q622664,P2643,Q23623483
Q622664,P2643,Q23662486
Q622664,P2643,Q23622771
Q622664,P2643,Q23662741
Q622664,P2643,Q23662433
Q622664,P421,Q847142
Q622664,P1424,Q20372243
Q622664,P3876,Q8729301
Q622664,P463,Q5275906
Q622664,P463,Q4810036
Q622664,P463,Q5059850
Q622664,P463,Q5137944
Q622664,P749,Q184478
Q622664,P355,Q604029
Q622664,P355,Q7895182
Q622664,P355,Q30297024
Q622664,P355,Q30264495
Q622664,P355,Q63969880
Q622664,P4195,Q8882897
Q622664,P159,Q16552
Q622664,P1830,Q6337596
Q622664,P1830,Q7242568
Q622664,P1830,Q7276790
Q622664,P1830,Q7844316
Q622664,P163,Q83404285
Q622664,P166,Q92429087
Q166332,P910,Q8412480
Q166332,P1343,Q2657718
Q166332,P1343,Q63284758
Q166332,P1343,Q4532138
Q166332,P31,Q16874643
Q166332,P279,Q178564
Q36544,P460,Q2104719
Q36544,P31,Q4167410
Q36544,P1889,Q2104719
Q980700,P31,Q4167410
Q980700,P1889,Q16881110
Q417526,P31,Q4167410
Q398599,P31,Q4167410
Q398599,P460,Q361576
Q398599,P460,Q1463826
Q398599,P460,Q18648976
Q292926,P31,Q4167410
Q5748732,P31,Q11173
Q3495449,P31,Q4167410
Q744,P910,Q7428773
Q744,P279,Q186752
Q744,P279,Q214609
Q744,P31,Q11344
Q744,P31,Q21073024
Q744,P31,Q21074597
Q744,P31,Q187661
Q744,P1542,Q21174946
Q744,P1542,Q16606544
Q744,P1343,Q2657718
Q744,P1343,Q602358
Q744,P1343,Q602358
Q744,P1343,Q19190511
Q744,P2868,Q7831165
Q744,P138,Q419197
Q744,P61,Q468351
Q744,P1552,Q184207
Q744,P361,Q239825
Q744,P361,Q205253
Q194189,P910,Q8699379
Q194189,P31,Q151885
Q194189,P31,Q1914636
Q194189,P279,Q601401
Q194189,P279,Q815823
Q194189,P461,Q1369832
Q194189,P361,Q39809
Q194189,P361,Q159810
Q194189,P361,Q601401
Q194189,P3095,Q685433
Q194189,P3095,Q1762621
Q82001,P279,Q629103
Q82001,P279,Q553
Q82001,P279,Q3405827
Q82001,P910,Q7024325
Q82001,P1343,Q602358
Q82001,P1343,Q19180675
Q82001,P1343,Q4173137
Q82001,P1343,Q30059240
Q82001,P1343,Q30059240
Q82001,P1343,Q4532138
Q82001,P1889,Q29838213
Q82001,P1441,Q2385
Q12518,P279,Q41176
Q12518,P910,Q7343067
Q12518,P1424,Q22845830
Q12518,P1963,P2048
Q12518,P1963,P131
Q12518,P1963,P571
Q12518,P1963,P84
Q12518,P1963,P149
Q12518,P1963,P856
Q12518,P1963,P1435
Q12518,P1963,P421
Q12518,P1963,P2049
Q12518,P1963,P2386
Q12518,P5008,Q5460604
Q12518,P1343,Q20078554
Q12518,P1343,Q1768721
Q12518,P361,Q200334
Q12518,P5869,Q243
Q448585,P31,Q4167410
Q618779,P910,Q18738587
Q618779,P1687,P166
Q618779,P1687,P5460
Q618779,P1687,P6208
Q618779,P1687,P4566
Q618779,P1687,P1686
Q618779,P1687,P1027
Q618779,P1343,Q2657718
Q618779,P1343,Q602358
Q618779,P1343,Q19190511
Q618779,P279,Q21142755
Q618779,P1963,P1346
Q618779,P1963,P1027
Q618779,P1963,P5460
Q618779,P1963,P166
Q618779,P1424,Q5626594
Q618779,P461,Q186361
Q618779,P527,Q38033430
Q618779,P2354,Q3260003
Q618779,P6186,Q8105429
Q618779,P460,Q5257307
Q618779,P6104,Q18762205
Q618779,P1382,Q841654
Q298625,P31,Q4167410
Q1161601,P31,Q4167410
Q1161601,P460,Q252728
Q1161601,P1889,Q37025028
Q425779,P361,Q192270
Q425779,P361,Q601401
Q425779,P279,Q126793
Q425779,P910,Q9165805
Q425779,P2283,Q64160412
Q12799360,P31,Q101352
Q12799360,P1889,Q2107969
Q12799360,P282,Q8229
Q12799360,P407,Q1860
Q263443,P1687,P2831
Q263443,P279,Q4406616
Q263443,P279,Q5003624
Q263443,P366,Q947965
Q229055,P31,Q4167410
Q229055,P1889,Q11901748
Q229055,P1889,Q47268139
Q2003053,P279,Q649107
Q2003053,P279,Q44475
Q2003053,P910,Q9000206
Q537151,P279,Q327197
Q537151,P1343,Q2041543
Q537151,P1343,Q1138524
Q537151,P1343,Q1768721
Q537151,P1343,Q4532138
Q537151,P527,Q3237993
Q537151,P527,Q12769393
Q537151,P527,Q2352928
Q537151,P828,Q336392
Q537151,P1889,Q16176775
Q537151,P1889,Q5420623
Q537151,P1889,Q2052098
Q537151,P1889,Q295047
Q537151,P1889,Q31095061
Q537151,P1889,Q2776263
Q345292,P31,Q4167410
Q1536,P31,Q6313217
Q1536,P31,Q12143
Q1536,P460,Q6574
Q1536,P460,Q30192
Q1536,P460,Q843589
Q1536,P144,Q119395
Q1536,P527,Q194230
Q1536,P1462,Q530278
Q346604,P31,Q4167410
Q346604,P1889,Q16977825
Q346604,P1889,Q16860536
Q346604,P460,Q928762
Q346604,P460,Q22928197
Q831999,P31,Q36557
Q831999,P31,Q57812611
Q831999,P21,Q44148
Q831999,P19,Q508014
Q831999,P20,Q2078072
Q831999,P127,Q730948
Q831999,P127,Q270263
Q831999,P127,Q223766
Q831999,P910,Q55325772
Q831999,P1889,Q233190
Q1752317,P279,Q235356
Q1752317,P31,Q20820259
Q440214,P31,Q4167410
Q3446915,P31,Q1781513
Q3446915,P1889,Q757867
Q523990,P31,Q4167410
Q869457,P1889,Q7079433
Q869457,P1889,Q97307779
Q869457,P61,Q61792096
Q869457,P279,Q16532276
Q869457,P276,Q97307779
Q753486,P279,Q312466
Q753486,P910,Q8723099
Q753486,P31,Q17155032
Q298166,P31,Q4167410
Q3663963,P31,Q4167410
Q174989,P361,Q9135
Q174989,P361,Q1125653
Q174989,P910,Q7145958
Q174989,P1424,Q6405024
Q174989,P1424,Q10777901
Q174989,P31,Q30059018
Q174989,P279,Q7397
Q174989,P279,Q88864296
Q174989,P6104,Q6526225
Q174989,P1687,P3559
Q174989,P1889,Q1125653
Q174989,P1889,Q1330734
Q174989,P1889,Q1629107
Q174989,P1889,Q48473
Q174989,P1889,Q235557
Q1885434,P31,Q4167410
Q1885434,P1889,Q48980177
Q364466,P31,Q4167410
Q364466,P1889,Q16877483
Q364466,P1889,Q30138411
Q83267,P279,Q24962887
Q83267,P279,Q1456832
Q83267,P279,Q1920219
Q83267,P279,Q7766927
Q83267,P910,Q6478924
Q83267,P828,Q734611
Q83267,P3095,Q2159907
Q83267,P3095,Q2384039
Q83267,P1889,Q1184244
Q83267,P1889,Q2995853
Q83267,P1889,Q24962887
Q83267,P1889,Q1456832
Q83267,P1382,Q1456832
Q83267,P1424,Q15977905
Q83267,P460,Q12754227
Q83267,P460,Q1456832
Q83267,P1557,Q12754227
Q83267,P1343,Q4532138
Q11990,P279,Q2996394
Q11990,P910,Q7014346
Q11990,P2670,Q3427333
Q11990,P2670,Q2725616
Q11990,P2670,Q3427336
Q11990,P31,Q2996394
Q11990,P5008,Q5460604
Q11990,P1542,Q1899900
Q299300,P31,Q4167410
Q299300,P1889,Q11342311
Q726912,P176,Q477016
Q726912,P31,Q4343
Q13241,P910,Q7400762
Q13241,P279,Q42527
Q13241,P1889,Q6543079
Q13241,P361,Q782794
Q182949,P31,Q4167410
Q879242,P31,Q4167410
Q404273,P31,Q4167410
Q3227436,P31,Q7397
Q3227436,P178,Q1137289
Q3227436,P178,Q55864442
Q3227436,P1072,Q47012501
Q3227436,P1072,Q99972520
Q3227436,P1072,Q99972599
Q3227436,P1072,Q99973071
Q3227436,P1073,Q47012501
Q3227436,P1073,Q99972520
Q3227436,P1073,Q99972599
Q3227436,P1073,Q99973071
Q3227436,P366,Q167555
Q3569318,P31,Q7397
Q3569318,P178,Q4037168
Q3569318,P178,Q677085
Q3569318,P366,Q132744
Q7126717,P461,Q7126699
Q7126717,P31,Q151885
Q7126717,P279,Q1724915
Q7126717,P361,Q7406919
Q7126717,P1687,P4945
Q563912,P31,Q4167410
Q3983033,P277,Q15777
Q3983033,P277,Q81571
Q3983033,P275,Q185534
Q3983033,P31,Q1071233
Q235144,P31,Q4167410
Q1023993,P31,Q2613738
Q1023993,P17,Q30
Q1023993,P276,Q2624848
Q644137,P31,Q4167410
Q644137,P1889,Q19810530
Q644137,P1889,Q20089343
Q644137,P1889,Q5646565
Q644137,P1889,Q717767
Q644137,P1889,Q10516994
Q644137,P1889,Q26437614
Q644137,P1889,Q26438199
Q644137,P1889,Q94694241
Q644137,P1889,Q20063730
Q644137,P460,Q12790726
Q189794,P31,Q9135
Q189794,P910,Q8787815
Q189794,P178,Q37156
Q189794,P178,Q2283
Q189794,P277,Q15777
Q189794,P400,Q182933
Q189794,P407,Q1860
Q189794,P4969,Q29342781
Q189794,P4969,Q307032
Q189794,P275,Q218616
Q230259,P31,Q4167410
Q230259,P1889,Q37187895
Q230259,P1889,Q930933
Q1865281,P910,Q7152651
Q1865281,P31,Q55983715
Q1865281,P279,Q382441
Q1865281,P417,Q208961
Q1865281,P1343,Q20961706
Q1865281,P1343,Q4086271
Q1865281,P1343,Q1768721
Q1865281,P4733,Q523231
Q330284,P910,Q6118457
Q330284,P910,Q8294189
Q330284,P460,Q132510
Q330284,P460,Q219760
Q330284,P279,Q17350442
Q330284,P279,Q13226383
Q330284,P279,Q39659371
Q330284,P1557,Q37654
Q330284,P1889,Q3390477
Q330284,P1889,Q7685817
Q330284,P31,Q8187769
Q330284,P2579,Q8134
Q330284,P2579,Q97008347
Q405014,P31,Q4167410
Q405014,P1889,Q37170994
Q225131,P21,Q6581097
Q225131,P19,Q26887
Q225131,P20,Q18438
Q225131,P31,Q5
Q225131,P27,Q30
Q225131,P106,Q36834
Q225131,P106,Q12377274
Q225131,P106,Q15981151
Q225131,P106,Q486748
Q225131,P735,Q37080
Q225131,P1303,Q8338
Q225131,P1303,Q5994
Q225131,P1303,Q202027
Q225131,P136,Q8341
Q225131,P264,Q183387
Q225131,P1196,Q3739104
Q225131,P69,Q6475860
Q225131,P509,Q12192
Q225131,P1343,Q67311526
Q352214,P31,Q4167410
Q352214,P1889,Q16870629
Q6515782,P31,Q40050
Q6515782,P176,Q3295867
Q6515782,P750,Q2981189
Q6515782,P495,Q408
Q93241,P910,Q6376066
Q93241,P1269,Q1196904
Q93241,P279,Q234460
Q93241,P2184,Q5867993
Q227375,P31,Q4167410
Q227375,P1889,Q37510907
Q227375,P1889,Q11639602
Q227375,P1343,Q2041543
Q292990,P277,Q15777
Q292990,P275,Q18526202
Q292990,P31,Q216653
Q292990,P31,Q341
Q292990,P306,Q14656
Q292990,P306,Q3251801
Q292990,P306,Q58636917
Q292990,P910,Q55293311
Q292990,P366,Q857566
Q292990,P6216,Q50423863
Q405086,P31,Q4167410
Q405086,P1889,Q5242173
Q405086,P1889,Q30315490
Q405086,P460,Q16275322
Q405086,P460,Q355269
Q405086,P460,Q349401
Q405086,P460,Q1207147
Q405086,P460,Q1165432
Q405086,P460,Q19645160
Q1289988,P31,Q4167410
Q1289988,P1889,Q36959026
Q1289988,P1889,Q4048847
Q401582,P31,Q4167410
Q401582,P1889,Q29440921
Q780,P910,Q8358730
Q780,P279,Q178559
Q780,P279,Q1797813
Q780,P5008,Q5460604
Q780,P5008,Q54439832
Q780,P1552,Q4536585
Q780,P1343,Q602358
Q780,P1343,Q1768721
Q780,P1889,Q864693
Q780,P527,Q2216236
Q780,P527,Q2201314
Q780,P31,Q780
Q780,P31,Q502895
Q780,P1672,Q2607161
Q184191,P279,Q131207
Q184191,P361,Q77667944
Q537094,P31,Q4167410
Q537094,P460,Q232791
Q537094,P460,Q15623817
Q537094,P460,Q4052672
Q537094,P460,Q7927410
Q537094,P460,Q449201
Q537094,P1889,Q590893
Q537094,P1889,Q23831647
Q537094,P1889,Q47093683
Q537094,P1889,Q82301261
Q223575,P361,Q14745
Q223575,P279,Q987767
Q223575,P279,Q28803767
Q242511,P31,Q4167410
Q15947482,P31,Q4167410
Q1938640,P279,Q13405593
Q402281,P31,Q4167410
Q21396389,P31,Q12308941
Q21396389,P282,Q8229
Q21396389,P1533,Q65648434
Q1172273,P31,Q4167410
Q249573,P31,Q4167410
Q249573,P1889,Q27036496
Q249573,P1889,Q1544694
Q249573,P1889,Q25114414
Q249573,P1889,Q4039191
Q249573,P460,Q223932
Q249573,P460,Q45227336
Q4420404,P31,Q4167410
Q396944,P31,Q4167410
Q180256,P910,Q7270273
Q180256,P279,Q3249551
Q180256,P279,Q19833559
Q180256,P1269,Q9135
Q180256,P527,Q277541
Q395,P527,Q12479
Q395,P527,Q8087
Q395,P527,Q3968
Q395,P527,Q149972
Q395,P527,Q217413
Q395,P527,Q12482
Q395,P527,Q12483
Q395,P527,Q5862903
Q395,P527,Q131476
Q395,P527,Q42989
Q395,P527,Q7754
Q395,P1151,Q7778173
Q395,P910,Q4619
Q395,P31,Q11862829
Q395,P31,Q4671286
Q395,P31,Q41511
Q395,P279,Q816264
Q395,P279,Q475023
Q395,P2184,Q185264
Q395,P2184,Q737279
Q395,P2578,Q246672
Q395,P2578,Q24034552
Q395,P1343,Q2041543
Q395,P1343,Q30059240
Q395,P2737,Q23766486
Q395,P2959,Q20829391
Q395,P3095,Q170790
Q395,P5008,Q5460604
Q395,P5125,Q3610632
Q395,P6104,Q8487137
Q249741,P31,Q4167410
Q2915753,P31,Q7397
Q2915753,P136,Q210499
Q2915753,P2283,Q27979253
Q2915753,P366,Q210499
Q1209449,P31,Q4167410
Q1209449,P1889,Q37531740
Q1209449,P1889,Q61654570
Q5070802,P910,Q9880092
Q5070802,P279,Q2141565
Q5070802,P1889,Q1312246
Q7316232,P31,Q4167410
Q4043297,P31,Q43229
Q4043297,P159,Q25413
Q227177,P31,Q4167410
Q227177,P1889,Q13635636
Q209860,P910,Q9416671
Q209860,P178,Q2660973
Q209860,P31,Q272683
Q209860,P31,Q6663274
Q209860,P31,Q241317
Q209860,P31,Q5300
Q209860,P31,Q30167277
Q209860,P1552,Q30167277
Q64077,P1464,Q9228136
Q64077,P17,Q39
Q64077,P31,Q70208
Q64077,P31,Q54935504
Q64077,P131,Q12746
Q64077,P131,Q661216
Q64077,P47,Q65823
Q64077,P47,Q65816
Q64077,P47,Q69704
Q64077,P47,Q65797
Q64077,P47,Q65818
Q64077,P47,Q65765
Q64077,P47,Q65771
Q64077,P47,Q69702
Q64077,P47,Q68440
Q64077,P47,Q66279
Q64077,P47,Q64171
Q64077,P421,Q6655
Q64077,P421,Q6723
Q64077,P37,Q188
Q64077,P190,Q505907
Q64077,P910,Q7368839
Q64077,P1456,Q14913793
Q64077,P1792,Q17313298
Q64077,P1435,Q12127133
Q64077,P1365,Q65785
Q64077,P206,Q14339
Q836862,P1269,Q7397
Q836862,P1269,Q9135
Q836862,P461,Q1183329
Q16869202,P31,Q21278897
Q1146269,P31,Q4167410
Q5293,P279,Q66221
Q5293,P279,Q1364527
Q5293,P279,Q37768
Q5293,P279,Q193395
Q5293,P279,Q1048236
Q5293,P1552,Q37768
Q5293,P2283,Q3294789
Q5293,P186,Q441961
Q5293,P186,Q411235
Q5293,P178,Q1373431
Q5293,P178,Q37156
Q5293,P910,Q55330989
Q5293,P2789,Q493576
Q131081,P31,Q16335296
Q131081,P279,Q4504549
Q131081,P910,Q9673977
Q131081,P1343,Q30059240
Q131081,P1343,Q602358
Q131081,P1343,Q3181656
Q102205,P279,Q4437984
Q102205,P279,Q27166344
Q102205,P1889,Q11435
Q102205,P5008,Q5460604
Q1725788,P910,Q9232059
Q1725788,P31,Q16521
Q1725788,P171,Q28319
Q1725788,P1343,Q4086271
Q1725788,P1343,Q1970746
Q1725788,P1343,Q602358
Q1725788,P1343,Q19180675
Q1725788,P1343,Q602358
Q1725788,P1343,Q19190511
Q1725788,P1343,Q1768721
Q1725788,P105,Q5867959
Q667278,P17,Q40
Q667278,P131,Q255469
Q667278,P31,Q1802801
Q667278,P31,Q667509
Q667278,P1464,Q18752799
Q667278,P1465,Q18761563
Q667278,P910,Q9132355
Q667278,P1456,Q1859135
Q667278,P47,Q567835
Q667278,P47,Q252674
Q667278,P47,Q250984
Q667278,P47,Q694730
Q667278,P47,Q264430
Q667278,P421,Q6655
Q667278,P421,Q6723
Q667278,P1792,Q32070047
Q211558,P31,Q4167410
Q14754454,P425,Q28008286
Q14754454,P279,Q28008277
Q41576,P31,Q11173
Q41576,P31,Q12140
Q41576,P31,Q850692
Q41576,P31,Q2908004
Q41576,P31,Q55427776
Q41576,P31,Q72941151
Q41576,P910,Q7276392
Q41576,P636,Q420054
Q41576,P636,Q3153701
Q41576,P769,Q410061
Q41576,P769,Q408163
Q41576,P769,Q7739
Q41576,P769,Q423437
Q41576,P769,Q165399
Q41576,P769,Q4890934
Q41576,P769,Q422438
Q41576,P769,Q407972
Q41576,P769,Q425295
Q41576,P769,Q409672
Q41576,P769,Q118551
Q41576,P769,Q425120
Q41576,P769,Q3712521
Q41576,P769,Q424238
Q41576,P769,Q408637
Q41576,P769,Q174259
Q41576,P769,Q213511
Q41576,P769,Q423757
Q41576,P769,Q421381
Q41576,P769,Q947595
Q41576,P769,Q251347
Q41576,P769,Q3791612
Q41576,P769,Q6821618
Q41576,P769,Q179996
Q41576,P769,Q424940
Q41576,P769,Q410011
Q41576,P769,Q416206
Q41576,P769,Q144085
Q41576,P769,Q10354103
Q41576,P769,Q417597
Q41576,P769,Q412496
Q41576,P769,Q419394
Q41576,P769,Q413591
Q41576,P769,Q976559
Q41576,P769,Q422418
Q41576,P769,Q417909
Q41576,P769,Q58375
Q41576,P527,Q627
Q41576,P527,Q629
Q41576,P527,Q623
Q41576,P1343,Q2657718
Q41576,P1343,Q3181656
Q41576,P1343,Q602358
Q41576,P1343,Q19180675
Q41576,P2175,Q81938
Q41576,P2175,Q35805
Q41576,P3489,Q28123617
Q41576,P3780,Q48829055
Q41576,P2868,Q1868462
Q41576,P2868,Q3359124
Q41576,P2868,Q899647
Q41576,P4952,Q2005334
Q41576,P129,Q21108125
Q41576,P1582,Q158018
Q41576,P1582,Q5396543
Q41576,P361,Q14860804
Q41576,P361,Q14913509
Q41576,P361,Q22275973
Q41576,P361,Q22275972
Q41576,P361,Q14819899
Q41576,P361,Q14820884
Q1256774,P31,Q4167410
Q1256774,P1889,Q37137113
Q181055,P279,Q746549
Q181055,P279,Q2957687
Q181055,P279,Q28803
Q181055,P279,Q81799
Q181055,P138,Q1741
Q181055,P138,Q628201
Q181055,P138,Q144
Q181055,P910,Q7428040
Q181055,P495,Q183
Q181055,P527,Q23004
Q181055,P527,Q327316
Q181055,P527,Q178359
Q181055,P61,Q19974480
Q181055,P31,Q7427595
Q181055,P366,Q213449
Q181055,P366,Q63553771
Q17221,P31,Q4164871
Q17221,P31,Q28640
Q17221,P910,Q6343855
Q17221,P279,Q11997597
Q17221,P279,Q255274
Q17221,P425,Q43669498
Q17221,P1889,Q3398872
Q1144005,P31,Q235557
Q1144005,P144,Q467454
Q1144005,P1366,Q1023647
Q1144005,P629,Q56296574
Q224868,P31,Q4167410
Q224868,P1889,Q5576117
Q345384,P31,Q4167410
Q345384,P1889,Q37250054
Q16868728,P31,Q18327510
Q16868728,P1441,Q16820462
Q16868728,P170,Q1046593
Q2922301,P279,Q11461
Q2922301,P460,Q86913216
Q18353520,P17,Q30
Q53247,P910,Q9192714
Q53247,P910,Q9510839
Q53247,P112,Q252785
Q53247,P17,Q17
Q53247,P159,Q496080
Q53247,P159,Q496080
Q53247,P31,Q891723
Q53247,P31,Q161726
Q53247,P31,Q4830453
Q53247,P31,Q6881511
Q53247,P414,Q217475
Q53247,P414,Q1683760
Q53247,P414,Q1188840
Q53247,P414,Q1930860
Q53247,P414,Q1526647
Q53247,P355,Q7130064
Q53247,P355,Q5364758
Q53247,P355,Q28971307
Q53247,P355,Q29110228
Q53247,P355,Q11329171
Q53247,P355,Q11329123
Q53247,P355,Q866809
Q53247,P355,Q11301062
Q53247,P355,Q11329115
Q53247,P355,Q11329162
Q53247,P355,Q49203
Q53247,P355,Q50992391
Q53247,P355,Q168383
Q53247,P355,Q11329116
Q53247,P355,Q17219647
Q53247,P355,Q11329167
Q53247,P355,Q11329163
Q53247,P355,Q11329122
Q53247,P355,Q17219652
Q53247,P355,Q11329158
Q53247,P355,Q11329119
Q53247,P355,Q11329118
Q53247,P355,Q22127504
Q53247,P355,Q11329124
Q53247,P355,Q11329114
Q53247,P355,Q11329129
Q53247,P355,Q11329125
Q53247,P355,Q41567544
Q53247,P355,Q52852506
Q53247,P452,Q2986369
Q53247,P452,Q11650
Q53247,P452,Q212920
Q53247,P452,Q941594
Q53247,P1454,Q1480166
Q53247,P1056,Q289
Q53247,P1056,Q1066566
Q53247,P1056,Q62927
Q53247,P1056,Q3783103
Q53247,P1056,Q212920
Q53247,P1056,Q56155
Q53247,P1056,Q3962
Q53247,P1056,Q8076
Q53247,P1056,Q3966
Q53247,P1056,Q7397
Q53247,P740,Q35765
Q53247,P169,Q11556379
Q53247,P1830,Q11329126
Q53247,P1830,Q20983128
Q53247,P1830,Q11354228
Q53247,P1830,Q1146710
Q53247,P1830,Q833266
Q53247,P1830,Q1426394
Q53247,P1830,Q6970077
Q53247,P6364,Q1088
Q53247,P1365,Q61490214
Q53247,P463,Q858851
Q53247,P463,Q233044
Q53247,P463,Q37033
Q53247,P463,Q1361045
Q53247,P463,Q7389502
Q53247,P6379,Q188740
Q53247,P1889,Q7164826
Q1367353,P361,Q77468620
Q1367353,P31,Q9415
Q1367353,P31,Q54989186
Q1367353,P31,Q19829125
Q1367353,P1269,Q9418
Q1367353,P1382,Q5166129
Q178417,P460,Q579072
Q178417,P31,Q205985
Q178417,P31,Q45713
Q178417,P31,Q207174
Q178417,P31,Q22989102
Q178417,P31,Q511056
Q178417,P21,Q6581072
Q178417,P25,Q184232
Q178417,P22,Q179209
Q178417,P26,Q250588
Q178417,P26,Q3010239
Q178417,P40,Q109220
Q178417,P40,Q467515
Q178417,P40,Q903273
Q178417,P40,Q59697
Q178417,P40,Q3378668
Q178417,P40,Q1775444
Q178417,P40,Q2245728
Q178417,P40,Q836518
Q178417,P40,Q1721421
Q178417,P40,Q1740184
Q178417,P40,Q9337884
Q178417,P40,Q742680
Q178417,P40,Q7263645
Q178417,P40,Q7180028
Q178417,P40,Q7616947
Q178417,P40,Q16331689
Q178417,P40,Q17138459
Q178417,P40,Q506781
Q178417,P40,Q55529508
Q178417,P1049,Q855270
Q178417,P1343,Q19180675
Q178417,P1343,Q602358
Q178417,P1343,Q1138524
Q178417,P1343,Q30059240
Q178417,P1343,Q20078554
Q178417,P1343,Q3181656
Q178417,P3373,Q134270
Q178417,P3373,Q131585
Q178417,P451,Q34201
Q178417,P451,Q643504
Q178417,P551,Q527
Q178417,P4185,Q25434
Q178417,P4185,Q203788
Q178417,P4185,Q516992
Q178417,P4185,Q102231
Q178417,P4185,Q749249
Q178417,P4185,Q10409638
Q178417,P4185,Q18347690
Q178417,P4185,Q47328
Q178417,P2925,Q11326182
Q178417,P1441,Q8275
Q225620,P31,Q4167410
Q225620,P1889,Q614439
Q225620,P1889,Q90010335
Q225620,P1889,Q2617185
Q7311806,P31,Q4167410
Q7311806,P1889,Q36878516
Q359385,P31,Q15916459
Q178285,P279,Q218616
Q178285,P910,Q7455226
Q178285,P275,Q725920
Q178285,P1889,Q5500964
Q178285,P1889,Q341
Q178285,P461,Q1340793
Q178285,P31,Q79719
Q247398,P31,Q4167410
Q300115,P31,Q1571814
Q300115,P306,Q170434
Q300115,P306,Q18168774
Q446253,P31,Q4167410
Q134768,P279,Q3246609
Q134768,P279,Q154
Q134768,P910,Q7214075
Q134768,P910,Q18562959
Q134768,P1424,Q10563221
Q134768,P1889,Q3246609
Q134768,P2354,Q2507328
Q134768,P186,Q2453629
Q134768,P186,Q40050
Q134768,P186,Q59541
Q406391,P361,Q5157540
Q406391,P910,Q7213847
Q406391,P31,Q4485156
Q406391,P1479,Q183205
Q406391,P1479,Q190167
Q406391,P1478,Q4089244
Q657221,P279,Q6460735
Q657221,P910,Q24069352
Q657221,P527,Q14915034
Q657221,P155,Q12896105
Q849964,P910,Q8560447
Q849964,P279,Q4388799
Q849964,P1552,Q918306
Q849964,P1552,Q4112933
Q849964,P495,Q833
Q205458,P175,Q2306
Q205458,P264,Q1324712
Q205458,P264,Q3629023
Q205458,P31,Q208569
Q205458,P31,Q482994
Q205458,P136,Q49451
Q205458,P136,Q11399
Q205458,P407,Q1860
Q205458,P658,Q957641
Q205458,P658,Q300520
Q205458,P658,Q945192
Q205458,P658,Q761625
Q205458,P658,Q194231
Q205458,P658,Q507727
Q205458,P910,Q32689124
Q205458,P162,Q178517
Q205458,P361,Q62070098
Q205458,P361,Q62070186
Q205458,P361,Q3987064
Q205458,P361,Q835054
Q205458,P1889,Q55281678
Q205458,P495,Q145
Q205458,P155,Q383486
Q205458,P156,Q210140
Q2283,P1151,Q7851739
Q2283,P112,Q5284
Q2283,P112,Q162005
Q2283,P17,Q30
Q2283,P31,Q1058914
Q2283,P31,Q4830453
Q2283,P31,Q18388277
Q2283,P159,Q223718
Q2283,P414,Q82059
Q2283,P414,Q496672
Q2283,P169,Q181162
Q2283,P169,Q7426870
Q2283,P169,Q5284
Q2283,P910,Q4515426
Q2283,P355,Q73801
Q2283,P355,Q2277744
Q2283,P355,Q6840080
Q2283,P355,Q6840142
Q2283,P355,Q765389
Q2283,P355,Q16538568
Q2283,P355,Q6840192
Q2283,P355,Q642707
Q2283,P355,Q308913
Q2283,P355,Q1688786
Q2283,P355,Q7246643
Q2283,P355,Q5215986
Q2283,P355,Q3899649
Q2283,P355,Q5602200
Q2283,P355,Q6840202
Q2283,P355,Q649655
Q2283,P355,Q6784797
Q2283,P355,Q6176911
Q2283,P355,Q224599
Q2283,P355,Q7697636
Q2283,P355,Q7936108
Q2283,P355,Q296372
Q2283,P355,Q130729
Q2283,P355,Q572502
Q2283,P355,Q835847
Q2283,P355,Q3421389
Q2283,P355,Q5204335
Q2283,P355,Q3857016
Q2283,P355,Q12238437
Q2283,P355,Q28973181
Q2283,P355,Q28973183
Q2283,P355,Q28973185
Q2283,P355,Q31327320
Q2283,P355,Q20081886
Q2283,P355,Q213660
Q2283,P355,Q30273752
Q2283,P355,Q2660350
Q2283,P355,Q80054718
Q2283,P355,Q80054807
Q2283,P355,Q80055035
Q2283,P355,Q80055169
Q2283,P355,Q80055510
Q2283,P355,Q80055723
Q2283,P355,Q80056039
Q2283,P355,Q66741799
Q2283,P355,Q246125
Q2283,P355,Q6840157
Q2283,P355,Q94781916
Q2283,P355,Q98785815
Q2283,P355,Q189557
Q2283,P1343,Q17311605
Q2283,P1343,Q17290934
Q2283,P452,Q21157865
Q2283,P452,Q880371
Q2283,P452,Q638608
Q2283,P1056,Q1406
Q2283,P1056,Q11255
Q2283,P1056,Q1071340
Q2283,P1056,Q40984
Q2283,P1056,Q725967
Q2283,P1056,Q856705
Q2283,P1056,Q134067
Q2283,P1056,Q15281614
Q2283,P1056,Q471806
Q2283,P1056,Q16538568
Q2283,P1056,Q182496
Q2283,P1056,Q3966
Q2283,P1056,Q132020
Q2283,P1056,Q1851989
Q2283,P1454,Q98927546
Q2283,P199,Q1144725
Q2283,P2184,Q3273141
Q2283,P463,Q20947086
Q2283,P463,Q858851
Q2283,P463,Q37033
Q2283,P463,Q1361045
Q2283,P463,Q7389502
Q2283,P2959,Q22828824
Q2283,P361,Q507306
Q2283,P361,Q180816
Q2283,P361,Q30748112
Q2283,P166,Q858637
Q2283,P1830,Q958338
Q2283,P1830,Q978096
Q2283,P1830,Q1062711
Q2283,P1830,Q1065154
Q2283,P1830,Q1129295
Q2283,P1830,Q1146863
Q2283,P1830,Q1156115
Q2283,P1830,Q1358859
Q2283,P1830,Q2045936
Q2283,P1830,Q2118736
Q2283,P1830,Q2300682
Q2283,P1830,Q2499854
Q2283,P1830,Q2547997
Q2283,P1830,Q2611367
Q2283,P1830,Q2660350
Q2283,P1830,Q2878637
Q2283,P1830,Q2889043
Q2283,P1830,Q2894122
Q2283,P1830,Q3049573
Q2283,P1830,Q3073996
Q2283,P1830,Q3835206
Q2283,P1830,Q3835210
Q2283,P1830,Q3857021
Q2283,P1830,Q3903488
Q2283,P1830,Q4044236
Q2283,P1830,Q4048220
Q2283,P1830,Q4673224
Q2283,P1830,Q4914134
Q2283,P1830,Q4914149
Q2283,P1830,Q4914152
Q2283,P1830,Q4922077
Q2283,P1830,Q5072376
Q2283,P1830,Q5287259
Q2283,P1830,Q5582926
Q2283,P1830,Q6715783
Q2283,P1830,Q6717831
Q2283,P1830,Q6717838
Q2283,P1830,Q6717849
Q2283,P1830,Q6784797
Q2283,P1830,Q6840240
Q2283,P1830,Q7663628
Q2283,P1830,Q8043371
Q2283,P1830,Q9303048
Q2283,P1830,Q15281614
Q2283,P1830,Q15897235
Q2283,P1830,Q16967691
Q2283,P1830,Q18199129
Q2283,P1830,Q20571273
Q2283,P1830,Q20712437
Q2283,P1830,Q21490961
Q2283,P1830,Q21515527
Q2283,P1830,Q24063850
Q2283,P1830,Q28136779
Q2283,P1830,Q31327320
Q2283,P1830,Q48817502
Q2283,P1830,Q56348898
Q2283,P1830,Q364
Q2283,P1830,Q73801
Q2283,P1830,Q130729
Q2283,P1830,Q131910
Q2283,P1830,Q182496
Q2283,P1830,Q192527
Q2283,P1830,Q192845
Q2283,P1830,Q213660
Q2283,P1830,Q219136
Q2283,P1830,Q224599
Q2283,P1830,Q240638
Q2283,P1830,Q246125
Q2283,P1830,Q246157
Q2283,P1830,Q308913
Q2283,P1830,Q332268
Q2283,P1830,Q522563
Q2283,P1830,Q641542
Q2283,P1830,Q658148
Q2283,P1830,Q835847
Q2283,P1830,Q841814
Q2283,P1830,Q848985
Q2283,P1830,Q863756
Q2283,P1830,Q864889
Q2283,P1830,Q876646
Q2283,P1830,Q3400976
Q2283,P127,Q219635
Q2283,P127,Q5284
Q2283,P127,Q849363
Q2283,P127,Q505275
Q2283,P127,Q2037125
Q2283,P127,Q849363
Q2283,P127,Q219635
Q2283,P127,Q181162
Q2283,P127,Q5284
Q2283,P3320,Q211098
Q2283,P3320,Q5284
Q2283,P3320,Q80049510
Q2283,P3320,Q80050392
Q2283,P3320,Q7426870
Q2283,P3320,Q293365
Q2283,P3320,Q18386868
Q2283,P3320,Q4794669
Q2283,P3320,Q6262563
Q2283,P3320,Q3443484
Q2283,P3320,Q27058352
Q2283,P3320,Q55173
Q2283,P3320,Q5081279
Q2283,P3320,Q75724
Q2283,P488,Q3443484
Q2283,P740,Q34804
Q2283,P1037,Q7426870
Q2283,P8571,Q75746293
Q128393,P910,Q7029108
Q128393,P279,Q215627
Q128393,P279,Q97322761
Q128393,P31,Q12737077
Q128393,P31,Q32090
Q128393,P1889,Q29325697
Q128393,P1889,Q416718
Q128393,P1343,Q19190511
Q128393,P1552,Q7045225
Q107411,P910,Q8707784
Q107411,P31,Q25403900
Q107411,P279,Q192935
Q107411,P279,Q13042834
Q5482740,P910,Q6624060
Q5482740,P31,Q28640
Q5482740,P425,Q80006
Q5482740,P1963,P1056
Q5482740,P1963,P1581
Q5482740,P1963,P463
Q5482740,P1963,P108
Q5482740,P1963,P800
Q5482740,P1963,P2578
Q5482740,P2283,Q80006
Q5482740,P279,Q183888
Q5482740,P279,Q482980
Q5482740,P1687,P943
Q5482740,P1542,Q128751
Q5482740,P1889,Q1374194
Q5482740,P2354,Q3269048
Q348451,P31,Q4167410
Q348451,P1889,Q9303943
Q348451,P1889,Q10894854
Q348451,P460,Q16881849
Q133250,P279,Q11348
Q133250,P279,Q17008256
Q133250,P279,Q20937557
Q133250,P910,Q8730188
Q133250,P1552,Q56857694
Q133250,P1889,Q4516355
Q133250,P1889,Q11085785
Q1182745,P31,Q4167410
Q734764,P463,Q1377311
Q734764,P463,Q19861084
Q734764,P527,Q7895923
Q734764,P527,Q18545951
Q734764,P527,Q1815371
Q734764,P527,Q4824644
Q734764,P31,Q62078547
Q734764,P31,Q31855
Q734764,P910,Q8883937
Q734764,P17,Q408
Q734764,P131,Q2916106
Q734764,P3876,Q10088901
Q734764,P355,Q17028269
Q734764,P355,Q7865389
Q734764,P1889,Q1971174
Q734764,P2868,Q96176534
Q2864132,P31,Q4167410
Q21493176,P31,Q101352
Q21493176,P1889,Q1659965
Q21493176,P2354,Q20007752
Q21493176,P282,Q8229
Q21493176,P407,Q652
Q21493176,P460,Q37518626
Q21493176,P460,Q21491141
Q297946,P31,Q4167410
Q342760,P31,Q4167410
Q342760,P1889,Q7547362
Q342760,P460,Q64995171
Q5166129,P31,Q1207505
Q5166129,P1552,Q1139554
Q5166129,P279,Q21255975
Q5166129,P1542,Q21255975
Q5166129,P1542,Q47496130
Q5166129,P1382,Q1367353
Q732970,P361,Q5157540
Q732970,P910,Q7483189
Q732970,P279,Q312466
Q732970,P366,Q5157540
Q732970,P1889,Q12007838
Q160453,P910,Q10064421
Q160453,P1343,Q47460191
Q160453,P1343,Q47472331
Q160453,P1343,Q47484879
Q160453,P1343,Q47459763
Q160453,P1343,Q47471236
Q160453,P1343,Q47479163
Q160453,P1343,Q47470881
Q160453,P1343,Q47445498
Q160453,P1343,Q47455440
Q160453,P1343,Q47467404
Q160453,P1343,Q47457960
Q160453,P1343,Q47467635
Q160453,P1343,Q47464371
Q160453,P1343,Q47468497
Q160453,P1343,Q47480840
Q160453,P1343,Q47468469
Q160453,P1343,Q47455494
Q160453,P1343,Q47471803
Q160453,P1343,Q47298285
Q160453,P1343,Q47479767
Q160453,P1343,Q47483443
Q160453,P1343,Q47460139
Q160453,P1343,Q47470845
Q160453,P1343,Q47276110
Q160453,P1343,Q47456239
Q160453,P1343,Q47462971
Q160453,P1343,Q47466889
Q160453,P1343,Q47469883
Q160453,P1343,Q47167548
Q160453,P1343,Q47266281
Q160453,P1343,Q47469297
Q160453,P1343,Q47466259
Q160453,P1343,Q47456266
Q160453,P1343,Q47455433
Q160453,P1343,Q47464251
Q160453,P1343,Q47471305
Q160453,P1343,Q47472122
Q160453,P1343,Q47470693
Q160453,P1343,Q47483924
Q160453,P1343,Q47459840
Q160453,P1343,Q47458915
Q160453,P1343,Q47248815
Q160453,P1343,Q47278043
Q160453,P1343,Q47467213
Q160453,P5805,Q189768
Q160453,P31,Q15836568
Q160453,P31,Q16935517
Q7990066,P31,Q4167410
Q50816,P190,Q389515
Q50816,P190,Q10127
Q50816,P17,Q16
Q50816,P131,Q50811
Q50816,P910,Q8635767
Q50816,P31,Q515
Q50816,P31,Q15210668
Q50816,P31,Q1549591
Q50816,P138,Q950097
Q50816,P1464,Q8063697
Q50816,P1465,Q13323252
Q50816,P47,Q172
Q50816,P47,Q424984
Q50816,P47,Q425057
Q50816,P47,Q425070
Q50816,P47,Q44198
Q50816,P2633,Q5535195
Q50816,P1792,Q7920711
Q50816,P361,Q50811
Q50816,P194,Q6878950
Q50816,P1313,Q56100961
Q50816,P1830,Q1366612
Q50816,P1830,Q5183760
Q50816,P1830,Q5284881
Q50816,P1830,Q5389194
Q50816,P1830,Q6659017
Q50816,P1830,Q6803450
Q50816,P1830,Q6878952
Q50816,P1830,Q7494878
Q50816,P1830,Q7566883
Q50816,P1830,Q7842042
Q50816,P1830,Q18563378
Q50816,P1830,Q18563379
Q50816,P1830,Q18563376
Q50816,P1830,Q18563377
Q50816,P1830,Q19580660
Q50816,P1830,Q19581584
Q50816,P1830,Q19582140
Q50816,P1830,Q19582226
Q50816,P421,Q941023
Q50816,P7867,Q84062057
Q50816,P8402,Q97317126
Q50816,P206,Q1062
Q420443,P31,Q4167410
Q30315258,P31,Q202444
Q7501170,P31,Q4167410
Q532028,P31,Q4167410
Q749647,P910,Q8551777
Q749647,P31,Q96253971
Q749647,P31,Q100195948
Q749647,P1269,Q174666
Q749647,P279,Q937228
Q67972035,P279,Q1224898
Q67972035,P2283,Q199769
Q67972035,P1056,Q21550731
Q4590598,P279,Q483247
Q4590598,P279,Q1972098
Q4590598,P1557,Q871279
Q4590598,P1343,Q1970746
Q4590598,P1343,Q602358
Q4590598,P1343,Q19180675
Q4590598,P1343,Q20078554
Q4590598,P1343,Q1768721
Q4590598,P31,Q23392
Q4590598,P1889,Q1192031
Q4590598,P1889,Q131099
Q68261990,P1269,Q9135
Q68261990,P31,Q17155032
Q1355821,P279,Q183366
Q1355821,P1889,Q133346
Q1355821,P1889,Q1292279
Q566554,P31,Q4167410
Q566554,P1889,Q3808011
Q566554,P1889,Q25938838
Q9184245,P31,Q4167410
Q9184245,P1889,Q232252
Q226512,P31,Q4167410
Q226512,P1889,Q1231746
Q243697,P31,Q167172
Q243697,P31,Q773944
Q243697,P31,Q264965
Q243697,P31,Q12684
Q349361,P31,Q4167410
Q349361,P1889,Q2097883
Q349361,P1889,Q47483923
Q6373529,P282,Q8229
Q6373529,P31,Q12308941
Q6373529,P1533,Q37443176
Q412067,P31,Q4167410
Q412067,P1889,Q23012389
Q412067,P1889,Q37038379
Q956012,P31,Q4167410
Q6465,P17,Q142
Q6465,P279,Q583865
Q6465,P279,Q13220204
Q6465,P279,Q13220204
Q6465,P279,Q13221722
Q6465,P279,Q583865
Q6465,P910,Q9708251
Q6465,P457,Q3042937
Q6465,P31,Q20667921
Q6465,P31,Q56427813
Q6465,P1424,Q5622711
Q6465,P194,Q1398920
Q6465,P194,Q19758733
Q6465,P361,Q36784
Q6465,P797,Q179831
Q6465,P1343,Q602358
Q6465,P1343,Q3181656
Q6465,P527,Q18524218
Q298495,P31,Q4167410
Q513282,P31,Q4167410
Q733021,P31,Q4167410
Q733021,P1889,Q827311
Q733021,P1889,Q27235644
Q733021,P460,Q100320946
Q733021,P460,Q15907355
Q733021,P460,Q297497
Q733021,P460,Q2088336
Q121594,P31,Q4164871
Q121594,P31,Q28640
Q121594,P31,Q486983
Q121594,P31,Q7810129
Q121594,P910,Q9709095
Q121594,P1889,Q495871
Q121594,P1889,Q25339110
Q121594,P1889,Q16481664
Q121594,P1889,Q10639464
Q121594,P1343,Q2041543
Q121594,P279,Q3400985
Q121594,P279,Q1622272
Q121594,P279,Q189533
Q121594,P3729,Q462390
Q121594,P3730,Q211830
Q741380,P460,Q345567
Q741380,P460,Q19983514
Q741380,P31,Q4167410
Q741380,P1889,Q37135786
Q741380,P1889,Q5412057
Q1315,P279,Q11483816
Q1315,P279,Q751989
Q1315,P279,Q39373172
Q1315,P1343,Q678259
Q1315,P1343,Q19180675
Q1315,P1343,Q602358
Q1315,P1343,Q20078554
Q1315,P1343,Q2041543
Q1315,P1343,Q19190511
Q1315,P1343,Q3181656
Q1315,P527,Q12889843
Q1315,P527,Q7530126
Q1315,P1889,Q3635600
Q1315,P461,Q123524
Q4726571,P31,Q4167410
Q15978655,P279,Q255274
Q15978655,P425,Q268626
Q15978655,P31,Q28640
Q15978655,P31,Q4164871
Q15978655,P460,Q2994387
Q15978655,P910,Q8416019
Q15978655,P1424,Q27986683
Q10991973,P1889,Q3786972
Q10991973,P279,Q733553
Q838312,P279,Q2002016
Q838312,P2670,Q60172994
Q838312,P2670,Q60173131
Q838312,P910,Q32104250
Q4446039,P551,Q1310304
Q4446039,P31,Q27229763
Q4446039,P31,Q27598544
Q4446039,P31,Q3658341
Q4446039,P170,Q207036
Q4446039,P1441,Q15700692
Q4446039,P21,Q6581097
Q4446039,P910,Q55301918
Q1428345,P31,Q4167410
Q1428345,P1889,Q37454092
Q367204,P279,Q16887380
Q367204,P279,Q873636
Q367204,P1552,Q56857694
Q367204,P1552,Q322481
Q1208726,P31,Q4167410
Q2477852,P279,Q266328
Q2477852,P279,Q5297202
Q3082112,P31,Q4830453
Q3082112,P31,Q6881511
Q3082112,P159,Q1490
Q3082112,P414,Q217475
Q3082112,P17,Q17
Q3082112,P1454,Q1480166
Q3082112,P463,Q1361045
Q3082112,P463,Q7389502
Q3082112,P452,Q11650
Q2517415,P279,Q4514647
Q2517415,P279,Q370502
Q2517415,P361,Q317623
Q437374,P31,Q4167410
Q437374,P1889,Q37453284
Q7440676,P31,Q4167410
Q7440676,P1889,Q37564247
Q119327,P31,Q4167410
Q208443,P910,Q6505785
Q208443,P279,Q8205328
Q208443,P279,Q40659076
Q208443,P361,Q3679502
Q208443,P2354,Q6644551
Q208443,P2789,Q2359023
Q208443,P1889,Q1206759
Q208443,P1343,Q602358
Q761768,P1002,Q724736
Q761768,P31,Q2576663
Q761768,P279,Q724736
Q761768,P910,Q30600549
Q761768,P1889,Q1215027
Q7996169,P31,Q12308941
Q7996169,P460,Q13480879
Q7996169,P460,Q16275954
Q7996169,P460,Q2131007
Q7996169,P460,Q1261347
Q7996169,P460,Q16275951
Q7996169,P460,Q1514735
Q7996169,P460,Q5550225
Q7996169,P460,Q18145331
Q7996169,P460,Q18282500
Q7996169,P460,Q5553169
Q7996169,P460,Q1497736
Q7996169,P460,Q27772669
Q7996169,P460,Q22140341
Q7996169,P460,Q19572194
Q7996169,P460,Q18171083
Q7996169,P460,Q98642748
Q7996169,P460,Q44100662
Q7996169,P1750,Q2726
Q7996169,P1750,Q2890
Q7996169,P407,Q8785
Q7996169,P407,Q9027
Q7996169,P407,Q7411
Q7996169,P407,Q188
Q7996169,P1889,Q13481054
Q7996169,P282,Q8229
Q7996169,P1533,Q29440864
Q7996169,P5323,Q21644845
Q7996169,P5323,Q21142040
Q15663256,P31,Q4167410
Q15663256,P1889,Q37492155
Q2287230,P31,Q4167410
Q2287230,P1889,Q30605853
Q38511,P190,Q2044
Q38511,P190,Q6506
Q38511,P190,Q365
Q38511,P190,Q656
Q38511,P190,Q1780
Q38511,P190,Q1792
Q38511,P190,Q2861
Q38511,P190,Q52502
Q38511,P190,Q25319
Q38511,P190,Q79808
Q38511,P190,Q81581
Q38511,P190,Q13972
Q38511,P190,Q26793
Q38511,P17,Q33
Q38511,P17,Q2305208
Q38511,P17,Q139319
Q38511,P17,Q34266
Q38511,P17,Q34
Q38511,P31,Q1549591
Q38511,P31,Q856076
Q38511,P31,Q5119
Q38511,P421,Q6723
Q38511,P421,Q6760
Q38511,P131,Q5712
Q38511,P910,Q6969834
Q38511,P1464,Q8076165
Q38511,P1465,Q9220232
Q38511,P47,Q1010550
Q38511,P47,Q774114
Q38511,P47,Q1017148
Q38511,P47,Q1017122
Q38511,P47,Q1017104
Q38511,P47,Q1017131
Q38511,P47,Q735563
Q38511,P47,Q1017108
Q38511,P47,Q372075
Q38511,P47,Q503862
Q38511,P237,Q18662489
Q38511,P1792,Q9186718
Q38511,P6,Q18632341
Q38511,P6,Q3330525
Q38511,P1376,Q62633
Q38511,P1376,Q5712
Q38511,P1376,Q1138022
Q38511,P166,Q20828891
Q38511,P1343,Q4173137
Q38511,P1343,Q19180675
Q38511,P1343,Q602358
Q38511,P1343,Q4114391
Q38511,P1343,Q2041543
Q38511,P1343,Q4532135
Q38511,P1343,Q20078554
Q38511,P1343,Q3181656
Q38511,P361,Q5450453
Q38511,P194,Q18662454
Q38511,P37,Q1412
Q38511,P37,Q9027
Q38511,P2184,Q10726168
Q38511,P1791,Q32381858
Q38511,P206,Q663607
Q38511,P793,Q37150759
Q38511,P1830,Q2004864
Q38511,P1830,Q2975682
Q38511,P1830,Q5394650
Q38511,P1830,Q11898812
Q38511,P1889,Q844720
Q38511,P8402,Q97142681
Q5843,P279,Q1323314
Q5843,P279,Q88717080
Q5843,P910,Q55331236
Q5843,P1889,Q890094
Q3241394,P279,Q937946
Q3241394,P279,Q849425
Q11658,P279,Q210729
Q11658,P31,Q210729
Q11658,P910,Q8532743
Q11658,P5008,Q5460604
Q451148,P31,Q4167410
Q7940229,P31,Q4167410
Q7940229,P1889,Q1576766
Q7940229,P1889,Q37527209
Q7940229,P460,Q7940258
Q10289,P279,Q987767
Q10289,P129,Q40050
Q10289,P186,Q287
Q10289,P186,Q11427
Q10289,P186,Q11474
Q10289,P1343,Q4114391
Q10289,P1343,Q602358
Q10289,P910,Q9932271
Q214314,P31,Q431289
Q214314,P1889,Q84308958
Q214314,P178,Q6537721
Q214314,P127,Q248
Q7496259,P31,Q4167410
Q7496259,P1889,Q36888930
Q5339,P279,Q175805
Q5339,P910,Q8863832
Q5339,P527,Q176300
Q5339,P155,Q1929430
Q5339,P5008,Q5460604
Q5339,P1424,Q22835127
Q234262,P361,Q428
Q234262,P910,Q9096136
Q234262,P279,Q1980247
Q234262,P2670,Q188219
Q234262,P1424,Q6437399
Q256881,P31,Q4167410
Q256881,P1889,Q37539218
Q1025020,P31,Q4167410
Q1025020,P460,Q1025024
Q43436,P186,Q215865
Q43436,P910,Q7215630
Q43436,P1343,Q4086271
Q43436,P1343,Q19180675
Q43436,P1343,Q602358
Q43436,P1343,Q2041543
Q43436,P1343,Q30059240
Q43436,P1343,Q89929597
Q43436,P534,Q1052
Q43436,P1889,Q1053956
Q43436,P31,Q629103
Q11639,P279,Q184485
Q11639,P279,Q747883
Q11639,P279,Q45971958
Q11639,P279,Q17537576
Q11639,P910,Q7216239
Q11639,P910,Q8361402
Q11639,P527,Q2188189
Q11639,P527,Q17538722
Q11639,P527,Q180856
Q11639,P1343,Q678259
Q11639,P1343,Q302556
Q11639,P1343,Q1138524
Q11639,P1343,Q1768721
Q11639,P1343,Q101314624
Q11639,P1424,Q14473795
Q11639,P3095,Q5716684
Q11639,P5008,Q5460604
Q11639,P31,Q45971958
Q11639,P5125,Q7112602
Q11639,P1535,Q43393537
Q11639,P2354,Q1759354
Q11639,P2579,Q2393450
Q935923,P31,Q4167410
Q354330,P31,Q101352
Q354330,P1889,Q900591
Q354330,P1889,Q219307
Q354330,P282,Q8229
Q354330,P407,Q188
Q354330,P407,Q1321
Q354330,P407,Q9067
Q354330,P460,Q13421990
Q354330,P460,Q45854930
Q354330,P460,Q16860371
Q354330,P5323,Q81945591
Q786947,P159,Q7825412
Q786947,P31,Q4830453
Q786947,P31,Q6881511
Q786947,P1454,Q1480166
Q786947,P910,Q24067794
Q786947,P17,Q17
Q786947,P463,Q1361045
Q786947,P463,Q7389502
Q786947,P452,Q11650
Q330190,P1343,Q2657718
Q330190,P1343,Q2041543
Q330190,P1343,Q1138524
Q330190,P279,Q91776508
Q330190,P279,Q83492918
Q330190,P460,Q3934729
Q330190,P1889,Q83493081
Q330190,P1889,Q27963305
Q568,P279,Q19557
Q568,P279,Q11426
Q568,P279,Q208106
Q568,P61,Q313568
Q568,P910,Q7149739
Q568,P31,Q11344
Q568,P1343,Q2657718
Q568,P189,Q34
Q568,P1889,Q18201918
Q568,P361,Q10801007
Q568,P361,Q207712
Q568,P361,Q19557
Q568,P2175,Q834047
Q568,P2959,Q58172544
Q1043452,P279,Q1914636
Q1043452,P279,Q3249551
Q1043452,P1687,P6440
Q1043452,P3095,Q63930359
Q1043452,P3095,Q327029
Q1043452,P361,Q69406938
Q402988,P31,Q4167410
Q402988,P1889,Q36991153
Q859595,P279,Q1466064
Q859595,P910,Q30686098
Q859595,P366,Q600158
Q859595,P361,Q216158
Q859595,P1889,Q216158
Q731112,P910,Q8621572
Q731112,P527,Q1363768
Q731112,P527,Q1416898
Q731112,P279,Q851587
Q731112,P279,Q4350217
Q731112,P461,Q4587328
Q731112,P460,Q3754915
Q731112,P460,Q3754910
Q311666,P279,Q1751850
Q311666,P910,Q7348473
Q311666,P1056,Q29457028
Q311666,P366,Q29457028
Q233382,P31,Q4167410
Q693690,P279,Q830
Q693690,P279,Q824176
Q693690,P1889,Q1004175
Q693690,P910,Q17566513
Q81103,P361,Q64418
Q81103,P279,Q1246258
Q81103,P910,Q7235987
Q299089,P31,Q4167410
Q128896,P452,Q1326885
Q128896,P452,Q2986369
Q128896,P414,Q13677
Q128896,P414,Q82059
Q128896,P31,Q4830453
Q128896,P31,Q6881511
Q128896,P910,Q8787040
Q128896,P17,Q30
Q128896,P155,Q213849
Q128896,P155,Q1053326
Q128896,P155,Q22009884
Q128896,P355,Q17108081
Q128896,P355,Q213849
Q128896,P112,Q16018448
Q128896,P112,Q1687865
Q128896,P112,Q930948
Q128896,P2184,Q1516304
Q128896,P169,Q18207172
Q128896,P463,Q20947086
Q128896,P463,Q858851
Q128896,P463,Q1361045
Q128896,P463,Q7389502
Q128896,P1454,Q134161
Q128896,P1454,Q891723
Q128896,P361,Q242345
Q128896,P1830,Q213849
Q128896,P1830,Q1192654
Q128896,P1830,Q28845729
Q128896,P1830,Q33083031
Q128896,P1830,Q390562
Q128896,P1037,Q18207172
Q128896,P159,Q208459
Q128896,P159,Q159260
Q128896,P159,Q99
Q128896,P740,Q208459
Q128896,P485,Q964035
Q128896,P1056,Q3966
Q128896,P1056,Q5297
Q128896,P1056,Q183484
Q128896,P1056,Q182656
Q128896,P1056,Q1440676
Q128896,P1365,Q1053326
Q3503814,P31,Q20202269
Q3887908,P31,Q4167410
Q8031862,P31,Q4167410
Q5088893,P31,Q4830453
Q409967,P31,Q4167410
Q409967,P1889,Q37005824
Q7188,P910,Q54070
Q7188,P1343,Q2657718
Q7188,P1557,Q25107
Q7188,P527,Q35535
Q7188,P5008,Q5460604
Q7188,P5125,Q25113003
Q7188,P1963,P6
Q7188,P1963,P527
Q7188,P1963,P17
Q7188,P1963,P571
Q7188,P1963,P576
Q7188,P1963,P279
Q7188,P1963,P3842
Q7188,P1963,P1313
Q7188,P1963,P355
Q7188,P2388,Q2285706
Q7188,P1889,Q6199
Q7188,P1889,Q188670
Q7188,P1889,Q192424
Q7188,P279,Q7210356
Q7188,P461,Q192852
Q7188,P361,Q35798
Q7188,P1552,Q1307214
Q220764,P910,Q7372759
Q220764,P31,Q173212
Q220764,P279,Q2956685
Q3464388,P31,Q4167410
Q415445,P31,Q4167410
Q677014,P105,Q34740
Q677014,P171,Q42602
Q677014,P31,Q16521
Q677014,P910,Q6784917
Q677014,P1343,Q4532138
Q257748,P31,Q4167410
Q264508,P31,Q4167410
Q264508,P1889,Q21431226
Q264508,P1889,Q27648511
Q180256,P910,Q7270273
Q180256,P279,Q3249551
Q180256,P279,Q19833559
Q180256,P1269,Q9135
Q180256,P527,Q277541
Q7301281,P31,Q4167410
Q422598,P31,Q4167410
Q422598,P1889,Q28147106
Q7368,P31,Q55983715
Q7368,P910,Q7001782
Q7368,P2959,Q21286850
Q7368,P1672,Q76888577
Q7368,P1672,Q1083901
Q7368,P1672,Q2736146
Q7368,P1034,Q643352
Q7368,P1034,Q215210
Q7368,P1034,Q336989
Q7368,P1034,Q12034432
Q7368,P1034,Q5467207
Q7368,P1034,Q164128
Q7368,P1034,Q160566
Q7368,P1034,Q15525444
Q7368,P1034,Q4117851
Q7368,P1034,Q7399162
Q7368,P279,Q57814795
Q7368,P279,Q1797813
Q7368,P279,Q59099
Q7368,P279,Q69301705
Q7368,P5008,Q5460604
Q7368,P1343,Q4086271
Q7368,P1343,Q1970746
Q7368,P1343,Q602358
Q7368,P1343,Q19180675
Q7368,P1343,Q19190511
Q7368,P2184,Q5868809
Q7368,P4733,Q59939570
Q7368,P1552,Q15622363
Q2231510,P1659,P3137
Q2231510,P279,Q35145263
Q15978655,P279,Q255274
Q15978655,P425,Q268626
Q15978655,P31,Q28640
Q15978655,P31,Q4164871
Q15978655,P460,Q2994387
Q15978655,P910,Q8416019
Q15978655,P1424,Q27986683
Q6839339,P31,Q4167410
Q245933,P31,Q4167410
Q245933,P1889,Q16280424
Q245933,P1889,Q37543049
Q245933,P460,Q776455
Q397426,P31,Q4167410
Q933565,P31,Q4830453
Q933565,P159,Q724884
Q933565,P17,Q30
Q933565,P112,Q3431521
Q7154324,P19,Q40340
Q7154324,P20,Q501785
Q7154324,P69,Q838330
Q7154324,P140,Q64885
Q7154324,P31,Q5
Q7154324,P21,Q6581097
Q7154324,P27,Q30
Q7154324,P509,Q12206
Q7154324,P102,Q29468
Q7154324,P735,Q67382984
Q7154324,P106,Q1930187
Q7154324,P1196,Q3739104
Q7154324,P1343,Q67311526
Q7154324,P734,Q27887278
Q747489,P31,Q4830453
Q747489,P156,Q432492
Q747489,P156,Q633839
Q747489,P910,Q32464185
Q747489,P159,Q128375
Q747489,P17,Q30
Q747489,P414,Q82059
Q747489,P749,Q633839
Q532513,P31,Q18343316
Q532513,P361,Q1348204
Q532513,P4810,Q47517764
Q532513,P4810,Q47517765
Q532513,P4810,Q47517767
Q532513,P4810,Q47517768
Q532513,P4810,Q47517769
Q532513,P4810,Q47517774
Q5194795,P175,Q285045
Q5194795,P264,Q3001888
Q5194795,P31,Q208569
Q5194795,P155,Q6656951
Q5194795,P156,Q6656457
Q5194795,P162,Q6838767
Q5194795,P361,Q6375660
Q5194795,P136,Q37073
Q5164758,P31,Q4167410
Q16644043,P361,Q177719
Q16644043,P1478,Q177719
Q16644043,P279,Q49848
Q16644043,P279,Q730920
Q16644043,P1889,Q904923
Q16644043,P1889,Q11856063
Q16644043,P1889,Q1762591
Q16644043,P1889,Q91615392
Q16644043,P1889,Q91615389
Q16644043,P1343,Q602358
Q16644043,P1343,Q19180675
Q3756322,P31,Q4167410
Q1248960,P31,Q4167410
Q1248960,P1889,Q37075899
Q3505433,P31,Q4167410
Q3505433,P1889,Q37064219
Q1177633,P31,Q4167410
Q1936770,P17,Q30
Q1936770,P31,Q4830453
Q920550,P910,Q9419708
Q1133673,P279,Q8205328
Q1133673,P279,Q2849607
Q1133673,P279,Q11734477
Q225590,P31,Q4167410
Q167676,P279,Q2041172
Q167676,P910,Q8729856
Q167676,P361,Q2041172
Q167676,P460,Q2066909
Q167676,P2354,Q6638158
Q167676,P5008,Q54439832
Q167676,P1424,Q21096631
Q167676,P31,Q811909
Q5273932,P31,Q4167410
Q1155816,P31,Q4167410
Q83460,P31,Q56019
Q83460,P279,Q189290
Q83460,P460,Q670860
Q83460,P460,Q2608441
Q83460,P460,Q1451311
Q83460,P910,Q8086274
Q83460,P1343,Q2657718
Q83460,P1343,Q602358
Q83460,P1343,Q4114391
Q83460,P1343,Q19180675
Q83460,P1343,Q4114391
Q83460,P1343,Q20078554
Q83460,P1611,Q18536832
Q83460,P156,Q7821620
Q83460,P155,Q152951
Q83460,P1889,Q2608441
Q83460,P6186,Q59522138
Q83460,P2959,Q98645736
Q347500,P31,Q4167410
Q224860,P31,Q4167410
Q106526,P279,Q3399648
Q106526,P1343,Q3181656
Q225906,P31,Q4167410
Q225906,P1889,Q38457682
Q280409,P31,Q1815901
Q1430192,P279,Q136822
Q1430192,P279,Q3401687
Q251759,P31,Q4167410
Q251759,P460,Q9264877
Q475436,P31,Q4167410
Q475436,P1889,Q25126013
Q475436,P1889,Q37571744
Q475436,P1889,Q11222900
Q475436,P1889,Q76013943
Q691990,P31,Q9135
Q691990,P178,Q223407
Q691990,P1366,Q1197839
Q36933,P910,Q7215633
Q36933,P527,Q629
Q36933,P1542,Q21175024
Q36933,P2868,Q11388301
Q36933,P4952,Q51139288
Q36933,P129,Q7834290
Q36933,P361,Q14864432
Q36933,P361,Q22272330
Q36933,P1343,Q19190511
Q36933,P31,Q2512777
Q36933,P31,Q428653
Q36933,P1889,Q437092
Q298999,P31,Q4167410
Q4733370,P275,Q1444631
Q4733370,P306,Q483881
Q4733370,P31,Q4839801
Q224107,P910,Q7270802
Q224107,P1343,Q602358
Q556,P910,Q7215740
Q556,P31,Q11344
Q556,P2152,Q216121
Q556,P61,Q131733
Q556,P61,Q58720
Q556,P61,Q39607
Q556,P1343,Q2657718
Q556,P1889,Q3027893
Q556,P1889,Q6643508
Q556,P1889,Q19822725
Q556,P189,Q34266
Q556,P189,Q145
Q556,P189,Q142
Q556,P279,Q19753344
Q556,P279,Q19600
Q556,P279,Q208106
Q556,P5008,Q5460604
Q556,P462,Q1396399
Q556,P2959,Q57873859
Q556,P361,Q191936
Q556,P361,Q10801007
Q556,P138,Q283
Q1663741,P31,Q4167410
Q41441174,P31,Q4167410
Q25312,P105,Q36602
Q25312,P171,Q37140800
Q25312,P171,Q21354350
Q25312,P31,Q16521
Q25312,P910,Q7464431
Q25312,P1343,Q19180675
Q25312,P1420,Q4045034
Q83012,P910,Q8221899
Q83012,P1343,Q2041543
Q83012,P361,Q51617
Q44134,P31,Q4167410
Q7361301,P31,Q4167410
Q2465738,P1889,Q3642767
Q2465738,P279,Q5283
Q2465738,P279,Q19753345
Q2465738,P279,Q2908004
Q2465738,P279,Q1128255
Q2465738,P279,Q1621273
Q2465738,P279,Q45701
Q2465738,P31,Q429795
Q2465738,P366,Q372301
Q2465738,P366,Q350176
Q2465738,P366,Q1054722
Q2465738,P366,Q50380088
Q2465738,P366,Q1310239
Q2465738,P4675,Q43533
Q2465738,P4675,Q133833
Q2465738,P4675,Q2908004
Q2465738,P4675,Q61231
Q105751,P31,Q4167410
Q105751,P1889,Q16881188
Q105751,P1889,Q392654
Q105751,P1889,Q1045752
Q105751,P1889,Q87370206
Q105751,P460,Q20434014
Q105751,P460,Q98822923
Q105751,P460,Q20493559
Q105751,P460,Q98823300
Q105751,P460,Q97771742
Q105751,P910,Q8761679
Q967647,P910,Q27891625
Q967647,P279,Q2994387
Q967647,P279,Q853725
Q967647,P279,Q1914636
Q967647,P3095,Q16515647
Q967647,P2670,Q16515647
Q967647,P2670,Q17138417
Q967647,P3712,Q183635
Q49757,P31,Q28640
Q49757,P279,Q36180
Q49757,P425,Q482
Q49757,P910,Q6487149
Q49757,P460,Q1293108
Q49757,P1963,P5341
Q49757,P1963,P5343
Q49757,P1963,P5344
Q49757,P1963,P5392
Q49757,P1963,P5393
Q49757,P1963,P5394
Q49757,P1963,P5430
Q49757,P1963,P5465
Q49757,P1963,P5470
Q49757,P1963,P5477
Q49757,P1963,P5478
Q49757,P1963,P5503
Q49757,P1963,P5506
Q49757,P1963,P5509
Q49757,P1963,P5609
Q49757,P1963,P5710
Q49757,P6186,Q9579555
Q49757,P1889,Q24054302
Q1147660,P279,Q4308
Q1147660,P279,Q5290
Q1147660,P910,Q8407787
Q1147660,P527,Q3420077
Q1147660,P527,Q861066
Q1147660,P527,Q12538706
Q1147660,P527,Q690110
Q1147660,P527,Q949326
Q1147660,P31,Q317623
Q1153036,P31,Q2713600
Q1153036,P31,Q1190017
Q1153036,P400,Q47604
Q1153036,P178,Q7269289
Q1150958,P910,Q7468085
Q1150958,P279,Q184872
Q1150958,P2959,Q22828744
Q1150958,P361,Q77468620
Q1150958,P1343,Q101314624
Q126793,P31,Q268592
Q126793,P279,Q601401
Q126793,P910,Q8659395
Q126793,P361,Q55638
Q126793,P461,Q220695
Q126793,P3095,Q12049274
Q126793,P3095,Q99536263
Q290667,P31,Q20202269
Q290667,P279,Q207961
Q290667,P279,Q1165717
Q290667,P279,Q5380913
Q2248346,P31,Q4167410
Q39594,P279,Q35116038
Q39594,P279,Q15324
Q39594,P910,Q7270493
Q39594,P1343,Q2657718
Q39594,P1343,Q2041543
Q39594,P1343,Q602358
Q39594,P1424,Q8269836
Q39594,P6186,Q59240974
Q39594,P1889,Q913035
Q39594,P1889,Q17165541
Q174565,P361,Q1140046
Q174565,P279,Q3241972
Q442196,P31,Q4167410
Q1068107,P279,Q839546
Q1068107,P279,Q811679
Q1068107,P1889,Q16719499
Q1068107,P460,Q11326220
Q3141,P190,Q490
Q3141,P31,Q515
Q3141,P31,Q7309306
Q3141,P31,Q1549591
Q3141,P31,Q1637706
Q3141,P31,Q1907114
Q3141,P17,Q408
Q3141,P131,Q36687
Q3141,P138,Q312567
Q3141,P421,Q7056
Q3141,P910,Q8807747
Q3141,P1464,Q10947569
Q3141,P1465,Q9219071
Q3141,P1740,Q7522264
Q3141,P1792,Q7118246
Q3141,P1376,Q36687
Q3141,P1376,Q56850459
Q3141,P1376,Q7230856
Q3141,P2633,Q5535186
Q3141,P1151,Q28754033
Q3141,P2184,Q3136756
Q3141,P1791,Q32482346
Q3141,P1889,Q28754033
Q3141,P206,Q695081
Q3141,P1441,Q2385
Q3141,P7867,Q84048737
Q3141,P8402,Q97016704
Q3141,P8402,Q97152943
Q3141,P8744,Q100861845
Q212878,P461,Q188830
Q212878,P279,Q1196129
Q212878,P279,Q84048850
Q212878,P361,Q3046146
Q212878,P1889,Q11353955
Q212878,P1889,Q7144907
Q212878,P1552,Q6581097
Q212878,P31,Q954007
Q212878,P1687,P26
Q4514647,P279,Q1027879
Q4514647,P1687,P5555
Q4232202,P279,Q10843872
Q4232202,P1542,Q11869044
Q405273,P31,Q4167410
Q405273,P1889,Q29825476
Q1796959,P279,Q839546
Q1796959,P279,Q1572702
Q646,P279,Q3743695
Q646,P279,Q834028
Q646,P279,Q2041172
Q646,P1343,Q2657718
Q646,P1343,Q602358
Q646,P1343,Q19180675
Q646,P1343,Q1970746
Q646,P910,Q6461189
Q646,P2575,Q11466
Q646,P366,Q25261
Q646,P366,Q909741
Q646,P61,Q57073
Q646,P61,Q161853
Q3695508,P1343,Q602358
Q3695508,P1343,Q19180675
Q3695508,P1343,Q20078554
Q3695508,P1343,Q4114391
Q3695508,P1343,Q1970746
Q3695508,P1687,P2806
Q3695508,P279,Q170475
Q3695508,P1889,Q6425666
Q3695508,P910,Q7486558
Q7993667,P175,Q1814269
Q7993667,P264,Q762018
Q7993667,P31,Q209939
Q7993667,P155,Q17060542
Q7993667,P156,Q16242258
Q16275122,P31,Q12308941
Q16275122,P1533,Q16865207
Q16275122,P1889,Q413321
Q16275122,P282,Q8229
Q5566599,P31,Q4167410
Q5566599,P1889,Q37441592
Q170449,P910,Q31994115
Q170449,P1343,Q602358
Q170449,P1343,Q1970746
Q170449,P1343,Q1768721
Q170449,P279,Q12372934
Q170449,P279,Q206615
Q170449,P279,Q169336
Q7375863,P31,Q4167410
Q2111958,P910,Q53062328
Q2111958,P279,Q17004438
Q2111958,P1889,Q2634309
Q2111958,P1343,Q101314624
Q227863,P31,Q4167410
Q227863,P460,Q2560268
Q227863,P460,Q61484154
Q227863,P460,Q45109819
Q227863,P1889,Q3748134
Q227863,P1889,Q7734862
Q227863,P1889,Q7734861
Q227863,P1889,Q3011360
Q227863,P1889,Q45109547
Q16869585,P31,Q101352
Q16869585,P282,Q8229
Q1391305,P31,Q101352
Q1391305,P31,Q829026
Q1391305,P407,Q188
Q1391305,P1889,Q1445055
Q1391305,P282,Q8229
Q1391305,P5323,Q81945591
Q1391305,P460,Q1557438
Q1391305,P460,Q37435139
Q1391305,P460,Q1773921
Q1391305,P460,Q29642009
Q1391305,P460,Q21450751
Q1391305,P460,Q16798580
Q845566,P910,Q8366860
Q845566,P279,Q2078905
Q845566,P361,Q80006
Q845566,P31,Q66747126
Q845566,P2283,Q193231
Q450809,P31,Q4167410
Q1243527,P31,Q4167410
Q1282061,P31,Q4167410
Q215536,P31,Q28640
Q215536,P31,Q187588
Q215536,P279,Q43845
Q215536,P279,Q3704253
Q215536,P279,Q1415187
Q215536,P425,Q601401
Q215536,P910,Q8621443
Q215536,P460,Q10517083
Q215536,P1889,Q17367106
Q215536,P1830,Q1868065
Q215536,P1343,Q602358
Q215536,P1343,Q4086271
Q215536,P1343,Q4173137
Q215536,P1343,Q1970746
Q342672,P31,Q4167410
Q386015,P31,Q12308941
Q386015,P282,Q8229
Q296922,P31,Q4167410
Q296922,P1889,Q3685046
Q219304,P31,Q4167410
Q219304,P1889,Q9255022
Q8068,P828,Q18447212
Q8068,P828,Q8070
Q8068,P828,Q2369493
Q8068,P828,Q1550470
Q8068,P828,Q7925
Q8068,P279,Q8065
Q8068,P279,Q30017
Q8068,P910,Q6457081
Q8068,P910,Q15088885
Q8068,P1542,Q4
Q8068,P1542,Q554774
Q8068,P1542,Q1033074
Q8068,P1343,Q2041543
Q8068,P1343,Q19190511
Q8068,P1343,Q1768721
Q8068,P2959,Q22828670
Q8068,P5008,Q5460604
Q8068,P5008,Q99671171
Q8068,P1424,Q11008383
Q207822,P910,Q6123255
Q207822,P279,Q2127468
Q207822,P279,Q2424752
Q207822,P279,Q268592
Q207822,P279,Q987767
Q207822,P1889,Q11326220
Q207822,P2283,Q66157003
Q207822,P2283,Q3360230
Q73648987,P31,Q4167410
Q73648987,P460,Q394002
Q73648987,P460,Q73648788
Q73648987,P460,Q73649525
Q73648987,P460,Q73650179
Q968112,P31,Q4167410
Q1547430,P31,Q4167410
Q1547430,P1889,Q37236349
Q189760,P279,Q1656682
Q189760,P279,Q388791
Q189760,P279,Q1864008
Q189760,P279,Q39971877
Q189760,P910,Q8175214
Q189760,P1963,P2964
Q189760,P1478,Q42904171
Q189760,P1889,Q42899294
Q189760,P461,Q70635750
Q189760,P1343,Q20078554
Q20716,P31,Q482517
Q20716,P1343,Q17290934
Q20716,P910,Q7032428
Q20716,P112,Q445643
Q20716,P17,Q884
Q20716,P1056,Q11650
Q20716,P1056,Q212920
Q20716,P1056,Q474200
Q20716,P1056,Q1875606
Q20716,P1056,Q43015
Q20716,P1056,Q2329
Q20716,P1056,Q173799
Q20716,P1056,Q17517
Q20716,P452,Q778575
Q20716,P1151,Q42353169
Q20716,P740,Q8684
Q20716,P527,Q20718
Q20716,P527,Q2998661
Q20716,P527,Q489243
Q20716,P527,Q499194
Q20716,P527,Q7410538
Q20716,P527,Q624080
Q20716,P527,Q492706
Q20716,P527,Q5089641
Q20716,P527,Q21120876
Q20716,P527,Q39412547
Q20716,P527,Q16767532
Q20716,P527,Q627018
Q20716,P159,Q489221
Q20716,P1454,Q778575
Q20716,P1889,Q20718
Q20716,P1424,Q11249413
Q20716,P355,Q21120876
Q225450,P31,Q4167410
Q2893690,P31,Q4167410
Q812560,P31,Q4167410
Q812560,P1889,Q16479883
Q27318,P910,Q8844594
Q27318,P279,Q1379672
Q27318,P1889,Q1355298
Q27318,P1889,Q1003030
Q27318,P1552,Q5372350
Q27318,P1552,Q96273743
Q27318,P31,Q96273743
Q219203,P910,Q8661308
Q219203,P31,Q4830453
Q219203,P31,Q6881511
Q219203,P31,Q210167
Q219203,P159,Q190088
Q219203,P414,Q217475
Q219203,P414,Q1320224
Q219203,P414,Q1188840
Q219203,P414,Q5507703
Q219203,P452,Q11661
Q219203,P452,Q11650
Q219203,P452,Q941594
Q219203,P1454,Q1480166
Q219203,P127,Q717318
Q219203,P355,Q16955462
Q219203,P355,Q29002328
Q219203,P355,Q30338327
Q219203,P17,Q17
Q219203,P1056,Q3966
Q219203,P1830,Q860842
Q219203,P1830,Q4835667
Q219203,P463,Q858851
Q219203,P463,Q37033
Q219203,P463,Q1361045
Q219203,P463,Q15731702
Q219203,P463,Q7389502
Q219203,P463,Q16725802
Q337538,P31,Q431289
Q451388,P31,Q4167410
Q451388,P1889,Q16275883
Q451388,P1889,Q37501533
Q451388,P460,Q227433
Q451388,P460,Q1457005
Q451388,P460,Q16767400
Q451388,P460,Q29167045
Q451388,P460,Q7332509
Q451388,P460,Q3350191
Q3053309,P31,Q4167410
Q1976332,P31,Q212920
Q1976332,P1889,Q2520334
Q131790,P910,Q8221498
Q131790,P366,Q352525
Q131790,P279,Q1726215
Q131790,P1889,Q18819626
Q131790,P1343,Q1768721
Q131790,P31,Q100434640
Q348605,P31,Q4167410
Q348605,P1889,Q728791
Q348605,P1889,Q2698545
Q348605,P1889,Q87829397
Q348605,P1889,Q87830417
Q348605,P460,Q87828420
Q140565,P279,Q2024731
Q140565,P279,Q2383211
Q140565,P279,Q71119090
Q140565,P366,Q23841
Q140565,P276,Q190771
Q140565,P276,Q11707
Q140565,P1889,Q2425869
Q140565,P1889,Q510703
Q140565,P361,Q162297
Q1184124,P31,Q4167410
Q9973,P31,Q19776628
Q9973,P31,Q3841820
Q9973,P361,Q8229
Q9973,P361,Q606972
Q9973,P361,Q754673
Q9973,P361,Q20581324
Q9973,P361,Q1095058
Q9973,P361,Q1187758
Q9973,P361,Q372785
Q9973,P361,Q1271025
Q9973,P361,Q622712
Q9973,P361,Q637405
Q9973,P361,Q570693
Q9973,P361,Q755124
Q9973,P361,Q76228
Q9973,P361,Q18691434
Q9973,P361,Q384749
Q9973,P361,Q994407
Q9973,P361,Q1493494
Q9973,P361,Q2839543
Q9973,P1299,Q17021805
Q9973,P1343,Q2041543
Q9973,P1343,Q867541
Q9973,P144,Q14423
Q9973,P1889,Q14423
Q9973,P1889,Q49043
Q9973,P1889,Q179867
Q9973,P1889,Q27869
Q9973,P910,Q13354892
Q344558,P31,Q4167410
Q8743,P40,Q881295
Q8743,P40,Q553138
Q8743,P40,Q2421994
Q8743,P40,Q1782080
Q8743,P40,Q41194869
Q8743,P40,Q63823815
Q8743,P19,Q1645063
Q8743,P166,Q10855212
Q8743,P166,Q5593916
Q8743,P166,Q817496
Q8743,P166,Q1419938
Q8743,P166,Q2096481
Q8743,P166,Q6805076
Q8743,P166,Q3332215
Q8743,P166,Q14705795
Q8743,P166,Q3141777
Q8743,P166,Q721743
Q8743,P166,Q1366018
Q8743,P166,Q1086458
Q8743,P166,Q4710826
Q8743,P166,Q21843362
Q8743,P166,Q17011048
Q8743,P166,Q6234290
Q8743,P140,Q620629
Q8743,P910,Q8319235
Q8743,P20,Q932601
Q8743,P106,Q1823479
Q8743,P106,Q81096
Q8743,P106,Q205375
Q8743,P106,Q170790
Q8743,P106,Q131524
Q8743,P106,Q28389
Q8743,P106,Q43845
Q8743,P463,Q191583
Q8743,P463,Q466089
Q8743,P463,Q2370801
Q8743,P463,Q83172
Q8743,P463,Q270794
Q8743,P735,Q16428906
Q8743,P735,Q448135
Q8743,P1343,Q12912667
Q8743,P1343,Q17378135
Q8743,P1343,Q602358
Q8743,P1343,Q19180675
Q8743,P1343,Q17329836
Q8743,P1343,Q2041543
Q8743,P1343,Q67311526
Q8743,P1343,Q63284758
Q8743,P1343,Q3181656
Q8743,P1343,Q99413897
Q8743,P26,Q22087332
Q8743,P26,Q22087338
Q8743,P1411,Q38104
Q8743,P2959,Q22828557
Q8743,P69,Q130981
Q8743,P734,Q37027345
Q8743,P101,Q14208553
Q8743,P101,Q3908516
Q8743,P101,Q43035
Q8743,P101,Q8087
Q8743,P101,Q11023
Q8743,P101,Q3429919
Q8743,P101,Q205375
Q8743,P101,Q131524
Q8743,P5008,Q5460604
Q8743,P119,Q2977873
Q8743,P172,Q846570
Q8743,P509,Q12206
Q8743,P1412,Q1860
Q8743,P1196,Q3739104
Q8743,P21,Q6581097
Q8743,P1830,Q606359
Q8743,P1830,Q575024
Q8743,P6886,Q1860
Q8743,P485,Q39934978
Q8743,P1038,Q4119577
Q8743,P103,Q1860
Q8743,P1889,Q436039
Q8743,P22,Q96201245
Q8743,P25,Q96201266
Q8743,P27,Q30
Q8743,P31,Q5
Q393585,P31,Q4167410
Q3709910,P31,Q4167410
Q192270,P1269,Q8134
Q192270,P910,Q8987099
Q192270,P437,Q22855
Q192270,P1687,P2292
Q192270,P1687,P2662
Q192270,P279,Q1369832
Q192270,P828,Q22855
Q2734312,P279,Q7406919
Q1139389,P279,Q41415
Q1139389,P279,Q2095
Q1139389,P527,Q61505177
Q1139389,P527,Q55404049
Q456242,P527,Q3791139
Q456242,P527,Q6684488
Q456242,P527,Q5046972
Q456242,P527,Q16385620
Q456242,P527,Q7775390
Q456242,P31,Q1667921
Q456242,P31,Q17710986
Q456242,P31,Q47461344
Q456242,P50,Q148234
Q456242,P136,Q10992055
Q456242,P136,Q12132683
Q4007363,P31,Q43229
Q4007363,P361,Q376150
Q4007363,P910,Q6260161
Q297465,P31,Q4167410
Q906328,P31,Q271680
Q906328,P178,Q2283
Q906328,P144,Q679003
Q5462896,P31,Q4167410
Q5462896,P1889,Q37460837
Q2562511,P1889,Q1908702
Q2562511,P279,Q1048366
Q2562511,P31,Q495304
Q2562511,P910,Q55289659
Q2562511,P460,Q16517562
Q170474,P910,Q8619071
Q170474,P279,Q418
Q170474,P1343,Q2657718
Q170474,P527,Q183755
Q170474,P527,Q181417
Q170474,P461,Q1185939
Q170474,P1424,Q8056464
Q12827256,P279,Q7832362
Q12827256,P910,Q9874695
Q12827256,P2579,Q580854
Q12827256,P31,Q4263830
Q12827256,P1343,Q101314624
Q7096677,P31,Q7366
Q7096677,P175,Q235095
Q7096677,P264,Q1123947
Q7096677,P155,Q5590555
Q7096677,P156,Q16966969
Q7096677,P361,Q3067190
Q7096677,P136,Q861823
Q2439255,P31,Q4167410
Q1181552,P31,Q4167410
Q1758736,P1269,Q10336440
Q1758736,P1269,Q418
Q1758736,P279,Q22725
Q1758736,P279,Q183635
Q28942704,P31,Q4167410
Q232398,P31,Q4167410
Q232398,P1889,Q20155804
Q232398,P1889,Q27651212
Q232398,P1889,Q16280860
Q232398,P460,Q1176171
Q232398,P460,Q1236523
Q232398,P460,Q1679727
Q232398,P460,Q2134133
Q232398,P460,Q2281087
Q232398,P460,Q15881156
Q232398,P460,Q17154568
Q6791,P31,Q4167410
Q6791,P460,Q16220764
Q6791,P460,Q1179771
Q6791,P460,Q2217525
Q6791,P460,Q16102050
Q6791,P1889,Q12800694
Q6791,P1889,Q20812281
Q37038,P279,Q11028
Q37038,P279,Q17537576
Q37038,P279,Q7406919
Q37038,P910,Q6448504
Q37038,P1343,Q2657718
Q37038,P1343,Q602358
Q37038,P1343,Q19180675
Q37038,P1343,Q1970746
Q37038,P2184,Q3137306
Q37038,P180,Q2424752
Q37038,P180,Q7406919
Q37038,P3095,Q10355417
Q37038,P31,Q8187769
Q446964,P31,Q4167410
Q216158,P279,Q3951866
Q216158,P279,Q3966
Q216158,P910,Q9128448
Q216158,P2789,Q501425
Q216158,P2789,Q4321
Q216158,P2789,Q2032544
Q216158,P2789,Q188447
Q216158,P527,Q1972118
Q216158,P527,Q859595
Q295618,P31,Q4167410
Q272937,P910,Q9248137
Q272937,P279,Q18593264
Q272937,P279,Q16887380
Q272937,P31,Q8171
Q404415,P31,Q4167410
Q379755,P910,Q13627165
Q379755,P1343,Q2657718
Q379755,P1343,Q602358
Q379755,P31,Q20202269
Q379755,P3095,Q1643514
Q379755,P1687,P5059
Q379755,P279,Q836950
Q379755,P279,Q2188189
Q379755,P1889,Q36993249
Q4380025,P31,Q195986
Q4380025,P31,Q48351111
Q227652,P31,Q4167410
Q771389,P131,Q14866
Q771389,P17,Q183
Q771389,P31,Q23413
Q771389,P1435,Q11691318
Q771389,P706,Q538217
Q161736,P31,Q1668151
Q161736,P1343,Q602358
Q161736,P279,Q10617810
Q161736,P1889,Q159557
Q161736,P1424,Q22799314
Q161736,P366,Q6575377
Q531567,P31,Q4167410
Q622346,P31,Q4167410
Q622346,P1889,Q37052978
Q295047,P31,Q4167410
Q295047,P460,Q422702
Q295047,P460,Q418816
Q295047,P460,Q5591657
Q295047,P460,Q1544125
Q295047,P460,Q16870272
Q295047,P1889,Q1541047
Q295047,P1889,Q16870273
Q295047,P1889,Q22981713
Q593954,P31,Q4167410
Q224230,P31,Q4167410
Q224230,P1889,Q16278188
Q224230,P1889,Q21285959
Q423328,P31,Q4167410
Q131242,P31,Q2472587
Q131242,P31,Q41710
Q131242,P910,Q7851340
Q131242,P140,Q75809
Q131242,P103,Q25946
Q131242,P103,Q7737
Q131242,P103,Q1860
Q131242,P103,Q9035
Q131242,P1343,Q63284758
Q131242,P1343,Q3181656
Q131242,P279,Q2472587
Q131242,P527,Q189975
Q131242,P527,Q37014
Q1214984,P31,Q4167410
Q5083,P910,Q8725112
Q5083,P6,Q5335212
Q5083,P6,Q330519
Q5083,P6,Q3435958
Q5083,P6,Q2899248
Q5083,P6,Q952884
Q5083,P6,Q1700121
Q5083,P6,Q371494
Q5083,P6,Q5585769
Q5083,P6,Q4977626
Q5083,P6,Q7803247
Q5083,P6,Q6179244
Q5083,P6,Q2607186
Q5083,P31,Q1093829
Q5083,P31,Q1549591
Q5083,P17,Q30
Q5083,P163,Q5456822
Q5083,P131,Q108861
Q5083,P194,Q7442079
Q5083,P190,Q41843
Q5083,P190,Q26793
Q5083,P190,Q1467
Q5083,P190,Q11725
Q5083,P190,Q79990
Q5083,P190,Q20921
Q5083,P190,Q129610
Q5083,P190,Q385
Q5083,P190,Q72818
Q5083,P190,Q181557
Q5083,P190,Q48320
Q5083,P190,Q225641
Q5083,P190,Q819314
Q5083,P190,Q40194
Q5083,P190,Q12191
Q5083,P190,Q45779
Q5083,P190,Q3437
Q5083,P190,Q1764
Q5083,P190,Q220966
Q5083,P190,Q11462
Q5083,P190,Q83189
Q5083,P190,Q269
Q5083,P190,Q518431
Q5083,P190,Q18207676
Q5083,P421,Q2204
Q5083,P421,Q847142
Q5083,P421,Q2212
Q5083,P1151,Q10883488
Q5083,P1464,Q8072956
Q5083,P1465,Q9219949
Q5083,P1740,Q10220057
Q5083,P1792,Q8748828
Q5083,P1376,Q108861
Q5083,P47,Q983657
Q5083,P47,Q985072
Q5083,P47,Q214164
Q5083,P47,Q1514977
Q5083,P47,Q679952
Q5083,P2184,Q5866431
Q5083,P206,Q1993203
Q5083,P206,Q3051501
Q5083,P206,Q3116094
Q5083,P206,Q1323525
Q5083,P206,Q604141
Q5083,P138,Q216477
Q5083,P1830,Q977529
Q5083,P1830,Q2262435
Q5083,P1830,Q2618100
Q5083,P1830,Q5453077
Q5083,P1830,Q7442068
Q5083,P1830,Q12069683
Q5083,P2238,Q333796
Q5083,P2238,Q130918
Q5083,P7867,Q84068080
Q5083,P8402,Q97127043
Q735234,P31,Q841154
Q735234,P1889,Q3414877
Q735234,P279,Q2620972
Q230575,P31,Q4167410
Q230575,P1889,Q4642
Q230575,P1889,Q24428260
Q230575,P1889,Q6757977
Q230575,P1889,Q57774868
Q230575,P460,Q17516274
Q230575,P460,Q234452
Q230575,P460,Q397013
Q230575,P460,Q122718
Q230575,P460,Q765293
Q230575,P460,Q6016699
Q230575,P460,Q3290377
Q230575,P460,Q21334681
Q4716442,P31,Q4022
Q4716442,P17,Q218
Q4716442,P974,Q7264288
Q4716442,P403,Q4716017
Q4716442,P4614,Q12046593
Q181634,P31,Q41710
Q181634,P910,Q7030374
Q181634,P1343,Q2657718
Q1753615,P175,Q182890
Q1753615,P264,Q165745
Q1753615,P31,Q134556
Q1753615,P155,Q1753336
Q1753615,P156,Q1753319
Q1753615,P676,Q547660
Q1753615,P361,Q845281
Q1753615,P136,Q83270
Q1753615,P162,Q547660
Q4190,P206,Q1653
Q4190,P206,Q14369
Q4190,P206,Q267911
Q4190,P190,Q46165
Q4190,P190,Q964130
Q4190,P190,Q8851
Q4190,P190,Q138458
Q4190,P190,Q652035
Q4190,P190,Q193832
Q4190,P190,Q131266
Q4190,P190,Q17139
Q4190,P190,Q16506
Q4190,P190,Q38968
Q4190,P190,Q146317
Q4190,P190,Q159457
Q4190,P190,Q50155
Q4190,P190,Q255175
Q4190,P17,Q183
Q4190,P31,Q22865
Q4190,P31,Q1187811
Q4190,P31,Q1256805
Q4190,P31,Q42744322
Q4190,P31,Q902814
Q4190,P31,Q85631896
Q4190,P31,Q134626
Q4190,P150,Q445531
Q4190,P150,Q1664248
Q4190,P150,Q251635
Q4190,P150,Q1596251
Q4190,P150,Q1567245
Q4190,P150,Q263247
Q4190,P150,Q1550294
Q4190,P131,Q10559
Q4190,P6,Q1664798
Q4190,P6,Q1335904
Q4190,P6,Q1580397
Q4190,P6,Q1722427
Q4190,P6,Q1511137
Q4190,P6,Q2343128
Q4190,P6,Q15819521
Q4190,P6,Q15814979
Q4190,P6,Q15786480
Q4190,P6,Q2174273
Q4190,P6,Q1913069
Q4190,P6,Q1040623
Q4190,P6,Q15438083
Q4190,P47,Q504950
Q4190,P47,Q504978
Q4190,P47,Q278312
Q4190,P47,Q256810
Q4190,P47,Q506258
Q4190,P47,Q684493
Q4190,P47,Q239753
Q4190,P47,Q517872
Q4190,P47,Q10489
Q4190,P47,Q504443
Q4190,P910,Q6418997
Q4190,P1464,Q15070061
Q4190,P1465,Q9219433
Q4190,P1792,Q7923804
Q4190,P1376,Q884763
Q4190,P1376,Q2497338
Q4190,P1376,Q10489
Q4190,P1343,Q2041543
Q4190,P1343,Q1138524
Q4190,P1343,Q602358
Q4190,P1343,Q19538713
Q4190,P1343,Q316838
Q4190,P485,Q28720263
Q4190,P361,Q1299121
Q4190,P1456,Q1832908
Q4190,P1889,Q33949469
Q4190,P463,Q747279
Q4190,P463,Q812378
Q4190,P7867,Q84046790
Q2724817,P31,Q9415
Q2724817,P361,Q9357054
Q2724817,P361,Q77468620
Q5321,P279,Q931447
Q5321,P279,Q11653
Q5321,P1343,Q2657718
Q5321,P1552,Q25358
Q5321,P5008,Q5460604
Q5321,P186,Q124291
Q284513,P31,Q50320283
Q284513,P31,Q50316487
Q284513,P31,Q1079196
Q284513,P31,Q3248226
Q284513,P366,Q624167
Q424578,P31,Q4167410
Q31697,P31,Q4167410
Q31697,P1889,Q13630878
Q31697,P1889,Q20726731
Q14092,P279,Q1076486
Q14092,P279,Q34654702
Q14092,P279,Q27951514
Q14092,P910,Q8503007
Q14092,P366,Q349
Q14092,P1889,Q1065656
Q14092,P1889,Q16763648
Q52105,P279,Q1496967
Q52105,P910,Q6327738
Q52105,P460,Q175208
Q52105,P1343,Q2657718
Q52105,P1889,Q3718755
Q52105,P1889,Q4257161
Q52105,P1687,P181
Q52105,P1687,P2974
Q52105,P156,Q175208
Q52105,P361,Q43619
Q6573,P105,Q164280
Q6573,P31,Q16521
Q6573,P910,Q7215253
Q6573,P171,Q25916
Q6573,P171,Q193061
Q6573,P1343,Q19180675
Q6573,P1343,Q4532138
Q6573,P279,Q193061
Q1154740,P279,Q839546
Q342933,P31,Q4167410
Q342933,P1889,Q18450441
Q342933,P460,Q28019017
Q1549408,P31,Q4830453
Q1549408,P31,Q6881511
Q1549408,P159,Q1490
Q1549408,P127,Q210278
Q1549408,P17,Q17
Q1549408,P1454,Q891723
Q1549408,P749,Q210278
Q1549408,P463,Q7389502
Q1549408,P452,Q11650
Q1549408,P414,Q217475
Q1154393,P910,Q7012056
Q1154393,P31,Q327333
Q1154393,P17,Q668
Q1154393,P131,Q987
Q1154393,P749,Q2641653
Q1154393,P355,Q5251182
Q1154393,P355,Q5251201
Q1154393,P355,Q12974401
Q1154393,P355,Q30281917
Q1154393,P355,Q6040675
Q1154393,P355,Q5755397
Q1154393,P355,Q30296971
Q1154393,P355,Q30297049
Q1154393,P355,Q16240755
Q1154393,P355,Q5251227
Q1154393,P355,Q5251245
Q1154393,P355,Q5251214
Q1154393,P355,Q7557883
Q454381,P31,Q4167410
Q7312521,P31,Q4167410
Q236069,P31,Q4167410
Q734832,P279,Q29485
Q734832,P279,Q5131849
Q734832,P1889,Q1984758
Q734832,P1382,Q1260827
Q734832,P1382,Q1984758
Q734832,P31,Q27949697
Q37038,P279,Q11028
Q37038,P279,Q17537576
Q37038,P279,Q7406919
Q37038,P910,Q6448504
Q37038,P1343,Q2657718
Q37038,P1343,Q602358
Q37038,P1343,Q19180675
Q37038,P1343,Q1970746
Q37038,P2184,Q3137306
Q37038,P180,Q2424752
Q37038,P180,Q7406919
Q37038,P3095,Q10355417
Q37038,P31,Q8187769
Q351600,P31,Q4167410
Q656083,P1269,Q2308807
Q656083,P1269,Q9135
Q416616,P31,Q4167410
Q127980,P910,Q4046
Q127980,P279,Q169336
Q127980,P279,Q214609
Q127980,P31,Q181394
Q127980,P527,Q407758
Q127980,P1889,Q407758
Q127980,P1889,Q186319
Q127980,P1889,Q11367
Q127980,P1889,Q193583
Q127980,P1889,Q629823
Q127980,P1343,Q602358
Q18393868,P31,Q4167410
Q707125,P279,Q2150504
Q707125,P279,Q63484572
Q707125,P279,Q1424047
Q707125,P279,Q1231428
Q707125,P1343,Q602358
Q707125,P92,Q674827
Q707125,P1889,Q98463540
Q707125,P1542,Q44619
Q180687,P31,Q631360
Q180687,P17,Q142
Q2713450,P279,Q16744570
Q2713450,P279,Q1211272
Q170475,P910,Q7440718
Q170475,P279,Q1150070
Q170475,P1343,Q2657718
Q170475,P527,Q1047845
Q170475,P527,Q1127660
Q170475,P1889,Q2692606
Q170475,P1552,Q900488
Q690117,P361,Q1381169
Q690117,P31,Q500669
Q846651,P31,Q1724915
Q846651,P279,Q232661
Q86,P279,Q81938
Q86,P279,Q1441305
Q86,P910,Q7055837
Q86,P1343,Q602358
Q86,P1343,Q19180675
Q86,P1343,Q2657718
Q86,P1343,Q20078554
Q86,P2176,Q418351
Q86,P2176,Q1606543
Q86,P2176,Q423390
Q86,P2176,Q423971
Q86,P1995,Q83042
Q86,P5008,Q5460604
Q86,P5008,Q87748614
Q86,P828,Q576349
Q134574,P279,Q39546
Q134574,P279,Q11019
Q134574,P279,Q82468078
Q134574,P910,Q7343031
Q134574,P1343,Q602358
Q134574,P1343,Q602358
Q134574,P1343,Q19190511
Q134574,P1382,Q65115262
Q55350252,P31,Q4167410
Q382466,P31,Q4167410
Q13276,P186,Q11002
Q13276,P186,Q36465
Q13276,P186,Q8495
Q13276,P279,Q5159627
Q13276,P910,Q7214152
Q13276,P1889,Q1142483
Q13276,P1889,Q13270
Q13276,P1889,Q189085
Q13276,P1889,Q130186
Q1579126,P31,Q4167410
Q1579126,P1889,Q30836859
Q1579126,P1889,Q37122822
Q1579126,P1889,Q16412251
Q1579126,P460,Q11165924
Q1579126,P460,Q1478935
Q396951,P31,Q4167410
Q222034,P31,Q4167410
Q11567121,P910,Q10158639
Q11567121,P1889,Q929121
Q6851132,P31,Q4167410
Q296074,P31,Q4167410
Q2033879,P279,Q130825
Q2033879,P1343,Q4091875
Q2033879,P910,Q27031404
Q60605273,P31,Q4167410
Q3276328,P31,Q4167410
Q3276328,P1889,Q37154608
Q1050303,P279,Q738570
Q1050303,P460,Q738570
Q1050303,P1889,Q299094
Q1050303,P1889,Q11361229
Q1050303,P1889,Q66364404
Q6453261,P31,Q4167410
Q2145687,P31,Q4167410
Q2145687,P460,Q99193991
Q234006,P31,Q4167410
Q324963,P279,Q42045754
Q324963,P461,Q171486
Q324963,P1889,Q664575
Q324963,P1889,Q58430
Q324963,P1542,Q1301500
Q345847,P279,Q11030
Q345847,P31,Q4167410
Q1804892,P31,Q4167410
Q7662067,P31,Q4167410
Q498186,P31,Q942353
Q498186,P31,Q211790
Q498186,P61,Q1384978
Q13516686,P910,Q8431708
Q13516686,P31,Q151885
Q13516686,P1687,P2402
Q13516686,P1889,Q18089644
Q13516686,P279,Q240673
Q1049470,P31,Q62078547
Q1049470,P31,Q45400320
Q1049470,P910,Q8884856
Q1049470,P17,Q16
Q1049470,P138,Q179034
Q1049470,P488,Q5444313
Q1049470,P488,Q41564
Q1049470,P488,Q6132808
Q1049470,P488,Q5302044
Q1049470,P488,Q5000715
Q1049470,P488,Q5549212
Q1049470,P159,Q639408
Q1049470,P463,Q4810036
Q1049470,P463,Q647039
Q1049470,P463,Q5137944
Q1049470,P3876,Q9683277
Q1049470,P4195,Q8884859
Q1049470,P1416,Q593768
Q1049470,P355,Q17144199
Q1049470,P355,Q57940165
Q1049470,P355,Q72118876
Q14759,P31,Q34228
Q14759,P31,Q34770
Q14759,P31,Q1288568
Q14759,P910,Q8243973
Q14759,P279,Q5501921
Q14759,P737,Q33302
Q14759,P737,Q33494
Q14759,P737,Q4388663
Q14759,P4132,Q651641
Q14759,P17,Q30
Q14759,P17,Q16
Q14759,P3823,Q29051551
Q14759,P282,Q1497335
Q14759,P282,Q7618587
Q483372,P279,Q2684591
Q483372,P910,Q8894564
Q483372,P1343,Q2657718
Q483372,P1424,Q20449778
Q483372,P1424,Q20376213
Q483372,P1889,Q18176451
Q483372,P1552,Q363948
Q483372,P361,Q77468620
Q4229952,P31,Q4167410
Q4229952,P1343,Q2657718
Q1208425,P461,Q621695
Q1208425,P461,Q1692426
Q1208425,P279,Q900584
Q1208425,P279,Q451967
Q1208425,P460,Q101069285
Q509425,P31,Q4167410
Q509425,P1889,Q19826481
Q509425,P1889,Q21512357
Q509425,P1889,Q7726004
Q920419,P279,Q3249551
Q920419,P1889,Q393216
Q920419,P461,Q1253258
Q2303071,P31,Q4167410
Q10304508,P105,Q36602
Q10304508,P171,Q132756
Q10304508,P31,Q16521
Q10304508,P910,Q8853369
Q10304508,P2579,Q2669293
Q10304508,P166,Q1496680
Q10304508,P279,Q45858212
Q16770048,P31,Q4167410
Q19824099,P31,Q3409032
Q19824099,P31,Q4167410
Q19824099,P460,Q1166973
Q19824099,P460,Q55384378
Q19824099,P1889,Q1166710
Q19824099,P407,Q1860
Q19824099,P282,Q8229
Q343238,P31,Q4167410
Q179661,P910,Q7012769
Q179661,P279,Q796194
Q179661,P279,Q26256310
Q179661,P279,Q31207
Q179661,P1687,P924
Q179661,P1687,P3354
Q179661,P1687,P3355
Q179661,P3095,Q2419397
Q108874,P279,Q22672348
Q108874,P61,Q366380
Q108874,P910,Q9462602
Q108874,P31,Q1792379
Q108874,P31,Q3533467
Q2269240,P361,Q915466
Q2269240,P279,Q3955006
Q2269240,P31,Q1790144
Q2269240,P111,Q2199864
Q404051,P31,Q4167410
Q404051,P1889,Q16865888
Q404051,P1889,Q25357
Q13228,P910,Q9235407
Q13228,P279,Q185217
Q13228,P279,Q26845451
Q13228,P31,Q25403900
Q13228,P366,Q1472481
Q13228,P1343,Q602358
Q13228,P828,Q5183370
Q2107094,P279,Q1751513
Q2107094,P279,Q66309984
Q2107094,P31,Q1751513
Q2107094,P31,Q66467327
Q7455859,P31,Q4167410
Q13231,P31,Q55915575
Q13231,P98,Q13236
Q13231,P98,Q13234
Q13231,P50,Q13230
Q13231,P921,Q8162
Q13231,P136,Q27801
Q13231,P407,Q150
Q13231,P6216,Q19652
Q13231,P6216,Q19652
Q207922,P31,Q431289
Q207922,P31,Q6881511
Q207922,P910,Q8064971
Q207922,P740,Q60
Q207922,P740,Q208459
Q207922,P112,Q335039
Q207922,P112,Q3982507
Q207922,P127,Q15018011
Q207922,P127,Q13409231
Q207922,P127,Q3627870
Q207922,P127,Q3805414
Q207922,P495,Q30
Q207922,P17,Q30
Q207922,P749,Q247032
Q207922,P355,Q15018011
Q207922,P452,Q941594
Q207922,P793,Q643802
Q207922,P793,Q550412
Q207922,P2354,Q45920790
Q207922,P1056,Q7889
Q207922,P553,Q6024522
Q207922,P1454,Q166280
Q207922,P159,Q99
Q12132,P910,Q4966070
Q12132,P279,Q130788
Q12132,P279,Q58778
Q12132,P1343,Q2041543
Q12132,P1343,Q602358
Q12132,P1343,Q4173137
Q12132,P1343,Q19180675
Q12132,P1343,Q1970746
Q12132,P1343,Q1768721
Q12132,P527,Q205892
Q12132,P5008,Q5460604
Q12132,P1424,Q5613734
Q12132,P1889,Q1365679
Q7447793,P31,Q4167410
Q3648837,P31,Q235557
Q11650,P910,Q5460952
Q11650,P279,Q2695280
Q11650,P279,Q373065
Q11650,P31,Q2465832
Q11650,P31,Q8148
Q11650,P31,Q11862829
Q11650,P1151,Q8210977
Q11650,P5008,Q5460604
Q11650,P5125,Q7112614
Q11650,P2579,Q11023
Q11650,P527,Q1815901
Q11650,P3095,Q96572834
Q11650,P3095,Q1326886
Q5377,P279,Q877517
Q5377,P910,Q7216084
Q5377,P495,Q22
Q5377,P1151,Q14615758
Q5377,P2283,Q919777
Q5377,P2283,Q1054671
Q5377,P2283,Q1048525
Q5377,P2283,Q2467501
Q5377,P3095,Q490253
Q5377,P3095,Q11303721
Q5377,P3095,Q88214543
Q5377,P2184,Q465944
Q5377,P5008,Q5460604
Q5377,P5125,Q28453699
Q5377,P31,Q31629
Q5377,P1343,Q20078554
Q9966,P17,Q55
Q9966,P910,Q8845324
Q9966,P31,Q2039348
Q9966,P31,Q23442
Q9966,P47,Q9911
Q9966,P47,Q9936
Q9966,P47,Q2536628
Q9966,P47,Q207851
Q9966,P1383,Q119446
Q9966,P1383,Q1842729
Q9966,P1383,Q1923222
Q9966,P1383,Q2102175
Q9966,P1383,Q2104688
Q9966,P1383,Q2115818
Q9966,P1383,Q2132217
Q9966,P1383,Q2142505
Q9966,P1383,Q2166564
Q9966,P1383,Q2183418
Q9966,P1383,Q2185784
Q9966,P1383,Q2238242
Q9966,P1383,Q2238788
Q9966,P1383,Q2425918
Q9966,P1383,Q2469163
Q9966,P1383,Q2564857
Q9966,P1383,Q2572065
Q9966,P1383,Q2620436
Q9966,P1383,Q2788812
Q9966,P1383,Q2791094
Q9966,P1383,Q3020286
Q9966,P1383,Q425846
Q9966,P1383,Q4343893
Q9966,P1383,Q4588212
Q9966,P1383,Q517053
Q9966,P1383,Q599417
Q9966,P1383,Q992737
Q9966,P1383,Q19884177
Q9966,P6,Q22443091
Q9966,P421,Q6655
Q9966,P1464,Q32651958
Q9966,P1792,Q8751219
Q9966,P206,Q1693
Q9966,P206,Q26080
Q9966,P237,Q2634216
Q9966,P163,Q15883515
Q9966,P1465,Q44087927
Q9966,P706,Q1483775
Q9966,P706,Q47009672
Q9966,P1343,Q602358
Q9966,P131,Q701
Q9966,P7867,Q84090178
Q9966,P1456,Q4596402
Q29426754,P31,Q4167410
Q29426754,P1889,Q37526337
Q34264,P31,Q11368
Q34264,P910,Q4026544
Q34264,P277,Q15777
Q34264,P407,Q1860
Q34264,P275,Q191307
Q34264,P156,Q228413
Q34264,P156,Q336773
Q34264,P156,Q4153388
Q34264,P156,Q34225
Q34264,P138,Q168756
Q34264,P178,Q168756
Q34264,P155,Q11368
Q34264,P2184,Q9133389
Q34264,P1889,Q58636917
Q630670,P31,Q4830453
Q630670,P31,Q18388277
Q630670,P31,Q734253
Q630670,P452,Q941594
Q630670,P17,Q30
Q630670,P749,Q170416
Q630670,P127,Q170416
Q630670,P159,Q185582
Q630670,P1056,Q744987
Q630670,P740,Q49268
Q630670,P1454,Q658255
Q630670,P910,Q51762917
Q344065,P31,Q4167410
Q397873,P31,Q4167410
Q43489,P105,Q34740
Q43489,P171,Q754660
Q43489,P910,Q6677825
Q43489,P31,Q16521
Q43489,P1343,Q1138524
Q43489,P1343,Q602358
Q43489,P1343,Q19180675
Q1649367,P31,Q4167410
Q220869,P361,Q1684794
Q220869,P279,Q24060707
Q220869,P910,Q9915876
Q951161,P17,Q258
Q951161,P910,Q8497981
Q951161,P31,Q3957
Q951161,P131,Q1886243
Q951161,P1376,Q1886243
Q951161,P421,Q6723
Q4545594,P31,Q4167410
Q4638990,P31,Q4167410
Q245390,P31,Q4167410
Q224392,P31,Q4167410
Q631869,P31,Q4167410
Q3564565,P31,Q4167410
Q292827,P31,Q4167410
Q174984,P1535,Q1339255
Q174984,P279,Q42848
Q174984,P279,Q2150504
Q174984,P1542,Q11028
Q174984,P1889,Q2150504
Q174984,P461,Q11306265
Q10779063,P31,Q4167410
Q10779063,P1889,Q223883
Q10779063,P1889,Q20036390
Q10779063,P460,Q84071922
Q1869293,P358,Q6671781
Q1869293,P31,Q215380
Q1869293,P136,Q83440
Q1869293,P264,Q4836116
Q1869293,P495,Q30
Q1869293,P740,Q23197
Q1869293,P910,Q8601971
Q8335,P31,Q55983715
Q1314,P155,Q1313
Q1314,P156,Q1311
Q1314,P461,Q1312
Q1314,P279,Q24384
Q1314,P910,Q7354232
Q1314,P31,Q15275719
Q1314,P1343,Q2041543
Q1314,P1343,Q19190511
Q1314,P1343,Q1768721
Q1314,P2959,Q45972410
Q1314,P2959,Q46115302
Q1314,P2959,Q46119306
Q1314,P1889,Q787459
Q1314,P2922,Q110
Q1314,P2922,Q118
Q1314,P2922,Q119
Q1314,P2922,Q123
Q1314,P2922,Q124
Q1314,P2922,Q125
Q31688,P31,Q4167410
Q31688,P1889,Q37050598
Q10856,P105,Q35409
Q10856,P171,Q28078
Q10856,P31,Q16521
Q10856,P944,Q13011
Q10856,P910,Q8391079
Q10856,P5008,Q5460604
Q10856,P1343,Q602358
Q10856,P1343,Q1768721
Q10856,P1343,Q20078554
Q10856,P1672,Q83363036
Q1047398,P31,Q4167410
Q1047398,P1889,Q2003540
Q1047398,P1889,Q41533665
Q4839857,P279,Q1623285
Q194189,P910,Q8699379
Q194189,P31,Q151885
Q194189,P31,Q1914636
Q194189,P279,Q601401
Q194189,P279,Q815823
Q194189,P461,Q1369832
Q194189,P361,Q39809
Q194189,P361,Q159810
Q194189,P361,Q601401
Q194189,P3095,Q685433
Q194189,P3095,Q1762621
Q838016,P361,Q300914
Q838016,P361,Q1022270
Q838016,P361,Q4035705
Q838016,P361,Q747478
Q838016,P1889,Q7245307
Q838016,P31,Q190686
Q13402954,P361,Q300914
Q13402954,P2283,Q838087
Q15854263,P31,Q4167410
Q449281,P31,Q4167410
Q449281,P1889,Q1132073
Q449281,P1889,Q37239032
Q288400,P31,Q4167410
Q6045648,P31,Q4167410
Q1004858,P31,Q4167410
Q1004858,P1889,Q19902019
Q1004858,P1889,Q55671960
Q116869,P31,Q4167410
Q11034548,P279,Q705914
Q11034548,P279,Q11794832
Q11034548,P1889,Q31908577
Q7930254,P17,Q145
Q7930254,P1889,Q1864095
Q1260820,P31,Q82799
Q1260820,P527,Q4515632
Q1260820,P527,Q15788891
Q1260820,P1889,Q881249
Q1260820,P1889,Q4515632
Q30873,P112,Q218630
Q30873,P169,Q218630
Q30873,P159,Q128334
Q30873,P31,Q1589009
Q30873,P31,Q4830453
Q30873,P31,Q6881511
Q30873,P138,Q218630
Q30873,P910,Q8372155
Q30873,P155,Q282501
Q30873,P355,Q937801
Q30873,P355,Q616855
Q30873,P355,Q911882
Q30873,P355,Q877536
Q30873,P1056,Q56155
Q30873,P1056,Q3962
Q30873,P1056,Q44127
Q30873,P1056,Q178648
Q30873,P1056,Q22645
Q30873,P1056,Q1546066
Q30873,P1056,Q7397
Q30873,P1056,Q7987
Q30873,P1056,Q250
Q30873,P1056,Q4321
Q30873,P1056,Q4343
Q30873,P1056,Q5290
Q30873,P1056,Q15141646
Q30873,P740,Q16559
Q30873,P1454,Q891723
Q30873,P17,Q30
Q30873,P452,Q3966
Q30873,P452,Q7397
Q30873,P749,Q27500963
Q30873,P127,Q27500963
Q30873,P1830,Q937801
Q30873,P1830,Q2595760
Q30873,P1830,Q3375548
Q30873,P1830,Q5254103
Q30873,P1830,Q7075664
Q30873,P1830,Q9257557
Q30873,P1830,Q28206816
Q30873,P463,Q67904121
Q30873,P463,Q7389502
Q30873,P414,Q13677
Q30873,P1037,Q218630
Q30873,P166,Q92429087
Q240845,P31,Q4167410
Q240845,P1889,Q18324383
Q240845,P1889,Q28943945
Q240845,P1889,Q25378256
Q240845,P1889,Q64768940
Q240845,P1889,Q84140034
Q240845,P460,Q331569
Q240845,P460,Q421633
Q1944054,P31,Q4167410
Q838801,P31,Q1790144
Q838801,P31,Q208469
Q838801,P1889,Q27863866
Q838801,P111,Q2199864
Q11089591,P31,Q4167410
Q188907,P910,Q8426204
Q188907,P279,Q9332
Q188907,P279,Q211364
Q188907,P527,Q28955655
Q188907,P460,Q11228056
Q1059099,P361,Q77468620
Q571783,P31,Q4167410
Q571783,P1889,Q4139908
Q571783,P460,Q5567494
Q3058004,P31,Q4167410
Q3058004,P1889,Q19860319
Q3058004,P1889,Q715982
Q3058004,P1889,Q47037027
Q3058004,P460,Q124371
Q3058004,P460,Q222523
Q400864,P31,Q4167410
Q400864,P1889,Q26439545
Q400864,P1889,Q27167156
Q400864,P1889,Q1770991
Q18123008,P31,Q55983715
Q18123008,P1343,Q678259
Q18123008,P1343,Q1768721
Q18123008,P279,Q25309
Q18123008,P910,Q8909938
Q296074,P31,Q4167410
Q189192,P31,Q4167410
Q2462807,P31,Q4167410
Q2462807,P1889,Q37456535
Q16263352,P31,Q4167410
Q21004260,P31,Q1914636
Q21004260,P279,Q1355298
Q21004260,P361,Q2135597
Q21004260,P527,Q1127717
Q21004260,P910,Q8549605
Q36963,P910,Q6308045
Q36963,P1151,Q19362171
Q36963,P417,Q149727
Q36963,P417,Q218921
Q36963,P417,Q159834
Q36963,P1343,Q16387823
Q36963,P1343,Q2657718
Q36963,P1343,Q1210353
Q36963,P1343,Q4086271
Q36963,P1343,Q1768721
Q36963,P1343,Q1768721
Q36963,P279,Q451967
Q36963,P279,Q861451
Q36963,P279,Q192581
Q36963,P279,Q47728
Q36963,P156,Q4282505
Q36963,P156,Q213449
Q36963,P1889,Q2306047
Q36963,P1889,Q34577
Q36963,P361,Q13165863
Q36963,P121,Q1678432
Q36963,P121,Q34168
Q36963,P3095,Q1714828
Q36963,P2579,Q4181964
Q36963,P2579,Q19924411
Q36963,P31,Q1914636
Q7784427,P31,Q4167410
Q1761,P1464,Q8053035
Q1761,P190,Q216
Q1761,P190,Q16553
Q1761,P190,Q1492
Q1761,P190,Q24826
Q1761,P190,Q956
Q1761,P190,Q490
Q1761,P190,Q1781
Q1761,P190,Q186569
Q1761,P190,Q181886
Q1761,P190,Q23564
Q1761,P190,Q1780
Q1761,P190,Q9022
Q1761,P17,Q174193
Q1761,P17,Q215530
Q1761,P17,Q27
Q1761,P17,Q31747
Q1761,P17,Q844250
Q1761,P31,Q5119
Q1761,P31,Q1549591
Q1761,P31,Q13455645
Q1761,P910,Q7006161
Q1761,P421,Q6574
Q1761,P1465,Q9686931
Q1761,P1740,Q9695924
Q1761,P1792,Q7115070
Q1761,P206,Q208009
Q1761,P206,Q41735
Q1761,P206,Q1542268
Q1761,P206,Q2055328
Q1761,P2184,Q1284844
Q1761,P1791,Q8328572
Q1761,P6,Q28363948
Q1761,P6,Q41536567
Q1761,P194,Q54931477
Q1761,P208,Q55082822
Q1761,P30,Q46
Q1761,P1151,Q56686047
Q1761,P1441,Q2385
Q1761,P793,Q48784997
Q1761,P7867,Q84033430
Q1761,P7959,Q173500
Q1761,P1343,Q3181656
Q1761,P1376,Q27
Q1761,P1376,Q215530
Q1761,P1376,Q844250
Q1761,P1376,Q31747
Q1761,P1376,Q173500
Q1761,P1376,Q57695350
Q1761,P131,Q173500
Q1761,P131,Q27
Q1761,P1313,Q13645132
Q1761,P8744,Q5333667
Q354951,P31,Q4167410
Q354951,P1889,Q23022515
Q1718,P190,Q2795
Q1718,P190,Q161491
Q1718,P190,Q41621
Q1718,P190,Q270
Q1718,P190,Q11725
Q1718,P190,Q649
Q1718,P190,Q2656
Q1718,P190,Q170616
Q1718,P17,Q183
Q1718,P30,Q5401
Q1718,P131,Q7926
Q1718,P131,Q1803134
Q1718,P6,Q86019
Q1718,P6,Q17198510
Q1718,P6,Q1336422
Q1718,P6,Q99603
Q1718,P6,Q1596475
Q1718,P6,Q1744941
Q1718,P6,Q1705093
Q1718,P6,Q1744941
Q1718,P6,Q98324
Q1718,P6,Q1799910
Q1718,P6,Q1468754
Q1718,P6,Q98324
Q1718,P6,Q1504455
Q1718,P6,Q2574111
Q1718,P6,Q1704665
Q1718,P6,Q75808
Q1718,P6,Q2545117
Q1718,P6,Q2572757
Q1718,P6,Q2561701
Q1718,P6,Q1341971
Q1718,P6,Q1038578
Q1718,P6,Q2716220
Q1718,P6,Q2039781
Q1718,P6,Q1372133
Q1718,P6,Q66628
Q1718,P6,Q347607
Q1718,P6,Q102327
Q1718,P6,Q1874487
Q1718,P6,Q1875126
Q1718,P6,Q2572378
Q1718,P6,Q1269070
Q1718,P6,Q2087198
Q1718,P6,Q1458003
Q1718,P6,Q1459800
Q1718,P6,Q1707652
Q1718,P6,Q1801374
Q1718,P6,Q1338290
Q1718,P47,Q2948
Q1718,P47,Q14878
Q1718,P47,Q3791
Q1718,P47,Q4094
Q1718,P47,Q6968
Q1718,P47,Q4048
Q1718,P47,Q2100
Q1718,P47,Q4105
Q1718,P47,Q6253
Q1718,P47,Q6257
Q1718,P31,Q42744322
Q1718,P31,Q14784328
Q1718,P31,Q1549591
Q1718,P31,Q22865
Q1718,P31,Q15253706
Q1718,P31,Q85635630
Q1718,P910,Q8395471
Q1718,P1376,Q1198
Q1718,P1376,Q7926
Q1718,P1376,Q22880
Q1718,P1376,Q151095
Q1718,P1376,Q1270638
Q1718,P1464,Q8053280
Q1718,P1465,Q9218286
Q1718,P1740,Q19363086
Q1718,P1792,Q7115060
Q1718,P206,Q584
Q1718,P206,Q701645
Q1718,P361,Q164903
Q1718,P706,Q212520
Q1718,P138,Q701645
Q1718,P610,Q2220451
Q1718,P150,Q551600
Q1718,P150,Q320896
Q1718,P150,Q322875
Q1718,P150,Q323607
Q1718,P150,Q323588
Q1718,P150,Q831039
Q1718,P150,Q323826
Q1718,P150,Q870865
Q1718,P150,Q323577
Q1718,P150,Q831067
Q1718,P2872,Q28106719
Q1718,P1151,Q14614580
Q1718,P485,Q28720001
Q1718,P463,Q627637
Q1718,P463,Q1768108
Q1718,P463,Q747279
Q1718,P463,Q52144567
Q1718,P463,Q153468
Q1718,P1791,Q7975774
Q1718,P1830,Q2138160
Q1718,P1830,Q58226
Q1718,P355,Q59161646
Q1718,P1313,Q63342999
Q1718,P7867,Q84023544
Q1718,P421,Q5412096
Q1718,P37,Q188
Q1718,P8402,Q96988774
Q1718,P1343,Q3181656
Q408531,P31,Q4167410
Q343317,P31,Q4167410
Q230562,P31,Q4167410
Q230562,P460,Q15637506
Q230562,P1889,Q3614182
Q5417103,P31,Q4830453
Q5417103,P910,Q8429756
Q5417103,P159,Q49220
Q5417103,P17,Q30
Q5417103,P1056,Q16338
Q220499,P279,Q1172540
Q220499,P910,Q7353879
Q220499,P1535,Q23930024
Q220499,P1687,P963
Q220499,P437,Q63241860
Q220499,P31,Q81941037
Q2450618,P31,Q4167410
Q2450618,P460,Q16617591
Q2450618,P460,Q16615323
Q2450618,P460,Q3989681
Q2450618,P460,Q74024313
Q2450618,P460,Q74025068
Q2450618,P460,Q74025559
Q2450618,P460,Q74026029
Q2450618,P1889,Q22813352
Q1651094,P31,Q4167410
Q1660239,P31,Q4167410
Q399570,P31,Q4167410
Q399570,P1889,Q37565356
Q399570,P1889,Q3899338
Q1498271,P31,Q4167410
Q1498271,P1889,Q15729029
Q1498271,P1889,Q16866072
Q1498271,P460,Q257022
Q1498271,P460,Q397358
Q1498271,P460,Q18609366
Q1498271,P460,Q28004766
Q1498271,P460,Q1553384
Q1498271,P460,Q1553990
Q1498271,P460,Q2090277
Q1498271,P460,Q2419320
Q1498271,P460,Q2850854
Q1498271,P460,Q13371784
Q19929698,P31,Q4167410
Q628179,P279,Q5004679
Q628179,P910,Q8863158
Q628179,P1424,Q13362630
Q628179,P1963,P559
Q628179,P1963,P2043
Q628179,P1963,P131
Q628179,P1963,P7252
Q628179,P1963,P7297
Q628179,P2959,Q5004679
Q628179,P1343,Q65109596
Q628179,P6440,Q66314461
Q1128255,P279,Q2424752
Q1128255,P1687,P2821
Q1128255,P1687,P2822
Q299212,P31,Q4167410
Q299212,P1889,Q26446664
Q299212,P1889,Q27306427
Q8,P31,Q331769
Q8,P31,Q60539479
Q8,P31,Q9415
Q8,P910,Q8505256
Q8,P1343,Q20743760
Q8,P1343,Q1970746
Q8,P1343,Q19180675
Q8,P461,Q169251
Q8,P279,Q16748867
Q8,P460,Q935526
Q8,P460,Q203994
Q8,P361,Q77468620
Q8,P1552,Q487
Q8,P1552,Q1117179
Q4399563,P31,Q4167410
Q6010,P31,Q3516862
Q6010,P31,Q11921029
Q6010,P279,Q1322198
Q6010,P279,Q27939
Q6010,P910,Q7217055
Q6010,P461,Q2058312
Q6010,P3095,Q2252262
Q6010,P361,Q12726073
Q6010,P495,Q30
Q6010,P1889,Q11401
Q322363,P31,Q4167410
Q219173,P31,Q4167410
Q47083,P31,Q208469
Q47083,P31,Q68618328
Q47083,P31,Q69197847
Q47083,P31,Q82047057
Q47083,P111,Q25358
Q47083,P111,Q179043
Q47083,P111,Q193972
Q47083,P111,Q79463812
Q47083,P138,Q1585
Q47083,P1343,Q19180675
Q47083,P1343,Q602358
Q47083,P1343,Q19190511
Q47083,P144,Q25250
Q47083,P144,Q25272
Q2749750,P1343,Q2657718
Q5468,P190,Q34404
Q5468,P190,Q774015
Q5468,P190,Q134762
Q5468,P190,Q16572
Q5468,P190,Q131818
Q5468,P190,Q193250
Q5468,P190,Q20921
Q5468,P190,Q3889
Q5468,P190,Q3825
Q5468,P190,Q171632
Q5468,P190,Q87
Q5468,P190,Q1297
Q5468,P190,Q4361
Q5468,P190,Q8678
Q5468,P190,Q12191
Q5468,P190,Q12892
Q5468,P190,Q34647
Q5468,P190,Q24879
Q5468,P190,Q956943
Q5468,P190,Q225641
Q5468,P190,Q34370
Q5468,P17,Q258
Q5468,P17,Q193619
Q5468,P31,Q515
Q5468,P31,Q2264924
Q5468,P31,Q1549591
Q5468,P910,Q8393106
Q5468,P421,Q6723
Q5468,P131,Q311544
Q5468,P131,Q81725
Q5468,P131,Q917867
Q5468,P1464,Q18121438
Q5468,P1465,Q12086657
Q5468,P1792,Q7912935
Q5468,P1376,Q311544
Q5468,P1830,Q7244684
Q5468,P1830,Q7634896
Q5468,P7867,Q84067133
Q5468,P1343,Q3181656
Q234808,P31,Q4167410
Q1222181,P31,Q4167410
Q1222181,P1889,Q299964
Q15995900,P31,Q4167410
Q1164508,P31,Q4167410
Q415618,P31,Q4167410
Q415618,P1889,Q937045
Q415618,P1889,Q816079
Q415618,P460,Q99293834
Q1996375,P279,Q512314
Q1996375,P1889,Q1942273
Q1996375,P31,Q4164871
Q1996375,P910,Q8685487
Q621317,P279,Q16338
Q621317,P910,Q13288169
Q621317,P31,Q431289
Q8069278,P31,Q4830453
Q8069278,P159,Q36091
Q8069278,P1056,Q7397
Q8069278,P452,Q3966
Q6177536,P31,Q101352
Q6177536,P1889,Q1686876
Q6177536,P282,Q8229
Q8236,P910,Q8598729
Q8236,P461,Q485100
Q8236,P279,Q205961
Q8236,P1343,Q2657718
Q8236,P1343,Q602358
Q8236,P1343,Q19180675
Q8236,P1343,Q4173137
Q8236,P5008,Q5460604
Q8236,P1889,Q1084976
Q8236,P460,Q24892987
Q8236,P828,Q8434
Q8236,P1687,P6897
Q8236,P31,Q11862829
Q261952,P31,Q4830453
Q261952,P112,Q2577851
Q261952,P159,Q505549
Q261952,P740,Q383234
Q261952,P17,Q30
Q261952,P1454,Q658255
Q261952,P1830,Q1158883
Q261952,P1830,Q3700309
Q261952,P166,Q17011048
Q261952,P485,Q60339057
Q261952,P199,Q84569906
Q52618,P31,Q2401749
Q52618,P112,Q711309
Q52618,P910,Q8421424
Q52618,P1454,Q422007
Q52618,P452,Q5268834
Q52618,P527,Q19802149
Q52618,P159,Q1754
Q52618,P414,Q82059
Q52618,P355,Q21278781
Q52618,P355,Q29124026
Q52618,P355,Q29124031
Q52618,P355,Q29124035
Q52618,P355,Q30338840
Q52618,P355,Q30338842
Q52618,P355,Q30338844
Q52618,P355,Q30338847
Q52618,P355,Q30338848
Q52618,P355,Q30338850
Q52618,P355,Q69559631
Q52618,P740,Q1754
Q52618,P138,Q711309
Q52618,P1056,Q1546066
Q52618,P17,Q34
Q52618,P169,Q5629910
Q52618,P1830,Q488915
Q52618,P1830,Q498804
Q52618,P1830,Q3963331
Q52618,P1830,Q7695688
Q52618,P127,Q1671804
Q52618,P463,Q858851
Q52618,P463,Q37033
Q52618,P463,Q492705
Q52618,P463,Q1685617
Q52618,P6379,Q679527
Q52618,P6379,Q188740
Q52618,P6379,Q842858
Q52618,P6379,Q1809071
Q16644043,P361,Q177719
Q16644043,P1478,Q177719
Q16644043,P279,Q49848
Q16644043,P279,Q730920
Q16644043,P1889,Q904923
Q16644043,P1889,Q11856063
Q16644043,P1889,Q1762591
Q16644043,P1889,Q91615392
Q16644043,P1889,Q91615389
Q16644043,P1343,Q602358
Q16644043,P1343,Q19180675
Q182832,P279,Q6942562
Q182832,P279,Q21550582
Q182832,P910,Q7232894
Q182832,P2959,Q22828675
Q182832,P3095,Q1783698
Q182832,P1343,Q2152210
Q182832,P1343,Q27680201
Q182832,P1343,Q19180675
Q182832,P1343,Q1970746
Q182832,P1424,Q13568729
Q8341,P31,Q188451
Q8341,P910,Q7033240
Q8341,P2184,Q466571
Q8341,P279,Q373342
Q8341,P495,Q30
Q8341,P5008,Q5460604
Q8341,P5008,Q15304953
Q8341,P5125,Q7112669
Q8341,P3095,Q15981151
Q8341,P3095,Q67512484
Q8341,P6104,Q13417658
Q8341,P2354,Q3518460
Q8341,P1151,Q11032929
Q8341,P1889,Q2135060
Q15883397,P31,Q4167410
Q15883397,P1889,Q18177026
Q15883397,P1889,Q18177027
Q15883397,P460,Q6405511
Q15883397,P460,Q4161379
Q15883397,P460,Q256969
Q15883397,P460,Q297567
Q452161,P31,Q4167410
Q4899707,P31,Q4167410
Q4899707,P460,Q91949000
Q1109390,P31,Q4167410
Q1109390,P1889,Q27165974
Q1109390,P1889,Q27238269
Q1109390,P1889,Q96722160
Q1109390,P1889,Q96724289
Q350188,P31,Q4167410
Q291811,P31,Q4167410
Q344600,P31,Q4167410
Q232733,P31,Q4167410
Q1815901,P527,Q11653
Q1815901,P361,Q11650
Q1815901,P910,Q7149786
Q1815901,P279,Q132629
Q1815901,P279,Q2424752
Q1815901,P1963,P1068
Q898440,P279,Q2995644
Q898440,P828,Q29477802
Q898440,P828,Q82580
Q898440,P2579,Q11473
Q1025020,P31,Q4167410
Q1025020,P460,Q1025024
Q366,P279,Q1456832
Q366,P279,Q3537603
Q366,P910,Q7216162
Q366,P1343,Q2657718
Q366,P1552,Q15292
Q366,P2670,Q1975478
Q366,P1424,Q25741400
Q366,P1424,Q11013132
Q366,P361,Q600571
Q540,P31,Q12014419
Q540,P910,Q10257229
Q540,P400,Q193321
Q540,P277,Q251
Q540,P275,Q7603
Q540,P275,Q334661
Q540,P275,Q18517294
Q540,P275,Q13785927
Q540,P170,Q93142
Q540,P407,Q20923490
Q540,P306,Q1406
Q540,P306,Q14116
Q540,P306,Q3251801
Q540,P1343,Q56048119
Q540,P366,Q2544432
Q540,P6216,Q50423863
Q27787197,P31,Q4167410
Q49108,P31,Q3918
Q49108,P31,Q1371037
Q49108,P31,Q23002054
Q49108,P910,Q8611246
Q49108,P17,Q30
Q49108,P488,Q5961301
Q49108,P488,Q985719
Q49108,P488,Q5080690
Q49108,P488,Q7150455
Q49108,P488,Q729661
Q49108,P488,Q5921230
Q49108,P488,Q27517506
Q49108,P488,Q5386619
Q49108,P553,Q19849830
Q49108,P2643,Q23334765
Q49108,P2643,Q23623491
Q49108,P2643,Q23662487
Q49108,P2643,Q23622831
Q49108,P2643,Q23662432
Q49108,P2643,Q23662768
Q49108,P112,Q2341286
Q49108,P159,Q49111
Q49108,P2936,Q1860
Q49108,P276,Q49111
Q49108,P3876,Q8611250
Q49108,P1424,Q14401233
Q49108,P463,Q5275906
Q49108,P463,Q35677307
Q49108,P463,Q647039
Q49108,P463,Q29658528
Q49108,P463,Q6458663
Q49108,P463,Q5137944
Q49108,P355,Q45136595
Q49108,P355,Q7185824
Q49108,P355,Q5025669
Q49108,P355,Q36874935
Q49108,P355,Q6801414
Q49108,P355,Q7191073
Q49108,P355,Q72855414
Q49108,P4195,Q8611252
Q49108,P131,Q49111
Q49108,P1830,Q3312712
Q49108,P1830,Q45342146
Q49108,P1343,Q99413897
Q250871,P31,Q4167410
Q211148,P31,Q4167410
Q5055756,P31,Q4167410
Q5055756,P1889,Q16865012
Q579235,P460,Q16036892
Q579235,P460,Q20948835
Q579235,P460,Q28843718
Q579235,P460,Q1966305
Q579235,P460,Q2522862
Q579235,P460,Q3557732
Q579235,P1889,Q539581
Q579235,P1889,Q18087186
Q579235,P1889,Q57389728
Q579235,P1889,Q66481479
Q579235,P31,Q4167410
Q4313946,P31,Q4167410
Q2349630,P31,Q19595246
Q2349630,P31,Q653007
Q2349630,P170,Q34981
Q2349630,P1080,Q3551232
Q2349630,P527,Q52208
Q2349630,P527,Q943547
Q2349630,P527,Q1049672
Q2349630,P527,Q1054531
Q2349630,P527,Q1083967
Q2349630,P527,Q1093762
Q2349630,P527,Q2841031
Q2349630,P527,Q3192176
Q2349630,P527,Q15063479
Q2349630,P527,Q16145738
Q2349630,P527,Q6146620
Q2349630,P1889,Q52347
Q2349630,P35,Q1084312
Q2349630,P35,Q832128
Q2349630,P35,Q5208620
Q2349630,P35,Q47465486
Q2349630,P35,Q25410659
Q2349630,P35,Q91473130
Q2349630,P35,Q91473136
Q2349630,P35,Q91644455
Q2349630,P122,Q7269
Q2349630,P36,Q52208
Q2349630,P36,Q15141230
Q39495,P279,Q946596
Q39495,P279,Q752870
Q39495,P910,Q8962546
Q39495,P31,Q97408605
Q39495,P31,Q874311
Q39495,P121,Q29888707
Q39495,P121,Q216146
Q39495,P1535,Q4461829
Q39495,P1535,Q131512
Q39495,P1552,Q59569
Q39495,P1343,Q2657718
Q39495,P1424,Q14359426
Q613972,P279,Q987767
Q613972,P279,Q851782
Q226519,P31,Q4167410
Q226519,P460,Q3066652
Q226519,P460,Q10280020
Q226519,P1889,Q7180586
Q7946176,P31,Q4167410
Q374814,P361,Q1087786
Q374814,P361,Q757012
Q374814,P910,Q7052908
Q374814,P279,Q3249551
Q374814,P279,Q5282965
Q304567,P31,Q4167410
Q304567,P1889,Q16883186
Q176553,P31,Q4167410
Q191992,P279,Q1245089
Q191992,P279,Q34763
Q191992,P910,Q7215206
Q191992,P460,Q185113
Q191992,P1889,Q217101
Q7193384,P31,Q4167410
Q241124,P31,Q4167410
Q241124,P1889,Q37487013
Q241305,P31,Q4167410
Q3704837,P31,Q7397
Q3704837,P277,Q165436
Q3704837,P178,Q2059327
Q3704837,P366,Q1054772
Q297648,P31,Q4167410
Q297648,P460,Q16291351
Q297648,P460,Q12949401
Q19819761,P31,Q12308941
Q19819761,P31,Q1130279
Q19819761,P1889,Q1939467
Q19819761,P282,Q8229
Q19819761,P1533,Q37121223
Q19819761,P407,Q7411
Q19819761,P5323,Q21644845
Q549933,P279,Q902174
Q190399,P279,Q49848
Q190399,P279,Q732577
Q190399,P279,Q18602566
Q190399,P910,Q8712043
Q190399,P460,Q4098601
Q190399,P1889,Q18536349
Q366791,P279,Q775842
Q366791,P279,Q2393196
Q366791,P361,Q77468620
Q366791,P31,Q775842
Q366791,P31,Q2393196
Q366791,P1269,Q9418
Q1052698,P279,Q11306265
Q6396614,P31,Q5
Q6396614,P21,Q6581097
Q6396614,P735,Q605834
Q6396614,P106,Q3501317
Q6396614,P108,Q599316
Q352211,P31,Q4167410
Q47542,P105,Q34740
Q47542,P31,Q16521
Q47542,P171,Q261363
Q47542,P910,Q7091418
Q47542,P1343,Q1138524
Q47542,P1343,Q19180675
Q47542,P1343,Q602358
Q47542,P1343,Q602358
Q47542,P1889,Q6979312
Q47542,P1672,Q83363032
Q47542,P1672,Q98593562
Q47542,P1672,Q856188
Q47542,P1672,Q4878217
Q16781967,P31,Q7889
Q16781967,P31,Q1121542
Q16781967,P306,Q94
Q16781967,P123,Q870095
Q16781967,P750,Q870095
Q16781967,P136,Q270948
Q16781967,P178,Q870095
Q16781967,P400,Q48493
Q16781967,P404,Q208850
Q16781967,P7936,Q1414510
Q1816225,P31,Q4167410
Q1816225,P1889,Q14946524
Q397523,P31,Q4167410
Q179322,P31,Q4167410
Q2919644,P1542,Q48799541
Q2919644,P279,Q65938634
Q656656,P279,Q1183543
Q656656,P361,Q1061108
Q656656,P1343,Q4114391
Q656656,P1343,Q602358
Q656656,P910,Q32118169
Q14415,P155,Q14413
Q14415,P156,Q14423
Q14415,P361,Q8216
Q14415,P144,Q12857603
Q14415,P1889,Q20978734
Q14415,P1889,Q12857603
Q14415,P1889,Q518923
Q14415,P31,Q19793459
Q14415,P910,Q86106297
Q5009402,P31,Q4167410
Q261918,P156,Q286124
Q261918,P279,Q308980
Q247984,P31,Q4167410
Q247984,P460,Q18141636
Q1009359,P31,Q4167410
Q192692,P279,Q36348
Q192692,P1552,Q47455774
Q1369832,P31,Q151885
Q1369832,P279,Q601401
Q1369832,P279,Q451967
Q1369832,P2079,Q39809
Q1369832,P461,Q194189
Q1369832,P1889,Q10552154
Q1369832,P1889,Q1057954
Q4958000,P31,Q101352
Q4958000,P1889,Q899550
Q1401706,P279,Q202875
Q1401706,P910,Q8289886
Q36405,P190,Q25416
Q36405,P190,Q486913
Q36405,P190,Q2978
Q36405,P190,Q42168
Q36405,P190,Q193250
Q36405,P190,Q16555
Q36405,P190,Q2678
Q36405,P190,Q9248
Q36405,P17,Q145
Q36405,P17,Q174193
Q36405,P17,Q161885
Q36405,P17,Q230791
Q36405,P131,Q62274582
Q36405,P131,Q22
Q36405,P131,Q62274582
Q36405,P131,Q68814792
Q36405,P31,Q515
Q36405,P31,Q1549591
Q36405,P910,Q8218431
Q36405,P1464,Q8042218
Q36405,P1465,Q9685107
Q36405,P1792,Q8721333
Q36405,P1376,Q62274582
Q36405,P2633,Q5535110
Q36405,P1343,Q2041543
Q36405,P1343,Q602358
Q36405,P1343,Q19180675
Q36405,P1343,Q20078554
Q36405,P1343,Q3181656
Q36405,P1343,Q4532138
Q36405,P1343,Q2657718
Q36405,P206,Q387736
Q36405,P206,Q964949
Q36405,P421,Q30192
Q36405,P421,Q6574
Q36405,P421,Q6655
Q36405,P7959,Q3290674
Q36405,P8744,Q5333620
Q1982831,P127,Q312
Q1982831,P31,Q4830453
Q1982831,P749,Q312
Q1982831,P159,Q159260
Q1982831,P17,Q30
Q1982831,P452,Q880371
Q1982831,P452,Q11661
Q1982831,P1056,Q832312
Q1982831,P1056,Q1982971
Q1982831,P1056,Q7397
Q22,P1151,Q8143311
Q22,P1546,Q2016568
Q22,P5125,Q7112444
Q22,P38,Q25224
Q22,P1792,Q7030374
Q22,P2633,Q2118306
Q22,P1313,Q1362216
Q22,P417,Q43399
Q22,P17,Q145
Q22,P2959,Q27103360
Q22,P85,Q208275
Q22,P418,Q5599947
Q22,P194,Q206171
Q22,P37,Q1860
Q22,P2184,Q471148
Q22,P1365,Q230791
Q22,P30,Q46
Q22,P36,Q23436
Q22,P237,Q217529
Q22,P910,Q7311958
Q22,P35,Q9682
Q22,P1791,Q8328771
Q22,P6,Q467112
Q22,P1740,Q6427237
Q22,P208,Q32521
Q22,P1830,Q1529151
Q22,P1830,Q5309218
Q22,P1465,Q8365629
Q22,P1906,Q9134365
Q22,P78,Q937870
Q22,P47,Q21
Q22,P31,Q3336843
Q22,P31,Q6266
Q22,P610,Q104674
Q22,P1464,Q8079733
Q22,P421,Q6574
Q22,P421,Q16894228
Q22,P150,Q100166
Q22,P150,Q189912
Q22,P150,Q62274582
Q22,P150,Q202174
Q22,P150,Q202177
Q22,P150,Q207268
Q22,P150,Q126514
Q22,P150,Q2357511
Q22,P150,Q209135
Q22,P150,Q2379199
Q22,P150,Q211889
Q22,P150,Q207257
Q22,P150,Q80967
Q22,P150,Q211925
Q22,P150,Q216802
Q22,P150,Q201149
Q22,P150,Q55934339
Q22,P150,Q208279
Q22,P150,Q208271
Q22,P150,Q206934
Q22,P150,Q211106
Q22,P150,Q206926
Q22,P150,Q207111
Q22,P150,Q207679
Q22,P150,Q211091
Q22,P150,Q209131
Q22,P150,Q211113
Q22,P150,Q209142
Q22,P150,Q217838
Q22,P150,Q208121
Q22,P150,Q204940
Q22,P150,Q47134
Q22,P163,Q102392
Q22,P131,Q145
Q22,P131,Q174193
Q22,P131,Q161885
Q22,P1343,Q602358
Q22,P1343,Q19180675
Q22,P1343,Q4173137
Q22,P1343,Q63284758
Q22,P1343,Q1138524
Q22,P706,Q23666
Q22,P2936,Q1860
Q22,P2936,Q36705
Q22,P2936,Q9314
Q22,P2936,Q14549
Q22,P7867,Q8607476
Q22,P8744,Q3175225
Q1270349,P31,Q4167410
Q236363,P31,Q4167410
Q236363,P1889,Q37050415
Q406868,P31,Q4167410
Q406868,P1889,Q37039877
Q406868,P1889,Q71131303
Q6722147,P31,Q41298
Q6722147,P136,Q3402519
Q6722147,P407,Q1860
Q6722147,P495,Q145
Q6722147,P921,Q179310
Q631823,P31,Q41298
Q631823,P136,Q3402519
Q631823,P407,Q1860
Q631823,P98,Q6163514
Q631823,P17,Q30
Q631823,P921,Q7142450
Q200606,P31,Q67080166
Q200606,P910,Q8879892
Q200606,P178,Q312
Q200606,P1343,Q47460271
Q5104781,P31,Q4167410
Q1203383,P279,Q4485156
Q253272,P31,Q4167410
Q253272,P460,Q11114790
Q253272,P460,Q3897573
Q253272,P460,Q7132314
Q253272,P1889,Q16931948
Q253272,P1889,Q17018239
Q253272,P1889,Q84763075
Q253272,P1889,Q84830048
Q650711,P279,Q180684
Q650711,P279,Q1931388
Q650711,P910,Q7012309
Q650711,P1552,Q124490
Q650711,P3095,Q1414937
Q650711,P3095,Q4991371
Q437018,P31,Q4167410
Q437018,P1889,Q16256733
Q355244,P31,Q4167410
Q355244,P1889,Q6508166
Q355244,P1889,Q18202125
Q355244,P460,Q417334
Q830036,P31,Q8148
Q830036,P31,Q1914636
Q830036,P910,Q9755599
Q830036,P279,Q1369832
Q1172727,P31,Q4167410
Q1172727,P460,Q4858732
Q1172727,P460,Q295001
Q1172727,P1889,Q9518418
Q1172727,P1889,Q37024736
Q34,P1151,Q8253573
Q34,P5125,Q7112469
Q34,P38,Q122922
Q34,P1792,Q6994006
Q34,P2852,Q1061257
Q34,P2853,Q1378312
Q34,P2853,Q1123613
Q34,P2633,Q1771444
Q34,P1313,Q687075
Q34,P17,Q34
Q34,P2959,Q23014188
Q34,P2959,Q42294394
Q34,P122,Q41614
Q34,P122,Q188759
Q34,P832,Q196627
Q34,P832,Q132001
Q34,P832,Q40317
Q34,P832,Q21196
Q34,P832,Q209663
Q34,P832,Q47499
Q34,P832,Q51638
Q34,P832,Q39864
Q34,P832,Q1348730
Q34,P832,Q14830720
Q34,P832,Q587
Q34,P832,Q15113728
Q34,P832,Q2703710
Q34,P1552,Q3174312
Q34,P30,Q46
Q34,P530,Q16
Q34,P530,Q38
Q34,P530,Q183
Q34,P530,Q928
Q34,P530,Q408
Q34,P530,Q20
Q34,P530,Q212
Q34,P530,Q403
Q34,P530,Q851
Q34,P530,Q184
Q34,P530,Q30
Q34,P530,Q33
Q34,P530,Q191
Q34,P530,Q35
Q34,P530,Q115
Q34,P530,Q1006
Q34,P530,Q796
Q34,P530,Q833
Q34,P530,Q37
Q34,P530,Q1030
Q34,P530,Q252
Q34,P530,Q96
Q34,P530,Q17
Q34,P530,Q965
Q34,P530,Q865
Q34,P530,Q77
Q34,P530,Q43
Q34,P530,Q948
Q34,P530,Q148
Q34,P530,Q414
Q34,P530,Q159
Q34,P530,Q41
Q34,P530,Q794
Q34,P530,Q1246
Q34,P530,Q217
Q34,P530,Q28
Q34,P530,Q419
Q34,P530,Q664
Q34,P530,Q155
Q34,P530,Q423
Q34,P530,Q801
Q34,P1906,Q1268572
Q34,P194,Q272930
Q34,P2184,Q201350
Q34,P2184,Q10685815
Q34,P2184,Q9297771
Q34,P2184,Q2460755
Q34,P2184,Q10497488
Q34,P2184,Q3290518
Q34,P2184,Q215443
Q34,P2184,Q2267264
Q34,P2184,Q3300409
Q34,P37,Q9027
Q34,P37,Q56463
Q34,P37,Q1412
Q34,P37,Q13357
Q34,P37,Q13201
Q34,P37,Q8641
Q34,P206,Q545
Q34,P206,Q131716
Q34,P36,Q1754
Q34,P237,Q190129
Q34,P910,Q4368475
Q34,P35,Q45068
Q34,P35,Q52878
Q34,P35,Q52890
Q34,P35,Q52924
Q34,P35,Q52925
Q34,P35,Q52926
Q34,P35,Q52927
Q34,P1791,Q7978833
Q34,P6,Q2740012
Q34,P6,Q52920
Q34,P6,Q53747
Q34,P6,Q53740
Q34,P6,Q52922
Q34,P6,Q53740
Q34,P463,Q458
Q34,P463,Q1065
Q34,P463,Q41550
Q34,P463,Q8908
Q34,P463,Q42262
Q34,P463,Q7825
Q34,P463,Q146165
Q34,P463,Q674182
Q34,P463,Q1998131
Q34,P463,Q151991
Q34,P463,Q789769
Q34,P463,Q81299
Q34,P463,Q191384
Q34,P463,Q827525
Q34,P463,Q656801
Q34,P463,Q1043527
Q34,P463,Q899770
Q34,P463,Q340195
Q34,P463,Q188822
Q34,P463,Q782942
Q34,P463,Q1377612
Q34,P463,Q663492
Q34,P463,Q38130
Q34,P463,Q1928989
Q34,P463,Q1072120
Q34,P463,Q8475
Q34,P463,Q1480793
Q34,P463,Q842490
Q34,P463,Q3866537
Q34,P463,Q1579424
Q34,P463,Q233611
Q34,P463,Q826700
Q34,P463,Q7809
Q34,P463,Q5611262
Q34,P463,Q17495
Q34,P463,Q376150
Q34,P463,Q1969730
Q34,P463,Q45177
Q34,P463,Q170424
Q34,P463,Q96970989
Q34,P463,Q7817
Q34,P463,Q62589
Q34,P463,Q62623
Q34,P463,Q4426190
Q34,P5658,Q13196750
Q34,P5658,Q14565199
Q34,P1740,Q7522404
Q34,P208,Q930729
Q34,P1830,Q157675
Q34,P1830,Q335491
Q34,P1830,Q807013
Q34,P1830,Q3181430
Q34,P421,Q25989
Q34,P421,Q6655
Q34,P421,Q6723
Q34,P421,Q28146208
Q34,P1465,Q8366629
Q34,P85,Q133261
Q34,P209,Q741421
Q34,P209,Q750632
Q34,P2579,Q922219
Q34,P78,Q40442
Q34,P47,Q33
Q34,P47,Q20
Q34,P47,Q35
Q34,P47,Q172107
Q34,P47,Q191
Q34,P47,Q159
Q34,P47,Q211
Q34,P47,Q37
Q34,P47,Q36
Q34,P47,Q183
Q34,P31,Q3624078
Q34,P31,Q6256
Q34,P31,Q179164
Q34,P31,Q63791824
Q34,P3403,Q7654287
Q34,P610,Q214011
Q34,P1464,Q8079506
Q34,P527,Q180756
Q34,P527,Q626045
Q34,P527,Q675653
Q34,P527,Q199957
Q34,P527,Q15981396
Q34,P527,Q1027830
Q34,P527,Q214829
Q34,P527,Q213551
Q34,P527,Q209523
Q34,P527,Q214806
Q34,P527,Q211638
Q34,P527,Q216687
Q34,P527,Q626062
Q34,P527,Q203509
Q34,P527,Q321430
Q34,P527,Q205218
Q34,P527,Q183459
Q34,P527,Q206564
Q34,P527,Q207444
Q34,P527,Q211661
Q34,P527,Q210687
Q34,P527,Q209853
Q34,P527,Q211652
Q34,P527,Q211649
Q34,P527,Q212640
Q34,P527,Q201694
Q34,P527,Q203835
Q34,P527,Q203505
Q34,P1622,Q14565199
Q34,P1622,Q13196750
Q34,P1589,Q26937
Q34,P150,Q102377
Q34,P150,Q103732
Q34,P150,Q103738
Q34,P150,Q103699
Q34,P150,Q103691
Q34,P150,Q103679
Q34,P150,Q103672
Q34,P150,Q103707
Q34,P150,Q104746
Q34,P150,Q103686
Q34,P150,Q103659
Q34,P150,Q104231
Q34,P150,Q106915
Q34,P150,Q104926
Q34,P150,Q106789
Q34,P150,Q104877
Q34,P150,Q104891
Q34,P150,Q105075
Q34,P150,Q103093
Q34,P150,Q104257
Q34,P150,Q104940
Q34,P163,Q81286
Q34,P1343,Q302556
Q34,P1343,Q602358
Q34,P1343,Q19180675
Q34,P1343,Q4173137
Q34,P6104,Q11509296
Q34,P2936,Q9027
Q34,P2936,Q56415
Q34,P2936,Q1412
Q34,P2936,Q36558
Q34,P2936,Q56322
Q34,P2936,Q13293
Q34,P2936,Q56314
Q34,P2936,Q13357
Q34,P2936,Q33947
Q34,P2936,Q27808413
Q34,P2936,Q8641
Q34,P2596,Q2745202
Q34,P7867,Q8607493
Q34,P8402,Q92961134
Q34,P361,Q27479
Q34,P361,Q62589
Q34,P361,Q62623
Q34,P8744,Q1455200
Q2121324,P31,Q4167410
Q2121324,P460,Q354562
Q2121324,P1889,Q3693932
Q2121324,P1889,Q16865778
Q5168041,P31,Q4167410
Q293427,P31,Q4167410
Q293427,P1889,Q37012641
Q4439,P279,Q3966
Q4439,P279,Q66221
Q4439,P279,Q64819622
Q4439,P910,Q8505336
Q4439,P156,Q487343
Q4439,P5008,Q5460604
Q4439,P31,Q193395
Q4439,P2283,Q1364527
Q4439,P527,Q1195211
Q4439,P527,Q55521774
Q4439,P1552,Q5655518
Q4439,P1552,Q5463579
Q4439,P361,Q1228738
Q223806,P31,Q4167410
Q223806,P460,Q3139774
Q6428674,P279,Q186081
Q6428674,P279,Q11514315
Q6428674,P31,Q6156156
Q6428674,P460,Q17522177
Q6428674,P910,Q7779952
Q6428674,P2579,Q309
Q6428674,P2579,Q1069
Q6428674,P2579,Q420
Q6428674,P1269,Q1190554
Q6428674,P1687,P2348
Q6428674,P1343,Q63284758
Q22725,P910,Q7481167
Q5245910,P31,Q4167410
Q231408,P31,Q4167410
Q224212,P460,Q778758
Q224212,P460,Q4726921
Q224212,P460,Q424734
Q224212,P31,Q4167410
Q224212,P1889,Q650689
Q224212,P1889,Q27042780
Q224212,P1889,Q17191999
Q224212,P1889,Q10776421
Q11841,P674,Q13685096
Q11841,P674,Q30085579
Q11841,P674,Q27075739
Q11841,P674,Q3921991
Q11841,P674,Q30085621
Q11841,P674,Q30085627
Q11841,P31,Q47451145
Q11841,P31,Q699
Q11841,P910,Q8882236
Q11841,P1343,Q19180675
Q11841,P1343,Q602358
Q11841,P1343,Q867541
Q11841,P1343,Q3181656
Q11841,P1889,Q15962632
Q11841,P136,Q699
Q11841,P6216,Q19652
Q254,P1455,Q960366
Q254,P735,Q2589157
Q254,P735,Q27805424
Q254,P735,Q18020611
Q254,P735,Q11122389
Q254,P735,Q8427243
Q254,P108,Q615681
Q254,P463,Q41726
Q254,P22,Q156280
Q254,P25,Q167981
Q254,P106,Q36834
Q254,P106,Q16145150
Q254,P106,Q486748
Q254,P106,Q639669
Q254,P106,Q765778
Q254,P106,Q1259917
Q254,P20,Q1741
Q254,P119,Q695321
Q254,P26,Q84464
Q254,P40,Q452098
Q254,P40,Q156023
Q254,P31,Q5
Q254,P31,Q205178
Q254,P910,Q6437734
Q254,P166,Q93716
Q254,P136,Q1344
Q254,P136,Q9734
Q254,P136,Q9748
Q254,P136,Q189201
Q254,P136,Q937364
Q254,P136,Q1546995
Q254,P136,Q1746028
Q254,P136,Q207338
Q254,P136,Q3328774
Q254,P136,Q1065742
Q254,P136,Q9730
Q254,P19,Q34713
Q254,P802,Q151953
Q254,P802,Q310518
Q254,P802,Q729164
Q254,P802,Q2422110
Q254,P802,Q697804
Q254,P140,Q1841
Q254,P1303,Q1444
Q254,P1303,Q191823
Q254,P1303,Q81982
Q254,P1303,Q1521313
Q254,P1303,Q8355
Q254,P1303,Q80284
Q254,P1303,Q5994
Q254,P1303,Q281460
Q254,P1412,Q652
Q254,P1412,Q1860
Q254,P1412,Q150
Q254,P1412,Q397
Q254,P1412,Q188
Q254,P103,Q188
Q254,P734,Q18574758
Q254,P1343,Q590208
Q254,P1343,Q19180675
Q254,P1343,Q602358
Q254,P1343,Q867541
Q254,P1343,Q17378135
Q254,P1343,Q2041543
Q254,P1343,Q16011749
Q254,P1343,Q27680201
Q254,P1343,Q51955019
Q254,P1343,Q67311526
Q254,P1343,Q39845173
Q254,P1343,Q19190511
Q254,P1343,Q65008403
Q254,P1343,Q665807
Q254,P1343,Q12049440
Q254,P1343,Q66809485
Q254,P1343,Q96016285
Q254,P1343,Q96017871
Q254,P1343,Q19222701
Q254,P1343,Q3345156
Q254,P1343,Q95948198
Q254,P1343,Q96026033
Q254,P1343,Q97140593
Q254,P1343,Q99413897
Q254,P1066,Q550279
Q254,P1066,Q106641
Q254,P1050,Q6052272
Q254,P737,Q311378
Q254,P737,Q1339
Q254,P135,Q17723
Q254,P3373,Q157928
Q254,P27,Q699964
Q254,P27,Q701614
Q254,P53,Q1149998
Q254,P5008,Q5460604
Q254,P172,Q237534
Q254,P21,Q6581097
Q254,P6886,Q188
Q254,P6379,Q64348192
Q254,P7763,Q71887839
Q254,P937,Q34713
Q254,P937,Q1741
Q254,P800,Q5064
Q254,P800,Q201873
Q254,P800,Q192039
Q254,P800,Q207410
Q254,P800,Q210711
Q254,P800,Q231390
Q254,P800,Q12025
Q254,P800,Q207875
Q9430,P279,Q2221906
Q9430,P279,Q35145263
Q9430,P279,Q15324
Q9430,P910,Q7144528
Q9430,P1343,Q19180675
Q9430,P1343,Q602358
Q9430,P1343,Q19190511
Q9430,P1424,Q5642502
Q9430,P461,Q5107
Q9430,P5008,Q5460604
Q9430,P361,Q715269
Q9430,P361,Q83169
Q9430,P1889,Q1071
Q9430,P527,Q184395
Q9430,P2579,Q3349060
Q9430,P2579,Q43518
Q1174953,P31,Q4167410
Q1174953,P1889,Q37141119
Q510487,P279,Q87929050
Q510487,P910,Q8833831
Q510487,P2670,Q1116074
Q1536459,P641,Q5377
Q1536459,P31,Q28829877
Q400601,P31,Q4167410
Q400601,P1889,Q17033663
Q400601,P1889,Q7502796
Q238031,P31,Q4167410
Q369531,P31,Q4167410
Q1418667,P279,Q108766
Q1418667,P176,Q312
Q92779309,P31,Q4167410
Q63956,P31,Q4167410
Q9326060,P31,Q4167410
Q9326060,P460,Q219238
Q1040163,P31,Q4167410
Q1040163,P1889,Q37443942
Q5350110,P31,Q4167410
Q1115199,P31,Q4167410
Q1115199,P1889,Q3888422
Q1115199,P1889,Q7121894
Q1115199,P460,Q16880906
Q1115199,P460,Q64617405
Q3260592,P31,Q4167410
Q3260592,P1889,Q20821800
Q3260592,P1889,Q23769546
Q3260592,P460,Q261599
Q3260592,P460,Q1810154
Q1364893,P21,Q6581097
Q1364893,P27,Q30
Q1364893,P166,Q1316544
Q1364893,P166,Q52382875
Q1364893,P31,Q5
Q1364893,P106,Q4964182
Q1364893,P69,Q49167
Q1364893,P69,Q21578
Q1364893,P735,Q4927937
Q1364893,P19,Q138518
Q1364893,P463,Q463303
Q1364893,P463,Q723551
Q1364893,P108,Q49108
Q1364893,P1412,Q1860
Q1364893,P185,Q21525754
Q1364893,P185,Q103260293
Q1364893,P185,Q103369547
Q1364893,P184,Q2486254
Q1364893,P6886,Q1860
Q1364893,P734,Q37434795
Q75459,P910,Q8372180
Q75459,P17,Q41
Q75459,P31,Q839954
Q75459,P31,Q9259
Q75459,P31,Q148837
Q75459,P1435,Q9259
Q75459,P2614,Q23038972
Q75459,P2614,Q23038976
Q75459,P2614,Q23038977
Q75459,P2614,Q23038978
Q75459,P2614,Q23038980
Q75459,P131,Q1021606
Q75459,P421,Q6723
Q75459,P421,Q6760
Q75459,P1465,Q21771300
Q75459,P1464,Q25842066
Q75459,P1343,Q1138524
Q75459,P1343,Q3181656
Q75459,P2596,Q11772
Q75459,P2348,Q11772
Q75459,P7867,Q84063856
Q653928,P279,Q192851
Q653928,P910,Q7139139
Q653928,P910,Q15293810
Q653928,P460,Q3177954
Q5257307,P279,Q618779
Q5257307,P910,Q6576190
Q5257307,P460,Q1156811
Q5257307,P460,Q618779
Q5257307,P1889,Q12901591
Q1269421,P31,Q4167410
Q1269421,P1889,Q28150786
Q230876,P31,Q4167410
Q230876,P1889,Q59087743
Q230876,P1889,Q1811175
Q230876,P1889,Q1575388
Q230876,P1889,Q919978
Q230876,P1889,Q5362359
Q230876,P1889,Q25172153
Q230876,P1889,Q25205283
Q230876,P1889,Q59090509
Q230876,P460,Q59088203
Q230876,P460,Q59088558
Q230876,P460,Q1766718
Q218804,P31,Q4167410
Q218804,P1889,Q16869729
Q218804,P1889,Q100997847
Q218804,P910,Q30625688
Q270597,P31,Q18343316
Q270597,P361,Q1348204
Q270597,P4810,Q47517764
Q270597,P4810,Q47517765
Q270597,P4810,Q47517767
Q270597,P4810,Q47517768
Q270597,P4810,Q47517769
Q270597,P4810,Q47517774
Q270597,P1889,Q6477014
Q270597,P1557,Q17988854
Q487,P279,Q327968
Q487,P910,Q41479796
Q487,P1889,Q54894770
Q487,P31,Q5373787
Q475241,P279,Q914462
Q475241,P279,Q42585125
Q475241,P1343,Q2657718
Q475241,P2575,Q11465
Q475241,P910,Q38554931
Q2088285,P31,Q30059018
Q2088285,P361,Q13522376
Q2088285,P178,Q312
Q2088285,P306,Q13522376
Q513524,P31,Q101352
Q513524,P460,Q19928843
Q513524,P460,Q30005072
Q513524,P460,Q42122485
Q513524,P1889,Q10656939
Q513524,P282,Q8229
Q513524,P407,Q8641
Q161736,P31,Q1668151
Q161736,P1343,Q602358
Q161736,P279,Q10617810
Q161736,P1889,Q159557
Q161736,P1424,Q22799314
Q161736,P366,Q6575377
Q798314,P31,Q4167410
Q798314,P460,Q224509
Q798314,P460,Q11960031
Q798314,P1889,Q27887700
Q234852,P279,Q863404
Q234852,P279,Q19603939
Q234852,P279,Q831691
Q234852,P910,Q8980518
Q234852,P1889,Q43275450
Q234852,P1343,Q1768721
Q11191244,P31,Q4167410
Q11191244,P460,Q256912
Q449501,P31,Q4167410
Q340631,P31,Q4167410
Q5133663,P31,Q4167410
Q5165384,P31,Q4167410
Q27787175,P31,Q4167410
Q5223593,P31,Q4167410
Q5223593,P1889,Q37501491
Q406391,P361,Q5157540
Q406391,P910,Q7213847
Q406391,P31,Q4485156
Q406391,P1479,Q183205
Q406391,P1479,Q190167
Q406391,P1478,Q4089244
Q5264405,P31,Q4167410
Q5281239,P31,Q4167410
Q73984,P279,Q50377176
Q73984,P910,Q7173363
Q73984,P1343,Q2657718
Q73984,P366,Q66869562
Q73984,P31,Q100434640
Q225802,P31,Q4167410
Q7378,P31,Q55983715
Q7378,P910,Q7217075
Q7378,P462,Q42519
Q7378,P5008,Q5460604
Q7378,P527,Q63255087
Q7378,P279,Q7377
Q7378,P7084,Q30849360
Q7378,P1343,Q1768721
Q7378,P1343,Q3181656
Q188907,P910,Q8426204
Q188907,P279,Q9332
Q188907,P279,Q211364
Q188907,P527,Q28955655
Q188907,P460,Q11228056
Q1384224,P31,Q4167410
Q247139,P31,Q4167410
Q247139,P1889,Q1384784
Q247139,P1889,Q3062272
Q247139,P1889,Q97616392
Q1196501,P31,Q4167410
Q1196501,P1889,Q37544975
Q42841,P279,Q4164871
Q42841,P1687,P1308
Q42841,P31,Q4167410
Q166231,P1343,Q2657718
Q166231,P1963,P828
Q166231,P1963,P923
Q166231,P1963,P924
Q166231,P1542,Q18123741
Q166231,P1542,Q1781300
Q166231,P1542,Q4055929
Q166231,P1542,Q181754
Q166231,P828,Q170065
Q166231,P828,Q525512
Q166231,P924,Q50377176
Q166231,P279,Q7189713
Q166231,P279,Q11516357
Q166231,P1478,Q2041929
Q166231,P1995,Q788926
Q166231,P923,Q886695
Q166231,P923,Q1125312
Q166231,P1557,Q1178984
Q166231,P5008,Q87748614
Q166231,P1552,Q1662340
Q166231,P1552,Q4118322
Q6033604,P31,Q4167410
Q836862,P1269,Q7397
Q836862,P1269,Q9135
Q836862,P461,Q1183329
Q4198752,P31,Q4167410
Q304863,P910,Q8411450
Q304863,P31,Q6055843
Q304863,P279,Q714827
Q110,P155,Q109
Q110,P156,Q118
Q110,P279,Q18602249
Q110,P138,Q112
Q110,P138,Q483236
Q110,P138,Q25243
Q110,P138,Q1490716
Q110,P910,Q6488636
Q110,P527,Q2393
Q110,P527,Q2390
Q110,P527,Q2391
Q110,P527,Q2396
Q110,P527,Q2392
Q110,P527,Q2399
Q110,P527,Q2394
Q110,P527,Q2395
Q110,P527,Q2401
Q110,P527,Q2397
Q110,P527,Q2398
Q110,P527,Q2402
Q110,P527,Q2400
Q110,P527,Q2404
Q110,P527,Q2403
Q110,P527,Q2417
Q110,P527,Q2419
Q110,P527,Q2422
Q110,P527,Q2424
Q110,P527,Q2427
Q110,P527,Q2433
Q110,P527,Q2435
Q110,P527,Q2445
Q110,P527,Q2453
Q110,P527,Q2454
Q110,P527,Q2456
Q110,P527,Q2457
Q110,P527,Q2458
Q110,P527,Q2459
Q110,P527,Q2460
Q110,P527,Q2461
Q110,P2959,Q28790352
Q110,P2959,Q56289705
Q110,P2959,Q63247852
Q110,P2959,Q21201677
Q110,P31,Q47018901
Q110,P1465,Q63725039
Q110,P361,Q11184
Q110,P361,Q12138
Q11771721,P31,Q4167410
Q11771721,P1889,Q1472321
Q11771721,P1889,Q26905923
Q11771721,P460,Q297073
Q11771721,P460,Q24192826
Q11771721,P460,Q16279203
Q11771721,P460,Q3852488
Q3327686,P31,Q4167410
Q650031,P31,Q545779
Q650031,P31,Q1520214
Q650031,P31,Q636497
Q650031,P910,Q55308649
Q7017644,P31,Q4167410
Q7017644,P1889,Q16878033
Q293588,P31,Q4167410
Q360355,P31,Q7397
Q360355,P366,Q188610
Q360355,P178,Q11463
Q360355,P306,Q11248
Q360355,P306,Q43627
Q360355,P1072,Q47018292
Q360355,P1072,Q47018470
Q360355,P1072,Q47019464
Q360355,P1072,Q47019065
Q360355,P1072,Q47018772
Q360355,P1072,Q48223393
Q360355,P1072,Q51916170
Q360355,P1072,Q62561174
Q360355,P1073,Q47018292
Q360355,P1073,Q47018470
Q360355,P1073,Q47019464
Q360355,P1073,Q47019065
Q360355,P1073,Q47018772
Q1340793,P279,Q218616
Q1340793,P910,Q9589422
Q1340793,P461,Q178285
Q1340793,P1552,Q1268470
Q281287,P279,Q205665
Q281287,P279,Q157811
Q281287,P460,Q16515017
Q281287,P461,Q4122037
Q281287,P31,Q157811
Q281287,P1343,Q2041543
Q281287,P1343,Q101314624
Q351766,P31,Q4167410
Q3419793,P31,Q4167410
Q1521829,P279,Q37305821
Q7302551,P31,Q4167410
Q531567,P31,Q4167410
Q442899,P178,Q312
Q442899,P31,Q1077784
Q34687,P105,Q34740
Q34687,P171,Q134655
Q34687,P31,Q16521
Q34687,P910,Q6535635
Q34687,P4000,Q5118786
Q34687,P1889,Q223878
Q34687,P366,Q102231
Q34687,P1672,Q46740
Q34687,P1672,Q102231
Q34687,P1672,Q83054
Q34687,P279,Q1289306
Q34687,P427,Q21877243
Q34687,P2670,Q7432
Q1060967,P31,Q101244
Q207079,P279,Q206615
Q207079,P279,Q47069
Q207079,P279,Q9394813
Q207079,P910,Q8751545
Q207079,P1889,Q751300
Q207079,P1889,Q15315
Q207079,P166,Q1519491
Q418,P279,Q1472062
Q418,P910,Q7215330
Q418,P1343,Q2657718
Q418,P2633,Q3123418
Q418,P31,Q2465832
Q418,P31,Q11862829
Q418,P31,Q268592
Q418,P5125,Q7112741
Q418,P1424,Q14397509
Q418,P2184,Q2750030
Q28844145,P31,Q4167410
Q28844145,P1889,Q1226377
Q7915148,P31,Q101352
Q1549489,P279,Q173212
Q1121708,P910,Q7216531
Q1121708,P461,Q7632586
Q1121708,P279,Q2995644
Q1121708,P279,Q1190554
Q1121708,P279,Q944806
Q1121708,P1382,Q690140
Q1121708,P1889,Q2493625
Q411820,P31,Q4167410
Q6132400,P31,Q4167410
Q226329,P31,Q4167410
Q227644,P31,Q4167410
Q227644,P1889,Q37548046
Q7696760,P31,Q4167410
Q622493,P910,Q8907804
Q622493,P31,Q167270
Q622493,P279,Q10872571
Q622493,P176,Q41187
Q42817,P31,Q21199
Q42817,P31,Q223722
Q42817,P31,Q638185
Q42817,P31,Q375355
Q42817,P31,Q1418543
Q42817,P31,Q18949
Q42817,P31,Q13366104
Q42817,P31,Q1486643
Q42817,P31,Q18450836
Q42817,P31,Q50707
Q42817,P5236,Q200
Q42817,P5236,Q201
Q42817,P5236,Q203
Q42817,P629,Q64532985
Q234668,P910,Q8345460
Q234668,P279,Q15618781
Q234668,P1343,Q2657718
Q234668,P1343,Q602358
Q234668,P1343,Q4114391
Q234668,P1343,Q602358
Q234668,P366,Q7590
Q234668,P618,Q20984829
Q234668,P618,Q22676898
Q18757821,P31,Q4167410
Q18757821,P460,Q226581
Q2976603,P1343,Q3181656
Q2976603,P31,Q151885
Q2976603,P31,Q1207505
Q2976603,P31,Q64222339
Q2976603,P31,Q19610271
Q253980,P31,Q4167410
Q253980,P1889,Q16883494
Q225147,P279,Q1303814
Q134307,P31,Q1792379
Q134307,P180,Q215627
Q134307,P910,Q18089547
Q134307,P910,Q8218757
Q134307,P279,Q478798
Q134307,P1343,Q2657718
Q134307,P1343,Q4532138
Q134307,P3095,Q21178131
Q134307,P1269,Q1622217
Q1268,P136,Q207591
Q1268,P136,Q9730
Q1268,P1455,Q1785783
Q1268,P1455,Q13407956
Q1268,P1455,Q16747642
Q1268,P1455,Q16749680
Q1268,P1455,Q16749676
Q1268,P106,Q36834
Q1268,P106,Q486748
Q1268,P106,Q16145150
Q1268,P106,Q214970
Q1268,P106,Q639669
Q1268,P22,Q651253
Q1268,P119,Q392352
Q1268,P119,Q311
Q1268,P20,Q90
Q1268,P509,Q12204
Q1268,P25,Q9356382
Q1268,P19,Q393087
Q1268,P735,Q17539276
Q1268,P735,Q17539077
Q1268,P735,Q17539976
Q1268,P735,Q3273004
Q1268,P735,Q15207702
Q1268,P735,Q1166840
Q1268,P69,Q1340262
Q1268,P69,Q144488
Q1268,P451,Q273923
Q1268,P451,Q3816
Q1268,P135,Q207591
Q1268,P135,Q9730
Q1268,P910,Q7368265
Q1268,P31,Q5
Q1268,P1050,Q12204
Q1268,P1151,Q15099667
Q1268,P800,Q146917
Q1268,P800,Q3178652
Q1268,P800,Q769763
Q1268,P800,Q6541319
Q1268,P1303,Q5994
Q1268,P937,Q90
Q1268,P793,Q201676
Q1268,P793,Q182832
Q1268,P1196,Q3739104
Q1268,P802,Q577658
Q1268,P802,Q5086211
Q1268,P1066,Q443519
Q1268,P1066,Q1364373
Q1268,P1066,Q471647
Q1268,P1343,Q27680201
Q1268,P1343,Q19180675
Q1268,P1343,Q602358
Q1268,P1343,Q867541
Q1268,P1343,Q51955019
Q1268,P1343,Q67311526
Q1268,P1343,Q3181656
Q1268,P1343,Q63284758
Q1268,P3373,Q6699463
Q1268,P3373,Q8860780
Q1268,P3373,Q98112689
Q1268,P5008,Q5460604
Q1268,P734,Q15917350
Q1268,P1412,Q150
Q1268,P1412,Q809
Q1268,P21,Q6581097
Q1268,P1441,Q670904
Q1268,P551,Q1741
Q1268,P551,Q270
Q1268,P551,Q90
Q1268,P27,Q36
Q1268,P27,Q142
Q1268,P27,Q34266
Q1268,P103,Q809
Q1268,P7763,Q71887839
Q222977,P31,Q4167410
Q222977,P1889,Q37117616
Q146439,P910,Q8745118
Q146439,P279,Q79529
Q146439,P279,Q2468248
Q146439,P1889,Q4115245
Q146439,P1889,Q670
Q758,P910,Q7798040
Q758,P279,Q214609
Q758,P279,Q19591
Q758,P31,Q11344
Q758,P31,Q2512777
Q758,P1343,Q2657718
Q758,P1343,Q602358
Q758,P1343,Q602358
Q758,P3780,Q29006676
Q758,P2959,Q28970958
Q758,P366,Q175233
Q758,P2868,Q7831165
Q758,P361,Q239825
Q758,P361,Q191875
Q4093,P190,Q5776
Q4093,P190,Q2090
Q4093,P190,Q23482
Q4093,P190,Q908
Q4093,P190,Q495
Q4093,P190,Q1563
Q4093,P190,Q11739
Q4093,P190,Q216479
Q4093,P131,Q55934339
Q4093,P131,Q68826097
Q4093,P131,Q77606319
Q4093,P131,Q77607750
Q4093,P17,Q145
Q4093,P17,Q174193
Q4093,P17,Q161885
Q4093,P17,Q230791
Q4093,P421,Q6574
Q4093,P31,Q515
Q4093,P31,Q1549591
Q4093,P910,Q6789903
Q4093,P1464,Q8050662
Q4093,P1465,Q9218504
Q4093,P1740,Q8458102
Q4093,P1792,Q6791290
Q4093,P206,Q19721
Q4093,P206,Q183161
Q4093,P47,Q2746326
Q4093,P47,Q209142
Q4093,P2633,Q5535147
Q4093,P1343,Q4114391
Q4093,P1343,Q4173137
Q4093,P1343,Q19180675
Q4093,P1343,Q602358
Q4093,P1343,Q20078554
Q4093,P6,Q29973504
Q4093,P1889,Q55934339
Q4093,P1151,Q56686348
Q4093,P1830,Q1337785
Q4093,P1830,Q5566831
Q4093,P1376,Q124661
Q4093,P1376,Q68826097
Q4093,P1376,Q77607750
Q4093,P2936,Q9314
Q4093,P7867,Q84108329
Q4093,P7959,Q530296
Q4093,P7959,Q67545499
Q4093,P7959,Q17582129
Q4093,P8402,Q97024133
Q4093,P8744,Q100867972
Q81087,P31,Q2581649
Q81087,P31,Q1497364
Q81087,P910,Q7930382
Q81087,P17,Q145
Q81087,P669,Q60282
Q81087,P159,Q34217
Q81087,P112,Q8020870
Q81087,P3876,Q8237228
Q81087,P131,Q34217
Q81087,P361,Q34433
Q81087,P2670,Q19844914
Q81087,P7959,Q67311417
Q417400,P31,Q4167410
Q417400,P1889,Q36899378
Q417400,P460,Q29427915
Q163829,P910,Q6460913
Q163829,P279,Q1327500
Q163829,P1552,Q19716577
Q163829,P1424,Q14385351
Q163829,P1889,Q1136507
Q5036912,P31,Q4167410
Q1045331,P31,Q4167410
Q1045331,P1889,Q19688326
Q1045331,P1889,Q36944161
Q12131,P910,Q7023066
Q12131,P527,Q1179623
Q12131,P527,Q183560
Q12131,P527,Q737460
Q12131,P527,Q12133
Q12131,P527,Q3317827
Q12131,P527,Q1142806
Q12131,P527,Q25098548
Q12131,P92,Q3258513
Q12131,P279,Q937228
Q12131,P1424,Q15634384
Q12131,P1424,Q12981323
Q12131,P5008,Q5460604
Q12131,P5008,Q54439832
Q12131,P5008,Q13382529
Q12131,P1343,Q602358
Q12131,P2579,Q627208
Q12131,P2283,Q98178108
Q79602,P279,Q209190
Q79602,P279,Q732722
Q79602,P279,Q81054
Q79602,P910,Q7332846
Q79602,P1889,Q16172167
Q79602,P1343,Q602358
Q2119376,P461,Q2914621
Q2119376,P31,Q157811
Q2119376,P279,Q1132131
Q2119376,P460,Q1132131
Q2119376,P460,Q2721121
Q46384,P279,Q1718024
Q46384,P279,Q167676
Q46384,P279,Q864114
Q46384,P910,Q7460994
Q46384,P1343,Q2657718
Q1928621,P178,Q49108
Q1928621,P2700,Q763131
Q1589529,P31,Q4167410
Q1589529,P460,Q20013986
Q1589529,P460,Q3989594
Q1589529,P460,Q2402888
Q1589529,P460,Q1182337
Q1589529,P1889,Q20998078
Q11656,P279,Q11653
Q11656,P910,Q7215640
Q11656,P1343,Q2657718
Q11656,P5008,Q5460604
Q4780983,P31,Q4167410
Q7302157,P279,Q21124681
Q7302157,P279,Q1156791
Q233585,P31,Q4167410
Q233585,P1889,Q908629
Q233585,P1889,Q2043428
Q233585,P1889,Q7369158
Q40821,P31,Q930752
Q40821,P31,Q11862829
Q40821,P910,Q7153837
Q40821,P3095,Q774306
Q40821,P1889,Q890057
Q40821,P1889,Q767568
Q40821,P1343,Q602358
Q40821,P1343,Q19180675
Q40821,P1424,Q13365385
Q40821,P279,Q179661
Q40821,P301,Q101547176
Q225651,P31,Q4167410
Q225651,P1889,Q19961034
Q225651,P1889,Q1243982
Q225651,P1889,Q28819302
Q225651,P460,Q439865
Q5311585,P31,Q4167410
Q143983,P527,Q629
Q143983,P527,Q623
Q143983,P279,Q81163
Q143983,P279,Q1418040
Q143983,P279,Q1888604
Q143983,P31,Q193430
Q143983,P1889,Q408028
Q6207264,P31,Q4167410
Q6207264,P1889,Q15821114
Q6207264,P1889,Q37485000
Q226769,P31,Q4167410
Q226769,P1889,Q2645657
Q226769,P1889,Q26229440
Q226769,P1889,Q27307933
Q226769,P1889,Q56065871
Q226769,P1889,Q47008439
Q226769,P1889,Q6387210
Q226769,P1889,Q1562345
Q226769,P1889,Q56065889
Q299088,P31,Q4167410
Q299088,P1889,Q36988215
Q299088,P1889,Q37944400
Q9690,P31,Q169872
Q9690,P279,Q1441305
Q9690,P279,Q99860490
Q9690,P2176,Q410441
Q9690,P2176,Q20817212
Q9690,P1542,Q1778998
Q9690,P5008,Q87748614
Q9690,P1889,Q93485654
Q9690,P1889,Q1077823
Q9690,P1889,Q507234
Q9690,P1889,Q15729017
Q9690,P1889,Q2713697
Q9690,P1889,Q5031385
Q9690,P1889,Q21014159
Q9690,P1889,Q484
Q9690,P1995,Q3259956
Q9690,P828,Q42844
Q9690,P828,Q936549
Q9690,P828,Q327988
Q9690,P828,Q8277
Q9690,P828,Q213600
Q9690,P828,Q540571
Q9690,P828,Q209733
Q9690,P828,Q1869874
Q9690,P828,Q177190
Q9690,P828,Q12167
Q9690,P828,Q1485
Q9690,P828,Q96199399
Q9690,P828,Q24238356
Q9690,P828,Q12206
Q9690,P828,Q3500368
Q9690,P923,Q886837
Q9690,P923,Q835153
Q9690,P923,Q873512
Q9690,P460,Q2713697
Q289,P910,Q7018418
Q289,P279,Q15078788
Q289,P31,Q268592
Q289,P31,Q11033
Q289,P31,Q121359
Q289,P1343,Q2657718
Q289,P1343,Q2657718
Q289,P1151,Q10316697
Q289,P2184,Q1517344
Q289,P527,Q1616075
Q289,P527,Q2001305
Q289,P527,Q1254874
Q289,P527,Q8075
Q289,P527,Q3982960
Q289,P2959,Q27131926
Q289,P5008,Q5460604
Q289,P3095,Q1371925
Q289,P3095,Q28834672
Q289,P61,Q360098
Q289,P61,Q1064424
Q289,P417,Q191107
Q289,P1889,Q841645
Q18156180,P1533,Q18810214
Q18156180,P460,Q1245713
Q18156180,P460,Q11487195
Q18156180,P460,Q18218532
Q18156180,P460,Q13415699
Q18156180,P460,Q18220943
Q18156180,P460,Q5398775
Q18156180,P460,Q48777111
Q18156180,P31,Q12308941
Q18156180,P1889,Q1217774
Q18156180,P282,Q8229
Q18156180,P407,Q7411
Q18156180,P5323,Q21644845
Q7409685,P31,Q4167410
Q7409685,P1889,Q16882575
Q528648,P31,Q497893
Q528648,P31,Q3326717
Q528648,P910,Q9518964
Q528648,P138,Q745205
Q528648,P17,Q142
Q528648,P527,Q18420
Q528648,P527,Q551795
Q528648,P527,Q561709
Q528648,P527,Q379941
Q528648,P527,Q867206
Q528648,P527,Q289801
Q528648,P527,Q49752
Q528648,P527,Q714921
Q528648,P527,Q2378472
Q528648,P527,Q2386193
Q528648,P1343,Q2657718
Q528648,P37,Q150
Q5243433,P31,Q4167410
Q838795,P279,Q1004
Q838795,P910,Q8921562
Q838795,P31,Q26971562
Q838795,P3095,Q1114448
Q838795,P3095,Q715301
Q838795,P527,Q1983062
Q838795,P1424,Q10974345
Q141022,P910,Q6535855
Q141022,P279,Q13567909
Q141022,P279,Q160020
Q141022,P1343,Q2657718
Q141022,P1343,Q2041543
Q141022,P1343,Q602358
Q141022,P1343,Q30059240
Q141022,P31,Q751989
Q141022,P527,Q103813511
Q141022,P527,Q103813526
Q16784236,P31,Q4167410
Q16784236,P1889,Q37010602
Q358682,P31,Q4167410
Q117336,P31,Q4167410
Q117336,P1889,Q16869595
Q353756,P31,Q4167410
Q353284,P910,Q7214211
Q353284,P366,Q46744
Q353284,P460,Q450
Q401767,P31,Q4167410
Q401767,P1889,Q19970529
Q401767,P1889,Q37446858
Q953145,P279,Q1327701
Q953145,P31,Q245761
Q953145,P366,Q69993563
Q441549,P31,Q4167410
Q441549,P1889,Q37265531
Q17498202,P31,Q4167410
Q17498202,P1889,Q2034696
Q7622628,P31,Q4167410
Q380616,P1343,Q2657718
Q380616,P279,Q193395
Q380616,P279,Q1372823
Q380616,P910,Q7652064
Q380616,P366,Q20892182
Q380616,P460,Q13047572
Q380616,P2283,Q747779
Q358978,P31,Q4167410
Q406475,P31,Q4167410
Q406475,P2061,Q21062414
Q406475,P1889,Q37539980
Q173817,P279,Q166154
Q173817,P279,Q7280270
Q173817,P279,Q39373172
Q173817,P279,Q36253
Q173817,P361,Q37221
Q173817,P1343,Q26711932
Q173817,P1343,Q90137277
Q173817,P1687,P2120
Q173817,P8111,Q11573
Q1215724,P31,Q4167410
Q1215724,P1889,Q37490662
Q224389,P31,Q4167410
Q1159266,P31,Q4167410
Q11376,P61,Q379219
Q11376,P910,Q8219476
Q11376,P2959,Q22827994
Q11376,P1343,Q26711932
Q11376,P1343,Q602358
Q11376,P1343,Q90137277
Q11376,P5008,Q5460604
Q11376,P156,Q497332
Q11376,P155,Q11465
Q11376,P279,Q107715
Q11376,P279,Q30337763
Q11376,P279,Q2672914
Q11376,P4934,Q11465
Q11376,P4934,Q2199864
Q11376,P8111,Q1051665
Q288381,P31,Q4167410
Q288381,P1889,Q28864332
Q1206972,P279,Q1412160
Q137056,P910,Q8817606
Q137056,P1343,Q2657718
Q137056,P31,Q3382117
Q137056,P1889,Q3819233
Q137056,P279,Q617224
Q137056,P279,Q94643648
Q137056,P828,Q36534
Q137056,P1687,P5709
Q340735,P31,Q4167410
Q7249930,P31,Q4167410
Q6918773,P186,Q28823
Q6918773,P279,Q28935403
Q6918773,P279,Q28823
Q6918773,P279,Q1398005
Q6918773,P2079,Q910914
Q6918773,P2079,Q2624453
Q560418,P31,Q4167410
Q866612,P279,Q16829513
Q866612,P279,Q37756
Q866612,P279,Q24568869
Q866612,P366,Q211387
Q866612,P1343,Q2041543
Q866612,P1889,Q26269430
Q866612,P2354,Q65081509
Q866612,P2354,Q6608138
Q224088,P31,Q4167410
Q224088,P1889,Q37102126
Q395626,P31,Q4167410
Q563827,P31,Q4167410
Q563827,P1889,Q36901516
Q218143,P31,Q4167410
Q218143,P460,Q410356
Q75101527,P31,Q4167410
Q75101527,P1889,Q51268632
Q75101527,P1889,Q11965654
Q75101527,P1889,Q81640740
Q75101527,P1889,Q7730149
Q75101527,P1889,Q7730150
Q75101527,P1889,Q81644802
Q75101527,P1889,Q11965653
Q75101527,P1889,Q11195834
Q75101527,P460,Q11164407
Q5369,P279,Q2238071
Q5369,P279,Q216048
Q5369,P910,Q7214356
Q5369,P31,Q31629
Q5369,P417,Q153024
Q5369,P1343,Q602358
Q5369,P3095,Q10871364
Q5369,P3095,Q55296227
Q5369,P3095,Q1186921
Q5369,P3095,Q1856798
Q5369,P2283,Q791187
Q5369,P2283,Q809910
Q5369,P2283,Q809889
Q5369,P5008,Q5460604
Q5369,P5125,Q17083750
Q5369,P797,Q11362472
Q5369,P1889,Q1207362
Q5369,P1889,Q3405083
Q5369,P1889,Q11802296
Q5369,P6104,Q8486047
Q5369,P495,Q30
Q5369,P527,Q176903
Q6839379,P31,Q4830453
Q6839379,P1056,Q7397
Q6839379,P1889,Q30298242
Q482816,P1343,Q2041543
Q482816,P279,Q768186
Q482816,P279,Q18643213
Q7643749,P31,Q4167410
Q5527068,P31,Q28640
Q5527068,P1889,Q3099253
Q296738,P31,Q4167410
Q217908,P31,Q4167410
Q217908,P460,Q11974316
Q594939,P910,Q9199288
Q594939,P279,Q1131696
Q594939,P31,Q628455
Q7252,P910,Q8446222
Q7252,P1343,Q20743760
Q7252,P1343,Q2041543
Q7252,P2579,Q35069
Q7252,P2579,Q1662673
Q7252,P31,Q49773
Q7252,P31,Q12909644
Q7252,P31,Q1406161
Q7252,P5008,Q5460604
Q7252,P5008,Q24909800
Q7252,P5008,Q13382529
Q7252,P1424,Q14270557
Q7252,P461,Q575220
Q7252,P461,Q1973996
Q7252,P461,Q93200
Q7252,P3095,Q34074720
Q7252,P279,Q223569
Q7252,P1151,Q11230166
Q7252,P910,Q8446222
Q7252,P1343,Q20743760
Q7252,P1343,Q2041543
Q7252,P2579,Q35069
Q7252,P2579,Q1662673
Q7252,P31,Q49773
Q7252,P31,Q12909644
Q7252,P31,Q1406161
Q7252,P5008,Q5460604
Q7252,P5008,Q24909800
Q7252,P5008,Q13382529
Q7252,P1424,Q14270557
Q7252,P461,Q575220
Q7252,P461,Q1973996
Q7252,P461,Q93200
Q7252,P3095,Q34074720
Q7252,P279,Q223569
Q7252,P1151,Q11230166
Q542982,P31,Q4167410
Q542982,P1889,Q37316871
Q7317055,P31,Q4167410
Q180865,P31,Q62078547
Q180865,P31,Q3354859
Q180865,P17,Q16
Q180865,P910,Q8884732
Q180865,P159,Q172
Q180865,P355,Q3137221
Q180865,P355,Q3551334
Q180865,P355,Q3551675
Q180865,P355,Q45134440
Q180865,P355,Q45136862
Q180865,P355,Q45131869
Q180865,P355,Q45135544
Q180865,P355,Q45132698
Q180865,P355,Q45132406
Q180865,P355,Q544545
Q180865,P355,Q3152474
Q180865,P355,Q7896486
Q180865,P355,Q7896482
Q180865,P355,Q6120110
Q180865,P355,Q95743313
Q180865,P355,Q3151381
Q180865,P355,Q593199
Q180865,P355,Q2983620
Q180865,P355,Q3338917
Q180865,P355,Q3423622
Q180865,P355,Q3551685
Q180865,P355,Q3551503
Q180865,P355,Q3569852
Q180865,P355,Q3570196
Q180865,P421,Q941023
Q180865,P2936,Q1860
Q180865,P527,Q7789602
Q180865,P527,Q2156146
Q180865,P527,Q5553159
Q180865,P3876,Q7003761
Q180865,P463,Q5275906
Q180865,P463,Q35677307
Q180865,P463,Q647039
Q180865,P463,Q5059850
Q180865,P463,Q5137944
Q180865,P4195,Q6444432
Q180865,P1830,Q1511162
Q180865,P1830,Q3554861
Q180865,P1830,Q4927345
Q180865,P1830,Q5580273
Q180865,P1830,Q7129552
Q180865,P1830,Q7129583
Q180865,P1830,Q7875994
Q180865,P276,Q172
Q180865,P1343,Q99413897
Q325846,P105,Q34740
Q325846,P171,Q13171449
Q325846,P31,Q16521
Q325846,P910,Q15045452
Q36920681,P31,Q101352
Q36920681,P1889,Q20726943
Q36920681,P282,Q8229
Q36920681,P5323,Q92953148
Q161519,P910,Q9245233
Q161519,P279,Q180907
Q161519,P279,Q36993249
Q161519,P1343,Q47755251
Q161519,P1343,Q2041543
Q161519,P1542,Q16513015
Q161519,P1889,Q202805
Q161519,P2738,Q23766486
Q161519,P1552,Q1064405
Q161519,P31,Q24034552
Q161519,P31,Q19856468
Q161519,P31,Q7882311
Q161519,P2579,Q76592
Q1175872,P31,Q4167410
Q1175872,P1889,Q18924871
Q1175872,P1889,Q16881815
Q1175872,P460,Q250985
Q1175872,P460,Q295573
Q1175872,P460,Q417237
Q1175872,P460,Q1490519
Q1175872,P460,Q3417808
Q813243,P366,Q3766250
Q813243,P279,Q6657015
Q813243,P279,Q6554101
Q813243,P279,Q11019
Q813243,P1889,Q271779
Q813243,P5008,Q87748614
Q363746,P31,Q4167410
Q363746,P1889,Q23457534
Q363746,P1889,Q16002935
Q2088390,P910,Q8791237
Q2088390,P279,Q43091
Q2088390,P1687,P1353
Q225847,P31,Q4167410
Q225847,P1889,Q3235639
Q21384914,P31,Q12308941
Q21384914,P1889,Q1946490
Q21384914,P282,Q8229
Q21384914,P1533,Q37556975
Q329717,P361,Q222249
Q349449,P31,Q4167410
Q349449,P1889,Q3841018
Q349449,P1889,Q12189873
Q82604,P279,Q1914636
Q82604,P910,Q6180258
Q82604,P1424,Q14403664
Q82604,P1542,Q41553020
Q82604,P460,Q1519454
Q82604,P5125,Q7112605
Q82604,P3095,Q5322166
Q82604,P31,Q1047113
Q82604,P1552,Q5253831
Q5163461,P31,Q4167410
Q359285,P31,Q4167410
Q132,P910,Q11901776
Q132,P31,Q41825
Q132,P1343,Q2041543
Q132,P1343,Q4086271
Q132,P1343,Q602358
Q132,P2959,Q25634212
Q132,P1889,Q859553
Q132,P156,Q105
Q132,P155,Q131
Q132,P138,Q177053
Q132,P138,Q188681
Q132,P138,Q37654
Q132,P138,Q199
Q132,P138,Q6958747
Q132,P138,Q525
Q132,P138,Q2514663
Q132,P361,Q211391
Q132,P279,Q573
Q132,P279,Q1445650
Q5048823,P31,Q4167410
Q42771,P460,Q7029481
Q42771,P460,Q15728988
Q42771,P460,Q15728996
Q42771,P460,Q1496652
Q42771,P460,Q3341832
Q42771,P460,Q19688670
Q42771,P460,Q17518680
Q42771,P460,Q5486169
Q42771,P460,Q1984713
Q42771,P460,Q18546657
Q42771,P460,Q18219737
Q42771,P460,Q18642353
Q42771,P460,Q18642356
Q42771,P460,Q18642354
Q42771,P460,Q19826110
Q42771,P460,Q4293224
Q42771,P460,Q19838224
Q42771,P460,Q19692516
Q42771,P460,Q18066619
Q42771,P460,Q18066632
Q42771,P460,Q15501913
Q42771,P460,Q16423029
Q42771,P460,Q1956588
Q42771,P460,Q19819799
Q42771,P460,Q20830171
Q42771,P460,Q19692514
Q42771,P460,Q19692517
Q42771,P460,Q26862691
Q42771,P460,Q18978387
Q42771,P460,Q20879275
Q42771,P460,Q30448750
Q42771,P460,Q19411999
Q42771,P460,Q30452066
Q42771,P460,Q1991219
Q42771,P460,Q20160581
Q42771,P460,Q2001572
Q42771,P460,Q16423038
Q42771,P31,Q12308941
Q42771,P1533,Q18070771
Q42771,P1889,Q1984830
Q42771,P282,Q8229
Q42771,P407,Q7411
Q42771,P407,Q1860
Q42771,P5323,Q21644845
Q48758,P31,Q5398426
Q48758,P136,Q186424
Q48758,P136,Q130232
Q48758,P136,Q859369
Q48758,P136,Q2321734
Q48758,P136,Q6585139
Q48758,P136,Q22812458
Q48758,P449,Q248713
Q48758,P364,Q1860
Q48758,P910,Q9245333
Q48758,P161,Q45563
Q48758,P161,Q458664
Q48758,P161,Q773355
Q48758,P161,Q285409
Q48758,P161,Q459025
Q48758,P161,Q737183
Q48758,P161,Q361215
Q48758,P161,Q514696
Q48758,P161,Q712647
Q48758,P840,Q99
Q48758,P840,Q159288
Q48758,P1811,Q3240966
Q48758,P495,Q30
Q48758,P2061,Q1383069
Q48758,P170,Q3973335
Q48758,P750,Q6952746
Q48758,P915,Q1974
Q48758,P942,Q63123908
Q48758,P1411,Q17009285
Q48758,P1411,Q17009285
Q48758,P1411,Q3473897
Q48758,P1411,Q6952067
Q48758,P1411,Q7243508
Q48758,P1411,Q1543426
Q48758,P1411,Q17009285
Q48758,P1411,Q17009285
Q48758,P1411,Q17009285
Q48758,P4312,Q2918907
Q48758,P1552,Q45171911
Q48758,P527,Q5240182
Q48758,P527,Q1110540
Q48758,P527,Q3004160
Q48758,P527,Q1403648
Q48758,P527,Q3021225
Q48758,P527,Q377668
Q48758,P527,Q3469072
Q48758,P527,Q15614776
Q48758,P272,Q1337530
Q48758,P674,Q2939535
Q48758,P674,Q3785002
Q48758,P674,Q3189727
Q48758,P674,Q3193133
Q48758,P674,Q1771228
Q48758,P674,Q2928640
Q48758,P407,Q1860
Q48758,P86,Q2823929
Q443426,P31,Q4167410
Q443426,P1889,Q30247011
Q420629,P31,Q4167410
Q241636,P31,Q4167410
Q241636,P1343,Q2657718
Q4539,P910,Q7464080
Q4539,P279,Q783794
Q4539,P279,Q12047392
Q4539,P1343,Q2041543
Q4539,P1343,Q602358
Q4539,P1557,Q380962
Q4539,P1889,Q1753181
Q4539,P1889,Q891723
Q4539,P527,Q614084
Q4539,P527,Q1939471
Q4539,P527,Q3277997
Q4539,P1424,Q13518479
Q7312332,P31,Q24577840
Q7312332,P527,Q150291
Q7312332,P527,Q7617364
Q7312332,P1441,Q1361124
Q7312332,P170,Q955144
Q455595,P279,Q215627
Q455595,P31,Q12737077
Q455595,P425,Q1636090
Q455595,P461,Q702269
Q7356776,P156,Q46635
Q7356776,P31,Q4830453
Q282310,P31,Q4167410
Q282310,P1889,Q16279078
Q282310,P1889,Q16876493
Q29511214,P31,Q4167410
Q29511214,P1889,Q406384
Q29511214,P460,Q449218
Q29511214,P407,Q8641
Q248734,P31,Q4167410
Q179115,P417,Q153024
Q179115,P417,Q929800
Q179115,P417,Q118087
Q179115,P417,Q459032
Q179115,P1889,Q16519609
Q179115,P461,Q18646998
Q179115,P279,Q467
Q179115,P279,Q61958677
Q179115,P1552,Q16675060
Q5879690,P31,Q4167410
Q5879690,P1889,Q16870835
Q31,P1344,Q1088364
Q31,P1151,Q3247091
Q31,P1546,Q1308013
Q31,P5125,Q7112200
Q31,P38,Q4916
Q31,P38,Q232415
Q31,P1792,Q7021332
Q31,P2852,Q1061257
Q31,P2852,Q25648793
Q31,P2852,Q25648794
Q31,P2852,Q25648798
Q31,P2853,Q1378312
Q31,P2853,Q2335536
Q31,P2633,Q1115035
Q31,P1313,Q213107
Q31,P417,Q128267
Q31,P17,Q31
Q31,P2959,Q25929919
Q31,P2959,Q42311082
Q31,P2959,Q52884026
Q31,P122,Q41614
Q31,P122,Q3330103
Q31,P1552,Q3174312
Q31,P793,Q223933
Q31,P793,Q1160895
Q31,P530,Q32
Q31,P530,Q38
Q31,P530,Q183
Q31,P530,Q347
Q31,P530,Q408
Q31,P530,Q212
Q31,P530,Q1246
Q31,P530,Q142
Q31,P530,Q145
Q31,P530,Q16
Q31,P530,Q252
Q31,P530,Q35
Q31,P530,Q43
Q31,P530,Q55
Q31,P530,Q77
Q31,P530,Q833
Q31,P530,Q843
Q31,P530,Q865
Q31,P530,Q96
Q31,P530,Q974
Q31,P530,Q30
Q31,P530,Q159
Q31,P530,Q668
Q31,P530,Q41
Q31,P530,Q148
Q31,P530,Q230
Q31,P530,Q801
Q31,P530,Q29999
Q31,P530,Q28
Q31,P530,Q423
Q31,P1906,Q13592862
Q31,P194,Q1137059
Q31,P2184,Q205317
Q31,P37,Q7411
Q31,P37,Q150
Q31,P37,Q188
Q31,P30,Q46
Q31,P36,Q239
Q31,P237,Q199614
Q31,P910,Q4366768
Q31,P35,Q155004
Q31,P35,Q12971
Q31,P35,Q12967
Q31,P35,Q55008046
Q31,P35,Q12973
Q31,P35,Q12976
Q31,P35,Q3911
Q31,P35,Q445553
Q31,P35,Q1079522
Q31,P1791,Q7974978
Q31,P5008,Q54439832
Q31,P6,Q18434995
Q31,P6,Q950958
Q31,P6,Q476596
Q31,P463,Q458
Q31,P463,Q1065
Q31,P463,Q7184
Q31,P463,Q41550
Q31,P463,Q8908
Q31,P463,Q13116
Q31,P463,Q42262
Q31,P463,Q7825
Q31,P463,Q141720
Q31,P463,Q1542735
Q31,P463,Q152299
Q31,P463,Q151991
Q31,P463,Q81299
Q31,P463,Q191384
Q31,P463,Q827525
Q31,P463,Q656801
Q31,P463,Q1043527
Q31,P463,Q899770
Q31,P463,Q340195
Q31,P463,Q188822
Q31,P463,Q782942
Q31,P463,Q161549
Q31,P463,Q1377612
Q31,P463,Q663492
Q31,P463,Q1928989
Q31,P463,Q1072120
Q31,P463,Q8475
Q31,P463,Q1480793
Q31,P463,Q842490
Q31,P463,Q3866537
Q31,P463,Q521227
Q31,P463,Q233611
Q31,P463,Q826700
Q31,P463,Q7809
Q31,P463,Q5611262
Q31,P463,Q17495
Q31,P463,Q376150
Q31,P463,Q1969730
Q31,P463,Q1531570
Q31,P463,Q134102
Q31,P463,Q45177
Q31,P463,Q170424
Q31,P463,Q7817
Q31,P5658,Q13196750
Q31,P1830,Q594406
Q31,P1830,Q740553
Q31,P1830,Q1644661
Q31,P1830,Q2697443
Q31,P1830,Q3145723
Q31,P1830,Q1956014
Q31,P1830,Q2005282
Q31,P1830,Q536120
Q31,P1740,Q7522716
Q31,P208,Q390947
Q31,P2238,Q130201
Q31,P1465,Q8366417
Q31,P85,Q161539
Q31,P209,Q1755321
Q31,P209,Q1230309
Q31,P209,Q1761425
Q31,P361,Q215669
Q31,P361,Q458
Q31,P361,Q46
Q31,P361,Q1065
Q31,P361,Q13116
Q31,P361,Q476033
Q31,P78,Q39773
Q31,P47,Q183
Q31,P47,Q32
Q31,P47,Q142
Q31,P47,Q55
Q31,P47,Q29999
Q31,P31,Q3624078
Q31,P31,Q43702
Q31,P31,Q6256
Q31,P31,Q20181813
Q31,P31,Q185441
Q31,P31,Q1250464
Q31,P610,Q322824
Q31,P1464,Q7463296
Q31,P1622,Q14565199
Q31,P421,Q25989
Q31,P421,Q6655
Q31,P421,Q6723
Q31,P421,Q207020
Q31,P421,Q5412099
Q31,P150,Q9337
Q31,P150,Q240
Q31,P150,Q9331
Q31,P150,Q89959
Q31,P150,Q90027
Q31,P150,Q231
Q31,P138,Q337104
Q31,P163,Q12990
Q31,P1343,Q302556
Q31,P1343,Q2657718
Q31,P1343,Q4114391
Q31,P1343,Q602358
Q31,P1343,Q19211082
Q31,P1343,Q19180675
Q31,P1343,Q4173137
Q31,P1343,Q3181656
Q31,P92,Q633629
Q31,P6104,Q14455339
Q31,P527,Q234
Q31,P527,Q231
Q31,P527,Q240
Q31,P527,Q9331
Q31,P527,Q89959
Q31,P527,Q90027
Q31,P1304,Q685918
Q31,P2936,Q100103
Q31,P2936,Q102172
Q31,P2936,Q2107617
Q31,P2936,Q3217332
Q31,P2936,Q7411
Q31,P2936,Q9051
Q31,P2936,Q188
Q31,P2936,Q150
Q31,P2936,Q34024
Q31,P2936,Q34219
Q31,P2936,Q430018
Q31,P2936,Q671198
Q31,P2936,Q151156
Q31,P2936,Q34147
Q31,P2936,Q1404296
Q31,P2936,Q815549
Q31,P2936,Q2668371
Q31,P2936,Q8641
Q31,P2936,Q33282
Q31,P2936,Q1793299
Q31,P2596,Q792363
Q31,P7867,Q8607310
Q31,P8402,Q63413946
Q31,P1365,Q15864
Q31,P8744,Q1769535
Q299069,P31,Q4167410
Q293695,P31,Q4167410
Q397523,P31,Q4167410
Q692912,P17,Q664
Q692912,P131,Q664
Q692912,P910,Q8706458
Q692912,P31,Q216712
Q692912,P1464,Q26834322
Q692912,P1465,Q26834363
Q692912,P36,Q133073
Q692912,P421,Q7105
Q692912,P706,Q120755
Q692912,P47,Q657004
Q692912,P47,Q541468
Q692912,P47,Q864971
Q692912,P150,Q1760804
Q692912,P150,Q96249787
Q692912,P150,Q1053677
Q692912,P150,Q613684
Q692912,P150,Q1103566
Q692912,P797,Q7108351
Q234026,P31,Q4167410
Q234026,P1889,Q30433167
Q170538,P910,Q13321507
Q170538,P31,Q11424100
Q170538,P1343,Q2041543
Q3222002,P361,Q1645474
Q3222002,P279,Q8205328
Q3222002,P2670,Q3241107
Q3222002,P1552,Q67203531
Q3222002,P1552,Q67203587
Q3222002,P527,Q1049667
Q359765,P31,Q4167410
Q12888920,P279,Q451967
Q12888920,P279,Q39971877
Q12888920,P1889,Q1075824
Q12888920,P910,Q89014254
Q12888920,P31,Q33104279
Q12888920,P1343,Q1768721
Q12888920,P2283,Q878143
Q157037,P31,Q303618
Q157037,P31,Q63188808
Q157037,P279,Q29645880
Q157037,P910,Q8879838
Q157037,P17,Q237
Q157037,P1343,Q19190511
Q350477,P31,Q4167410
Q4810302,P31,Q4167410
Q190581,P279,Q19644522
Q190581,P279,Q91776508
Q190581,P361,Q4830453
Q190581,P361,Q4116214
Q190581,P1552,Q2004972
Q190581,P1552,Q780558
Q190581,P1552,Q128635
Q190581,P1552,Q20058793
Q190581,P1552,Q2319042
Q190581,P144,Q97012426
Q194189,P910,Q8699379
Q194189,P31,Q151885
Q194189,P31,Q1914636
Q194189,P279,Q601401
Q194189,P279,Q815823
Q194189,P461,Q1369832
Q194189,P361,Q39809
Q194189,P361,Q159810
Q194189,P361,Q601401
Q194189,P3095,Q685433
Q194189,P3095,Q1762621
Q218002,P31,Q4167410
Q218002,P460,Q5695715
Q218002,P1889,Q5420545
Q218002,P1889,Q728170
Q15733319,P31,Q4167410
Q15733319,P1889,Q37231816
Q171341,P279,Q13136
Q171341,P279,Q567357
Q171341,P279,Q1063801
Q171341,P910,Q5612897
Q171341,P1343,Q2657718
Q171341,P1343,Q2041543
Q171341,P1343,Q1210353
Q171341,P1343,Q602358
Q1420,P279,Q752870
Q1420,P527,Q44167
Q1420,P527,Q679300
Q1420,P527,Q188209
Q1420,P527,Q1411232
Q1420,P527,Q583488
Q1420,P527,Q286588
Q1420,P527,Q211251
Q1420,P527,Q17015073
Q1420,P527,Q165435
Q1420,P527,Q2207370
Q1420,P527,Q1276284
Q1420,P527,Q1417134
Q1420,P527,Q1208529
Q1420,P527,Q24578007
Q1420,P527,Q10859312
Q1420,P527,Q1415117
Q1420,P527,Q13693
Q1420,P527,Q843592
Q1420,P527,Q2998736
Q1420,P527,Q194302
Q1420,P527,Q193137
Q1420,P527,Q6304756
Q1420,P527,Q609111
Q1420,P618,Q39558
Q1420,P618,Q38423
Q1420,P618,Q12725
Q1420,P618,Q556
Q1420,P618,Q40015
Q1420,P618,Q153
Q1420,P618,Q351609
Q1420,P61,Q378277
Q1420,P460,Q1144312
Q1420,P1552,Q3231690
Q1420,P910,Q7238000
Q1420,P1343,Q4114391
Q1420,P1343,Q20078554
Q1420,P1343,Q19180675
Q1420,P1343,Q602358
Q1420,P1424,Q5615754
Q1420,P366,Q1661652
Q1420,P366,Q82650
Q1420,P366,Q7590
Q1420,P366,Q334401
Q1420,P1151,Q8211065
Q1420,P3349,Q2872660
Q1420,P3349,Q319604
Q1420,P5008,Q5460604
Q1420,P2670,Q46765731
Q1420,P2184,Q1129377
Q1420,P5125,Q7112563
Q1420,P1542,Q131123
Q1420,P1542,Q92251
Q1420,P1542,Q61037771
Q1420,P1542,Q7918620
Q1420,P1542,Q61509
Q1420,P1542,Q101243423
Q1420,P6440,Q3055308
Q1420,P2959,Q96240179
Q403418,P31,Q4167410
Q403418,P1889,Q43382054
Q627,P279,Q19753344
Q627,P279,Q19600
Q627,P61,Q313067
Q627,P138,Q11183742
Q627,P910,Q7723894
Q627,P31,Q11344
Q627,P1343,Q19180675
Q627,P1343,Q602358
Q627,P1343,Q2657718
Q627,P1343,Q4532135
Q627,P1343,Q20961706
Q627,P1343,Q316572
Q627,P189,Q145
Q627,P5008,Q5460604
Q627,P1552,Q11567495
Q627,P1552,Q30100868
Q627,P1552,Q30007162
Q627,P361,Q207712
Q627,P361,Q106675
Q19829510,P279,Q17154431
Q19829510,P279,Q28732711
Q224634,P31,Q4167410
Q224634,P1889,Q18388189
Q224634,P1889,Q19810279
Q224634,P1889,Q20058735
Q1170409,P31,Q4167410
Q1170409,P1889,Q37230513
Q11740724,P31,Q12308941
Q11740724,P460,Q1200323
Q11740724,P460,Q1200194
Q11740724,P460,Q1605531
Q11740724,P460,Q2519633
Q11740724,P460,Q20011861
Q11740724,P460,Q28872045
Q11740724,P1889,Q386277
Q11740724,P1889,Q63871988
Q11740724,P407,Q1860
Q11740724,P407,Q7411
Q11740724,P1533,Q26906271
Q11740724,P282,Q8229
Q11740724,P5323,Q21644845
Q11740724,P1343,Q151
Q43518,P1151,Q18857277
Q43518,P910,Q8791517
Q43518,P361,Q42250
Q43518,P31,Q1047113
Q43518,P3095,Q3546255
Q43518,P1889,Q3349060
Q43518,P279,Q8008
Q43518,P279,Q3349060
Q43518,P1343,Q19190511
Q43518,P1343,Q602358
Q6738,P31,Q577
Q6738,P361,Q42995
Q6738,P155,Q6735
Q6738,P156,Q6741
Q6738,P910,Q6535700
Q6738,P2959,Q31802175
Q5331264,P31,Q4167410
Q43663,P910,Q8758590
Q43663,P1343,Q867541
Q43663,P1343,Q2657718
Q43663,P279,Q2524539
Q799000,P910,Q8229755
Q799000,P1889,Q1174404
Q799000,P1889,Q15872845
Q799000,P1424,Q25957976
Q799000,P279,Q100792256
Q7377,P105,Q37517
Q7377,P171,Q2082668
Q7377,P171,Q189069
Q7377,P171,Q19159
Q7377,P171,Q181537
Q7377,P31,Q16521
Q7377,P1151,Q11116931
Q7377,P910,Q1456631
Q7377,P1672,Q8495
Q7377,P1672,Q10990
Q7377,P1672,Q3291230
Q7377,P1343,Q602358
Q7377,P1343,Q19180675
Q7377,P1343,Q4091875
Q7377,P1343,Q19190511
Q7377,P5008,Q5460604
Q7377,P279,Q729
Q7377,P1424,Q11153721
Q7377,P2579,Q183904
Q5352191,P910,Q8833079
Q5352191,P31,Q28640
Q5352191,P279,Q5
Q5352191,P121,Q1413406
Q5352191,P425,Q2695280
Q5352191,P1552,Q644238
Q36977,P31,Q21199
Q36977,P31,Q223722
Q36977,P31,Q2067166
Q36977,P31,Q50707
Q36977,P31,Q13366104
Q36977,P31,Q1081248
Q36977,P31,Q13823786
Q36977,P31,Q674928
Q36977,P31,Q1486643
Q36977,P31,Q10886944
Q36977,P460,Q605704
Q36977,P460,Q12339940
Q36977,P5236,Q200
Q36977,P5236,Q201
Q36977,P461,Q39611814
Q36977,P1889,Q28469722
Q5255430,P1889,Q1225803
Q341418,P31,Q4167410
Q25579,P31,Q12813115
Q25579,P31,Q4994447
Q25579,P31,Q956214
Q25579,P31,Q129372
Q25579,P31,Q515
Q25579,P17,Q34
Q25579,P131,Q507709
Q25579,P910,Q8857714
Q25579,P421,Q25989
Q25579,P421,Q6655
Q25579,P421,Q6723
Q25579,P1464,Q8076700
Q25579,P1465,Q18761642
Q25579,P1792,Q7930798
Q25579,P1376,Q104877
Q25579,P1376,Q507709
Q25579,P166,Q129372
Q25579,P7867,Q84069633
Q25579,P1889,Q601
Q2167,P31,Q12813115
Q2167,P17,Q34
Q2167,P17,Q35
Q2167,P131,Q505018
Q2167,P131,Q10570845
Q2167,P131,Q504609
Q2167,P910,Q6418199
Q2167,P1464,Q8062040
Q2167,P1465,Q9688206
Q2167,P1792,Q8740932
Q2167,P1376,Q505018
Q2167,P47,Q117493
Q2167,P421,Q6655
Q2167,P421,Q6723
Q2167,P1791,Q19799642
Q2167,P7867,Q84088487
Q246361,P31,Q4167410
Q246361,P1889,Q37258159
Q246361,P1889,Q13220307
Q246361,P460,Q15824865
Q246361,P460,Q353416
Q51895702,P31,Q3409032
Q51895702,P282,Q8229
Q51895702,P1533,Q37505465
Q51895702,P1889,Q528830
Q51895702,P460,Q47528518
Q51895702,P460,Q98609189
Q51895702,P407,Q1860
Q37836,P31,Q15221304
Q37836,P31,Q1549591
Q37836,P31,Q62049
Q37836,P131,Q502294
Q37836,P131,Q501559
Q37836,P131,Q370654
Q37836,P163,Q3039032
Q37836,P190,Q79815
Q37836,P190,Q151920
Q37836,P190,Q643081
Q37836,P190,Q761
Q37836,P190,Q898
Q37836,P190,Q1709
Q37836,P190,Q129610
Q37836,P190,Q147089
Q37836,P190,Q950347
Q37836,P17,Q30
Q37836,P1365,Q15242198
Q37836,P1365,Q15242201
Q37836,P1365,Q15242213
Q37836,P910,Q6771910
Q37836,P1464,Q7920614
Q37836,P1465,Q9688508
Q37836,P1792,Q7116173
Q37836,P1376,Q502294
Q37836,P2633,Q5535190
Q37836,P6,Q955542
Q37836,P237,Q7440568
Q37836,P418,Q7440568
Q37836,P421,Q2086913
Q37836,P361,Q14234631
Q37836,P1830,Q19877002
Q37836,P206,Q1169
Q37836,P8744,Q100868238
Q409671,P31,Q4167410
Q906297,P279,Q14250007
Q906297,P279,Q42486
Q906297,P361,Q7128792
Q906297,P361,Q11417
Q906297,P910,Q8498949
Q906297,P1889,Q12163462
Q906297,P31,Q349
Q7441604,P31,Q4167410
Q7441604,P1889,Q37072438
Q341344,P31,Q4167410
Q104387,P31,Q4167410
Q104387,P1889,Q1225476
Q104387,P1889,Q16280405
Q104387,P460,Q1178596
Q319604,P1343,Q2041543
Q319604,P279,Q11998775
Q319604,P279,Q12048049
Q319604,P1889,Q23640580
Q319604,P463,Q87410777
Q185706,P910,Q7019994
Q185706,P1343,Q19558994
Q185706,P31,Q9644
Q185706,P279,Q66516261
Q404935,P31,Q4167410
Q404935,P460,Q16801256
Q404935,P460,Q1426587
Q404935,P1889,Q50386939
Q404935,P1889,Q37462640
Q404935,P1889,Q16801256
Q438467,P31,Q4167410
Q844219,P31,Q4167410
Q844219,P1889,Q56245866
Q7445771,P31,Q4167410
Q7445771,P1889,Q37279828
Q225565,P31,Q4167410
Q225565,P1343,Q2041543
Q65122158,P31,Q4167410
Q65122158,P1889,Q85413125
Q1388383,P910,Q6167327
Q2228353,P31,Q4167410
Q2228353,P1889,Q21507601
Q2228353,P1889,Q37510709
Q226604,P31,Q4167410
Q226604,P1889,Q37438025
Q226604,P1889,Q914367
Q226604,P1889,Q596260
Q226604,P1889,Q7461090
Q226604,P460,Q62022072
Q226604,P460,Q62022130
Q226604,P460,Q62022161
Q365229,P31,Q4167410
Q365229,P460,Q422718
Q365229,P1889,Q37135831
Q2048319,P279,Q355304
Q2048319,P279,Q1852785
Q2048319,P366,Q1061108
Q2048319,P366,Q7481320
Q2048319,P1889,Q18432057
Q2048319,P1889,Q1933589
Q1741710,P31,Q4167410
Q1741710,P1889,Q26000748
Q1741710,P1889,Q27182196
Q2644849,P31,Q4167410
Q132621,P31,Q11173
Q132621,P31,Q12140
Q132621,P31,Q7279006
Q132621,P910,Q9420706
Q132621,P527,Q627
Q132621,P527,Q623
Q132621,P2175,Q3108586
Q132621,P2175,Q202837
Q132621,P2175,Q4330029
Q132621,P2175,Q275419
Q132621,P2175,Q217111
Q132621,P2175,Q1765564
Q132621,P2175,Q168800
Q132621,P2175,Q848662
Q132621,P2175,Q769815
Q132621,P3489,Q28123617
Q132621,P3780,Q47521215
Q132621,P3780,Q2736787
Q132621,P3780,Q47520886
Q132621,P3780,Q47522171
Q132621,P2868,Q4734924
Q132621,P2868,Q50349107
Q132621,P2868,Q50316261
Q132621,P2868,Q162657
Q132621,P2868,Q2355954
Q132621,P129,Q4734884
Q132621,P129,Q4734886
Q132621,P129,Q4734887
Q132621,P129,Q4734892
Q132621,P129,Q287961
Q132621,P3364,Q27074317
Q132621,P1889,Q60058
Q17484395,P910,Q8294472
Q17484395,P279,Q17852731
Q17484395,P279,Q39715
Q17484395,P279,Q3565782
Q17484395,P1889,Q805016
Q189471,P190,Q52133
Q189471,P190,Q249994
Q189471,P190,Q389495
Q189471,P190,Q171771
Q189471,P190,Q151958
Q189471,P17,Q30
Q189471,P31,Q1093829
Q189471,P31,Q515
Q189471,P421,Q2204
Q189471,P910,Q7570667
Q189471,P131,Q110739
Q189471,P1464,Q32337526
Q189471,P1792,Q8731682
Q189471,P47,Q208459
Q189471,P47,Q864124
Q189471,P47,Q16553
Q189471,P47,Q486860
Q189471,P138,Q7615466
Q189471,P163,Q98280493
Q80895,P279,Q6073630
Q80895,P279,Q752673
Q80895,P910,Q5902663
Q80895,P1343,Q2657718
Q80895,P1343,Q2041543
Q80895,P3095,Q212948
Q80895,P3095,Q20642011
Q80895,P1889,Q5586480
Q80895,P1433,Q15892777
Q80895,P5008,Q99671171
Q230554,P31,Q4167410
Q230554,P1889,Q29477197
Q230554,P1889,Q55038499
Q230554,P910,Q67387116
Q178598,P31,Q12909644
Q178598,P910,Q7486007
Q178598,P1151,Q15223267
Q178598,P5125,Q3531509
Q178598,P5008,Q13382529
Q178598,P279,Q6216
Q178598,P1387,Q204481
Q295750,P31,Q4167410
Q295750,P1889,Q16872368
Q1933919,P527,Q6277460
Q1933919,P527,Q1886467
Q1933919,P1343,Q19180675
Q1933919,P31,Q49447
Q1933919,P31,Q151885
Q10928179,P527,Q2015967
Q10928179,P527,Q73368
Q10928179,P31,Q21484471
Q121610,P910,Q6422971
Q121610,P279,Q1823478
Q121610,P279,Q2996394
Q121610,P527,Q2374421
Q121610,P461,Q770530
Q121610,P1343,Q4532138
Q121610,P31,Q3249551
Q37268235,P31,Q101352
Q37268235,P282,Q8229
Q49125,P31,Q4830453
Q49125,P31,Q891723
Q49125,P31,Q6881511
Q49125,P910,Q7014257
Q49125,P1343,Q17290934
Q49125,P159,Q190088
Q49125,P17,Q17
Q49125,P355,Q600457
Q49125,P355,Q28971011
Q49125,P355,Q28971012
Q49125,P355,Q28971013
Q49125,P355,Q28971014
Q49125,P355,Q28971015
Q49125,P355,Q55829958
Q49125,P1454,Q1480166
Q49125,P1056,Q11456
Q49125,P1056,Q3966
Q49125,P1056,Q212920
Q49125,P1056,Q6657015
Q49125,P1056,Q3749263
Q49125,P1056,Q132911
Q49125,P1056,Q15003
Q49125,P1056,Q2383811
Q49125,P1056,Q5830907
Q49125,P1056,Q1546066
Q49125,P1056,Q7397
Q49125,P1056,Q41253
Q49125,P740,Q1490
Q49125,P127,Q899122
Q49125,P112,Q717411
Q49125,P452,Q5358497
Q49125,P452,Q880371
Q49125,P452,Q1326885
Q49125,P414,Q217475
Q49125,P414,Q1320224
Q49125,P414,Q1188840
Q49125,P414,Q171240
Q49125,P169,Q11637325
Q49125,P1830,Q282090
Q49125,P1830,Q600457
Q49125,P1830,Q751358
Q49125,P1830,Q1133735
Q49125,P1830,Q2003981
Q49125,P1830,Q3700253
Q49125,P1830,Q465449
Q49125,P463,Q858851
Q49125,P463,Q37033
Q49125,P463,Q1361045
Q49125,P463,Q7389502
Q49125,P463,Q492705
Q7861391,P31,Q4167410
Q1798773,P527,Q13406206
Q1798773,P527,Q584049
Q1798773,P527,Q173725
Q1798773,P910,Q6363880
Q1798773,P279,Q15297198
Q1798773,P1889,Q4311765
Q7204936,P17,Q145
Q7204936,P31,Q1002697
Q1664842,P279,Q256401
Q407574,P31,Q4167410
Q407574,P1889,Q37574333
Q218304,P31,Q4167410
Q218304,P460,Q11711894
Q218304,P1889,Q30127794
Q19798449,P31,Q101352
Q19798449,P1889,Q235210
Q19798449,P282,Q8229
Q19798449,P407,Q1860
Q4400954,P31,Q4167410
Q4400954,P1889,Q37331501
Q258460,P31,Q4167410
Q258460,P1889,Q36955130
Q258460,P1889,Q3676019
Q258460,P1889,Q63108953
Q945434,P279,Q2150504
Q945434,P279,Q1183543
Q945434,P366,Q35535
Q945434,P366,Q8473
Q945434,P366,Q6498663
Q945434,P910,Q8230333
Q945434,P361,Q390516
Q1193976,P31,Q4492
Q1193976,P176,Q312
Q1193976,P1889,Q517919
Q230752,P279,Q17350442
Q230752,P279,Q180516
Q230752,P279,Q42679632
Q230752,P279,Q41176
Q230752,P910,Q15178960
Q230752,P361,Q1470095
Q230752,P527,Q2035357
Q230752,P527,Q1868004
Q230752,P527,Q170552
Q230752,P527,Q16573336
Q230752,P527,Q3634806
Q230752,P527,Q3891694
Q230752,P527,Q23151
Q230752,P1889,Q253275
Q230752,P1889,Q10935679
Q273693,P31,Q1780509
Q1527,P1151,Q14615899
Q1527,P17,Q30
Q1527,P36,Q28848
Q1527,P47,Q1948
Q1527,P47,Q1904
Q1527,P47,Q1537
Q1527,P47,Q1211
Q1527,P47,Q1546
Q1527,P47,Q1207
Q1527,P47,Q1166
Q1527,P47,Q1121436
Q1527,P47,Q738395
Q1527,P47,Q2007
Q1527,P47,Q603676
Q1527,P138,Q1136502
Q1527,P163,Q828147
Q1527,P421,Q5385
Q1527,P421,Q2086913
Q1527,P421,Q15406405
Q1527,P131,Q30
Q1527,P910,Q6808341
Q1527,P31,Q35657
Q1527,P194,Q1117432
Q1527,P1464,Q8063604
Q1527,P1465,Q8365557
Q1527,P1740,Q6427956
Q1527,P1791,Q8328683
Q1527,P1792,Q6918360
Q1527,P1343,Q302556
Q1527,P1313,Q5589682
Q1527,P2238,Q5590954
Q1527,P2238,Q190342
Q1527,P150,Q109986
Q1527,P150,Q110495
Q1527,P150,Q111566
Q1527,P150,Q110491
Q1527,P150,Q109851
Q1527,P150,Q113255
Q1527,P150,Q110340
Q1527,P150,Q110900
Q1527,P150,Q113354
Q1527,P150,Q113275
Q1527,P150,Q111421
Q1527,P150,Q109846
Q1527,P150,Q486309
Q1527,P150,Q111831
Q1527,P150,Q486281
Q1527,P150,Q156619
Q1527,P150,Q110684
Q1527,P150,Q113333
Q1527,P150,Q111694
Q1527,P150,Q113056
Q1527,P150,Q109981
Q1527,P150,Q486187
Q1527,P150,Q486198
Q1527,P150,Q491144
Q1527,P150,Q486243
Q1527,P150,Q486270
Q1527,P150,Q486229
Q1527,P150,Q486288
Q1527,P150,Q486218
Q1527,P150,Q486255
Q1527,P150,Q486238
Q1527,P150,Q486215
Q1527,P150,Q490454
Q1527,P150,Q486313
Q1527,P150,Q486207
Q1527,P150,Q486305
Q1527,P150,Q486261
Q1527,P150,Q491178
Q1527,P150,Q491243
Q1527,P150,Q491288
Q1527,P150,Q490446
Q1527,P150,Q491152
Q1527,P150,Q842938
Q1527,P150,Q486248
Q1527,P150,Q284439
Q1527,P150,Q497984
Q1527,P150,Q490432
Q1527,P150,Q491214
Q1527,P150,Q491272
Q1527,P150,Q490450
Q1527,P150,Q497482
Q1527,P150,Q490409
Q1527,P150,Q491196
Q1527,P150,Q486265
Q1527,P150,Q485656
Q1527,P150,Q180785
Q1527,P150,Q491173
Q1527,P150,Q485509
Q1527,P150,Q486191
Q1527,P150,Q372648
Q1527,P150,Q486301
Q1527,P150,Q491201
Q1527,P150,Q490436
Q1527,P150,Q485430
Q1527,P150,Q188275
Q1527,P150,Q490423
Q1527,P150,Q491170
Q1527,P150,Q491208
Q1527,P150,Q111549
Q1527,P150,Q491256
Q1527,P150,Q490427
Q1527,P150,Q491184
Q1527,P150,Q491148
Q1527,P150,Q487686
Q1527,P150,Q490443
Q1527,P150,Q490420
Q1527,P150,Q485370
Q1527,P150,Q491160
Q1527,P150,Q485412
Q1527,P150,Q491157
Q1527,P150,Q490652
Q1527,P150,Q485408
Q1527,P150,Q491292
Q1527,P150,Q491229
Q1527,P150,Q491281
Q1527,P150,Q490390
Q1527,P150,Q490414
Q1527,P206,Q1066
Q1527,P206,Q1497
Q1527,P206,Q1507416
Q1527,P206,Q156006
Q1527,P206,Q1136502
Q1527,P206,Q845876
Q1527,P206,Q2128582
Q1527,P1424,Q10402047
Q1527,P2633,Q5535193
Q1527,P6,Q2434360
Q1527,P610,Q252204
Q1527,P1589,Q1066
Q1527,P2184,Q2984061
Q1527,P361,Q186545
Q1527,P361,Q578170
Q1527,P1546,Q6456020
Q1527,P5125,Q16147684
Q1527,P457,Q6868198
Q1527,P209,Q2113741
Q1527,P208,Q41500875
Q1527,P1365,Q1530285
Q1527,P1830,Q6588176
Q1527,P2936,Q33385
Q1527,P2936,Q530384
Q1527,P2936,Q2963878
Q1527,P7867,Q83987654
Q1527,P418,Q2102966
Q1527,P8744,Q5333724
Q34284,P910,Q8302598
Q34284,P279,Q83267
Q34284,P279,Q325980
Q34284,P1343,Q2657718
Q34284,P2283,Q707125
Q189720,P279,Q214609
Q189720,P279,Q911922
Q189720,P910,Q6505606
Q189720,P1552,Q1075
Q189720,P1343,Q2657718
Q189720,P1441,Q2385
Q189720,P366,Q1164991
Q189720,P31,Q100434640
Q5374415,P31,Q4167410
Q185030,P1343,Q2657718
Q185030,P1343,Q5217764
Q185030,P279,Q5
Q185030,P5869,Q762
Q185030,P5869,Q37767
Q185030,P5869,Q255
Q185030,P1889,Q34740
Q131138,P279,Q35874
Q131138,P31,Q223393
Q131138,P910,Q7210507
Q131138,P1343,Q2041543
Q105674,P279,Q2535935
Q105674,P279,Q349
Q105674,P279,Q219067
Q105674,P361,Q2997362
Q105674,P910,Q7013901
Q105674,P641,Q542
Q105674,P1343,Q2657718
Q105674,P1343,Q602358
Q105674,P1889,Q3694569
Q105674,P1889,Q816261
Q105674,P1889,Q21467672
Q105674,P1889,Q623273
Q105674,P3095,Q14616728
Q105674,P5125,Q7112719
Q105674,P31,Q2312410
Q105674,P5008,Q99671171
Q400787,P31,Q4167410
Q513420,P279,Q1079196
Q513420,P279,Q23090506
Q513420,P31,Q4485156
Q513420,P461,Q42282532
Q513420,P1382,Q7318317
Q124695,P279,Q79529
Q124695,P910,Q6204580
Q124695,P1343,Q2657718
Q124695,P1343,Q602358
Q124695,P1343,Q4086271
Q124695,P1343,Q30059240
Q124695,P1343,Q602358
Q124695,P31,Q41014950
Q124695,P31,Q56256173
Q124695,P361,Q21101220
Q124695,P361,Q22283411
Q124695,P1552,Q2276012
Q124695,P1552,Q898401
Q124695,P366,Q12888135
Q124695,P366,Q1428312
Q124695,P366,Q323840
Q124695,P366,Q131207
Q124695,P5008,Q99671171
Q411205,P31,Q4167410
Q23064,P17,Q145
Q23064,P131,Q47967
Q23064,P131,Q21
Q23064,P910,Q7214205
Q23064,P31,Q180673
Q23064,P1464,Q8078971
Q23064,P1465,Q9678915
Q23064,P1740,Q8458059
Q23064,P1792,Q7116035
Q23064,P47,Q23099
Q23064,P47,Q23103
Q23064,P47,Q23098
Q23064,P47,Q23105
Q23064,P47,Q1067984
Q23064,P47,Q23100
Q23064,P1343,Q19180675
Q23064,P1343,Q602358
Q23064,P1343,Q3181656
Q23064,P1343,Q4532138
Q23064,P1791,Q8328541
Q23064,P150,Q1070590
Q23064,P150,Q1070591
Q23064,P150,Q376141
Q23064,P150,Q894095
Q23064,P7867,Q83986549
Q23064,P1889,Q67287495
Q23064,P36,Q170263
Q23064,P7959,Q67287495
Q23064,P8744,Q5333651
Q6725132,P31,Q4830453
Q6725132,P452,Q880371
Q6725132,P112,Q6755451
Q6725132,P112,Q368829
Q6725132,P156,Q234946
Q52946,P910,Q7013403
Q52946,P1889,Q10485156
Q52946,P461,Q9510
Q52946,P279,Q11024
Q52946,P279,Q4127956
Q52946,P2079,Q170475
Q52946,P366,Q11024
Q52946,P121,Q712819
Q52946,P527,Q25481968
Q52946,P1343,Q4532138
Q52946,P1382,Q26254018
Q52946,P460,Q20680322
Q3257809,P31,Q1075
Q3257809,P31,Q56053097
Q3257809,P279,Q3142
Q3257809,P279,Q1088
Q3257809,P910,Q20965123
Q82014,P105,Q34740
Q82014,P427,Q515610
Q82014,P171,Q155966
Q82014,P31,Q16521
Q82014,P910,Q8563893
Q82014,P4000,Q13184
Q82014,P1889,Q663437
Q11376,P61,Q379219
Q11376,P910,Q8219476
Q11376,P2959,Q22827994
Q11376,P1343,Q26711932
Q11376,P1343,Q602358
Q11376,P1343,Q90137277
Q11376,P5008,Q5460604
Q11376,P156,Q497332
Q11376,P155,Q11465
Q11376,P279,Q107715
Q11376,P279,Q30337763
Q11376,P279,Q2672914
Q11376,P4934,Q11465
Q11376,P4934,Q2199864
Q11376,P8111,Q1051665
Q100741404,P31,Q4167410
Q100741404,P1889,Q100741383
Q4421,P527,Q10884
Q4421,P279,Q37813
Q4421,P279,Q2083910
Q4421,P279,Q101998
Q4421,P279,Q184806
Q4421,P910,Q8465878
Q4421,P910,Q9738996
Q4421,P1424,Q10810677
Q4421,P1889,Q3241565
Q4421,P1889,Q938229
Q4421,P5008,Q5460604
Q4421,P5869,Q192666
Q4421,P5869,Q1502633
Q4421,P5869,Q177567
Q4421,P2579,Q19924411
Q4421,P1343,Q602358
Q4421,P1343,Q4086271
Q54050,P910,Q7214337
Q54050,P1343,Q2657718
Q54050,P1343,Q1983974
Q54050,P460,Q28792430
Q54050,P527,Q944588
Q54050,P527,Q207326
Q54050,P279,Q17334923
Q54050,P279,Q271669
Q496,P279,Q103907951
Q496,P279,Q185557
Q496,P279,Q1383944
Q496,P910,Q6935647
Q496,P1343,Q2041543
Q496,P1343,Q1768721
Q496,P1889,Q742139
Q496,P1889,Q3174392
Q496,P2849,Q11829360
Q496,P366,Q185716
Q496,P366,Q5309573
Q496,P31,Q103907369
Q20811862,P31,Q4167410
Q403450,P31,Q4167410
Q403450,P1889,Q16865428
Q403450,P1889,Q3661993
Q294353,P31,Q4167410
Q294353,P1889,Q36924628
Q2671025,P31,Q4167410
Q2671025,P1889,Q3246457
Q2671025,P1889,Q16827776
Q3699769,P31,Q4167410
Q13365548,P279,Q210521
Q13365548,P1889,Q55804
Q13365548,P31,Q4373292
Q1401706,P279,Q202875
Q1401706,P910,Q8289886
Q415223,P31,Q4167410
Q415223,P1889,Q28737385
Q415223,P1889,Q64799927
Q27058,P910,Q8257729
Q27058,P31,Q663208
Q27058,P2579,Q774123
Q27058,P1889,Q187631
Q27058,P460,Q37113960
Q27058,P1343,Q4532138
Q27058,P279,Q1376876
Q345143,P31,Q4167410
Q345143,P1889,Q21506816
Q345143,P1889,Q826719
Q283102,P155,Q168182
Q283102,P461,Q7722
Q283102,P361,Q573
Q283102,P156,Q7725
Q283102,P31,Q1260524
Q46970,P279,Q1875615
Q46970,P452,Q1875606
Q46970,P1963,P114
Q46970,P1963,P230
Q46970,P1963,P229
Q46970,P1963,P432
Q46970,P1963,P113
Q46970,P1963,P17
Q46970,P910,Q7158231
Q46970,P1424,Q5621344
Q46970,P5869,Q208033
Q46970,P5869,Q8766
Q46970,P6186,Q7780776
Q293511,P31,Q4167410
Q257102,P31,Q4167410
Q257102,P1889,Q16933751
Q257102,P1889,Q218091
Q257102,P460,Q7389544
Q223912,P31,Q4167410
Q223912,P1889,Q1045829
Q223912,P1889,Q16101731
Q2796766,P31,Q55983715
Q2796766,P910,Q15100114
Q2796766,P1424,Q20318318
Q2796766,P279,Q152
Q2796766,P1552,Q7405556
Q483196,P31,Q4167410
Q910443,P31,Q4167410
Q910443,P1889,Q21287042
Q910443,P1889,Q37296800
Q910443,P460,Q910664
Q129211,P279,Q987767
Q129211,P279,Q56055115
Q129211,P1343,Q602358
Q129211,P1343,Q1768721
Q226427,P31,Q4167410
Q226427,P1889,Q20020127
Q226427,P1889,Q2667762
Q226427,P460,Q148597
Q1572519,P31,Q4167410
Q247153,P31,Q4167410
Q247153,P1889,Q16870277
Q247153,P910,Q39416780
Q5611035,P31,Q4167410
Q423789,P1889,Q16870768
Q423789,P1889,Q12809960
Q423789,P1889,Q3135069
Q423789,P1889,Q64785050
Q423789,P1889,Q2632769
Q423789,P460,Q11222530
Q423789,P460,Q47170096
Q423789,P460,Q64784938
Q423789,P460,Q64784998
Q423789,P460,Q98668840
Q423789,P31,Q4167410
Q770480,P910,Q8569740
Q770480,P461,Q5167661
Q770480,P828,Q160232
Q770480,P828,Q169207
Q770480,P31,Q151885
Q770480,P279,Q3796713
Q770480,P279,Q47002783
Q770480,P1382,Q47002783
Q770480,P1889,Q20383122
Q2800597,P31,Q4167410
Q2800597,P1889,Q37286933
Q1209526,P279,Q15982595
Q1209526,P31,Q28640
Q626225,P279,Q1145523
Q626225,P2579,Q97008347
Q28208815,P279,Q54460941
Q49845,P31,Q268592
Q49845,P910,Q7215680
Q49845,P1343,Q19180675
Q49845,P1343,Q602358
Q49845,P279,Q7590
Q49845,P1424,Q14468215
Q49845,P17,Q38
Q49845,P2184,Q2966971
Q49845,P2184,Q81517295
Q49845,P2579,Q1516929
Q350,P17,Q145
Q350,P17,Q161885
Q350,P17,Q179876
Q350,P17,Q174193
Q350,P31,Q1187811
Q350,P31,Q515
Q350,P31,Q1357964
Q350,P31,Q1549591
Q350,P131,Q21713103
Q350,P190,Q2966
Q350,P190,Q81581
Q350,P190,Q49111
Q350,P910,Q8918347
Q350,P1464,Q9223834
Q350,P1465,Q9217862
Q350,P1792,Q7117958
Q350,P47,Q1779149
Q350,P421,Q6574
Q350,P421,Q6655
Q350,P1376,Q21713103
Q350,P1376,Q23112
Q350,P1376,Q48006
Q350,P1376,Q30612390
Q350,P1791,Q8328535
Q350,P194,Q5025388
Q350,P282,Q8229
Q350,P1343,Q4173137
Q350,P1343,Q3181656
Q350,P7867,Q82327266
Q350,P7959,Q30612390
Q1218374,P31,Q4167410
Q1218374,P1889,Q21491162
Q2045138,P1533,Q17984062
Q2045138,P460,Q4925623
Q2045138,P460,Q15731728
Q2045138,P460,Q2045089
Q2045138,P460,Q15731774
Q2045138,P460,Q429542
Q2045138,P460,Q1242655
Q2045138,P460,Q2064754
Q2045138,P460,Q2064096
Q2045138,P460,Q1500197
Q2045138,P460,Q2106710
Q2045138,P460,Q2065177
Q2045138,P460,Q2063876
Q2045138,P460,Q1521055
Q2045138,P460,Q15732803
Q2045138,P460,Q15732792
Q2045138,P460,Q18385147
Q2045138,P460,Q7155959
Q2045138,P460,Q21552890
Q2045138,P460,Q19816823
Q2045138,P460,Q18760931
Q2045138,P460,Q24068557
Q2045138,P460,Q7235882
Q2045138,P460,Q61989189
Q2045138,P31,Q12308941
Q2045138,P407,Q1321
Q2045138,P407,Q7411
Q2045138,P1889,Q15732746
Q2045138,P282,Q8229
Q2045138,P5323,Q21644845
Q2045138,P1560,Q847179
Q2045138,P1560,Q55457384
Q7241053,P31,Q4167410
Q4440948,P31,Q4167410
Q227522,P31,Q4167410
Q227522,P1889,Q15681376
Q227522,P1889,Q37241266
Q5462624,P31,Q4167410
Q8492,P279,Q40050
Q8492,P279,Q25403900
Q8492,P279,Q11550473
Q8492,P910,Q7063319
Q8492,P2079,Q6305202
Q8492,P1343,Q2657718
Q8492,P1343,Q2945944
Q8492,P527,Q3314483
Q8492,P527,Q11004
Q8492,P31,Q11435
Q8492,P5008,Q5460604
Q8492,P1889,Q8075257
Q8492,P1889,Q56315607
Q8492,P1889,Q1989786
Q25236,P31,Q10387689
Q25236,P31,Q68618328
Q25236,P31,Q69197847
Q25236,P31,Q82047057
Q25236,P31,Q208469
Q25236,P111,Q1253356
Q25236,P111,Q25342
Q25236,P460,Q92711514
Q25236,P138,Q9041
Q25236,P1343,Q2041543
Q25236,P1343,Q602358
Q25236,P144,Q25269
Q25236,P144,Q11574
Q25236,P1889,Q228054
Q25236,P1889,Q27428
Q37828,P279,Q12269769
Q37828,P910,Q20819335
Q37828,P1343,Q2657718
Q37828,P366,Q747713
Q37828,P366,Q11702361
Q37828,P2283,Q266790
Q37828,P461,Q15951606
Q37828,P1889,Q3667020
Q37828,P1889,Q1572702
Q37828,P1365,Q253893
Q1163900,P361,Q5295
Q2794488,P279,Q214609
Q2794488,P366,Q47415676
Q2794488,P366,Q52161601
Q851989,P279,Q3249551
Q851989,P279,Q638608
Q851989,P279,Q1150070
Q851989,P460,Q5677157
Q851989,P3712,Q2175596
Q851989,P3712,Q749647
Q851989,P3712,Q3080428
Q851989,P1056,Q89292899
Q9338833,P31,Q4167410
Q293462,P31,Q4167410
Q293462,P1889,Q2165388
Q293462,P1889,Q37439276
Q293462,P1889,Q2748386
Q5276242,P495,Q145
Q5276242,P31,Q41298
Q5276242,P407,Q1860
Q5276242,P136,Q69662460
Q43229,P910,Q5613113
Q43229,P279,Q24229398
Q43229,P279,Q16334295
Q43229,P1963,P571
Q43229,P1963,P159
Q43229,P1963,P856
Q43229,P1963,P1454
Q43229,P1963,P355
Q43229,P1963,P749
Q43229,P1963,P169
Q43229,P1963,P112
Q43229,P1963,P740
Q43229,P1963,P1278
Q43229,P1963,P154
Q43229,P1963,P463
Q43229,P1963,P527
Q43229,P1963,P1128
Q43229,P1963,P1830
Q43229,P1963,P17
Q43229,P1963,P2541
Q43229,P1963,P1705
Q43229,P1963,P2391
Q43229,P1963,P213
Q43229,P1963,P3500
Q43229,P1963,P1056
Q43229,P1963,P452
Q43229,P1963,P807
Q43229,P1963,P1297
Q43229,P1963,P1320
Q43229,P1963,P1789
Q43229,P1963,P1961
Q43229,P1963,P1546
Q43229,P1963,P1616
Q43229,P1963,P1662
Q43229,P1963,P2088
Q43229,P1963,P2189
Q43229,P1963,P2657
Q43229,P1963,P2740
Q43229,P1963,P2813
Q43229,P1963,P3163
Q43229,P1963,P3215
Q43229,P1963,P3220
Q43229,P1963,P3273
Q43229,P1963,P2388
Q43229,P1963,P3393
Q43229,P1963,P3534
Q43229,P1963,P3549
Q43229,P1963,P3642
Q43229,P1963,P3797
Q43229,P1963,P3914
Q43229,P1963,P4090
Q43229,P1963,P131
Q43229,P1963,P2900
Q43229,P1963,P1329
Q43229,P1963,P4290
Q43229,P1424,Q6190581
Q43229,P1424,Q57971242
Q43229,P1424,Q26117813
Q43229,P1424,Q6688962
Q43229,P6186,Q8103926
Q43229,P1552,Q759524
Q43229,P1552,Q730573
Q43229,P1552,Q852998
Q43229,P1552,Q53281408
Q43229,P1552,Q19483216
Q43229,P1552,Q3535173
Q43229,P1552,Q17197366
Q43229,P1552,Q2727939
Q43229,P1552,Q1430172
Q43229,P1552,Q25048163
Q43229,P1552,Q1937189
Q43229,P1552,Q3738275
Q43229,P1552,Q7102013
Q43229,P1687,P1268
Q43229,P527,Q10756188
Q43229,P1889,Q36993249
Q43229,P1889,Q5613113
Q298745,P31,Q4167410
Q298745,P460,Q28801265
Q7088898,P31,Q7397
Q7088898,P178,Q14647
Q7088898,P306,Q14646
Q7088898,P366,Q1393965
Q185992,P910,Q8645559
Q185992,P31,Q28640
Q185992,P31,Q3320743
Q185992,P279,Q15995642
Q185992,P279,Q2135469
Q185992,P140,Q432
Q185992,P1424,Q66531913
Q185992,P1343,Q19190511
Q438972,P31,Q4167410
Q284297,P31,Q506883
Q284297,P31,Q1071233
Q284297,P277,Q15777
Q284297,P178,Q7788970
Q284297,P306,Q14656
Q284297,P910,Q55292374
Q284297,P4969,Q290098
Q284297,P275,Q18526202
Q284297,P275,Q5773924
Q4430621,P31,Q4167410
Q14360337,P31,Q4167410
Q18340752,P31,Q101352
Q18340752,P1889,Q1247037
Q18340752,P407,Q7411
Q18340752,P282,Q8229
Q18340752,P17,Q55
Q183545,P31,Q4167410
Q1295,P17,Q183
Q1295,P17,Q713750
Q1295,P17,Q2415901
Q1295,P17,Q7318
Q1295,P17,Q41304
Q1295,P17,Q43287
Q1295,P31,Q22865
Q1295,P31,Q1549591
Q1295,P31,Q253030
Q1295,P31,Q707813
Q1295,P31,Q42744322
Q1295,P31,Q85635630
Q1295,P131,Q7924
Q1295,P30,Q5401
Q1295,P361,Q49849
Q1295,P361,Q164903
Q1295,P47,Q2871
Q1295,P47,Q2103
Q1295,P47,Q6214
Q1295,P47,Q6163
Q1295,P47,Q11280
Q1295,P47,Q3764
Q1295,P47,Q3822
Q1295,P47,Q3898
Q1295,P47,Q3949
Q1295,P47,Q6863
Q1295,P47,Q7028
Q1295,P47,Q10941
Q1295,P47,Q11337
Q1295,P47,Q161575
Q1295,P150,Q2326757
Q1295,P150,Q2326748
Q1295,P150,Q2326752
Q1295,P150,Q989822
Q1295,P150,Q2326759
Q1295,P150,Q2326741
Q1295,P150,Q1168004
Q1295,P150,Q2024532
Q1295,P150,Q1250639
Q1295,P150,Q1554715
Q1295,P150,Q2326745
Q1295,P150,Q1369141
Q1295,P190,Q41604
Q1295,P190,Q40435
Q1295,P190,Q39121
Q1295,P190,Q192225
Q1295,P190,Q55630
Q1295,P190,Q908
Q1295,P190,Q5826
Q1295,P190,Q3778
Q1295,P190,Q774015
Q1295,P190,Q45301
Q1295,P190,Q217411
Q1295,P421,Q6655
Q1295,P421,Q6723
Q1295,P6,Q2428112
Q1295,P6,Q2475279
Q1295,P6,Q1316548
Q1295,P6,Q106321
Q1295,P910,Q7931049
Q1295,P1464,Q8052818
Q1295,P1465,Q9218262
Q1295,P1792,Q7115066
Q1295,P1376,Q1270636
Q1295,P706,Q8614
Q1295,P706,Q151993
Q1295,P706,Q462011
Q1295,P706,Q504922
Q1295,P706,Q1664
Q1295,P706,Q702695
Q1295,P706,Q143589
Q1295,P706,Q266184
Q1295,P706,Q774124
Q1295,P706,Q2171304
Q1295,P706,Q1796612
Q1295,P706,Q17591113
Q1295,P706,Q450078
Q1295,P706,Q2088467
Q1295,P610,Q1776635
Q1295,P463,Q448199
Q1295,P463,Q2175142
Q1295,P463,Q1339664
Q1295,P463,Q1827507
Q1295,P463,Q627637
Q1295,P463,Q1768108
Q1295,P463,Q747279
Q1295,P463,Q52144567
Q1295,P463,Q896216
Q1295,P2872,Q27971633
Q1295,P485,Q19900491
Q1295,P206,Q1664
Q1295,P206,Q504922
Q1295,P7867,Q84054593
Q1295,P1343,Q3181656
Q1295,P8744,Q100868265
Q1940713,P279,Q2727468
Q346803,P31,Q4167410
Q20748783,P31,Q235557
Q20748783,P366,Q300867
Q351781,P31,Q4167410
Q351781,P1889,Q22342928
Q351781,P1889,Q37245649
Q17200001,P1542,Q692096
Q17200001,P361,Q2649476
Q17200001,P361,Q7406919
Q17200001,P279,Q7406919
Q17200001,P279,Q1914636
Q830,P910,Q7138082
Q830,P31,Q55983715
Q830,P1672,Q192628
Q830,P1672,Q10988133
Q830,P1672,Q12492880
Q830,P1672,Q10498626
Q830,P279,Q57814795
Q830,P1343,Q20961706
Q830,P460,Q11748378
Q830,P2959,Q24025129
Q830,P1034,Q43238
Q830,P5008,Q5460604
Q830,P1889,Q11748378
Q253985,P31,Q4167410
Q253985,P1889,Q16870566
Q339084,P279,Q2858615
Q339084,P279,Q362200
Q339084,P910,Q32123657
Q2201432,P31,Q22808320
Q2201432,P1889,Q588700
Q2201432,P1889,Q15727111
Q2201432,P460,Q255073
Q2064612,P31,Q28168011
Q2064612,P178,Q14647
Q2064612,P306,Q14646
Q2064612,P366,Q178481
Q237993,P105,Q34740
Q237993,P171,Q4979192
Q237993,P31,Q16521
Q237993,P910,Q9437541
Q524778,P31,Q4164871
Q524778,P2389,Q55657615
Q524778,P279,Q1328323
Q524778,P279,Q4164871
Q12770238,P31,Q4167410
Q12770238,P1889,Q37436664
Q12770238,P460,Q225433
Q55688698,P31,Q4167410
Q1070408,P279,Q219320
Q1070408,P527,Q56303787
Q1070408,P527,Q56303789
Q1070408,P527,Q56303791
Q409234,P31,Q4167410
Q207333,P460,Q18122260
Q207333,P910,Q8521929
Q207333,P1269,Q9465
Q207333,P461,Q26001337
Q218079,P31,Q4167410
Q218079,P1889,Q16871796
Q2449174,P31,Q4167410
Q1138950,P31,Q4167410
Q1138950,P1889,Q37434843
Q261268,P31,Q4167410
Q15080920,P279,Q215536
Q15080920,P31,Q12737077
Q355836,P31,Q4167410
Q1210451,P31,Q4167410
Q1210451,P1889,Q37563177
Q788590,P1889,Q212108
Q788590,P1343,Q20078554
Q788590,P1269,Q2526135
Q788590,P1269,Q174834
Q788590,P279,Q3249551
Q788590,P279,Q3630827
Q788590,P361,Q228502
Q245068,P425,Q40831
Q245068,P279,Q713200
Q245068,P279,Q33999
Q245068,P279,Q483501
Q245068,P910,Q6997921
Q245068,P1889,Q12406482
Q245068,P6186,Q58214215
Q245068,P1424,Q6252807
Q245068,P31,Q12737077
Q245068,P31,Q28640
Q245068,P1269,Q35874
Q245068,P1269,Q128758
Q245068,P1269,Q170579
Q245068,P1269,Q12142650
Q245068,P2354,Q3070114
Q178481,P178,Q1778572
Q178481,P178,Q92972
Q178481,P31,Q506883
Q178481,P31,Q15077416
Q178481,P31,Q241317
Q178481,P910,Q7214995
Q178481,P306,Q14656
Q178481,P275,Q334661
Q178481,P138,Q3270996
Q178481,P4969,Q3570874
Q178481,P6216,Q50423863
Q178481,P1365,Q3270996
Q7113880,P31,Q4167410
Q3291944,P279,Q1190554
Q3291944,P279,Q628523
Q3291944,P361,Q80993
Q3291944,P361,Q80006
Q3291944,P828,Q118470
Q3291944,P31,Q66747126
Q2870171,P31,Q4167410
Q483921,P1343,Q2657718
Q483921,P1343,Q2041543
Q483921,P460,Q11830256
Q483921,P279,Q2996394
Q483921,P279,Q1211967
Q483921,P279,Q813912
Q483921,P279,Q4026292
Q483921,P461,Q4864574
Q483921,P1536,Q23072093
Q483921,P1889,Q226073
Q483921,P910,Q6483009
Q299600,P31,Q4167410
Q709031,P31,Q18343316
Q709031,P361,Q1348204
Q709031,P4810,Q47517764
Q709031,P4810,Q47517765
Q709031,P4810,Q47517768
Q709031,P4810,Q47517769
Q709031,P4810,Q47517774
Q876057,P279,Q7397
Q876057,P1269,Q9135
Q847805,P31,Q4167410
Q330946,P361,Q32489
Q330946,P361,Q13422881
Q330946,P361,Q204260
Q330946,P361,Q12791
Q330946,P361,Q15407649
Q330946,P279,Q66310125
Q330946,P461,Q17504947
Q1178810,P31,Q4167410
Q1178810,P1343,Q2657718
Q181487,P31,Q64588497
Q181487,P279,Q10843872
Q181487,P279,Q1379672
Q181487,P361,Q189447
Q181487,P3712,Q65089289
Q212108,P361,Q472302
Q212108,P1889,Q788590
Q212108,P1269,Q2526135
Q212108,P910,Q25326228
Q212108,P1424,Q6705037
Q212108,P366,Q21074933
Q212108,P279,Q1632136
Q1035899,P31,Q4167410
Q1727518,P31,Q4167410
Q1727518,P1889,Q37504526
Q1727518,P1889,Q11033
Q102066,P910,Q7014749
Q102066,P279,Q9081
Q102066,P279,Q205961
Q102066,P1343,Q2657718
Q102066,P1343,Q19190511
Q284029,P31,Q18343316
Q284029,P921,Q400857
Q284029,P361,Q1348204
Q284029,P4810,Q47517764
Q284029,P4810,Q47517765
Q284029,P4810,Q47517768
Q284029,P4810,Q47517769
Q284029,P4810,Q47517774
Q284029,P4810,Q817775
Q261277,P31,Q4167410
Q2301597,P31,Q63254493
Q2301597,P360,Q81647906
Q2301597,P641,Q80131
Q2301597,P1754,Q8767758
Q363874,P31,Q4167410
Q6733720,P31,Q12308941
Q6733720,P282,Q8229
Q6733720,P1533,Q37243073
Q146744,P31,Q11197007
Q146744,P910,Q17484418
Q146744,P1343,Q19180675
Q146744,P1343,Q602358
Q146744,P1343,Q2657718
Q146744,P1343,Q3181656
Q146744,P279,Q63361041
Q146744,P140,Q66711947
Q633192,P279,Q11368
Q633192,P910,Q8853488
Q633192,P31,Q9135
Q633192,P178,Q2843047
Q1124860,P910,Q7719012
Q1124860,P361,Q29627
Q1124860,P1343,Q2657718
Q1124860,P279,Q8187769
Q1124860,P1889,Q3035707
Q1124860,P1889,Q707482
Q1124860,P1687,P1028
Q1124860,P1687,P8093
Q1124860,P31,Q815823
Q41374,P31,Q23847174
Q41374,P279,Q286583
Q41374,P1687,P3701
Q50099392,P31,Q4167410
Q15725800,P31,Q4167410
Q192425,P910,Q9087234
Q192425,P279,Q1493772
Q192425,P279,Q2106340
Q192425,P279,Q17537576
Q192425,P279,Q28877
Q192425,P279,Q49848
Q192425,P1343,Q29551022
Q192425,P366,Q133492
Q192425,P366,Q212469
Q192425,P1889,Q4281973
Q192425,P6379,Q2042754
Q192425,P6379,Q2191118
Q192425,P31,Q49845
Q192425,P452,Q49845
Q192425,P527,Q1566015
Q11878157,P31,Q12308941
Q11878157,P31,Q101352
Q11878157,P1750,Q2688
Q11878157,P1750,Q2520
Q11878157,P460,Q20000022
Q11878157,P460,Q26772821
Q11878157,P460,Q24068416
Q11878157,P460,Q1096462
Q11878157,P460,Q1662371
Q11878157,P460,Q3587713
Q11878157,P460,Q18810374
Q11878157,P460,Q20730287
Q11878157,P460,Q16947019
Q11878157,P460,Q179033
Q11878157,P460,Q19688614
Q11878157,P460,Q19688405
Q11878157,P460,Q21069162
Q11878157,P460,Q1620786
Q11878157,P460,Q19827682
Q11878157,P460,Q5488330
Q11878157,P460,Q31440338
Q11878157,P460,Q52153998
Q11878157,P1889,Q1175850
Q11878157,P1533,Q26772804
Q11878157,P361,Q1620786
Q11878157,P282,Q8229
Q11878157,P1560,Q30079701
Q11878157,P407,Q1412
Q11878157,P407,Q7411
Q11878157,P407,Q188
Q11878157,P407,Q9027
Q11878157,P407,Q9043
Q11878157,P5323,Q21644845
Q11878157,P5323,Q21142040
Q11878157,P1343,Q151
Q11878157,P2976,Q21451044
Q5636252,P31,Q4167410
Q7542557,P31,Q341
Q7542557,P31,Q859477
Q7542557,P275,Q7603
Q27429773,P31,Q101352
Q27429773,P1889,Q303313
Q27429773,P460,Q18808940
Q27429773,P282,Q8229
Q2445265,P31,Q4022
Q2445265,P30,Q48
Q2445265,P17,Q232
Q16775580,P31,Q4167410
Q20026,P910,Q17336187
Q20026,P279,Q178
Q20026,P279,Q27555297
Q20026,P17,Q38
Q20026,P495,Q38
Q20026,P527,Q95370124
Q20026,P31,Q2625877
Q20026,P2012,Q192786
Q43290,P31,Q179461
Q43290,P910,Q8828646
Q43290,P1343,Q4173137
Q43290,P1343,Q19180675
Q43290,P1343,Q602358
Q43290,P361,Q9268
Q43290,P527,Q2747862
Q43290,P527,Q387422
Q43290,P747,Q7768064
Q43290,P747,Q7647328
Q43290,P144,Q83367
Q43290,P4969,Q5103831
Q43290,P4969,Q201029
Q43290,P4969,Q2066533
Q43290,P4969,Q12406659
Q43290,P4969,Q12406664
Q43290,P4969,Q12410152
Q43290,P4969,Q2533443
Q43290,P4969,Q822206
Q43290,P4969,Q4518078
Q43290,P4969,Q58652618
Q43290,P4969,Q23498022
Q43290,P4969,Q2703131
Q43290,P50,Q4233718
Q7544371,P31,Q35127
Q7544371,P404,Q6895044
Q7544371,P400,Q1406
Q7544371,P479,Q250
Q7544371,P17,Q183
Q1208460,P31,Q9135
Q1208460,P178,Q14647
Q1208460,P400,Q273190
Q1208460,P1414,Q3430495
Q1208460,P144,Q11368
Q1208460,P275,Q3238057
Q5251669,P31,Q4167410
Q5251669,P1889,Q37004845
Q5439570,P31,Q4167410
Q5611828,P31,Q4167410
Q229125,P31,Q4167410
Q229125,P460,Q16276673
Q2005914,P1269,Q1077724
Q788590,P1889,Q212108
Q788590,P1343,Q20078554
Q788590,P1269,Q2526135
Q788590,P1269,Q174834
Q788590,P279,Q3249551
Q788590,P279,Q3630827
Q788590,P361,Q228502
Q403422,P31,Q4167410
Q403422,P1889,Q16479849
Q253452,P31,Q4167410
Q253452,P1889,Q14915265
Q218689,P31,Q4167410
Q218689,P1889,Q6925889
Q1076228,P31,Q4167410
Q1076228,P1889,Q37273286
Q5134759,P31,Q131436
Q232939,P31,Q4167410
Q5187305,P31,Q4167410
Q5187305,P1889,Q37486097
Q408266,P31,Q4167410
Q255708,P31,Q4167410
Q255708,P1889,Q396202
Q255708,P1889,Q30669570
Q255708,P1889,Q30669986
Q255708,P1889,Q11862895
Q213449,P279,Q1663054
Q213449,P910,Q6294036
Q213449,P366,Q208195
Q213449,P366,Q103191
Q213449,P366,Q2138622
Q213449,P460,Q12203305
Q213449,P2283,Q2095
Q213449,P2283,Q9649
Q213449,P461,Q185557
Q213449,P276,Q43164
Q213449,P276,Q11707
Q213449,P276,Q661199
Q213449,P276,Q628858
Q213449,P1889,Q3239189
Q213449,P155,Q38695
Q213449,P155,Q36963
Q213449,P155,Q16920758
Q213449,P1542,Q1562684
Q213449,P828,Q165947
Q213449,P31,Q1914636
Q213449,P3095,Q20984678
Q1073408,P279,Q853614
Q1073408,P1269,Q10336440
Q235526,P31,Q4167410
Q235526,P1889,Q37537523
Q415370,P31,Q4167410
Q415370,P1889,Q37528047
Q838191,P180,Q278368
Q838191,P31,Q1969448
Q838191,P31,Q545779
Q838191,P31,Q43747
Q842402,P361,Q9089
Q842402,P910,Q7479566
Q842402,P279,Q44539
Q447063,P31,Q4167410
Q7090216,P31,Q4167410
Q194152,P279,Q3249551
Q194152,P910,Q7013893
Q194152,P2738,Q23766486
Q194152,P2579,Q30642
Q194152,P2579,Q21198
Q918333,P279,Q40056
Q398779,P31,Q4167410
Q398779,P1889,Q36883905
Q305928,P31,Q18343316
Q305928,P361,Q1348204
Q305928,P4810,Q47517764
Q305928,P4810,Q47517765
Q305928,P4810,Q47517769
Q305928,P4810,Q47517774
Q305928,P4810,Q47517783
Q1603129,P31,Q4167410
Q300839,P31,Q18343316
Q300839,P31,Q877886
Q300839,P4810,Q47517764
Q300839,P4810,Q47517765
Q300839,P4810,Q47517768
Q300839,P4810,Q47517769
Q300839,P4810,Q47517773
Q300839,P4810,Q47517774
Q300839,P4810,Q47517789
Q300839,P4969,Q305976
Q27792667,P31,Q4167410
Q405934,P31,Q4167410
Q1070408,P279,Q219320
Q1070408,P527,Q56303787
Q1070408,P527,Q56303789
Q1070408,P527,Q56303791
Q506993,P31,Q4167410
Q653475,P279,Q15505266
Q653475,P361,Q178481
Q653475,P910,Q7933488
Q653475,P31,Q7397
Q4022246,P31,Q4167410
Q4022246,P1889,Q37443833
Q346330,P31,Q4167410
Q5130596,P31,Q4167410
Q16868672,P31,Q21278897
Q16868672,P279,Q192276
Q16868672,P279,Q66055
Q16868672,P1552,Q19750549
Q1640859,P61,Q1989594
Q1640859,P279,Q11177771
Q37122,P460,Q126916
Q37122,P460,Q3361501
Q37122,P21,Q6581072
Q37122,P31,Q205985
Q37122,P910,Q8273874
Q37122,P1049,Q855270
Q37122,P25,Q190565
Q37122,P25,Q58818193
Q37122,P22,Q34201
Q37122,P3373,Q2631851
Q37122,P40,Q37330653
Q37122,P551,Q80344
Q37122,P1343,Q20078554
Q37122,P1343,Q4263804
Q37122,P1343,Q1138524
Q37122,P1343,Q30059240
Q37122,P1343,Q602358
Q37122,P1343,Q4532135
Q37122,P1343,Q234535
Q37122,P1343,Q3181656
Q37122,P1343,Q602358
Q37122,P1343,Q602358
Q37122,P1343,Q19180675
Q37122,P4185,Q173603
Q37122,P4185,Q190662
Q37122,P4185,Q37083
Q37122,P4185,Q1161687
Q37122,P4185,Q8021345
Q37122,P2925,Q799
Q37122,P2925,Q198
Q37122,P2925,Q192296
Q37122,P2925,Q11642
Q37122,P2925,Q11451
Q37122,P263,Q80344
Q37122,P106,Q41863069
Q37122,P106,Q54200631
Q37122,P106,Q54200443
Q37122,P106,Q54200484
Q37122,P106,Q2239243
Q37122,P1441,Q35160
Q37122,P1441,Q8275
Q37122,P1441,Q672319
Q37122,P7047,Q41127
Q37122,P3828,Q425554
Q37122,P361,Q101609
Q665331,P31,Q27884930
Q665331,P31,Q3532816
Q665331,P361,Q199306
Q181749,P31,Q4167410
Q35517,P105,Q7432
Q35517,P141,Q211005
Q35517,P31,Q16521
Q35517,P171,Q10731891
Q35517,P1343,Q19180675
Q35517,P1343,Q602358
Q35517,P1343,Q2657718
Q35517,P910,Q7205165
Q35517,P5841,Q56084734
Q35517,P166,Q2432086
Q35517,P1889,Q2112320
Q35517,P1672,Q65234429
Q21509250,P31,Q101352
Q21509250,P1889,Q1685872
Q21509250,P282,Q8229
Q3266653,P31,Q529029
Q3266653,P31,Q341
Q3266653,P275,Q18491847
Q3266653,P277,Q187560
Q3266653,P366,Q529029
Q1641003,P31,Q4167410
Q1641003,P1889,Q20035769
Q1641003,P1889,Q20671144
Q1641003,P1889,Q37443098
Q1641003,P1889,Q100786461
Q1641003,P1889,Q100793215
Q1641003,P460,Q3611810
Q249583,P31,Q4167410
Q249583,P1889,Q19873191
Q249583,P1889,Q1158882
Q249583,P460,Q21013887
Q249583,P460,Q223999
Q2029863,P31,Q4167410
Q2029863,P1889,Q37461713
Q81895,P910,Q7503450
Q81895,P279,Q81944
Q81895,P279,Q154038
Q81895,P366,Q1663054
Q81895,P366,Q2826873
Q81895,P527,Q2230201
Q81895,P527,Q3007956
Q81895,P1343,Q1768721
Q7805204,P31,Q4167410
Q5004001,P31,Q4167410
Q5004001,P1889,Q30132464
Q5004001,P460,Q224286
Q2009740,P279,Q864114
Q2009740,P366,Q228502
Q1308658,P31,Q4167410
Q1308658,P1889,Q37201870
Q1463858,P279,Q3051190
Q1463858,P279,Q16514343
Q1463858,P31,Q4271324
Q4839604,P31,Q4167410
Q343915,P31,Q4167410
Q343915,P1889,Q682710
Q343915,P460,Q68090543
Q343915,P460,Q68090697
Q343915,P460,Q68090917
Q1039790,P31,Q4167410
Q1039790,P1889,Q37529937
Q937440,P279,Q1061584
Q937440,P5008,Q15304953
Q7537197,P17,Q408
Q7537197,P131,Q36074
Q10516659,P1343,Q678259
Q10516659,P279,Q208123
Q10516659,P31,Q15688633
Q10516659,P31,Q66472631
Q406559,P31,Q4167410
Q406559,P1889,Q3493149
Q406559,P1889,Q37100651
Q406559,P1889,Q96376020
Q7316284,P31,Q1192029
Q403484,P31,Q4167410
Q1050390,P31,Q190686
Q1050390,P279,Q1061927
Q1050390,P361,Q300914
Q2112,P190,Q207614
Q2112,P190,Q474605
Q2112,P190,Q990109
Q2112,P190,Q17393
Q2112,P190,Q167749
Q2112,P190,Q2235
Q2112,P190,Q598
Q2112,P190,Q1007634
Q2112,P17,Q183
Q2112,P17,Q1206012
Q2112,P17,Q713750
Q2112,P131,Q7923
Q2112,P421,Q6655
Q2112,P421,Q6723
Q2112,P910,Q8299342
Q2112,P31,Q22865
Q2112,P31,Q1549591
Q2112,P31,Q1187811
Q2112,P31,Q42744322
Q2112,P31,Q1964689
Q2112,P31,Q707813
Q2112,P31,Q85635630
Q2112,P1464,Q8046295
Q2112,P1465,Q15080547
Q2112,P47,Q6234
Q2112,P47,Q6230
Q2112,P47,Q6218
Q2112,P47,Q3771
Q2112,P47,Q225375
Q2112,P47,Q225432
Q2112,P47,Q242757
Q2112,P47,Q242385
Q2112,P47,Q4108
Q2112,P47,Q3971
Q2112,P47,Q53901
Q2112,P47,Q53904
Q2112,P47,Q32750
Q2112,P47,Q225002
Q2112,P1792,Q6957433
Q2112,P6,Q2097128
Q2112,P6,Q1278930
Q2112,P6,Q534246
Q2112,P6,Q1460066
Q2112,P6,Q1278930
Q2112,P706,Q677337
Q2112,P150,Q630083
Q2112,P150,Q884493
Q2112,P150,Q1490832
Q2112,P150,Q1593495
Q2112,P150,Q1715175
Q2112,P150,Q857314
Q2112,P150,Q2235530
Q2112,P150,Q1457938
Q2112,P150,Q2271193
Q2112,P150,Q2348419
Q2112,P1456,Q1831146
Q2112,P485,Q28719794
Q2112,P4552,Q109773
Q2112,P361,Q487924
Q2112,P463,Q627637
Q2112,P463,Q1768108
Q2112,P463,Q747279
Q2112,P463,Q52144567
Q2112,P463,Q896216
Q2112,P1343,Q3181656
Q2112,P7867,Q84112142
Q2112,P8402,Q97362524
Q518900,P31,Q15077416
Q518900,P31,Q341
Q518900,P277,Q15777
Q518900,P275,Q18526202
Q518900,P275,Q18526198
Q518900,P275,Q5773924
Q518900,P275,Q18491847
Q518900,P178,Q1778572
Q518900,P306,Q3251801
Q518900,P306,Q58636917
Q518900,P306,Q14116
Q518900,P306,Q1406
Q518900,P306,Q14656
Q518900,P306,Q14646
Q518900,P366,Q1190017
Q518900,P1365,Q742255
Q48765523,P31,Q482994
Q48765523,P175,Q345494
Q48765523,P156,Q55393237
Q48765523,P136,Q612024
Q48765523,P264,Q5153134
Q48765523,P155,Q3148759
Q48765523,P162,Q345494
Q23346,P31,Q1138494
Q23346,P163,Q5456829
Q23346,P17,Q145
Q23346,P910,Q7032499
Q23346,P131,Q48015
Q23346,P1343,Q19180675
Q23346,P1343,Q602358
Q23346,P2633,Q5535238
Q23346,P1464,Q8074444
Q23346,P1792,Q8750589
Q23346,P1465,Q14539986
Q23346,P1791,Q13249234
Q23346,P7867,Q84031978
Q23346,P47,Q67479626
Q23346,P47,Q67443130
Q23346,P47,Q67531563
Q23346,P7959,Q23346
Q845796,P31,Q190087
Q174789,P31,Q1978718
Q174789,P31,Q208469
Q174789,P111,Q36253
Q174789,P460,Q1935526
Q340900,P31,Q4167410
Q64755905,P31,Q5
Q64755905,P21,Q6581072
Q406116,P31,Q4167410
Q1135839,P275,Q7603
Q1135839,P275,Q1131681
Q1135839,P31,Q341
Q1135839,P31,Q183065
Q1135839,P277,Q15777
Q1135839,P178,Q58622065
Q1135839,P178,Q92860
Q1135839,P126,Q92860
Q1135839,P126,Q7293929
Q1135839,P4969,Q3093287
Q1135839,P366,Q218170
Q1250916,P31,Q32090
Q1250916,P31,Q28640
Q1250916,P31,Q12737077
Q1250916,P31,Q17305127
Q1250916,P425,Q198
Q1250916,P279,Q1414937
Q1250916,P279,Q215627
Q1250916,P910,Q8167993
Q177524,P910,Q8217742
Q177524,P31,Q1301371
Q177524,P31,Q5249081
Q177524,P31,Q132364
Q177524,P88,Q11223
Q177524,P178,Q49108
Q177524,P138,Q207361
Q177524,P144,Q61774825
Q177524,P2283,Q61774825
Q408125,P31,Q4167410
Q408125,P1889,Q28843155
Q8134,P910,Q4026633
Q8134,P1343,Q2657718
Q8134,P1343,Q101314624
Q8134,P2578,Q159810
Q8134,P2578,Q28877
Q8134,P2578,Q7406919
Q8134,P2959,Q16109617
Q8134,P1424,Q14557716
Q8134,P1424,Q6453332
Q8134,P1889,Q159810
Q8134,P1889,Q8187769
Q8134,P5008,Q5460604
Q8134,P31,Q11862829
Q8134,P31,Q4671286
Q8134,P3095,Q188094
Q8134,P3095,Q55104588
Q8134,P3095,Q17744738
Q8134,P3095,Q17281072
Q8134,P3095,Q17379493
Q8134,P527,Q39072
Q8134,P527,Q39680
Q8134,P527,Q160039
Q8134,P527,Q2248246
Q8134,P527,Q861689
Q8134,P527,Q28161
Q8134,P527,Q1127188
Q8134,P527,Q47417
Q8134,P527,Q753291
Q8134,P527,Q1118654
Q8134,P527,Q1411783
Q8134,P527,Q31218
Q8134,P527,Q47398
Q8134,P527,Q3578710
Q8134,P527,Q660564
Q8134,P527,Q385256
Q8134,P527,Q3578760
Q8134,P527,Q396340
Q8134,P527,Q3578749
Q8134,P527,Q56557294
Q8134,P6104,Q7212331
Q8134,P361,Q3475802
Q8134,P361,Q34749
Q8134,P2184,Q268194
Q8134,P2184,Q47398
Q8134,P460,Q12882237
Q8134,P3342,Q9381
Q8134,P3342,Q160270
Q8134,P3342,Q9061
Q8134,P3342,Q9317
Q8134,P3342,Q102454
Q8134,P3342,Q192592
Q8134,P3342,Q13529
Q8134,P3342,Q313034
Q8134,P3342,Q47426
Q8134,P3342,Q13509
Q8134,P3342,Q78477
Q8134,P3342,Q11031
Q8134,P135,Q271857
Q8134,P135,Q203411
Q8134,P135,Q162527
Q8134,P135,Q7264
Q8134,P135,Q3578707
Q8134,P135,Q936174
Q279996,P31,Q4167410
Q279996,P1889,Q23769748
Q279996,P460,Q304896
Q279996,P460,Q6417938
Q279996,P460,Q7321538
Q16281827,P361,Q18086660
Q16281827,P1560,Q17617112
Q16281827,P1533,Q18001608
Q16281827,P31,Q12308941
Q16281827,P460,Q677210
Q16281827,P460,Q17565057
Q16281827,P460,Q17565188
Q16281827,P460,Q17565212
Q16281827,P460,Q18421644
Q16281827,P460,Q17565214
Q16281827,P460,Q20001445
Q16281827,P407,Q150
Q16281827,P1889,Q15849776
Q16281827,P282,Q8229
Q3198049,P31,Q4167410
Q246094,P31,Q4167410
Q246094,P1343,Q2041543
Q246094,P1889,Q16257676
Q246094,P1889,Q16872098
Q225598,P31,Q4167410
Q2094907,P21,Q6581097
Q2094907,P106,Q937857
Q2094907,P20,Q2807
Q2094907,P27,Q29
Q2094907,P31,Q5
Q2094907,P19,Q1606563
Q2094907,P54,Q8682
Q2094907,P54,Q697353
Q2094907,P54,Q8701
Q2094907,P54,Q697353
Q2094907,P54,Q10308
Q2094907,P54,Q12217
Q2094907,P641,Q2736
Q2094907,P413,Q280658
Q2094907,P1412,Q1321
Q2094907,P735,Q21401544
Q2094907,P734,Q1158617
Q7915517,P31,Q4167410
Q7915517,P1889,Q37438720
Q561678,P31,Q4167410
Q1215625,P31,Q4167410
Q7113880,P31,Q4167410
Q673661,P279,Q781413
Q673661,P910,Q7045207
Q673661,P1343,Q2657718
Q673661,P1343,Q2041543
Q673661,P1343,Q602358
Q673661,P1343,Q19180675
Q673661,P1343,Q602358
Q673661,P1343,Q101314624
Q673661,P461,Q18195733
Q673661,P366,Q170084
Q673661,P1535,Q4184865
Q673661,P1542,Q7184903
Q673661,P1542,Q64920589
Q673661,P361,Q77468620
Q5164758,P31,Q4167410
Q7520928,P31,Q4167410
Q1297,P1151,Q11240435
Q1297,P17,Q30
Q1297,P30,Q49
Q1297,P31,Q1093829
Q1297,P31,Q1637706
Q1297,P31,Q1549591
Q1297,P131,Q108418
Q1297,P194,Q2963301
Q1297,P163,Q1402799
Q1297,P421,Q5385
Q1297,P421,Q5390
Q1297,P190,Q4191
Q1297,P190,Q3761
Q1297,P190,Q7903
Q1297,P190,Q5468
Q1297,P190,Q2841
Q1297,P190,Q1489
Q1297,P190,Q172
Q1297,P190,Q3805
Q1297,P190,Q16520
Q1297,P190,Q1353
Q1297,P190,Q11739
Q1297,P190,Q35765
Q1297,P190,Q190828
Q1297,P190,Q11720
Q1297,P190,Q1524
Q1297,P190,Q3711
Q1297,P190,Q2256
Q1297,P190,Q129610
Q1297,P190,Q52502
Q1297,P190,Q1055
Q1297,P190,Q1899
Q1297,P190,Q490
Q1297,P190,Q649
Q1297,P190,Q1085
Q1297,P190,Q216
Q1297,P190,Q270
Q1297,P190,Q174
Q1297,P190,Q8660
Q1297,P190,Q42800
Q1297,P190,Q152406
Q1297,P190,Q6487
Q1297,P190,Q752460
Q1297,P190,Q90
Q1297,P190,Q8686
Q1297,P190,Q3130
Q1297,P190,Q987
Q1297,P910,Q8358396
Q1297,P1464,Q9224174
Q1297,P1465,Q9218039
Q1297,P1740,Q7237187
Q1297,P1792,Q6825378
Q1297,P47,Q576273
Q1297,P47,Q331397
Q1297,P47,Q462799
Q1297,P47,Q577829
Q1297,P47,Q985536
Q1297,P47,Q386961
Q1297,P2633,Q3123272
Q1297,P6,Q298443
Q1297,P6,Q56486914
Q1297,P6,Q295380
Q1297,P6,Q392921
Q1297,P6,Q407798
Q1297,P6,Q3246871
Q1297,P6,Q399231
Q1297,P6,Q407798
Q1297,P6,Q3246835
Q1297,P6,Q295285
Q1297,P6,Q3246835
Q1297,P6,Q3246867
Q1297,P6,Q295402
Q1297,P6,Q3246869
Q1297,P6,Q295402
Q1297,P6,Q295291
Q1297,P6,Q3246844
Q1297,P6,Q432617
Q1297,P6,Q295279
Q1297,P6,Q2335671
Q1297,P6,Q361224
Q1297,P6,Q399608
Q1297,P6,Q361224
Q1297,P6,Q399612
Q1297,P6,Q399231
Q1297,P6,Q6220105
Q1297,P6,Q294854
Q1297,P6,Q295275
Q1297,P6,Q491860
Q1297,P6,Q5677143
Q1297,P6,Q6902210
Q1297,P6,Q295333
Q1297,P6,Q6217914
Q1297,P6,Q5244176
Q1297,P6,Q491920
Q1297,P6,Q295333
Q1297,P6,Q399011
Q1297,P6,Q491915
Q1297,P6,Q399011
Q1297,P6,Q294843
Q1297,P6,Q399536
Q1297,P6,Q2440670
Q1297,P6,Q294843
Q1297,P6,Q399266
Q1297,P6,Q399600
Q1297,P6,Q399266
Q1297,P6,Q295318
Q1297,P6,Q492216
Q1297,P6,Q491933
Q1297,P6,Q492211
Q1297,P6,Q295267
Q1297,P6,Q491938
Q1297,P6,Q295390
Q1297,P6,Q295584
Q1297,P6,Q492222
Q1297,P6,Q294914
Q1297,P6,Q539814
Q1297,P2184,Q3031135
Q1297,P1343,Q4173137
Q1297,P1343,Q24717970
Q1297,P1343,Q602358
Q1297,P1343,Q3181656
Q1297,P1791,Q7978779
Q1297,P1376,Q108418
Q1297,P206,Q643284
Q1297,P206,Q1169
Q1297,P361,Q1754965
Q1297,P112,Q492555
Q1297,P6104,Q13500453
Q1297,P793,Q70520
Q1297,P793,Q300347
Q1297,P793,Q285406
Q1297,P793,Q305286
Q1297,P1313,Q30185
Q1297,P1889,Q16554
Q1297,P7867,Q84050185
Q1297,P8402,Q97002390
Q1297,P8744,Q5333652
Q136388,P31,Q4167410
Q399128,P31,Q4167410
Q1267283,P31,Q4167410
Q1267283,P460,Q57083582
Q1267283,P460,Q83558298
Q1267283,P460,Q83558745
Q1267283,P460,Q22570366
Q1267283,P460,Q4368940
Q1267283,P460,Q83558811
Q1267283,P1889,Q7441696
Q1267283,P1889,Q83560834
Q4004627,P31,Q4167410
Q1180893,P31,Q4167410
Q397699,P31,Q4167410
Q339415,P31,Q856108
Q339415,P400,Q94
Q339415,P400,Q1406
Q339415,P400,Q14116
Q339415,P400,Q48493
Q361001,P31,Q4167410
Q188619,P910,Q6511158
Q188619,P361,Q43229
Q188619,P361,Q8425
Q188619,P461,Q31895
Q188619,P461,Q1616178
Q188619,P1343,Q2657718
Q188619,P1343,Q101314624
Q188619,P1552,Q7100719
Q188619,P279,Q58778
Q188619,P279,Q6671777
Q2025412,P31,Q4167410
Q43006303,P279,Q815823
Q43006303,P460,Q322948
Q43006303,P460,Q4054833
Q43006303,P366,Q26674207
Q2553751,P31,Q15836568
Q2553751,P1343,Q47250959
Q13402954,P361,Q300914
Q13402954,P2283,Q838087
Q233175,P31,Q4167410
Q234407,P31,Q4167410
Q7607016,P31,Q2604618
Q7607016,P279,Q271598
Q2044820,P31,Q4167410
Q4927100,P31,Q12308941
Q4927100,P1560,Q1291472
Q4927100,P1533,Q7608515
Q4927100,P460,Q650375
Q4927100,P460,Q4927128
Q4927100,P460,Q16281744
Q4927100,P460,Q15727889
Q4927100,P460,Q17496650
Q4927100,P460,Q19998723
Q4927100,P460,Q16281970
Q4927100,P460,Q17496543
Q4927100,P460,Q1370812
Q4927100,P460,Q17496674
Q4927100,P460,Q15727982
Q4927100,P460,Q3501543
Q4927100,P460,Q15727905
Q4927100,P460,Q17496752
Q4927100,P460,Q12803506
Q4927100,P460,Q12803520
Q4927100,P460,Q17501985
Q4927100,P460,Q743317
Q4927100,P460,Q2345254
Q4927100,P460,Q17496811
Q4927100,P460,Q15727960
Q4927100,P460,Q7606581
Q4927100,P460,Q4562923
Q4927100,P460,Q3497808
Q4927100,P460,Q2343050
Q4927100,P460,Q18336566
Q4927100,P460,Q18180827
Q4927100,P460,Q18607899
Q4927100,P460,Q18650470
Q4927100,P460,Q18338316
Q4927100,P460,Q18132297
Q4927100,P460,Q15728196
Q4927100,P460,Q17496699
Q4927100,P460,Q18219763
Q4927100,P460,Q25917918
Q4927100,P460,Q20885896
Q4927100,P1889,Q1199592
Q4927100,P282,Q8229
Q4927100,P407,Q7411
Q4927100,P407,Q1860
Q4927100,P5323,Q21644845
Q11210,P279,Q184876
Q11210,P910,Q7145833
Q11210,P1343,Q2657718
Q11210,P5008,Q5460604
Q11210,P1552,Q1783819
Q11210,P1889,Q3250736
Q11210,P2670,Q3250736
Q417271,P31,Q4167410
Q417271,P1889,Q19970517
Q417271,P1889,Q28452655
Q9640,P27,Q30
Q9640,P39,Q11696
Q9640,P39,Q13218630
Q9640,P39,Q11699
Q9640,P39,Q4416090
Q9640,P39,Q4416090
Q9640,P39,Q4416090
Q9640,P39,Q4416090
Q9640,P39,Q4416090
Q9640,P39,Q4416090
Q9640,P19,Q975048
Q9640,P20,Q975048
Q9640,P26,Q233648
Q9640,P40,Q6708532
Q9640,P40,Q6696598
Q9640,P106,Q82955
Q9640,P106,Q37226
Q9640,P106,Q1524582
Q9640,P106,Q372436
Q9640,P509,Q18558122
Q9640,P31,Q5
Q9640,P102,Q29552
Q9640,P69,Q1495387
Q9640,P69,Q846101
Q9640,P69,Q73228761
Q9640,P910,Q7485656
Q9640,P1050,Q844935
Q9640,P607,Q8740
Q9640,P607,Q362
Q9640,P607,Q2917367
Q9640,P607,Q797939
Q9640,P166,Q17144
Q9640,P166,Q852071
Q9640,P166,Q136699
Q9640,P937,Q61
Q9640,P734,Q1158485
Q9640,P735,Q20747489
Q9640,P735,Q37805482
Q9640,P119,Q101252326
Q9640,P22,Q655601
Q9640,P1412,Q1860
Q9640,P103,Q1860
Q9640,P1196,Q3739104
Q9640,P485,Q1853779
Q9640,P552,Q3039938
Q9640,P1853,Q19831453
Q9640,P1343,Q17378135
Q9640,P1343,Q2657718
Q9640,P1343,Q67311526
Q9640,P140,Q1541206
Q9640,P140,Q855941
Q9640,P1411,Q35637
Q9640,P3373,Q7407641
Q9640,P241,Q11220
Q9640,P410,Q3983433
Q9640,P21,Q6581097
Q9640,P6886,Q1860
Q9640,P463,Q468865
Q9640,P463,Q3556413
Q9640,P551,Q1738794
Q9640,P551,Q35525
Q9640,P25,Q28043246
Q9640,P101,Q1328508
Q9640,P3602,Q699646
Q9640,P3602,Q7892704
Q104851,P910,Q7214525
Q104851,P279,Q7397
Q104851,P279,Q3966
Q104851,P400,Q2858615
Q104851,P31,Q17155032
Q417140,P31,Q4167410
Q417140,P1889,Q21491864
Q406404,P31,Q4167410
Q4033930,P279,Q996023
Q4033930,P1269,Q14656
Q4033930,P527,Q972090
Q4033930,P527,Q4034088
Q4033930,P527,Q4027922
Q4033930,P527,Q16524727
Q4033930,P527,Q4027925
Q4033930,P527,Q4027924
Q4033930,P527,Q4027923
Q224584,P31,Q4167410
Q149335,P105,Q164280
Q149335,P910,Q8730207
Q149335,P171,Q146037
Q149335,P31,Q16521
Q1425519,P31,Q4830453
Q1425519,P31,Q6881511
Q1425519,P112,Q4719483
Q1425519,P159,Q41262
Q1425519,P641,Q31920
Q1425519,P749,Q1727330
Q1425519,P740,Q673418
Q1425519,P1454,Q166280
Q1425519,P910,Q41359158
Q1425519,P17,Q145
Q1425519,P452,Q607081
Q1425519,P1056,Q212989
Q7228549,P31,Q4167410
Q7228549,P1889,Q67922538
Q43624,P105,Q35409
Q43624,P171,Q25950
Q43624,P171,Q3539809
Q43624,P31,Q16521
Q43624,P910,Q8301127
Q43624,P910,Q9143668
Q43624,P1424,Q14465352
Q46335,P279,Q11019
Q46335,P910,Q6634105
Q46335,P61,Q453351
Q46335,P61,Q5487157
Q46335,P61,Q5042124
Q46335,P61,Q7412852
Q46335,P1343,Q2657718
Q46335,P1343,Q602358
Q46335,P1343,Q19180675
Q46335,P527,Q54854776
Q46335,P186,Q677
Q1070408,P279,Q219320
Q1070408,P527,Q56303787
Q1070408,P527,Q56303789
Q1070408,P527,Q56303791
Q246910,P31,Q4167410
Q246910,P1889,Q1796595
Q246910,P1889,Q383113
Q246910,P460,Q1253514
Q246910,P460,Q1181172
Q230812,P31,Q4167410
Q116529,P31,Q4167410
Q116529,P1889,Q18331285
Q116529,P1889,Q4312344
Q116529,P1889,Q97917927
Q64512396,P31,Q4167410
Q64512396,P460,Q2309558
Q64512396,P460,Q12002266
Q64512396,P460,Q64512419
Q64512396,P460,Q1128662
Q64512396,P460,Q18993376
Q64512396,P460,Q64512867
Q64512396,P1889,Q702269
Q64512396,P1889,Q1391344
Q64512396,P1889,Q12336608
Q6510708,P31,Q4167410
Q6510708,P31,Q18340392
Q342787,P31,Q4167410
Q530502,P31,Q4167410
Q530502,P1889,Q2302787
Q530502,P1889,Q37100679
Q530502,P1889,Q3459899
Q530502,P460,Q3490837
Q530502,P460,Q1172293
Q2207288,P910,Q6987618
Q2207288,P2283,Q53178539
Q2207288,P1382,Q64506407
Q2207288,P1343,Q4086271
Q2207288,P1343,Q1970746
Q2207288,P1343,Q602358
Q2207288,P1343,Q19180675
Q2207288,P3095,Q1294787
Q2207288,P3095,Q57260825
Q2207288,P31,Q1914636
Q2207288,P31,Q29028649
Q2207288,P279,Q1914636
Q189222,P1343,Q678259
Q189222,P1343,Q602358
Q189222,P1343,Q19180675
Q189222,P1343,Q101314624
Q189222,P279,Q781413
Q189222,P1889,Q53570527
Q189222,P361,Q77468620
Q1496560,P31,Q4167410
Q1496560,P1889,Q19902057
Q1496560,P1889,Q11991193
Q1496560,P460,Q295184
Q1496560,P460,Q2006493
Q7169346,P31,Q4167410
Q7302746,P31,Q4167410
Q609281,P275,Q18526202
Q609281,P31,Q341
Q609281,P277,Q15777
Q242511,P31,Q4167410
Q8043394,P1414,Q201904
Q8043394,P1414,Q50829121
Q8043394,P1414,Q189464
Q8043394,P31,Q341
Q8043394,P31,Q2727468
Q8043394,P275,Q7603
Q8043394,P306,Q388
Q8043394,P277,Q15777
Q742255,P277,Q15777
Q742255,P31,Q15077416
Q742255,P31,Q506883
Q742255,P31,Q28168011
Q742255,P31,Q281039
Q742255,P112,Q5232869
Q742255,P3931,Q56872275
Q742255,P275,Q334661
Q742255,P275,Q100375790
Q742255,P4428,Q178481
Q742255,P1366,Q518900
Q742255,P306,Q14656
Q742255,P178,Q56872275
Q742255,P366,Q15077416
Q742255,P6216,Q50423863
Q2519783,P31,Q4167410
Q2519783,P1889,Q12241622
Q2519783,P1889,Q4771950
Q2519783,P460,Q17485391
Q2519783,P460,Q239924
Q2519783,P460,Q599425
Q2519783,P460,Q585215
Q2519783,P460,Q826267
Q2519783,P460,Q578690
Q2519783,P460,Q959689
Q2519783,P460,Q2653671
Q2519783,P460,Q20531847
Q2519783,P460,Q16277395
Q2519783,P460,Q3531566
Q2519783,P460,Q8201107
Q11024,P279,Q921513
Q11024,P279,Q6031064
Q11024,P910,Q1458498
Q11024,P910,Q8040748
Q11024,P527,Q1066689
Q11024,P1535,Q17502905
Q11024,P31,Q1413287
Q11024,P31,Q11862829
Q11024,P1424,Q22747357
Q11024,P5008,Q5460604
Q11024,P5125,Q7112587
Q11024,P2579,Q14623843
Q11024,P2579,Q59163546
Q11024,P2579,Q97008347
Q11024,P1552,Q340169
Q11024,P1552,Q38786485
Q11024,P3095,Q5280566
Q11024,P3095,Q62085571
Q11024,P3095,Q99601931
Q441901,P31,Q4167410
Q632316,P279,Q5
Q632316,P361,Q20807927
Q632316,P1889,Q940
Q93288,P279,Q327197
Q93288,P279,Q15621286
Q93288,P279,Q321839
Q93288,P279,Q49848
Q93288,P279,Q2006324
Q93288,P1343,Q2657718
Q93288,P1343,Q2041543
Q93288,P1343,Q602358
Q93288,P1343,Q19180675
Q93288,P1343,Q4173137
Q93288,P1343,Q602358
Q93288,P1343,Q95124171
Q93288,P1343,Q101314624
Q93288,P1889,Q1053964
Q93288,P1889,Q68619446
Q93288,P910,Q7006577
Q93288,P1424,Q10811167
Q93288,P1542,Q2648051
Q93288,P710,Q3778211
Q93288,P1269,Q661518
Q93288,P2670,Q5165703
Q93288,P2670,Q1527956
Q93288,P527,Q60981922
Q5282362,P31,Q4167410
Q228457,P31,Q4167410
Q940058,P31,Q18343316
Q940058,P31,Q15810910
Q354029,P31,Q4167410
Q5457619,P31,Q4167410
Q291147,P31,Q4167410
Q278781,P279,Q921513
Q224353,P31,Q4167410
Q218125,P31,Q4167410
Q218125,P460,Q6457631
Q218125,P460,Q27273
Q218125,P460,Q3594984
Q218125,P1889,Q11983535
Q218125,P1889,Q13498051
Q218125,P1889,Q2061957
Q218125,P1889,Q686223
Q842015,P31,Q1790144
Q842015,P31,Q208469
Q842015,P111,Q2199864
Q842015,P1889,Q92101065
Q6865390,P31,Q4167410
Q254651,P31,Q28640
Q254651,P31,Q4164871
Q254651,P425,Q102066
Q254651,P425,Q4449452
Q254651,P910,Q8669830
Q254651,P361,Q3475123
Q254651,P279,Q5184855
Q254651,P279,Q23640580
Q254651,P241,Q4508
Q254651,P6186,Q59516675
Q254651,P1343,Q4532138
Q209499,P31,Q21193581
Q209499,P279,Q605704
Q231943,P31,Q4167410
Q231943,P460,Q1471847
Q231943,P1889,Q37555326
Q231943,P1889,Q16290882
Q219588,P279,Q190780
Q219588,P279,Q133105
Q219588,P461,Q128007
Q219588,P703,Q7377
Q21071788,P31,Q82799
Q21071788,P527,Q21471177
Q21071788,P527,Q37477904
Q21071788,P1889,Q1902647
Q1194437,P31,Q4167410
Q236725,P31,Q4167410
Q207440,P279,Q80585
Q207440,P31,Q175263
Q207440,P2283,Q477202
Q207440,P1889,Q5678858
Q253054,P31,Q4167410
Q224020,P31,Q4167410
Q224020,P1889,Q2794117
Q224020,P1889,Q65956597
Q224020,P460,Q10854811
Q2252077,P910,Q10095528
Q2252077,P279,Q451967
Q2252077,P279,Q1174599
Q2252077,P1269,Q650711
Q2252077,P1343,Q4114391
Q2252077,P2283,Q1194773
Q421983,P31,Q4167410
Q421983,P1889,Q18359306
Q342029,P31,Q4167410
Q342029,P1889,Q37535583
Q1079190,P279,Q93301
Q1079190,P910,Q9148630
Q1079190,P366,Q1429051
Q519774,P31,Q131212
Q519774,P178,Q312
Q519774,P751,Q42214913
Q519774,P275,Q191307
Q519774,P306,Q14116
Q7897063,P31,Q4167410
Q96322794,P31,Q4167410
Q648697,P31,Q1193246
Q648697,P178,Q14647
Q4913661,P31,Q11424
Q4913661,P364,Q1860
Q4913661,P57,Q3163009
Q4913661,P162,Q3163009
Q4913661,P161,Q7287831
Q4913661,P495,Q754
Q4913661,P58,Q19264328
Q4913661,P86,Q4760075
Q4913661,P840,Q754
Q4913661,P136,Q7210294
Q300901,P31,Q40056
Q300901,P31,Q18343316
Q300901,P31,Q2990323
Q300901,P178,Q217365
Q300901,P178,Q92881
Q300901,P4810,Q47517764
Q300901,P4810,Q47517765
Q300901,P4810,Q47517768
Q300901,P4810,Q47517774
Q300901,P4810,Q47517789
Q300901,P1889,Q66371350
Q829120,P1343,Q30059240
Q829120,P1343,Q23705356
Q829120,P1343,Q1138524
Q829120,P910,Q28086128
Q829120,P31,Q4164871
Q829120,P31,Q96239483
Q829120,P279,Q83460
Q829120,P279,Q67528681
Q189722,P910,Q8412250
Q189722,P277,Q1547448
Q189722,P751,Q42214913
Q189722,P1889,Q1252773
Q189722,P279,Q131212
Q189722,P144,Q1547448
Q189722,P178,Q5237671
Q189722,P306,Q1660989
Q189722,P306,Q1481861
Q189722,P737,Q598156
Q189722,P170,Q7439
Q189722,P170,Q92991
Q189722,P170,Q5237671
Q189722,P400,Q1568240
Q189722,P400,Q3011188
Q189722,P31,Q7397
Q47307,P279,Q80083
Q47307,P910,Q4965571
Q47307,P1151,Q14615777
Q47307,P361,Q770723
Q47307,P31,Q1047113
Q47307,P31,Q483394
Q47307,P3095,Q8963721
Q47307,P6104,Q19817878
Q47307,P1889,Q3508604
Q47307,P1889,Q2857712
Q47307,P1889,Q2265584
Q47307,P1343,Q602358
Q47307,P1343,Q20078554
Q345916,P31,Q4167410
Q1664720,P279,Q13226383
Q1664720,P279,Q178706
Q1664720,P279,Q2385804
Q1664720,P279,Q45103187
Q1664720,P1343,Q2041543
Q1664720,P1424,Q11043238
Q1664720,P1889,Q178706
Q173626,P31,Q7889
Q173626,P400,Q188642
Q173626,P400,Q4885200
Q173626,P400,Q94
Q173626,P400,Q743222
Q173626,P400,Q918232
Q173626,P400,Q206261
Q173626,P400,Q853547
Q173626,P400,Q99775
Q173626,P400,Q751719
Q173626,P400,Q388
Q173626,P400,Q1406
Q173626,P400,Q23882
Q173626,P400,Q48263
Q173626,P400,Q100047
Q173626,P400,Q170434
Q173626,P400,Q172742
Q173626,P400,Q183259
Q173626,P400,Q48493
Q173626,P910,Q6932553
Q173626,P123,Q309996
Q173626,P123,Q149947
Q173626,P287,Q956020
Q173626,P178,Q309996
Q173626,P404,Q208850
Q173626,P852,Q14864328
Q173626,P156,Q2141683
Q173626,P136,Q13717398
Q173626,P479,Q250
Q173626,P479,Q178805
Q173626,P195,Q188740
Q173626,P674,Q2913000
Q173626,P4969,Q5837184
Q173626,P495,Q17
Q173626,P170,Q956020
Q173626,P6216,Q50423863
Q173626,P3931,Q1194689
Q233709,P31,Q4167410
Q233709,P1889,Q2105042
Q233709,P1889,Q29709394
Q233709,P1889,Q16290937
Q233709,P460,Q65660193
Q233709,P460,Q12969576
Q233709,P460,Q1242566
Q233709,P460,Q154493
Q1685474,P31,Q4167410
Q1685474,P1889,Q36991858
Q13672,P279,Q199771
Q13672,P1343,Q2657718
Q13672,P1343,Q1768721
Q13672,P1889,Q2003370
Q1357,P105,Q36602
Q1357,P171,Q1358
Q1357,P910,Q8791478
Q1357,P1542,Q2549274
Q1357,P1542,Q220783
Q1357,P1343,Q2041543
Q1357,P1343,Q4086271
Q1357,P1343,Q19180675
Q1357,P1343,Q1970746
Q1357,P1343,Q602358
Q1357,P1343,Q867541
Q1357,P1343,Q20961706
Q1357,P1343,Q1768721
Q1357,P2959,Q22828342
Q1357,P1672,Q2740926
Q1357,P5008,Q5460604
Q1357,P31,Q16521
Q1357,P1420,Q30587689
Q1357,P2579,Q2859535
Q129337,P910,Q8788045
Q129337,P31,Q167270
Q129337,P31,Q16858238
Q129337,P31,Q811704
Q129337,P176,Q309084
Q129337,P17,Q142
Q129337,P1064,Q1999572
Q129337,P137,Q13646
Q129337,P279,Q483373
Q129337,P279,Q15141321
Q129337,P279,Q13402959
Q3640962,P31,Q4167410
Q726686,P361,Q730920
Q726686,P279,Q21075690
Q602963,P279,Q49367
Q602963,P31,Q392928
Q602963,P461,Q487294
Q513110,P279,Q56441316
Q513110,P186,Q42045
Q513110,P910,Q9532787
Q513110,P1889,Q20678700
Q484,P31,Q1411242
Q484,P910,Q9607813
Q484,P1343,Q1970746
Q484,P461,Q4464405
Q484,P460,Q7541428
Q2673976,P279,Q17174430
Q2673976,P17,Q183
Q2673976,P1435,Q17297633
Q2673976,P131,Q503422
Q2673976,P2817,Q1585336
Q6804099,P31,Q4167410
Q23301352,P31,Q101352
Q23301352,P1889,Q1952126
Q23301352,P282,Q8229
Q23301352,P1552,Q89410507
Q10798,P910,Q15049858
Q10798,P910,Q8807789
Q10798,P105,Q34740
Q10798,P31,Q16521
Q10798,P171,Q15618436
Q10798,P1889,Q4792031
Q10798,P279,Q899307
Q7242122,P31,Q4167410
Q7315941,P279,Q28056401
Q7315941,P461,Q468489
Q7315941,P1687,P1591
Q846574,P910,Q8659863
Q846574,P279,Q1724915
Q846574,P279,Q180388
Q846574,P279,Q18699055
Q846574,P1269,Q219416
Q846574,P527,Q65965582
Q41415,P279,Q746549
Q41415,P279,Q2095
Q41415,P279,Q11435
Q41415,P910,Q8773529
Q41415,P527,Q11004
Q41415,P527,Q1419245
Q41415,P527,Q42527
Q41415,P31,Q14915034
Q41415,P31,Q19861951
Q41415,P155,Q1628963
Q41415,P156,Q58717221
Q41415,P460,Q275068
Q2088390,P910,Q8791237
Q2088390,P279,Q43091
Q2088390,P1687,P1353
Q2995644,P828,Q3249551
Q2995644,P828,Q4026292
Q2995644,P828,Q1190554
Q2995644,P1269,Q179289
Q2995644,P461,Q3249551
Q2995644,P279,Q733541
Q2499296,P31,Q1193246
Q2499296,P31,Q341
Q2499296,P306,Q14656
Q2499296,P1547,Q1579570
Q2499296,P1547,Q648988
Q2499296,P275,Q334661
Q2499296,P277,Q15777
Q2499296,P176,Q740602
Q2499296,P366,Q1193246
Q2499296,P6216,Q50423863
Q8043345,P31,Q341
Q8043345,P275,Q18526202
Q8043345,P361,Q518900
Q8043345,P366,Q178481
Q1778572,P31,Q163740
Q1778572,P17,Q30
Q1778572,P463,Q685777
Q609281,P275,Q18526202
Q609281,P31,Q341
Q609281,P277,Q15777
Q171236,P31,Q4167410
Q1901263,P31,Q4167410
Q1901263,P1889,Q24744082
Q1901263,P460,Q399501
Q224227,P31,Q4167410
Q224227,P1889,Q18402571
Q224227,P1889,Q2701900
Q615577,P31,Q4830453
Q615577,P159,Q172
Q615577,P1454,Q422074
Q615577,P452,Q44497
Q615577,P452,Q22704511
Q204090,P31,Q4167410
Q447168,P31,Q4167410
Q447168,P1889,Q16883202
Q1373320,P641,Q5372
Q1373320,P31,Q28829877
Q605076,P279,Q571
Q605076,P279,Q98149704
Q605076,P31,Q223393
Q605076,P910,Q7317401
Q605076,P361,Q5465542
Q5169281,P361,Q5169220
Q5169281,P1343,Q5169220
Q5169281,P279,Q17145201
Q5169281,P279,Q4674287
Q5169281,P527,Q11195
Q5169281,P461,Q47012574
Q1630279,P279,Q1151067
Q1630279,P6477,Q4202277
Q1630279,P6477,Q774228
Q1630279,P460,Q830382
Q1630279,P1889,Q690194
Q1630279,P1889,Q216200
Q1630279,P1889,Q1665268
Q1630279,P1382,Q367293
Q1630279,P1382,Q22445448
Q7123022,P31,Q4167410
Q419659,P31,Q4167410
Q60235,P31,Q11173
Q60235,P31,Q12140
Q60235,P31,Q8386
Q60235,P910,Q7321255
Q60235,P527,Q629
Q60235,P527,Q623
Q60235,P527,Q627
Q60235,P527,Q556
Q60235,P138,Q8486
Q60235,P1343,Q2657718
Q60235,P1343,Q2041543
Q60235,P3489,Q3679189
Q60235,P3489,Q28123617
Q60235,P3780,Q47521302
Q60235,P279,Q49922434
Q60235,P279,Q4291748
Q60235,P2868,Q427492
Q60235,P2868,Q211036
Q60235,P2868,Q418251
Q60235,P2868,Q50430421
Q60235,P129,Q3062781
Q60235,P129,Q21116162
Q60235,P129,Q21116164
Q60235,P129,Q21116154
Q60235,P129,Q21107812
Q60235,P129,Q21138907
Q60235,P129,Q3415811
Q60235,P129,Q21159525
Q60235,P361,Q21100531
Q60235,P361,Q14865217
Q60235,P361,Q27863054
Q60235,P703,Q935632
Q2473660,P1889,Q2653765
Q2473660,P361,Q178777
Q2473660,P279,Q28816538
Q363874,P31,Q4167410
Q452615,P31,Q4167410
Q20891832,P31,Q4167410
Q397485,P31,Q4167410
Q397485,P1889,Q347929
Q4595907,P31,Q4167410
Q2816937,P31,Q4167410
Q242253,P31,Q4167410
Q4379321,P31,Q4167410
Q270131,P31,Q26085352
Q270131,P178,Q531341
Q270131,P275,Q192897
Q270131,P527,Q27479815
Q270131,P527,Q27478555
Q270131,P527,Q27478587
Q270131,P527,Q27478595
Q270131,P527,Q27479005
Q270131,P527,Q27479444
Q270131,P527,Q27479976
Q270131,P527,Q27480012
Q270131,P527,Q27480195
Q270131,P527,Q27480238
Q270131,P527,Q27480264
Q270131,P527,Q27491774
Q270131,P527,Q27492283
Q270131,P527,Q27492375
Q270131,P527,Q27492527
Q270131,P527,Q27492801
Q270131,P527,Q27492954
Q270131,P279,Q1351368
Q270131,P4969,Q29904505
Q270131,P1889,Q4643802
Q4646370,P31,Q4167410
Q277424,P31,Q4167410
Q4646387,P31,Q4167410
Q211141,P31,Q4167410
Q211141,P1889,Q1225043
Q201604,P31,Q4167410
Q201604,P460,Q9158746
Q201604,P1889,Q66736148
Q201604,P1889,Q16959753
Q201604,P1889,Q610225
Q201604,P1343,Q2041543
Q297904,P31,Q4167410
Q232366,P31,Q4167410
Q217455,P31,Q4167410
Q152057,P414,Q13677
Q152057,P414,Q171240
Q152057,P414,Q151139
Q152057,P414,Q217475
Q152057,P31,Q4830453
Q152057,P31,Q6881511
Q152057,P31,Q14941854
Q152057,P452,Q862571
Q152057,P166,Q184253
Q152057,P910,Q8285252
Q152057,P159,Q84
Q152057,P1343,Q17290934
Q152057,P488,Q963421
Q152057,P488,Q718292
Q152057,P169,Q421864
Q152057,P169,Q69703422
Q152057,P155,Q865030
Q152057,P155,Q267380
Q152057,P17,Q145
Q152057,P112,Q2142803
Q152057,P1454,Q5225895
Q152057,P1454,Q891723
Q152057,P463,Q1067760
Q152057,P355,Q20659273
Q152057,P355,Q28974620
Q152057,P355,Q30338208
Q152057,P355,Q30338210
Q152057,P355,Q304769
Q152057,P355,Q465952
Q152057,P355,Q5050816
Q152057,P355,Q1049970
Q152057,P355,Q8239905
Q152057,P1830,Q5472627
Q152057,P1830,Q1141123
Q152057,P361,Q466496
Q152057,P1056,Q22656
Q152057,P127,Q219635
Q226025,P31,Q4167410
Q226025,P460,Q29445180
Q226903,P31,Q4167410
Q295338,P31,Q4167410
Q224270,P31,Q4167410
Q226675,P31,Q4167410
Q226665,P31,Q4167410
Q17563415,P31,Q4167410
Q17563415,P1889,Q234753
Q219099,P31,Q4167410
Q235907,P31,Q4167410
Q224825,P31,Q4167410
Q255262,P31,Q4167410
Q285559,P31,Q4167410
Q399697,P31,Q4167410
Q226365,P31,Q4167410
Q226365,P460,Q2551356
Q226365,P460,Q416009
Q226365,P460,Q351500
Q226365,P460,Q20661779
Q226365,P460,Q4515115
Q245909,P31,Q4167410
Q245909,P1889,Q37291357
Q257991,P31,Q4167410
Q257991,P1889,Q20030648
Q257991,P1889,Q19810509
Q257991,P1889,Q55267
Q257991,P1889,Q4515557
Q257991,P1889,Q10894685
Q257991,P1889,Q10917074
Q257991,P1889,Q10943614
Q257991,P1889,Q10945273
Q257991,P1889,Q11054368
Q257991,P1889,Q1688839
Q257991,P1889,Q4505417
Q257991,P1889,Q11090444
Q257991,P1889,Q15898289
Q257991,P460,Q13564054
Q257991,P460,Q1307187
Q258038,P31,Q4167410
Q258038,P1889,Q4505459
Q258038,P1889,Q17210163
Q258038,P1889,Q65953670
Q297925,P31,Q4167410
Q297925,P1889,Q39235
Q11570,P31,Q223662
Q11570,P31,Q3647172
Q11570,P31,Q69197847
Q11570,P111,Q11423
Q11570,P1343,Q2657718
Q11570,P1343,Q68977219
Q11570,P1343,Q2041543
Q11570,P361,Q512417
Q11570,P361,Q12457
Q11570,P5008,Q5460604
Q11570,P459,Q12453
Q11570,P459,Q976981
Q11570,P138,Q107428
Q11570,P138,Q41803
Q11570,P1889,Q216880
Q219091,P31,Q4167410
Q219091,P1889,Q20064958
Q226643,P31,Q4167410
Q452969,P183,Q664
Q452969,P105,Q36602
Q452969,P171,Q19166
Q452969,P31,Q23038290
Q452969,P910,Q9577699
Q452969,P1343,Q602358
Q7560,P1687,P25
Q7560,P31,Q171318
Q7560,P279,Q7566
Q7560,P279,Q84048852
Q7560,P1343,Q2657718
Q7560,P1343,Q1970746
Q7560,P1343,Q1970746
Q7560,P1343,Q4086271
Q7560,P1343,Q4173137
Q7560,P1552,Q6581072
Q7560,P179,Q267388
Q7560,P461,Q29514218
Q7560,P461,Q7565
Q7560,P1269,Q1956046
Q231957,P31,Q4167410
Q406651,P31,Q4167410
Q223829,P31,Q4167410
Q257892,P31,Q4167410
Q257892,P1889,Q37536014
Q257892,P1889,Q39240956
Q566941,P31,Q4167410
Q227946,P31,Q4167410
Q1209173,P31,Q4167410
Q223996,P31,Q4167410
Q407509,P31,Q4167410
Q233949,P31,Q4167410
Q233949,P1889,Q2367019
Q249501,P31,Q4167410
Q249501,P460,Q4050555
Q297519,P31,Q4167410
Q1938377,P641,Q5377
Q1938377,P279,Q48979037
Q1938377,P279,Q15989253
Q1938377,P279,Q2467501
Q400549,P31,Q4167410
Q257247,P31,Q4167410
Q227950,P31,Q4167410
Q229665,P31,Q4167410
Q352546,P31,Q4167410
Q352546,P1889,Q64214975
Q352546,P1889,Q70335088
Q352546,P460,Q11254712
Q668935,P176,Q666703
Q668935,P279,Q3959904
Q668935,P31,Q811704
Q668935,P1064,Q1999572
Q668935,P137,Q76987
Q668935,P137,Q1180332
Q668935,P137,Q249591
Q668935,P137,Q83835
Q668935,P137,Q766616
Q668935,P137,Q83878
Q668935,P137,Q81123
Q668935,P137,Q776749
Q668935,P137,Q9395008
Q668935,P137,Q83825
Q668935,P137,Q23076
Q668935,P137,Q365126
Q668935,P137,Q591484
Q668935,P137,Q1407994
Q668935,P137,Q168082
Q668935,P137,Q1033911
Q668935,P137,Q442637
Q668935,P137,Q18853
Q668935,P137,Q2120500
Q668935,P137,Q1326458
Q668935,P137,Q50357849
Q668935,P137,Q617956
Q668935,P137,Q1275038
Q668935,P527,Q87714334
Q668935,P527,Q87714348
Q410380,P31,Q4167410
Q1652496,P31,Q4167410
Q1048500,P31,Q1964689
Q1048500,P17,Q3446159
Q1048500,P361,Q2283406
Q1048500,P35,Q2567607
Q251969,P31,Q4167410
Q408343,P31,Q4167410
Q135835,P31,Q4167410
Q3574336,P31,Q4167410
Q135877,P31,Q4167410
Q135931,P31,Q4167410
Q136346,P31,Q4167410
Q136532,P31,Q4167410
Q4545612,P31,Q4167410
Q208951,P31,Q4167410
Q4642460,P31,Q4167410
Q4642477,P31,Q4167410
Q4645186,P31,Q4167410
Q228260,P31,Q4167410
Q224085,P31,Q4167410
Q292590,P31,Q4167410
Q250304,P31,Q4167410
Q297015,P31,Q4167410
Q887314,P31,Q4167410
Q887314,P460,Q4073994
Q887314,P460,Q890136
Q887314,P1889,Q1234223
Q887314,P1889,Q20083705
Q887314,P1889,Q2662728
Q887314,P1889,Q15948116
Q228317,P31,Q4167410
Q14907896,P279,Q20747295
Q14907896,P1057,Q847102
Q14907896,P684,Q14907897
Q14907896,P684,Q24368830
Q14907896,P684,Q29782170
Q14907896,P684,Q29772707
Q14907896,P684,Q29763333
Q14907896,P688,Q3201121
Q14907896,P2548,Q22809711
Q14907896,P703,Q15978631
Q14907896,P31,Q7187
Q217871,P31,Q4167410
Q217871,P1889,Q37235714
Q217871,P1889,Q96274521
Q297666,P31,Q4167410
Q297666,P1889,Q13553622
Q217488,P31,Q4167410
Q224809,P31,Q4167410
Q227748,P31,Q4167410
Q235265,P31,Q4167410
Q227964,P31,Q4167410
Q1166324,P31,Q4167410
Q239011,P31,Q4167410
Q37143,P910,Q7029005
Q37143,P31,Q245065
Q37143,P31,Q28963381
Q37143,P1889,Q1764511
Q37143,P1889,Q361156
Q37143,P710,Q16
Q37143,P710,Q142
Q37143,P710,Q183
Q37143,P710,Q38
Q37143,P710,Q17
Q37143,P710,Q159
Q37143,P710,Q145
Q37143,P710,Q30
Q37143,P1365,Q1764511
Q37143,P1366,Q1764511
Q404001,P31,Q4167410
Q294401,P31,Q4167410
Q410371,P31,Q4167410
Q408026,P31,Q4167410
Q55050702,P31,Q4167410
Q349860,P31,Q4167410
Q293828,P31,Q4167410
Q1719219,P31,Q4167410
Q224823,P31,Q4167410
Q219103,P31,Q4167410
Q217502,P31,Q4167410
Q7047825,P31,Q532
Q7047825,P17,Q1033
Q708,P910,Q7034673
Q708,P279,Q19591
Q708,P31,Q11344
Q708,P31,Q2512777
Q708,P31,Q55427776
Q708,P31,Q55427774
Q708,P31,Q72941151
Q708,P31,Q187661
Q708,P1542,Q110315
Q708,P1343,Q2657718
Q708,P1343,Q1138524
Q708,P1343,Q602358
Q708,P1343,Q1768721
Q708,P2959,Q29014733
Q708,P1889,Q947546
Q708,P462,Q42519
Q708,P1552,Q691914
Q708,P361,Q239813
Q708,P361,Q106693
Q708,P366,Q3535009
Q1172292,P31,Q4167410
Q226378,P31,Q4167410
Q395446,P31,Q4167410
Q226369,P31,Q4167410
Q228298,P31,Q4167410
Q7391971,P31,Q4167410
Q201961,P31,Q4167410
Q225563,P31,Q4167410
Q225563,P1889,Q21061411
Q225563,P1889,Q96440226
Q231232,P31,Q4167410
Q357758,P31,Q4167410
Q298982,P31,Q4167410
Q341174,P279,Q724736
Q341174,P31,Q2576663
Q341174,P910,Q30598025
Q341174,P1889,Q294984
Q210510,P1687,P1903
Q210510,P527,Q19988083
Q210510,P527,Q19988064
Q210510,P527,Q19988003
Q210510,P527,Q19987976
Q210510,P527,Q19986423
Q210510,P527,Q19988184
Q210510,P527,Q19988258
Q210510,P527,Q19988329
Q210510,P527,Q19988452
Q210510,P1269,Q102904
Q210510,P279,Q932268
Q210510,P910,Q8179025
Q1533622,P31,Q4167410
Q424596,P31,Q4167410
Q419437,P31,Q4167410
Q485045,P176,Q81965
Q485045,P156,Q482572
Q485045,P31,Q3231690
Q898422,P279,Q23005640
Q898422,P1889,Q185056
Q898422,P910,Q8823543
Q426602,P31,Q19793988
Q426602,P361,Q8209
Q136283,P31,Q4167410
Q136372,P31,Q4167410
Q297140,P31,Q4167410
Q297140,P910,Q9620914
Q297140,P1343,Q2657718
Q2971,P47,Q183449
Q2971,P47,Q183307
Q2971,P47,Q183262
Q2971,P47,Q183483
Q2971,P47,Q183374
Q2971,P47,Q183515
Q2971,P47,Q16146
Q2971,P17,Q183
Q2971,P421,Q6655
Q2971,P421,Q6723
Q2971,P31,Q42744322
Q2971,P31,Q1549591
Q2971,P31,Q1548518
Q2971,P31,Q707813
Q2971,P31,Q134626
Q2971,P910,Q8708791
Q2971,P131,Q6224
Q2971,P190,Q1476
Q2971,P190,Q184579
Q2971,P190,Q79892
Q2971,P190,Q10282
Q2971,P190,Q208473
Q2971,P190,Q79880
Q2971,P190,Q170322
Q2971,P190,Q16204
Q2971,P190,Q167749
Q2971,P1464,Q8067484
Q2971,P1465,Q9219399
Q2971,P1792,Q8745156
Q2971,P1343,Q2041543
Q2971,P1343,Q4091878
Q2971,P1343,Q602358
Q2971,P1343,Q316838
Q2971,P485,Q28720107
Q2971,P1376,Q6224
Q2971,P6,Q1384493
Q2971,P1830,Q637827
Q2971,P463,Q2359812
Q2971,P7867,Q84049266
Q178413,P31,Q1302471
Q178413,P31,Q21652125
Q178413,P279,Q1302471
Q178413,P1889,Q23925410
Q178413,P1889,Q23925413
Q178413,P1889,Q500515
Q164,P279,Q209
Q164,P279,Q41159
Q164,P279,Q97150652
Q164,P279,Q7333618
Q164,P279,Q213723
Q164,P279,Q1187914
Q164,P279,Q268132
Q164,P279,Q97292781
Q164,P279,Q97292589
Q164,P279,Q97321271
Q164,P279,Q97321363
Q164,P1322,Q164
Q164,P1312,Q26382
Q164,P910,Q15659015
Q164,P1552,Q15921574
Q164,P1552,Q28474
Q164,P1552,Q3799068
Q164,P1552,Q3678113
Q164,P2959,Q1936713
Q164,P1343,Q602358
Q164,P1343,Q19180675
Q164,P1343,Q1970746
Q164,P31,Q815741
Q836925,P1343,Q2041543
Q836925,P1343,Q602358
Q836925,P1343,Q1970746
Q836925,P279,Q10870555
Q836925,P279,Q1190554
Q836925,P1889,Q19504864
Q836925,P527,Q1744220
Q836925,P31,Q2135465
Q3570305,P31,Q7889
Q3570305,P404,Q208850
Q3570305,P136,Q270948
Q3570305,P400,Q10676
Q3570305,P123,Q122741
Q3570305,P287,Q5572820
Q3570305,P437,Q633454
Q3570305,P479,Q273140
Q3570305,P495,Q30
Q5877294,P31,Q4167410
Q381442,P279,Q151900
Q381442,P460,Q98089805
Q7899262,P31,Q4167410
Q11158,P279,Q11173
Q11158,P910,Q7006753
Q11158,P5008,Q5460604
Q11158,P461,Q11193
Q11158,P1557,Q2795949
Q11158,P1542,Q337120
Q11158,P527,Q99553188
Q7238261,P31,Q12308941
Q7238261,P1889,Q1350343
Q7238261,P282,Q8229
Q839478,P31,Q13406463
Q839478,P360,Q18343316
Q839478,P1754,Q10188845
Q839478,P1754,Q9112913
Q839478,P1424,Q6468561
Q14524612,P31,Q151885
Q14524612,P279,Q176953
Q14524612,P279,Q545981
Q14524612,P138,Q200822
Q14524612,P461,Q265186
Q14524612,P1534,Q182270
Q399397,P31,Q4167410
Q500,P31,Q16521
Q500,P105,Q7432
Q500,P171,Q81513
Q500,P1343,Q2657718
Q500,P1343,Q1138524
Q500,P4000,Q1429336
Q500,P1672,Q1093742
Q500,P1672,Q206541
Q500,P566,Q50892829
Q354671,P31,Q4167410
Q354671,P1889,Q1094883
Q354671,P1889,Q648949
Q347690,P279,Q14748
Q347690,P279,Q39546
Q347690,P910,Q8950293
Q347690,P366,Q1914636
Q347690,P1479,Q223557
Q347690,P1479,Q214609
Q347690,P1479,Q39546
Q347690,P276,Q628858
Q347690,P1343,Q19180675
Q347690,P1343,Q602358
Q347690,P1343,Q4532135
Q347690,P1889,Q192525
Q54114,P279,Q79007
Q54114,P460,Q7543083
Q54114,P460,Q207934
Q54114,P31,Q7860962
Q54114,P1343,Q3181656
Q54114,P1343,Q2657718
Q54114,P910,Q9459996
Q792164,P910,Q8412977
Q537953,P31,Q4167410
Q537953,P1889,Q16088678
Q537953,P460,Q987325
Q5419409,P31,Q4830453
Q5419409,P156,Q223407
Q5419409,P112,Q6365719
Q5419409,P159,Q16553
Q5419409,P1056,Q1546066
Q5419409,P17,Q30
Q5419409,P452,Q1301371
Q1156976,P1889,Q44864529
Q1156976,P279,Q1914636
Q5439522,P31,Q4167410
Q17128870,P31,Q4167410
Q75904909,P31,Q4167410
Q845060,P1343,Q2657718
Q845060,P279,Q20203388
Q845060,P279,Q614112
Q845060,P2738,Q23766486
Q845060,P2738,Q23766486
Q3335466,P31,Q4167410
Q3335466,P1889,Q83478504
Q201859,P31,Q4167410
Q299816,P31,Q4167410
Q299816,P1889,Q11060838
Q299816,P1889,Q16280625
Q299816,P1889,Q96182822
Q105537,P31,Q4167410
Q105537,P460,Q100324153
Q449258,P31,Q4167410
Q4050051,P31,Q4167410
Q1501161,P279,Q188075
Q1501161,P279,Q366134
Q1220361,P31,Q4167410
Q1220361,P1889,Q16965681
Q1501914,P31,Q26430975
Q1501914,P144,Q13360597
Q1261,P1151,Q14615343
Q1261,P17,Q30
Q1261,P36,Q16554
Q1261,P47,Q1214
Q1261,P47,Q1553
Q1261,P47,Q1558
Q1261,P47,Q1649
Q1261,P47,Q1522
Q1261,P47,Q829
Q1261,P47,Q816
Q1261,P31,Q35657
Q1261,P37,Q1860
Q1261,P138,Q1265
Q1261,P163,Q492546
Q1261,P421,Q2212
Q1261,P421,Q28145790
Q1261,P131,Q30
Q1261,P910,Q6808908
Q1261,P194,Q5148810
Q1261,P150,Q112807
Q1261,P150,Q311901
Q1261,P150,Q311904
Q1261,P150,Q311894
Q1261,P150,Q156429
Q1261,P150,Q312201
Q1261,P150,Q113029
Q1261,P150,Q492819
Q1261,P150,Q113423
Q1261,P150,Q311908
Q1261,P150,Q112977
Q1261,P150,Q312455
Q1261,P150,Q311897
Q1261,P150,Q312254
Q1261,P150,Q312155
Q1261,P150,Q312149
Q1261,P150,Q16554
Q1261,P150,Q312449
Q1261,P150,Q115556
Q1261,P150,Q115551
Q1261,P150,Q115563
Q1261,P150,Q111774
Q1261,P150,Q115583
Q1261,P150,Q115568
Q1261,P150,Q115577
Q1261,P150,Q115589
Q1261,P150,Q127979
Q1261,P150,Q128080
Q1261,P150,Q127973
Q1261,P150,Q127975
Q1261,P150,Q127978
Q1261,P150,Q127972
Q1261,P150,Q128079
Q1261,P150,Q32349
Q1261,P150,Q128096
Q1261,P150,Q127970
Q1261,P150,Q128075
Q1261,P150,Q312586
Q1261,P150,Q312470
Q1261,P150,Q153251
Q1261,P150,Q312473
Q1261,P150,Q63729
Q1261,P150,Q312497
Q1261,P150,Q312740
Q1261,P150,Q312748
Q1261,P150,Q312509
Q1261,P150,Q426699
Q1261,P150,Q312742
Q1261,P150,Q312451
Q1261,P150,Q312475
Q1261,P150,Q175035
Q1261,P150,Q312731
Q1261,P150,Q492044
Q1261,P150,Q312737
Q1261,P150,Q312734
Q1261,P150,Q312563
Q1261,P150,Q370710
Q1261,P150,Q312750
Q1261,P150,Q311921
Q1261,P150,Q312453
Q1261,P150,Q312746
Q1261,P150,Q312487
Q1261,P150,Q94783
Q1261,P150,Q312744
Q1261,P1464,Q8058692
Q1261,P1465,Q8365404
Q1261,P1740,Q6547989
Q1261,P1791,Q8328555
Q1261,P1792,Q7116998
Q1261,P1313,Q29514964
Q1261,P1343,Q2657718
Q1261,P1343,Q602358
Q1261,P1343,Q3181656
Q1261,P2633,Q5535134
Q1261,P6,Q430518
Q1261,P6,Q935734
Q1261,P1424,Q14457800
Q1261,P2959,Q25675674
Q1261,P610,Q657225
Q1261,P1589,Q4069243
Q1261,P2184,Q5775740
Q1261,P361,Q527825
Q1261,P361,Q578170
Q1261,P5125,Q7112232
Q1261,P457,Q5164262
Q1261,P209,Q5148967
Q1261,P208,Q53709973
Q1261,P1365,Q1111241
Q1261,P2238,Q1194261
Q1261,P2936,Q56510
Q1261,P2936,Q13310
Q1261,P2936,Q13260
Q1261,P2936,Q33044
Q1261,P7867,Q65098104
Q1261,P418,Q868355
Q1261,P8402,Q97143250
Q1261,P30,Q828
Q1261,P190,Q125863
Q1397129,P31,Q4167410
Q1397129,P1889,Q27208296
Q437750,P31,Q4167410
Q404946,P31,Q4167410
Q2263080,P31,Q4167410
Q34362,P31,Q1043197
Q34362,P31,Q60031086
Q34362,P910,Q7215601
Q34362,P1343,Q20961706
Q34362,P1343,Q2041543
Q34362,P1343,Q602358
Q34362,P1343,Q4173137
Q34362,P1343,Q19180675
Q34362,P1343,Q1138524
Q34362,P1343,Q30059240
Q34362,P1343,Q3181656
Q34362,P1889,Q333
Q34362,P3095,Q155647
Q34362,P279,Q483677
Q34362,P1151,Q11015626
Q223987,P31,Q4167410
Q1367,P31,Q55983715
Q1367,P31,Q55983715
Q1367,P910,Q7149745
Q1367,P1343,Q2657718
Q1367,P1343,Q4086271
Q1367,P1343,Q602358
Q1367,P1343,Q19180675
Q1367,P1343,Q1970746
Q1367,P1343,Q19190511
Q1367,P1343,Q1768721
Q1367,P1889,Q5452918
Q1367,P279,Q7377
Q402723,P31,Q4167410
Q402723,P1889,Q37054744
Q178518,P31,Q4167410
Q178518,P1889,Q19750549
Q194152,P279,Q3249551
Q194152,P910,Q7013893
Q194152,P2738,Q23766486
Q194152,P2579,Q30642
Q194152,P2579,Q21198
Q235086,P31,Q899523
Q235086,P31,Q28922858
Q235086,P31,Q9143
Q235086,P910,Q8754949
Q235086,P737,Q132874
Q235086,P737,Q10371720
Q235086,P737,Q212569
Q235086,P178,Q92742
Q235086,P178,Q11605
Q235086,P178,Q92772
Q235086,P178,Q5271235
Q235086,P287,Q92742
Q235086,P3966,Q79872
Q235086,P3966,Q5127844
Q1196373,P31,Q4167410
Q1196373,P1889,Q1410170
Q508719,P361,Q3918
Q508719,P1687,P3876
Q508719,P279,Q48282
Q508719,P279,Q5
Q508719,P31,Q189970
Q508719,P910,Q22337950
Q272502,P495,Q36
Q272502,P279,Q21595102
Q272502,P279,Q28134486
Q272502,P279,Q2095
Q272502,P910,Q8285990
Q272502,P527,Q36465
Q272502,P1419,Q12510
Q272502,P2596,Q34069
Q272502,P361,Q284288
Q272502,P361,Q84184760
Q7937,P279,Q1293220
Q7937,P910,Q7143452
Q7937,P101,Q52139
Q7937,P101,Q25261
Q7937,P1687,P2564
Q7937,P1343,Q2657718
Q7937,P1343,Q2041543
Q7937,P2579,Q52139
Q7937,P2579,Q25261
Q7937,P5008,Q5460604
Q7937,P5008,Q54439832
Q7937,P1424,Q19803085
Q411701,P31,Q4167410
Q411701,P1889,Q16275605
Q411701,P1889,Q16869749
Q411701,P460,Q407328
Q7141520,P31,Q12308941
Q7141520,P460,Q15238167
Q7141520,P460,Q16898983
Q7141520,P460,Q15235674
Q7141520,P460,Q15238531
Q7141520,P460,Q18681577
Q7141520,P460,Q19801054
Q7141520,P460,Q19831459
Q7141520,P460,Q5401576
Q7141520,P460,Q599297
Q7141520,P460,Q12241622
Q7141520,P460,Q17480899
Q7141520,P460,Q18064323
Q7141520,P460,Q570669
Q7141520,P460,Q1929038
Q7141520,P460,Q2631249
Q7141520,P460,Q15238549
Q7141520,P460,Q16274713
Q7141520,P460,Q17485389
Q7141520,P460,Q27873442
Q7141520,P460,Q27067663
Q7141520,P460,Q18515712
Q7141520,P460,Q35663473
Q7141520,P460,Q79605928
Q7141520,P460,Q18352645
Q7141520,P460,Q62054042
Q7141520,P460,Q606213
Q7141520,P460,Q69336680
Q7141520,P460,Q492282
Q7141520,P460,Q91733158
Q7141520,P407,Q652
Q7141520,P407,Q1321
Q7141520,P407,Q5146
Q7141520,P407,Q7411
Q7141520,P1533,Q12784939
Q7141520,P1533,Q37056932
Q7141520,P1889,Q15238167
Q7141520,P1889,Q599425
Q7141520,P1889,Q4771919
Q7141520,P282,Q8229
Q7141520,P5323,Q21644845
Q7141520,P1560,Q2363857
Q7141520,P1750,Q2614
Q224386,P31,Q4167410
Q358535,P31,Q4167410
Q358535,P1889,Q23797712
Q37273022,P31,Q101352
Q37273022,P1889,Q704845
Q37273022,P282,Q8229
Q15146013,P31,Q4167410
Q15146013,P1889,Q1733343
Q15146013,P1889,Q16876227
Q596643,P279,Q14904124
Q596643,P279,Q6982032
Q596643,P279,Q2627975
Q596643,P279,Q14713606
Q596643,P527,Q370553
Q596643,P527,Q14713606
Q596643,P361,Q2626877
Q558564,P361,Q3093307
Q558564,P31,Q18343316
Q558564,P361,Q3093307
Q558564,P31,Q18343316
Q7455887,P31,Q4167410
Q4641664,P31,Q4167410
Q1201068,P31,Q4167410
Q249267,P31,Q4167410
Q249267,P1889,Q37036484
Q40218,P279,Q7194062
Q40218,P910,Q6455540
Q40218,P1963,P1201
Q40218,P1424,Q6050248
Q421718,P31,Q4167410
Q421718,P1889,Q37569007
Q702308,P22,Q1223636
Q702308,P21,Q6581097
Q702308,P20,Q3185
Q702308,P31,Q5
Q702308,P841,Q3024
Q702308,P411,Q12774503
Q702308,P411,Q3464126
Q702308,P27,Q183
Q702308,P106,Q250867
Q702308,P735,Q3638846
Q702308,P910,Q8905496
Q702308,P19,Q164092
Q702308,P1343,Q590208
Q702308,P1343,Q602358
Q702308,P39,Q611644
Q702308,P39,Q1144278
Q702308,P140,Q9592
Q702308,P1598,Q77564
Q705378,P21,Q6581097
Q705378,P31,Q5
Q705378,P39,Q18687305
Q705378,P735,Q988912
Q705378,P735,Q3650584
Q705378,P27,Q139377
Q705378,P411,Q43115
Q705378,P106,Q2304859
Q705378,P1343,Q46002746
Q705378,P19,Q139377
Q705378,P841,Q2956
Q3428494,P31,Q4167410
Q224246,P31,Q4167410
Q224246,P1889,Q16872194
Q7090216,P31,Q4167410
Q21449791,P31,Q101352
Q21449791,P1889,Q2050837
Q21449791,P282,Q8229
Q21449791,P407,Q9067
Q21449791,P361,Q10563560
Q17983455,P31,Q12308941
Q17983455,P460,Q19863305
Q17983455,P460,Q21473986
Q17983455,P460,Q18595908
Q17983455,P460,Q28045168
Q17983455,P460,Q654658
Q17983455,P460,Q1158484
Q17983455,P460,Q28052434
Q17983455,P460,Q28052442
Q17983455,P1889,Q4379322
Q17983455,P1533,Q21510769
Q17983455,P282,Q8229
Q1363276,P31,Q20202269
Q358003,P31,Q4167410
Q1195470,P527,Q228039
Q1195470,P279,Q2741056
Q1195470,P1889,Q6515721
Q1166460,P31,Q4167410
Q1166460,P1889,Q712519
Q1166460,P1889,Q30310
Q832436,P910,Q8619149
Q297325,P31,Q4167410
Q7928095,P31,Q5398426
Q7928095,P495,Q408
Q7928095,P449,Q781365
Q2538546,P31,Q4167410
Q2538546,P1889,Q37447031
Q421641,P31,Q4167410
Q421641,P1889,Q16479730
Q421641,P1889,Q58326481
Q260620,P31,Q4167410
Q256394,P31,Q4167410
Q441901,P31,Q4167410
Q1179168,P31,Q4167410
Q8043404,P31,Q7397
Q8043404,P4969,Q11254859
Q8043404,P400,Q178481
Q8043404,P1072,Q901031
Q14658,P527,Q4035705
Q14658,P910,Q7138881
Q14658,P279,Q55755785
Q14658,P361,Q635130
Q14658,P178,Q846594
Q3494308,P31,Q4167410
Q69158,P279,Q99826317
Q69158,P279,Q3300034
Q69158,P279,Q26972858
Q69158,P61,Q747341
Q1445139,P31,Q4167410
Q1445139,P1889,Q37226603
Q608660,P50,Q957671
Q608660,P136,Q219559
Q608660,P136,Q15637293
Q608660,P31,Q21198342
Q608660,P495,Q17
Q608660,P407,Q5287
Q608660,P4969,Q99027183
Q608660,P2360,Q237338
Q608660,P1433,Q81268
Q225330,P31,Q4167410
Q225330,P1889,Q19813027
Q225330,P1889,Q14921982
Q397315,P31,Q4167410
Q10854248,P31,Q4167410
Q8454,P279,Q1763090
Q8454,P279,Q1931388
Q8454,P279,Q149086
Q8454,P279,Q186361
Q8454,P910,Q7013221
Q8454,P1343,Q302556
Q8454,P1343,Q21002838
Q8454,P1343,Q1768721
Q8454,P5008,Q5460604
Q8454,P5008,Q13382529
Q8454,P1542,Q3966286
Q8454,P3095,Q207651
Q439664,P31,Q4167410
Q439664,P1343,Q2657718
Q404877,P31,Q4167410
Q353000,P31,Q4167410
Q939330,P31,Q4167410
Q408707,P31,Q4167410
Q408707,P1889,Q19158868
Q408707,P1889,Q100271064
Q224015,P31,Q4167410
Q1146546,P31,Q605117
Q1146546,P361,Q783066
Q16559,P138,Q250040
Q16559,P190,Q6487
Q16559,P190,Q38380
Q16559,P190,Q53077
Q16559,P190,Q3104
Q16559,P190,Q2868
Q16559,P190,Q3909
Q16559,P190,Q245023
Q16559,P190,Q2096
Q16559,P190,Q199609
Q16559,P190,Q205679
Q16559,P31,Q1093829
Q16559,P31,Q1549591
Q16559,P31,Q21518270
Q16559,P17,Q30
Q16559,P910,Q8883379
Q16559,P421,Q5385
Q16559,P131,Q110426
Q16559,P1464,Q17131505
Q16559,P1465,Q9685555
Q16559,P1740,Q7523077
Q16559,P1792,Q7117192
Q16559,P1376,Q1439
Q16559,P1343,Q20749109
Q16559,P1343,Q602358
Q16559,P1343,Q3181656
Q16559,P1830,Q1430913
Q16559,P7867,Q84133115
Q16559,P1889,Q108386
Q16559,P8402,Q97144737
Q179415,P31,Q205961
Q179415,P31,Q2695280
Q179415,P31,Q55214844
Q179415,P910,Q7012560
Q179415,P1343,Q678259
Q179415,P1343,Q2657718
Q179415,P1343,Q5217764
Q179415,P279,Q1190058
Q179415,P279,Q796194
Q179415,P3095,Q6005272
Q179415,P31,Q205961
Q179415,P31,Q2695280
Q179415,P31,Q55214844
Q179415,P910,Q7012560
Q179415,P1343,Q678259
Q179415,P1343,Q2657718
Q179415,P1343,Q5217764
Q179415,P279,Q1190058
Q179415,P279,Q796194
Q179415,P3095,Q6005272
Q12980,P59,Q10478
Q12980,P31,Q995268
Q12980,P31,Q662656
Q12980,P31,Q2088753
Q12980,P31,Q1993624
Q12980,P31,Q6243
Q12980,P31,Q10451997
Q12980,P31,Q67206691
Q12980,P881,Q1393939
Q12980,P6259,Q1264450
Q12980,P1441,Q1474668
Q12980,P1441,Q73426400
Q12980,P1441,Q73426397
Q12980,P1343,Q2041543
Q3799482,P31,Q4830453
Q3799482,P159,Q49190
Q3799482,P159,Q49111
Q3799482,P17,Q30
Q3799482,P156,Q2925856
Q207326,P910,Q7091327
Q207326,P279,Q271669
Q207326,P279,Q2221906
Q207326,P279,Q14524493
Q207326,P361,Q54050
Q207326,P361,Q8502
Q207326,P1963,P361
Q207326,P1963,P2044
Q207326,P1963,P2660
Q207326,P1963,P8450
Q207326,P1424,Q5825897
Q1044679,P1343,Q602358
Q1044679,P279,Q6666023
Q2208091,P31,Q4167410
Q255266,P31,Q9415
Q255266,P31,Q16748867
Q255266,P361,Q9357054
Q255266,P361,Q28481737
Q255266,P361,Q77468620
Q255266,P461,Q333173
Q255266,P1889,Q1362683
Q255266,P1382,Q1362683
Q400752,P31,Q4167410
Q5570878,P460,Q17442682
Q5570878,P460,Q18809387
Q5570878,P460,Q1984564
Q5570878,P1533,Q18808940
Q5570878,P31,Q12308941
Q5570878,P1889,Q5570916
Q5570878,P407,Q9142
Q5570878,P407,Q1860
Q5570878,P361,Q16280039
Q5570878,P282,Q8229
Q5570878,P1343,Q151
Q425209,P31,Q4167410
Q425209,P1889,Q37008247
Q487343,P279,Q64817736
Q487343,P1424,Q13518475
Q487343,P155,Q4439
Q487343,P1889,Q174077
Q487343,P527,Q174077
Q487343,P527,Q5457562
Q487343,P527,Q20738631
Q487343,P527,Q189396
Q487343,P527,Q5322
Q487343,P31,Q193395
Q24905,P910,Q8225370
Q24905,P31,Q82042
Q24905,P1343,Q2041543
Q24905,P1343,Q20078554
Q24905,P279,Q8171
Q24905,P361,Q257885
Q24905,P180,Q3249551
Q24905,P180,Q451967
Q24905,P2354,Q54553995
Q24905,P1963,P5401
Q24905,P1889,Q3249551
Q307160,P361,Q300914
Q307160,P361,Q4035705
Q307160,P361,Q1022270
Q307160,P31,Q29642901
Q3835955,P31,Q4167410
Q40936,P2959,Q28972776
Q40936,P1269,Q38695
Q40936,P1269,Q11158
Q40936,P1269,Q11193
Q40936,P61,Q319325
Q40936,P279,Q71550700
Q40936,P279,Q11349892
Q228591,P31,Q4167410
Q228591,P1889,Q16889836
Q228591,P910,Q7217109
Q77776,P279,Q101991
Q77776,P279,Q1441305
Q77776,P1479,Q2142251
Q255722,P910,Q7904078
Q255722,P1343,Q2041543
Q255722,P1343,Q602358
Q255722,P1343,Q19180675
Q255722,P1343,Q4114391
Q255722,P1343,Q1970746
Q255722,P279,Q11432
Q255722,P279,Q283
Q255722,P366,Q12760
Q255722,P366,Q188223
Q255722,P366,Q13406206
Q255722,P366,Q483634
Q255722,P366,Q189859
Q255722,P366,Q1759615
Q255722,P1889,Q662717
Q255722,P5008,Q99671171
Q238053,P279,Q1190554
Q238053,P910,Q13397133
Q238053,P1343,Q2657718
Q238053,P1889,Q31908215
Q413061,P31,Q4167410
Q413061,P1889,Q4480591
Q2840257,P17,Q142
Q2840257,P31,Q4830453
Q2840257,P112,Q92853
Q2840257,P159,Q367553
Q25413,P17,Q34
Q25413,P131,Q499410
Q25413,P131,Q214829
Q25413,P131,Q21580235
Q25413,P131,Q21580236
Q25413,P131,Q21580158
Q25413,P131,Q21580211
Q25413,P131,Q21580230
Q25413,P131,Q21580232
Q25413,P131,Q21580265
Q25413,P131,Q21580284
Q25413,P131,Q21580294
Q25413,P910,Q7485650
Q25413,P31,Q12813115
Q25413,P31,Q1549591
Q25413,P1464,Q8061484
Q25413,P1465,Q9218912
Q25413,P1376,Q499410
Q25413,P1343,Q2041543
Q25413,P421,Q6655
Q25413,P421,Q6723
Q25413,P1792,Q9237548
Q25413,P7867,Q84048218
Q25413,P190,Q184403
Q217425,P31,Q4167410
Q217425,P1889,Q16873674
Q217425,P460,Q21081127
Q336989,P279,Q190903
Q336989,P279,Q12046531
Q336989,P279,Q66429760
Q336989,P910,Q55297819
Q336989,P1343,Q602358
Q336989,P1343,Q4086271
Q336989,P1343,Q20078554
Q336989,P1889,Q160066
Q336989,P5008,Q99671171
Q8351206,P31,Q4167410
Q8351206,P460,Q347803
Q10897,P155,Q14401
Q10897,P156,Q9902
Q10897,P361,Q8216
Q10897,P144,Q17522733
Q10897,P31,Q19793459
Q10897,P1343,Q2041543
Q10897,P1343,Q602358
Q10897,P1889,Q423475
Q79015,P1080,Q1152150
Q79015,P31,Q6439708
Q79015,P31,Q188784
Q79015,P31,Q1114461
Q79015,P31,Q15711870
Q79015,P31,Q15773317
Q79015,P31,Q63998451
Q79015,P31,Q3658341
Q79015,P21,Q6581097
Q79015,P25,Q3850003
Q79015,P25,Q2526061
Q79015,P170,Q380113
Q79015,P170,Q471619
Q79015,P22,Q2068759
Q79015,P22,Q17486714
Q79015,P910,Q7032976
Q79015,P463,Q735744
Q79015,P463,Q95031
Q79015,P463,Q7643960
Q79015,P463,Q1648096
Q79015,P463,Q956739
Q79015,P463,Q901233
Q79015,P106,Q188784
Q79015,P106,Q42909
Q79015,P26,Q845922
Q79015,P1165,Q623138
Q79015,P460,Q867810
Q79015,P2563,Q51879220
Q79015,P2563,Q6005390
Q79015,P2563,Q23012785
Q79015,P2563,Q1152040
Q79015,P2563,Q4386945
Q79015,P2563,Q47089021
Q79015,P2563,Q47102058
Q79015,P2563,Q83796280
Q79015,P2563,Q8041586
Q79015,P2563,Q47090903
Q79015,P2563,Q3504338
Q79015,P2563,Q83788671
Q79015,P2563,Q83795597
Q79015,P2563,Q83795698
Q79015,P2563,Q95594191
Q79015,P2563,Q83795575
Q79015,P19,Q6439722
Q79015,P27,Q30
Q79015,P735,Q3679146
Q79015,P735,Q23017888
Q79015,P1441,Q343615
Q79015,P1441,Q520306
Q79015,P1441,Q14772351
Q79015,P1441,Q2405659
Q79015,P1441,Q4817223
Q79015,P1441,Q1115677
Q79015,P1441,Q213053
Q79015,P1441,Q267672
Q79015,P1441,Q528095
Q79015,P1441,Q1123006
Q79015,P1441,Q328695
Q79015,P1441,Q1292541
Q79015,P1441,Q622769
Q79015,P1441,Q20501835
Q79015,P1441,Q2359442
Q79015,P1441,Q1304696
Q79015,P1441,Q519682
Q79015,P1441,Q928007
Q79015,P1441,Q1277432
Q79015,P1441,Q180228
Q79015,P1441,Q18844732
Q79015,P1441,Q11926976
Q79015,P1441,Q1805503
Q79015,P1441,Q29715
Q79015,P1441,Q5640469
Q79015,P1441,Q1984869
Q79015,P1441,Q7643800
Q79015,P1441,Q655031
Q79015,P1441,Q2707472
Q79015,P1441,Q176376
Q79015,P1441,Q2650295
Q79015,P1441,Q2121056
Q79015,P1441,Q3129837
Q79015,P1441,Q3137760
Q79015,P1441,Q1339570
Q79015,P1441,Q250036
Q79015,P1441,Q1470464
Q79015,P1441,Q6669712
Q79015,P1441,Q635933
Q79015,P1441,Q11895326
Q79015,P1441,Q3977964
Q79015,P1441,Q619427
Q79015,P1441,Q27107
Q79015,P1441,Q1633467
Q79015,P1441,Q2312016
Q79015,P1441,Q2567343
Q79015,P1441,Q2407828
Q79015,P1441,Q2779056
Q79015,P1441,Q631367
Q79015,P1441,Q2620599
Q79015,P1441,Q785430
Q79015,P1441,Q4728320
Q79015,P1441,Q371440
Q79015,P1441,Q5204610
Q79015,P1441,Q112912
Q79015,P1441,Q2709431
Q79015,P1441,Q7643809
Q79015,P1441,Q12125315
Q79015,P1441,Q2608065
Q79015,P1441,Q16158374
Q79015,P1441,Q15710938
Q79015,P1441,Q18151272
Q79015,P1441,Q22251976
Q79015,P1441,Q27866060
Q79015,P1441,Q20058628
Q79015,P1441,Q19879419
Q79015,P1441,Q24717189
Q79015,P1441,Q1975401
Q79015,P1441,Q3504720
Q79015,P1441,Q4353838
Q79015,P1441,Q2618211
Q79015,P1441,Q7643829
Q79015,P1441,Q2527906
Q79015,P1441,Q2530979
Q79015,P1441,Q3504715
Q79015,P1441,Q7643850
Q79015,P1441,Q63919331
Q79015,P1441,Q810863
Q79015,P1038,Q9291384
Q79015,P1038,Q18237447
Q79015,P1038,Q738569
Q79015,P1038,Q11703510
Q79015,P40,Q27965060
Q79015,P40,Q5107095
Q79015,P40,Q16204982
Q79015,P451,Q338430
Q79015,P451,Q3853105
Q79015,P451,Q944728
Q79015,P451,Q2313711
Q79015,P451,Q17113253
Q79015,P451,Q6707865
Q79015,P175,Q935563
Q79015,P175,Q342537
Q79015,P175,Q174311
Q79015,P175,Q299324
Q79015,P175,Q5241199
Q79015,P175,Q313788
Q79015,P175,Q200261
Q79015,P175,Q432739
Q79015,P175,Q295498
Q79015,P175,Q2927489
Q79015,P175,Q4155075
Q79015,P175,Q2555480
Q79015,P175,Q351479
Q79015,P175,Q349857
Q79015,P175,Q615200
Q79015,P175,Q11882362
Q79015,P175,Q1140193
Q79015,P175,Q579804
Q79015,P175,Q312161
Q79015,P175,Q207506
Q79015,P175,Q5112157
Q79015,P175,Q296774
Q79015,P175,Q1147104
Q79015,P175,Q317516
Q79015,P175,Q7358853
Q79015,P175,Q525304
Q79015,P175,Q1408782
Q79015,P175,Q2403592
Q79015,P175,Q471157
Q79015,P175,Q315340
Q79015,P175,Q7407387
Q79015,P175,Q212064
Q79015,P175,Q7174977
Q79015,P175,Q349350
Q79015,P175,Q378672
Q79015,P175,Q73362
Q79015,P175,Q563425
Q79015,P175,Q42869
Q79015,P175,Q12240374
Q79015,P734,Q1739021
Q79015,P4584,Q5229132
Q79015,P551,Q2366408
Q79015,P551,Q1474926
Q79015,P157,Q126680
Q79015,P123,Q2924461
Q79015,P2868,Q1062345
Q79015,P1830,Q7643974
Q79015,P4969,Q328695
Q79015,P4969,Q528095
Q79015,P4969,Q622769
Q79015,P4969,Q774772
Q79015,P4969,Q928007
Q79015,P4969,Q1115677
Q79015,P4969,Q1123006
Q79015,P4969,Q1277432
Q79015,P4969,Q1292541
Q79015,P4969,Q1304696
Q79015,P4969,Q1549361
Q79015,P4969,Q1975401
Q79015,P4969,Q2354702
Q79015,P4969,Q2359442
Q79015,P4969,Q2405659
Q79015,P4969,Q2650295
Q79015,P4969,Q2723204
Q79015,P4969,Q3279678
Q79015,P4969,Q4111541
Q79015,P4969,Q4817223
Q79015,P4969,Q7597448
Q79015,P4969,Q7643826
Q79015,P4969,Q11895326
Q79015,P4969,Q11926976
Q79015,P4969,Q25419848
Q79015,P4969,Q57394096
Q79015,P4969,Q59641
Q79015,P4969,Q180228
Q79015,P4969,Q213053
Q79015,P4969,Q267672
Q79015,P4969,Q3977627
Q79015,P4969,Q59184158
Q79015,P4969,Q29715
Q79015,P4969,Q3504720
Q79015,P4969,Q4353838
Q79015,P4969,Q5640469
Q79015,P4969,Q2618211
Q79015,P4969,Q7643829
Q79015,P4969,Q7643800
Q79015,P4969,Q2407828
Q79015,P4969,Q7269180
Q79015,P7047,Q430698
Q79015,P7047,Q694790
Q79015,P7047,Q2260732
Q79015,P7047,Q592909
Q79015,P7047,Q126680
Q79015,P7047,Q2003133
Q79015,P1412,Q7976
Q79015,P1412,Q96108504
Q79015,P2354,Q4736593
Q6500754,P910,Q8551776
Q6500754,P31,Q1914636
Q6500754,P361,Q8434
Q6500754,P361,Q9347372
Q3344505,P31,Q4167410
Q134830,P279,Q62155
Q134830,P279,Q23585486
Q134830,P910,Q7334837
Q134830,P1889,Q54792077
Q134830,P461,Q102047
Q16555,P138,Q216547
Q16555,P190,Q8660
Q16555,P190,Q85
Q16555,P190,Q406
Q16555,P190,Q816845
Q16555,P190,Q12246
Q16555,P190,Q1855330
Q16555,P190,Q43509
Q16555,P190,Q5815
Q16555,P190,Q3897
Q16555,P190,Q273014
Q16555,P190,Q170616
Q16555,P190,Q1489
Q16555,P190,Q1519
Q16555,P190,Q1867
Q16555,P190,Q2079
Q16555,P190,Q9248
Q16555,P190,Q15174
Q16555,P190,Q25416
Q16555,P190,Q36405
Q16555,P910,Q7213844
Q16555,P1151,Q10883626
Q16555,P17,Q30
Q16555,P131,Q26676
Q16555,P163,Q2750384
Q16555,P421,Q2086913
Q16555,P421,Q5385
Q16555,P421,Q5390
Q16555,P31,Q1093829
Q16555,P31,Q1549591
Q16555,P31,Q1637706
Q16555,P194,Q5916428
Q16555,P1464,Q9225089
Q16555,P1465,Q9218629
Q16555,P1740,Q7522090
Q16555,P1792,Q6444178
Q16555,P6,Q213847
Q16555,P6,Q16751186
Q16555,P2633,Q5535157
Q16555,P1343,Q4173137
Q16555,P1343,Q602358
Q16555,P1343,Q602358
Q16555,P112,Q2340000
Q16555,P112,Q2340024
Q16555,P361,Q14227102
Q16555,P1791,Q19678009
Q16555,P1376,Q26676
Q16555,P1830,Q744748
Q16555,P1830,Q771340
Q16555,P1830,Q2435324
Q16555,P1830,Q4548066
Q16555,P2354,Q6619087
Q16555,P7867,Q84091621
Q16555,P8402,Q97143879
Q16555,P8744,Q5333680
Q25381,P279,Q4335792
Q25381,P279,Q83437
Q25381,P279,Q97571524
Q25381,P910,Q8469590
Q25381,P910,Q10806583
Q25381,P1343,Q2657718
Q25381,P1343,Q1138524
Q25381,P1343,Q30059240
Q25381,P1343,Q602358
Q25381,P1343,Q19180675
Q25381,P1343,Q1970746
Q25381,P1343,Q4091878
Q25381,P1343,Q3181656
Q25381,P1343,Q602358
Q25381,P1343,Q63284758
Q25381,P1343,Q1768721
Q25381,P1889,Q456808
Q25381,P366,Q161439
Q25381,P366,Q12140
Q25381,P366,Q131746
Q25381,P366,Q2393344
Q25381,P366,Q7205
Q25381,P138,Q188774
Q232841,P31,Q4167410
Q232841,P1889,Q37513206
Q47728,P279,Q61788060
Q47728,P279,Q184872
Q47728,P279,Q12737077
Q47728,P910,Q7216601
Q47728,P2354,Q6623388
Q175474,P31,Q4167410
Q175474,P1889,Q522739
Q175474,P1889,Q7256860
Q400506,P31,Q4167410
Q409597,P31,Q4167410
Q409597,P1889,Q37544720
Q228879,P31,Q4167410
Q43183,P279,Q15809678
Q43183,P279,Q837171
Q43183,P279,Q8187769
Q43183,P910,Q7013044
Q43183,P2959,Q16109685
Q43183,P361,Q1200977
Q43183,P361,Q189447
Q43183,P1424,Q13091211
Q43183,P1343,Q602358
Q43183,P1343,Q19180675
Q43183,P31,Q268592
Q43183,P31,Q8187769
Q43183,P3342,Q21028005
Q43183,P3095,Q691167
Q43183,P1889,Q2143354
Q43183,P1889,Q977871
Q43183,P1889,Q92121777
Q43183,P1889,Q92122548
Q43183,P1552,Q3546112
Q43183,P2184,Q3635533
Q2458020,P105,Q34740
Q2458020,P31,Q16521
Q2458020,P171,Q43238
Q2458020,P910,Q6289024
Q1025617,P131,Q22422587
Q1025617,P17,Q929
Q1025617,P31,Q486972
Q1025617,P1376,Q848578
Q30323936,P31,Q5
Q30323936,P27,Q20
Q30323936,P21,Q6581097
Q30323936,P106,Q639669
Q30323936,P735,Q4926263
Q30323936,P734,Q27888952
Q1163897,P31,Q4167410
Q1163897,P1889,Q37447431
Q354821,P31,Q4167410
Q354821,P1889,Q37280256
Q354821,P1889,Q240804
Q7187268,P31,Q4167410
Q4377407,P31,Q4167410
Q569874,P910,Q7056920
Q569874,P31,Q4650799
Q11635,P910,Q6995484
Q11635,P1151,Q10821605
Q11635,P1889,Q24354
Q11635,P1889,Q11812394
Q11635,P2959,Q27131923
Q11635,P1424,Q12930680
Q11635,P1343,Q30059240
Q11635,P1343,Q602358
Q11635,P1343,Q19180675
Q11635,P1343,Q4173137
Q11635,P5008,Q5460604
Q11635,P31,Q45971958
Q11635,P31,Q268592
Q11635,P31,Q11862829
Q11635,P279,Q184485
Q11635,P279,Q43229
Q11635,P5125,Q7112798
Q11635,P527,Q2416217
Q11635,P527,Q1797162
Q11635,P527,Q24354
Q11635,P3095,Q1776724
Q11635,P3095,Q79044120
Q11635,P3095,Q15839299
Q11635,P6104,Q14942918
Q416629,P31,Q4167410
Q416629,P1889,Q37498577
Q4022201,P31,Q4167410
Q1220469,P31,Q4167410
Q1220469,P1889,Q3715637
Q1220469,P1889,Q16869685
Q108429,P279,Q349
Q108429,P910,Q7013414
Q108429,P31,Q31629
Q108429,P31,Q2312410
Q108429,P417,Q183332
Q108429,P1343,Q2657718
Q108429,P1343,Q1138524
Q108429,P460,Q2393462
Q108429,P2869,Q25891
Q108429,P3095,Q13382355
Q108429,P3095,Q890527
Q108429,P2283,Q46311
Q108429,P2283,Q45922
Q108429,P1889,Q206989
Q108429,P1889,Q4443729
Q177923,P279,Q194189
Q177923,P279,Q15079592
Q177923,P1343,Q2041543
Q177923,P1343,Q602358
Q177923,P1343,Q19180675
Q177923,P1343,Q1138524
Q177923,P2579,Q771334
Q177923,P3095,Q2986283
Q177923,P910,Q7629763
Q228235,P31,Q4167410
Q228235,P460,Q16956974
Q342078,P31,Q4167410
Q885231,P31,Q4167410
Q885231,P1889,Q885233
Q725,P138,Q2948548
Q725,P910,Q7308367
Q725,P279,Q186752
Q725,P31,Q11344
Q725,P1542,Q21173579
Q725,P1343,Q2657718
Q725,P61,Q333438
Q725,P2868,Q7831165
Q725,P361,Q239825
Q725,P361,Q193280
Q725,P1889,Q1015373
Q217605,P279,Q1239288
Q217605,P279,Q70074579
Q217605,P31,Q4936952
Q217605,P1889,Q31907848
Q217605,P366,Q1174599
Q188497,P279,Q66737643
Q188497,P910,Q7686414
Q188497,P31,Q21506450
Q188497,P1889,Q2997701
Q188497,P2354,Q6628515
Q347724,P31,Q4167410
Q347724,P1889,Q37543562
Q442949,P31,Q4167410
Q1631090,P910,Q18821680
Q1631090,P31,Q1094617
Q1631090,P31,Q188784
Q1631090,P31,Q1114461
Q1631090,P31,Q15711870
Q1631090,P31,Q15773347
Q1631090,P31,Q1569167
Q1631090,P31,Q1975749
Q1631090,P1080,Q931597
Q1631090,P106,Q4991371
Q1631090,P106,Q178197
Q1631090,P463,Q482421
Q1631090,P463,Q128452
Q1631090,P463,Q322646
Q1631090,P463,Q938034
Q1631090,P463,Q911971
Q1631090,P463,Q609250
Q1631090,P463,Q3236029
Q1631090,P463,Q6484316
Q1631090,P463,Q24807439
Q1631090,P463,Q3485603
Q1631090,P463,Q2527918
Q1631090,P463,Q2053320
Q1631090,P463,Q2457162
Q1631090,P463,Q600790
Q1631090,P27,Q30
Q1631090,P27,Q16
Q1631090,P21,Q6581097
Q1631090,P91,Q271534
Q1631090,P170,Q2061990
Q1631090,P170,Q1994601
Q1631090,P123,Q173496
Q1631090,P175,Q192682
Q1631090,P175,Q2056174
Q1631090,P175,Q952156
Q1631090,P175,Q1147104
Q1631090,P175,Q1582689
Q1631090,P175,Q28310
Q1631090,P2563,Q1152040
Q1631090,P735,Q15630117
Q1631090,P1441,Q217552
Q1631090,P1441,Q19347291
Q1631090,P1441,Q25431158
Q1631090,P1441,Q30544658
Q1631090,P1441,Q2446057
Q1631090,P1441,Q2337304
Q1631090,P1441,Q2627580
Q1631090,P1441,Q2073725
Q1631090,P1441,Q788134
Q1631090,P1441,Q729212
Q1631090,P1441,Q401601
Q1631090,P1441,Q134208
Q1631090,P1441,Q43401852
Q1631090,P734,Q1645480
Q1631090,P1412,Q1860
Q1631090,P1412,Q1321
Q1631090,P26,Q19867627
Q1631090,P5800,Q110910
Q1631090,P5800,Q3246821
Q1631090,P451,Q79037
Q1631090,P4969,Q19347291
Q1631090,P4969,Q25431158
Q1631090,P4969,Q2112423
Q1631090,P4969,Q30544658
Q1631090,P7047,Q4699585
Q842782,P31,Q28640
Q842782,P425,Q44554
Q842782,P425,Q1415338
Q842782,P425,Q1964968
Q842782,P910,Q7325675
Q842782,P279,Q6503343
Q842782,P279,Q30093123
Q842782,P1889,Q1058617
Q842782,P1889,Q186424
Q5638713,P31,Q4167410
Q5654461,P31,Q4167410
Q188760,P31,Q14831768
Q188760,P31,Q188784
Q188760,P31,Q1114461
Q188760,P31,Q96239200
Q188760,P21,Q6581097
Q188760,P910,Q8527028
Q188760,P1080,Q931597
Q188760,P463,Q322646
Q188760,P463,Q3566255
Q188760,P463,Q609250
Q188760,P462,Q3133
Q188760,P1038,Q677627
Q188760,P26,Q616633
Q188760,P26,Q1130690
Q188760,P170,Q181900
Q188760,P170,Q311607
Q188760,P2563,Q1152040
Q188760,P1165,Q2
Q188760,P123,Q173496
Q188760,P495,Q30
Q188760,P175,Q498503
Q188760,P175,Q4440
Q188760,P175,Q313306
Q188760,P735,Q579371
Q188760,P734,Q16479802
Q188760,P22,Q4963042
Q188760,P27,Q30
Q188760,P106,Q901
Q188760,P103,Q1860
Q188760,P1412,Q1860
Q188760,P1412,Q5146
Q188760,P1412,Q1321
Q188760,P25,Q17066180
Q188760,P1889,Q51817522
Q188760,P1889,Q24050117
Q188760,P4969,Q696042
Q188760,P4969,Q2282514
Q188760,P4969,Q24050117
Q188760,P4969,Q51817522
Q188760,P4969,Q466611
Q188760,P4969,Q664228
Q188760,P4969,Q670579
Q188760,P4969,Q3703118
Q188760,P1441,Q383700
Q188760,P7047,Q60146
Q1800278,P31,Q4167410
Q1800278,P1889,Q16872395
Q400449,P31,Q4167410
Q400449,P1889,Q16279091
Q400449,P1889,Q30120163
Q400449,P1889,Q30112673
Q400449,P1889,Q39072101
Q400449,P1889,Q6778180
Q37562687,P31,Q101352
Q37562687,P1889,Q377220
Q37562687,P282,Q8229
Q37562687,P5323,Q92953148
Q2536743,P31,Q4167410
Q9890,P155,Q14432
Q9890,P361,Q8216
Q9890,P156,Q131423
Q9890,P31,Q19793459
Q9890,P1889,Q3352129
Q9890,P910,Q86106322
Q146174,P31,Q81163
Q146174,P31,Q424370
Q146174,P31,Q1812439
Q146174,P4600,Q151324
Q146174,P61,Q3182261
Q227734,P31,Q4167410
Q227734,P1889,Q2800825
Q227734,P460,Q23041604
Q404453,P31,Q4167410
Q293731,P31,Q4167410
Q293731,P1889,Q37043150
Q14334,P105,Q7432
Q14334,P141,Q211005
Q14334,P171,Q16894566
Q14334,P31,Q16521
Q14334,P1343,Q678259
Q14334,P910,Q55329287
Q1436734,P910,Q7485306
Q1436734,P279,Q1355387
Q1436734,P1889,Q13425292
Q344129,P31,Q4167410
Q344129,P1889,Q5527721
Q224363,P31,Q4167410
Q224363,P1889,Q36958762
Q224363,P1889,Q93479232
Q224363,P1343,Q2041543
Q224363,P460,Q3829898
Q684040,P31,Q4167410
Q1962297,P279,Q3331189
Q21507762,P31,Q101352
Q21507762,P1889,Q2146168
Q21507762,P282,Q8229
Q21507762,P460,Q94707012
Q229049,P31,Q4167410
Q3486625,P31,Q4167410
Q230083,P31,Q4167410
Q230083,P460,Q3824784
Q230083,P460,Q17455244
Q230083,P460,Q2125180
Q230083,P1889,Q37107761
Q230083,P1889,Q445653
Q55637423,P31,Q12737077
Q55637423,P425,Q259745
Q55637423,P279,Q2488257
Q55637423,P361,Q47429760
Q55637423,P461,Q1616828
Q4681865,P279,Q8366
Q4681865,P1963,P287
Q4681865,P1963,P577
Q4681865,P1963,P144
Q4681865,P1889,Q52708542
Q4681865,P1343,Q602358
Q4681865,P1343,Q4532138
Q4681865,P1343,Q63284758
Q4681865,P910,Q8790336
Q2035081,P279,Q193432
Q2035081,P1889,Q21625815
Q639292,P31,Q12308941
Q639292,P460,Q1187221
Q639292,P460,Q20087944
Q639292,P460,Q5807533
Q639292,P460,Q18755445
Q639292,P460,Q18755454
Q639292,P460,Q18606276
Q639292,P460,Q24068656
Q639292,P460,Q21993654
Q639292,P460,Q21061287
Q639292,P460,Q850139
Q639292,P460,Q19120040
Q639292,P460,Q35146979
Q639292,P460,Q94572871
Q639292,P1750,Q2781
Q639292,P1533,Q18755447
Q639292,P1889,Q233970
Q639292,P407,Q1860
Q639292,P407,Q7411
Q639292,P282,Q8229
Q639292,P5323,Q21644845
Q639292,P1343,Q151
Q236729,P31,Q4167410
Q236729,P1343,Q2041543
Q11582,P460,Q2175964
Q11582,P31,Q1302471
Q11582,P31,Q3268848
Q11582,P31,Q82047057
Q11582,P111,Q39297
Q11582,P1343,Q26711932
Q11582,P1889,Q23636931
Q11582,P5008,Q5460604
Q35996,P31,Q786820
Q35996,P112,Q3274710
Q35996,P910,Q7144804
Q35996,P159,Q1204737
Q35996,P452,Q190117
Q35996,P17,Q17
Q35996,P414,Q217475
Q35996,P1454,Q1480166
Q35996,P1056,Q43193
Q35996,P1056,Q1144312
Q35996,P355,Q30338811
Q35996,P127,Q6157881
Q35996,P169,Q15255950
Q35996,P1830,Q630279
Q35996,P1830,Q1773085
Q35996,P1830,Q10564479
Q35996,P1830,Q11103601
Q35996,P1830,Q11340566
Q35996,P463,Q858851
Q2207370,P279,Q14745
Q2207370,P910,Q16481490
Q2207370,P1889,Q55670179
Q2207370,P1889,Q1144593
Q169545,P910,Q8854154
Q169545,P361,Q446
Q169545,P279,Q2424752
Q169545,P279,Q2162595
Q169545,P31,Q811909
Q169545,P5125,Q7112800
Q2448687,P31,Q4167410
Q2448687,P1889,Q37526260
Q195247,P31,Q4167410
Q195247,P1889,Q37548485
Q80994,P279,Q7239
Q80994,P1424,Q5913263
Q80994,P31,Q785260
Q80994,P31,Q185836
Q80994,P31,Q5932254
Q80994,P461,Q1516282
Q80994,P460,Q378915
Q80994,P1552,Q378915
Q157171,P910,Q8652953
Q157171,P1343,Q678259
Q157171,P1343,Q602358
Q157171,P1343,Q602358
Q157171,P1343,Q19180675
Q157171,P1343,Q1970746
Q157171,P1343,Q4173137
Q157171,P1343,Q4173137
Q157171,P1343,Q20078554
Q157171,P279,Q93288
Q157171,P279,Q837171
Q1377840,P31,Q781413
Q1377840,P31,Q20888800
Q1377840,P31,Q1121708
Q1377840,P1889,Q54894448
Q1377840,P1889,Q989365
Q1377840,P1479,Q3072083
Q1377840,P461,Q3267244
Q1377840,P5136,Q989365
Q1377840,P1552,Q1375683
Q297282,P31,Q4167410
Q399804,P279,Q27094
Q399804,P279,Q70090695
Q399804,P461,Q758907
Q34735,P366,Q12453
Q34735,P1343,Q2657718
Q34735,P1343,Q602358
Q34735,P1343,Q4114391
Q34735,P1343,Q19180675
Q34735,P1343,Q1970746
Q34735,P279,Q1780422
Q34735,P2184,Q25230946
Q34735,P910,Q33115432
Q34735,P1889,Q103896
Q213853,P31,Q15729598
Q213853,P910,Q8954241
Q213853,P279,Q1420
Q403724,P31,Q4167410
Q403724,P1889,Q16865901
Q403724,P460,Q16770052
Q403724,P460,Q227006
Q403724,P460,Q400672
Q403724,P460,Q1142064
Q341484,P31,Q4167410
Q341484,P1889,Q41955760
Q1588952,P31,Q4167410
Q1588952,P1889,Q18699304
Q1588952,P1889,Q20519350
Q1588952,P1889,Q28916407
Q1588952,P1889,Q37491354
Q172226,P910,Q9497795
Q172226,P641,Q130949
Q172226,P279,Q39546
Q172226,P279,Q334166
Q172226,P279,Q768186
Q172226,P1343,Q2657718
Q172226,P1343,Q1970746
Q172226,P1343,Q4114391
Q172226,P1343,Q602358
Q172226,P1343,Q19180675
Q18891017,P361,Q42889
Q18891017,P279,Q1544281
Q18891017,P279,Q15297198
Q18891017,P366,Q29017603
Q18891017,P527,Q47146
Q18891017,P527,Q1153014
Q232870,P31,Q1916821
Q232870,P31,Q842697
Q232870,P31,Q32066628
Q232870,P21,Q6581097
Q232870,P26,Q149042
Q5557864,P31,Q4167410
Q42177,P910,Q6581977
Q42177,P279,Q14745
Q42177,P279,Q45422604
Q42177,P276,Q193837
Q42177,P276,Q4260475
Q42177,P1478,Q35831
Q42177,P366,Q35831
Q42177,P366,Q608
Q42177,P366,Q1144593
Q42177,P1343,Q1138524
Q1216975,P31,Q4167410
Q1216975,P1889,Q16869670
Q7863625,P31,Q4167410
Q7863625,P1889,Q18844722
Q2373118,P31,Q4167410
Q171495,P361,Q42177
Q171495,P910,Q8612251
Q171495,P279,Q1762457
Q171495,P366,Q35831
Q171495,P527,Q102836
Q171495,P527,Q244680
Q171495,P527,Q42329
Q171495,P527,Q1029620
Q124072,P279,Q1046481
Q124072,P279,Q125734
Q124072,P910,Q7235989
Q124072,P527,Q487192
Q124072,P527,Q1141263
Q124072,P527,Q200266
Q124072,P527,Q2333657
Q124072,P527,Q336751
Q124072,P527,Q1412977
Q124072,P460,Q3104705
Q124072,P31,Q15142889
Q124072,P1343,Q4114391
Q124072,P1343,Q4114391
Q124072,P1343,Q4114391
Q124072,P1343,Q602358
Q124072,P1343,Q19180675
Q124072,P1552,Q201717
Q227917,P31,Q4167410
Q11639,P279,Q184485
Q11639,P279,Q747883
Q11639,P279,Q45971958
Q11639,P279,Q17537576
Q11639,P910,Q7216239
Q11639,P910,Q8361402
Q11639,P527,Q2188189
Q11639,P527,Q17538722
Q11639,P527,Q180856
Q11639,P1343,Q678259
Q11639,P1343,Q302556
Q11639,P1343,Q1138524
Q11639,P1343,Q1768721
Q11639,P1343,Q101314624
Q11639,P1424,Q14473795
Q11639,P3095,Q5716684
Q11639,P5008,Q5460604
Q11639,P31,Q45971958
Q11639,P5125,Q7112602
Q11639,P1535,Q43393537
Q11639,P2354,Q1759354
Q11639,P2579,Q2393450
Q405693,P31,Q4167410
Q405693,P1889,Q2272740
Q408837,P31,Q4167410
Q408837,P1889,Q37524555
Q27939,P279,Q685884
Q27939,P279,Q1914636
Q27939,P910,Q6993633
Q27939,P1343,Q2657718
Q27939,P1343,Q4532138
Q27939,P460,Q2529757
Q27939,P31,Q20202269
Q27939,P31,Q34379
Q27939,P2283,Q4142193
Q27939,P3095,Q177220
Q27939,P279,Q685884
Q27939,P279,Q1914636
Q27939,P910,Q6993633
Q27939,P1343,Q2657718
Q27939,P1343,Q4532138
Q27939,P460,Q2529757
Q27939,P31,Q20202269
Q27939,P31,Q34379
Q27939,P2283,Q4142193
Q27939,P3095,Q177220
Q482994,P279,Q2031291
Q482994,P279,Q4502142
Q482994,P910,Q7619310
Q482994,P1963,P175
Q482994,P1963,P577
Q482994,P1963,P264
Q482994,P1963,P483
Q482994,P1963,P136
Q482994,P1963,P291
Q482994,P1963,P162
Q482994,P1963,P658
Q482994,P1963,P2723
Q482994,P1963,P2819
Q482994,P1963,P2047
Q482994,P1963,P2721
Q482994,P1963,P4199
Q482994,P1963,P2205
Q482994,P1963,P1729
Q482994,P1963,P1954
Q482994,P1963,P4577
Q482994,P1963,P436
Q482994,P1963,P2635
Q482994,P1963,P1476
Q482994,P1963,P2206
Q482994,P1963,P5813
Q482994,P1963,P437
Q482994,P1963,P2281
Q482994,P1963,P2291
Q482994,P527,Q7302866
Q482994,P1424,Q5927576
Q482994,P2283,Q354004
Q482994,P2283,Q4650799
Q482994,P31,Q20202269
Q482994,P5869,Q208902
Q1299,P166,Q179191
Q1299,P166,Q1453643
Q1299,P166,Q935843
Q1299,P166,Q5593916
Q1299,P166,Q1027891
Q1299,P166,Q2976730
Q1299,P358,Q829965
Q1299,P136,Q11399
Q1299,P136,Q37073
Q1299,P136,Q83270
Q1299,P136,Q7749
Q1299,P136,Q193355
Q1299,P136,Q546264
Q1299,P136,Q186472
Q1299,P136,Q206159
Q1299,P136,Q235858
Q1299,P136,Q38848
Q1299,P136,Q1641839
Q1299,P740,Q24826
Q1299,P31,Q5741069
Q1299,P910,Q8822848
Q1299,P264,Q213710
Q1299,P264,Q193023
Q1299,P264,Q208909
Q1299,P264,Q1542119
Q1299,P264,Q679007
Q1299,P264,Q155152
Q1299,P264,Q3896178
Q1299,P264,Q3790169
Q1299,P495,Q145
Q1299,P1283,Q7716137
Q1299,P1037,Q203690
Q1299,P1424,Q10514031
Q1299,P3828,Q2911851
Q1299,P800,Q184259
Q1299,P800,Q1135588
Q1299,P800,Q202698
Q1299,P800,Q213718
Q1299,P800,Q169226
Q1299,P800,Q185121
Q1299,P800,Q607742
Q1299,P737,Q303
Q1299,P737,Q5977
Q1299,P737,Q5921
Q1299,P737,Q82222
Q1299,P737,Q392
Q1299,P737,Q183048
Q1299,P737,Q211731
Q1299,P737,Q103774
Q1299,P737,Q255
Q1299,P737,Q1339
Q1299,P527,Q1203
Q1299,P527,Q2632
Q1299,P527,Q2599
Q1299,P527,Q2643
Q1299,P527,Q207335
Q1299,P527,Q204218
Q1299,P527,Q5087041
Q1299,P527,Q5992927
Q1299,P5008,Q5460604
Q1299,P1889,Q1208277
Q1299,P6365,Q8822888
Q1299,P2184,Q7716133
Q1299,P2184,Q7716135
Q1299,P2184,Q379208
Q1299,P2184,Q47508585
Q1299,P6275,Q2831
Q1299,P6275,Q41187
Q1299,P1875,Q203690
Q1299,P6379,Q188740
Q1299,P1412,Q1860
Q1299,P485,Q7895690
Q1299,P8693,Q549544
Q1299,P8839,Q3041932
Q1299,P8839,Q14130
Q1299,P8852,Q1847641
Q164815,P31,Q868557
Q164815,P31,Q359414
Q164815,P138,Q608293
Q164815,P910,Q9471066
Q164815,P17,Q30
Q164815,P710,Q5928
Q164815,P710,Q131725
Q164815,P710,Q505285
Q164815,P710,Q552925
Q164815,P710,Q157293
Q164815,P710,Q711806
Q164815,P710,Q103774
Q164815,P710,Q707322
Q164815,P710,Q173203
Q164815,P710,Q1890129
Q164815,P710,Q505285
Q164815,P710,Q2164074
Q164815,P710,Q1018071
Q164815,P710,Q10461933
Q164815,P710,Q48995
Q164815,P710,Q1133807
Q164815,P710,Q600344
Q164815,P710,Q332635
Q164815,P710,Q869427
Q164815,P710,Q1514
Q164815,P710,Q630808
Q164815,P710,Q190076
Q164815,P710,Q488260
Q164815,P710,Q93346
Q164815,P710,Q192463
Q164815,P710,Q212533
Q164815,P710,Q1255792
Q164815,P710,Q1500510
Q164815,P710,Q339088
Q164815,P710,Q1737710
Q164815,P710,Q967761
Q164815,P710,Q1617714
Q164815,P710,Q873384
Q164815,P710,Q722395
Q164815,P276,Q7994968
Q164815,P2354,Q2956203
Q164815,P136,Q193355
Q164815,P136,Q186472
Q164815,P136,Q105527
Q164815,P136,Q83270
Q164815,P136,Q185162
Q164815,P136,Q206159
Q566986,P31,Q4167410
Q48397,P31,Q4167410
Q48397,P1889,Q16279352
Q48397,P1889,Q60009810
Q48397,P1889,Q60009893
Q188507,P361,Q13402009
Q188507,P279,Q699405
Q188507,P279,Q1497384
Q188507,P910,Q8256984
Q188507,P1343,Q20749109
Q188507,P1889,Q620712
Q188507,P1889,Q16112278
Q234008,P31,Q4167410
Q234008,P1343,Q678259
Q234008,P1889,Q26717101
Q21154420,P702,Q18031006
Q21154420,P682,Q14851952
Q21154420,P682,Q14865865
Q21154420,P682,Q21109313
Q21154420,P682,Q21108406
Q21154420,P682,Q21137214
Q21154420,P682,Q14633930
Q21154420,P682,Q14864238
Q21154420,P682,Q21101994
Q21154420,P682,Q14901646
Q21154420,P682,Q14863426
Q21154420,P682,Q14905599
Q21154420,P682,Q14864368
Q21154420,P682,Q14908105
Q21154420,P682,Q14873990
Q21154420,P682,Q14865044
Q21154420,P682,Q14863448
Q21154420,P682,Q14860555
Q21154420,P682,Q14860470
Q21154420,P682,Q189092
Q21154420,P682,Q14873990
Q21154420,P682,Q14863108
Q21154420,P682,Q14908027
Q21154420,P682,Q14906363
Q21154420,P680,Q14860365
Q21154420,P680,Q14863341
Q21154420,P680,Q14881068
Q21154420,P680,Q167149
Q21154420,P680,Q14865041
Q21154420,P680,Q14865041
Q21154420,P680,Q14863341
Q21154420,P680,Q14817984
Q21154420,P681,Q79899
Q21154420,P681,Q14860437
Q21154420,P681,Q220599
Q21154420,P681,Q14353100
Q21154420,P681,Q14349455
Q21154420,P681,Q559423
Q21154420,P681,Q29548
Q21154420,P681,Q14645696
Q21154420,P681,Q14330632
Q21154420,P681,Q14645640
Q21154420,P681,Q14864178
Q21154420,P681,Q154626
Q21154420,P681,Q899827
Q21154420,P681,Q14864171
Q21154420,P681,Q3092607
Q21154420,P681,Q3824358
Q21154420,P681,Q79899
Q21154420,P681,Q220599
Q21154420,P681,Q154626
Q21154420,P681,Q29548
Q21154420,P681,Q559423
Q21154420,P681,Q14645640
Q21154420,P681,Q14864178
Q21154420,P681,Q14353100
Q21154420,P681,Q14645640
Q21154420,P527,Q24725166
Q21154420,P703,Q15978631
Q21154420,P31,Q8054
Q21154420,P361,Q24726930
Q21154420,P361,Q29564364
Q21154420,P361,Q423042
Q21154420,P361,Q83135274
Q1289065,P31,Q4167410
Q1289065,P460,Q49430267
Q4546838,P31,Q4167410
Q1247950,P31,Q4167410
Q1247950,P1889,Q35955562
Q193837,P279,Q180516
Q193837,P279,Q45422604
Q193837,P366,Q35831
Q193837,P366,Q5873
Q193837,P1889,Q847950
Q221706,P910,Q9839081
Q221706,P361,Q41176
Q221706,P279,Q30327093
Q221706,P279,Q391414
Q221706,P461,Q217164
Q221706,P31,Q391414
Q221706,P1343,Q602358
Q221706,P1343,Q1970746
Q196,P1582,Q2946681
Q196,P1582,Q165137
Q196,P1582,Q131517
Q196,P279,Q14712
Q196,P279,Q3314483
Q196,P910,Q7222276
Q196,P1343,Q2657718
Q196,P1343,Q1768721
Q196,P1889,Q1055207
Q196,P462,Q3142
Q149621,P279,Q56061
Q149621,P910,Q9009334
Q149621,P31,Q15617994
Q149621,P460,Q30059
Q149621,P460,Q1427085
Q149621,P460,Q7688
Q149621,P460,Q1364324
Q149621,P1889,Q4389040
Q1210094,P279,Q182076
Q1210094,P279,Q15809678
Q1210094,P1269,Q184260
Q1210094,P1889,Q3741447
Q1210094,P1889,Q6944236
Q1210094,P910,Q7571830
Q737988,P279,Q21950738
Q737988,P279,Q309250
Q737988,P31,Q641406
Q737988,P460,Q309250
Q434,P1672,Q13099586
Q434,P1672,Q1964340
Q434,P105,Q34740
Q434,P171,Q2119847
Q434,P910,Q6535616
Q434,P31,Q16521
Q434,P2354,Q1863197
Q434,P4000,Q41274
Q434,P1343,Q1138524
Q434,P1343,Q1768721
Q434,P618,Q11358
Q434,P618,Q21296145
Q509028,P279,Q486972
Q509028,P279,Q15642541
Q509028,P279,Q21550355
Q509028,P910,Q8633544
Q1142227,P2354,Q6639631
Q1142227,P279,Q11765
Q1142227,P1889,Q3066785
Q1142227,P910,Q8805889
Q13119823,P279,Q40397
Q13119823,P279,Q25570959
Q13119823,P527,Q7365
Q13119823,P527,Q193583
Q250071,P31,Q4167410
Q250071,P1889,Q3785750
Q250071,P1889,Q37280772
Q161439,P910,Q6770454
Q161439,P1151,Q11110270
Q161439,P1343,Q2657718
Q161439,P1343,Q63284758
Q161439,P3095,Q211423
Q161439,P3095,Q2519376
Q161439,P5008,Q24909800
Q161439,P1889,Q13141587
Q161439,P138,Q25931664
Q161439,P279,Q36649
Q161439,P1056,Q25931664
Q768575,P279,Q65037298
Q768575,P366,Q1192478
Q768575,P366,Q166849
Q768575,P366,Q3880557
Q768575,P1343,Q2657718
Q768575,P1552,Q559265
Q768575,P1552,Q1427863
Q768575,P1552,Q174102
Q768575,P1889,Q165271
Q768575,P1889,Q192234
Q768575,P2283,Q9128
Q768575,P2283,Q133900
Q768575,P910,Q7214751
Q768575,P361,Q192234
Q6460735,P910,Q6177886
Q6460735,P2670,Q213449
Q6460735,P279,Q15275719
Q6460735,P5125,Q28453679
Q6460735,P1424,Q20373701
Q59056,P31,Q4167410
Q689044,P910,Q8970657
Q689044,P31,Q986008
Q689044,P279,Q1912682
Q689044,P279,Q4406616
Q256285,P31,Q4167410
Q1185344,P31,Q4022
Q1185344,P17,Q31
Q1185344,P403,Q934226
Q1185344,P4614,Q2887577
Q1185344,P885,Q2424179
Q1185344,P974,Q1516085
Q1185344,P974,Q3133927
Q1185344,P974,Q11955171
Q1185344,P974,Q21764836
Q194302,P279,Q839546
Q194302,P361,Q11019
Q194302,P910,Q8384634
Q194302,P1343,Q2657718
Q194302,P460,Q1048579
Q194302,P31,Q44409287
Q194302,P1889,Q944517
Q194302,P61,Q40224
Q190172,P910,Q8438385
Q190172,P279,Q55720626
Q190172,P31,Q1254773
Q190172,P361,Q26836418
Q190172,P361,Q53424891
Q190172,P1343,Q602358
Q190172,P1343,Q27680201
Q11404,P279,Q19588483
Q11404,P279,Q133163
Q11404,P910,Q7007423
Q11404,P1343,Q27680201
Q11404,P1343,Q602358
Q11404,P1343,Q19180675
Q11404,P1343,Q1768721
Q11404,P4733,Q665888
Q11404,P1889,Q4097679
Q11404,P5008,Q5460604
Q11404,P361,Q128309
Q6607,P1343,Q2657718
Q6607,P1343,Q27680201
Q6607,P1343,Q19180675
Q6607,P1343,Q602358
Q6607,P1343,Q455
Q6607,P1343,Q867541
Q6607,P279,Q57306162
Q6607,P910,Q7016345
Q6607,P2959,Q21201204
Q6607,P527,Q944038
Q6607,P527,Q55185381
Q6607,P1889,Q4420886
Q6607,P1535,Q855091
Q6607,P5008,Q5460604
Q6607,P2670,Q55185569
Q6607,P186,Q402516
Q6607,P186,Q239788
Q6607,P1382,Q55738960
Q6607,P1424,Q10563739
Q6607,P166,Q48757486
Q172858,P1343,Q2657718
Q172858,P279,Q17281278
Q172858,P279,Q1293220
Q172858,P910,Q9888584
Q172858,P1552,Q28860419
Q13194939,P279,Q208028
Q13194939,P279,Q600396
Q13194939,P31,Q55983715
Q13194939,P1672,Q5139927
Q106922,P460,Q446208
Q106922,P460,Q225800
Q106922,P460,Q702000
Q106922,P460,Q5149974
Q106922,P460,Q1110523
Q106922,P460,Q1115884
Q106922,P31,Q4167410
Q106922,P1889,Q12899408
Q342041,P31,Q4167410
Q126924,P31,Q4167410
Q126924,P1889,Q36921057
Q126924,P1889,Q16061622
Q438473,P31,Q4167410
Q13422883,P31,Q48204
Q13422883,P31,Q1328899
Q13422883,P31,Q2178147
Q13422883,P1454,Q48204
Q13422883,P1889,Q932506
Q13422883,P452,Q1067601
Q13422883,P2650,Q216158
Q357647,P31,Q4167410
Q357647,P1889,Q12787151
Q357647,P460,Q382047
Q193468,P279,Q752870
Q193468,P910,Q8878026
Q193468,P31,Q15729598
Q211554,P910,Q8411406
Q211554,P279,Q2858615
Q211554,P31,Q1815901
Q211554,P1889,Q178947
Q211554,P1889,Q27094
Q211554,P1889,Q347110
Q406977,P31,Q4167410
Q406977,P1889,Q37302987
Q227155,P31,Q4167410
Q227155,P1889,Q21501431
Q227155,P1889,Q41086191
Q225458,P31,Q4167410
Q225458,P1889,Q21192427
Q187819,P31,Q10617810
Q187819,P31,Q80071
Q187819,P5135,Q180309
Q187819,P4969,Q28738406
Q187819,P1889,Q17019234
Q233010,P31,Q4167410
Q233010,P1889,Q20001868
Q233010,P1889,Q37529647
Q845036,P31,Q4167410
Q218038,P31,Q4830453
Q218038,P910,Q8616931
Q218038,P159,Q11277
Q218038,P159,Q60
Q218038,P355,Q13974
Q218038,P355,Q202585
Q218038,P355,Q4654504
Q218038,P355,Q1470329
Q218038,P485,Q964035
Q218038,P17,Q30
Q218038,P1056,Q3381609
Q218038,P1056,Q116434
Q218038,P1056,Q764322
Q218038,P1056,Q8075
Q218038,P1056,Q1143954
Q218038,P112,Q944509
Q218038,P112,Q360106
Q218038,P1889,Q225294
Q218038,P1889,Q58035402
Q218038,P1365,Q58035402
Q218038,P1830,Q3246349
Q218038,P1037,Q56670086
Q218038,P749,Q1365773
Q218038,P127,Q1065024
Q218038,P361,Q1065024
Q218038,P3320,Q360106
Q218038,P452,Q11650
Q11442,P279,Q595658
Q11442,P279,Q233040
Q11442,P279,Q768186
Q11442,P279,Q41321608
Q11442,P279,Q63247926
Q11442,P279,Q11723891
Q11442,P366,Q7590
Q11442,P366,Q2215841
Q11442,P366,Q53121
Q11442,P366,Q564606
Q11442,P366,Q18089019
Q11442,P910,Q7025398
Q11442,P1151,Q20879015
Q11442,P31,Q334166
Q11442,P3349,Q2125610
Q11442,P2959,Q13202837
Q11442,P2670,Q161798
Q11442,P2670,Q167130
Q11442,P2670,Q651103
Q11442,P2670,Q189940
Q11442,P2670,Q1076532
Q11442,P2670,Q18671735
Q11442,P2670,Q305026
Q11442,P2670,Q1317537
Q11442,P2670,Q1426724
Q11442,P2670,Q49717
Q11442,P2670,Q2644088
Q11442,P2670,Q1147317
Q11442,P2670,Q895398
Q11442,P2670,Q11432170
Q11442,P2670,Q30246160
Q11442,P5008,Q5460604
Q11442,P527,Q651103
Q11442,P527,Q167130
Q11442,P527,Q161798
Q11442,P2184,Q2059831
Q11442,P1535,Q2125610
Q11442,P1343,Q602358
Q11442,P7084,Q8762077
Q11442,P5125,Q7112565
Q340483,P31,Q4167410
Q340483,P1889,Q28199939
Q122741,P749,Q29469450
Q122741,P31,Q4830453
Q122741,P31,Q6881511
Q122741,P31,Q210167
Q122741,P31,Q1137109
Q122741,P910,Q6376425
Q122741,P452,Q941594
Q122741,P355,Q780528
Q122741,P355,Q611508
Q122741,P355,Q20539312
Q122741,P355,Q294587
Q122741,P355,Q1140960
Q122741,P355,Q1518612
Q122741,P355,Q100350796
Q122741,P1454,Q1480166
Q122741,P1454,Q219577
Q122741,P740,Q1490
Q122741,P17,Q17
Q122741,P553,Q17459
Q122741,P800,Q6113095
Q122741,P800,Q1213291
Q122741,P800,Q5457618
Q122741,P800,Q1139272
Q122741,P800,Q1142287
Q122741,P800,Q91247
Q122741,P800,Q1046574
Q122741,P800,Q2160091
Q122741,P127,Q1457152
Q122741,P1056,Q7397
Q122741,P1056,Q1136956
Q122741,P1056,Q209868
Q122741,P1056,Q10676
Q122741,P1056,Q751719
Q122741,P1056,Q540868
Q122741,P1056,Q200912
Q122741,P1056,Q184198
Q122741,P1056,Q1046812
Q122741,P1056,Q964613
Q122741,P1056,Q2415274
Q122741,P1056,Q1371583
Q122741,P1056,Q5908690
Q122741,P1056,Q7238655
Q122741,P1056,Q2594935
Q122741,P1056,Q1204597
Q122741,P1056,Q1154150
Q122741,P1056,Q2981041
Q122741,P1056,Q380346
Q122741,P1056,Q10640
Q122741,P1056,Q1563177
Q122741,P1056,Q500851
Q122741,P1056,Q1068300
Q122741,P1830,Q24188
Q122741,P1830,Q339565
Q122741,P1830,Q611508
Q122741,P1830,Q684780
Q122741,P1830,Q1140960
Q122741,P1830,Q1518612
Q122741,P1830,Q2567775
Q122741,P1830,Q3082031
Q122741,P1830,Q3358943
Q122741,P1830,Q3570077
Q122741,P1830,Q7446140
Q122741,P1830,Q7446160
Q122741,P1830,Q18415238
Q122741,P1830,Q20505844
Q122741,P4969,Q165986
Q122741,P159,Q233495
Q122741,P793,Q76313675
Q122741,P1151,Q14616452
Q122741,P1424,Q14270445
Q526688,P31,Q4167410
Q526688,P1889,Q36968478
Q37221,P279,Q166154
Q37221,P279,Q12453
Q37221,P279,Q107715
Q37221,P279,Q36253
Q37221,P1687,P2386
Q37221,P1343,Q26711932
Q37221,P1343,Q602358
Q37221,P1343,Q19180675
Q37221,P1343,Q1970746
Q37221,P1343,Q90137277
Q37221,P2670,Q173817
Q37221,P2670,Q505356
Q37221,P8111,Q11573
Q176758,P40,Q13635441
Q176758,P40,Q11921796
Q176758,P40,Q2832183
Q176758,P40,Q1373992
Q176758,P40,Q1183358
Q176758,P40,Q27963635
Q176758,P40,Q18281031
Q176758,P40,Q1851846
Q176758,P40,Q60589121
Q176758,P26,Q269058
Q176758,P26,Q174278
Q176758,P26,Q775296
Q176758,P21,Q6581097
Q176758,P31,Q22988604
Q176758,P31,Q21070568
Q176758,P22,Q410082
Q176758,P25,Q21548505
Q176758,P25,Q2718542
Q176758,P3373,Q2112711
Q176758,P1343,Q27895179
Q176758,P1343,Q602358
Q176758,P1343,Q19180675
Q176758,P1343,Q30059240
Q176758,P1343,Q4091878
Q176758,P1343,Q867541
Q176758,P1343,Q63284758
Q176758,P1441,Q739529
Q176758,P1049,Q34726
Q12788459,P1560,Q1351783
Q12788459,P31,Q12308941
Q12788459,P460,Q750186
Q12788459,P460,Q15277196
Q12788459,P460,Q18066790
Q12788459,P460,Q18066804
Q12788459,P460,Q1343668
Q12788459,P460,Q19798835
Q12788459,P460,Q20087940
Q12788459,P460,Q22673249
Q12788459,P460,Q681468
Q12788459,P460,Q16423390
Q12788459,P460,Q511611
Q12788459,P460,Q16908530
Q12788459,P460,Q668885
Q12788459,P460,Q1595913
Q12788459,P460,Q2018484
Q12788459,P460,Q11682369
Q12788459,P460,Q16276580
Q12788459,P460,Q17516106
Q12788459,P460,Q1158181
Q12788459,P460,Q1605227
Q12788459,P460,Q27624428
Q12788459,P460,Q1605665
Q12788459,P460,Q13402305
Q12788459,P460,Q16908634
Q12788459,P460,Q12790881
Q12788459,P460,Q594279
Q12788459,P460,Q1606332
Q12788459,P460,Q1606369
Q12788459,P460,Q1158477
Q12788459,P460,Q13584864
Q12788459,P460,Q16908712
Q12788459,P460,Q1619450
Q12788459,P460,Q16909101
Q12788459,P460,Q1530266
Q12788459,P460,Q14647205
Q12788459,P460,Q15208802
Q12788459,P460,Q27624324
Q12788459,P460,Q23071269
Q12788459,P460,Q19828986
Q12788459,P460,Q59531494
Q12788459,P1889,Q294763
Q12788459,P1533,Q25936409
Q12788459,P282,Q8229
Q12788459,P407,Q7411
Q12788459,P407,Q150
Q12788459,P5323,Q21644845
Q203789,P279,Q212920
Q203789,P279,Q36539
Q203789,P279,Q811979
Q203789,P366,Q13406206
Q203789,P910,Q8972677
Q203789,P1889,Q1709184
Q203789,P1889,Q36539
Q203789,P1889,Q182995
Q203789,P1889,Q78852033
Q58430,P279,Q131502
Q58430,P1056,Q124164
Q58430,P910,Q15102044
Q58430,P1889,Q324963
Q7302225,P31,Q482994
Q7302225,P264,Q38903
Q7302225,P155,Q2665996
Q7302225,P175,Q869114
Q7302225,P136,Q211756
Q7302225,P136,Q850412
Q335234,P279,Q313614
Q335234,P910,Q8336877
Q335234,P2283,Q747779
Q198935,P31,Q4167410
Q748289,P279,Q1124860
Q748289,P1343,Q2041543
Q748289,P1343,Q1768721
Q748289,P31,Q1148747
Q347500,P31,Q4167410
Q5520610,P31,Q484416
Q5520610,P3716,Q219517
Q816040,P31,Q4167410
Q816040,P1889,Q37467796
Q440539,P31,Q4167410
Q440539,P1889,Q1017270
Q440539,P460,Q224168
Q440539,P460,Q1017631
Q486269,P31,Q4830453
Q486269,P31,Q6881511
Q486269,P112,Q189147
Q486269,P112,Q5716965
Q486269,P112,Q5717043
Q486269,P910,Q8575396
Q486269,P452,Q1439700
Q486269,P159,Q49218
Q486269,P414,Q13677
Q486269,P17,Q30
Q486269,P740,Q49218
Q486269,P1454,Q891723
Q486269,P355,Q28974277
Q486269,P355,Q28974278
Q486269,P355,Q28974279
Q486269,P355,Q30343840
Q486269,P355,Q30343841
Q486269,P169,Q6173583
Q486269,P166,Q8624
Q486269,P166,Q8624
Q486269,P166,Q8610
Q486269,P166,Q8610
Q486269,P166,Q8636
Q486269,P166,Q8636
Q486269,P166,Q2925688
Q486269,P166,Q727328
Q486269,P166,Q92429087
Q486269,P166,Q92429087
Q486269,P166,Q92429087
Q486269,P166,Q92429087
Q486269,P166,Q92429087
Q486269,P166,Q92429087
Q486269,P1411,Q2925688
Q486269,P1056,Q7397
Q486269,P1830,Q355156
Q486269,P1830,Q1455620
Q486269,P1830,Q3046590
Q486269,P1830,Q3146778
Q486269,P1830,Q6425146
Q486269,P1830,Q63987787
Q486269,P1830,Q6425109
Q486269,P6379,Q679527
Q486269,P6379,Q1700481
Q486269,P6379,Q1809071
Q486269,P6379,Q88465083
Q486269,P793,Q152074
Q254273,P31,Q4167410
Q254273,P1889,Q20000133
Q254273,P1889,Q37502209
Q254273,P1889,Q30669990
Q2468852,P31,Q431289
Q2468852,P127,Q1218180
Q2468852,P17,Q17
Q2468852,P495,Q17
Q764775,P31,Q4167410
Q764775,P460,Q2083625
Q1420806,P279,Q4406616
Q410962,P31,Q4167410
Q410962,P1889,Q37045987
Q2409950,P31,Q4167410
Q1256545,P31,Q951504
Q1256545,P279,Q11658
Q313,P361,Q7879772
Q313,P913,Q2513324
Q313,P397,Q525
Q313,P910,Q7217171
Q313,P31,Q3504248
Q313,P31,Q3901935
Q313,P527,Q1941
Q313,P610,Q3486102
Q313,P1343,Q2041543
Q313,P1343,Q602358
Q313,P1343,Q1768721
Q313,P5008,Q5460604
Q313,P5125,Q30589068
Q313,P1552,Q3895220
Q313,P276,Q7879772
Q313,P138,Q47652
Q313,P2959,Q12601444
Q313,P2959,Q65936050
Q222254,P31,Q4167410
Q222254,P1889,Q14647205
Q222254,P1889,Q5659859
Q222254,P460,Q3477322
Q222254,P460,Q294763
Q222254,P460,Q341652
Q222254,P460,Q299569
Q222254,P460,Q352807
Q222254,P460,Q671675
Q222254,P460,Q1178473
Q222254,P460,Q1179347
Q222254,P460,Q1181012
Q222254,P460,Q1179243
Q222254,P460,Q1241205
Q222254,P460,Q1605288
Q222254,P460,Q1640723
Q222254,P460,Q2211225
Q222254,P460,Q19956968
Q222254,P460,Q48895
Q222254,P460,Q15815117
Q178778,P159,Q212704
Q178778,P31,Q4830453
Q178778,P31,Q6881511
Q178778,P414,Q217475
Q178778,P414,Q842108
Q178778,P414,Q1930860
Q178778,P910,Q8662558
Q178778,P1830,Q6902126
Q178778,P1830,Q16926663
Q178778,P1830,Q5996134
Q178778,P1830,Q66132435
Q178778,P740,Q1490
Q178778,P1454,Q1480166
Q178778,P452,Q11650
Q178778,P17,Q17
Q178778,P355,Q29123050
Q178778,P355,Q62098635
Q178778,P355,Q68983130
Q178778,P1056,Q7397
Q178778,P463,Q858851
Q178778,P463,Q37033
Q178778,P463,Q1361045
Q178778,P463,Q7389502
Q178778,P361,Q1969854
Q178778,P112,Q1153275
Q319224,P279,Q2449671
Q319224,P910,Q9516584
Q319224,P1889,Q7641034
Q319224,P1535,Q651658
Q716894,P1343,Q2041543
Q716894,P2670,Q16869121
Q716894,P2670,Q45574934
Q716894,P2670,Q1400881
Q716894,P1382,Q157171
Q716894,P279,Q93288
Q716894,P31,Q29028649
Q716894,P1343,Q2041543
Q716894,P2670,Q16869121
Q716894,P2670,Q45574934
Q716894,P2670,Q1400881
Q716894,P1382,Q157171
Q716894,P279,Q93288
Q716894,P31,Q29028649
Q281533,P31,Q4167410
Q281533,P1889,Q36876850
Q341933,P31,Q4167410
Q355912,P31,Q4167410
Q355912,P1889,Q16002830
Q355912,P1889,Q30093836
Q355912,P460,Q449221
Q224008,P31,Q4167410
Q224008,P460,Q25235680
Q359124,P31,Q4167410
Q11442,P279,Q595658
Q11442,P279,Q233040
Q11442,P279,Q768186
Q11442,P279,Q41321608
Q11442,P279,Q63247926
Q11442,P366,Q7590
Q11442,P366,Q2215841
Q11442,P366,Q53121
Q11442,P910,Q7025398
Q11442,P1151,Q20879015
Q11442,P31,Q334166
Q11442,P3349,Q2125610
Q11442,P2959,Q13202837
Q11442,P2670,Q161798
Q11442,P2670,Q167130
Q11442,P2670,Q651103
Q11442,P2670,Q189940
Q11442,P2670,Q1076532
Q11442,P2670,Q18671735
Q11442,P2670,Q305026
Q11442,P2670,Q1317537
Q11442,P2670,Q1426724
Q11442,P2670,Q49717
Q11442,P2670,Q2644088
Q11442,P2670,Q1147317
Q11442,P2670,Q895398
Q11442,P2670,Q11432170
Q11442,P2670,Q30246160
Q11442,P5008,Q5460604
Q11442,P527,Q651103
Q11442,P527,Q167130
Q11442,P527,Q161798
Q11442,P2184,Q2059831
Q11442,P1535,Q2125610
Q11442,P1343,Q602358
Q11442,P7084,Q8762077
Q193934,P279,Q57790812
Q193934,P1343,Q2657718
Q193934,P1889,Q990683
Q193934,P1889,Q17994250
Q193934,P1889,Q61715571
Q193934,P461,Q193955
Q193934,P361,Q990683
Q193934,P31,Q82046811
Q193934,P910,Q32774179
Q189756,P279,Q23312670
Q189756,P461,Q1920566
Q189756,P156,Q1920566
Q242798,P31,Q4167410
Q242798,P1889,Q1303342
Q242798,P1889,Q16766322
Q445150,P31,Q4167410
Q349459,P31,Q4167410
Q349459,P1889,Q16276127
Q349459,P1889,Q27897330
Q351401,P31,Q4167410
Q351401,P1889,Q37462314
Q4793751,P31,Q4167410
Q1108972,P31,Q4167410
Q3559,P31,Q17444909
Q3559,P279,Q193275
Q3559,P910,Q7217170
Q3559,P361,Q206717
Q3559,P1424,Q5623690
Q3559,P2354,Q37554
Q3559,P5008,Q5460604
Q3559,P527,Q1773534
Q3559,P1343,Q3181656
Q3559,P1889,Q2855300
Q2539485,P1080,Q931597
Q2539485,P31,Q188784
Q2539485,P31,Q1114461
Q2539485,P21,Q6581097
Q2539485,P641,Q11419
Q2526966,P1080,Q931597
Q2526966,P31,Q188784
Q2526966,P31,Q1114461
Q2526966,P463,Q37230
Q2526966,P463,Q911971
Q2526966,P21,Q6581097
Q2526966,P4969,Q60485320
Q2526966,P1889,Q1201201
Q289891,P1552,Q5275945
Q289891,P1889,Q10484067
Q289891,P461,Q17297777
Q289891,P1687,P7047
Q5464150,P31,Q4167410
Q5464150,P1889,Q37500225
Q350102,P31,Q4167410
Q350102,P1889,Q37539131
Q293213,P31,Q4167410
Q293213,P1889,Q36859965
Q1220941,P31,Q4167410
Q1220941,P1889,Q37061294
Q862454,P279,Q1138737
Q862454,P279,Q391414
Q1215884,P31,Q15991290
Q1215884,P17,Q30
Q1215884,P910,Q7214996
Q1215884,P641,Q41323
Q1215884,P159,Q3489200
Q1215884,P1424,Q6307529
Q1215884,P4794,Q123
Q1215884,P2184,Q5870004
Q1215884,P527,Q319007
Q1215884,P527,Q276530
Q1215884,P1344,Q431972
Q729150,P1080,Q931597
Q729150,P31,Q15632617
Q729150,P31,Q1114461
Q729150,P31,Q15773347
Q729150,P31,Q15773317
Q729150,P27,Q30
Q729150,P170,Q525314
Q729150,P170,Q1484216
Q729150,P170,Q1372857
Q729150,P910,Q9575957
Q729150,P21,Q6581097
Q729150,P106,Q1898583
Q729150,P106,Q20085850
Q729150,P106,Q16358610
Q729150,P106,Q4991371
Q729150,P607,Q8740
Q729150,P140,Q13211738
Q729150,P735,Q220546
Q729150,P734,Q16825843
Q729150,P734,Q16865438
Q729150,P463,Q2527918
Q729150,P463,Q600790
Q729150,P463,Q609250
Q729150,P463,Q3052324
Q729150,P463,Q2594763
Q729150,P463,Q928358
Q729150,P463,Q482421
Q729150,P463,Q11218
Q729150,P175,Q181678
Q729150,P175,Q18938
Q729150,P175,Q372947
Q729150,P175,Q362616
Q729150,P19,Q18424
Q729150,P4584,Q29098265
Q729150,P1441,Q16977365
Q729150,P1441,Q27089570
Q729150,P1441,Q569934
Q729150,P1441,Q1509756
Q729150,P1441,Q15971587
Q729150,P1441,Q16153372
Q729150,P1441,Q1153794
Q729150,P1441,Q909802
Q729150,P1441,Q1065829
Q729150,P1441,Q4051248
Q729150,P1441,Q20858225
Q729150,P1441,Q28126678
Q729150,P1441,Q2633916
Q729150,P1441,Q2635546
Q729150,P1441,Q4051247
Q729150,P5800,Q110910
Q729150,P495,Q30
Q729150,P4969,Q1153794
Q729150,P4969,Q909802
Q729150,P4969,Q1065829
Q729150,P4969,Q1354326
Q729150,P4969,Q28840417
Q729150,P4969,Q4051248
Q729150,P4969,Q20858225
Q729150,P4969,Q28126678
Q729150,P4969,Q2633916
Q729150,P4969,Q2635546
Q729150,P4969,Q4051247
Q729150,P4969,Q27089570
Q729150,P7047,Q955796
Q729150,P407,Q1860
Q358964,P31,Q4167410
Q358964,P1889,Q28169216
Q79037,P1080,Q931597
Q79037,P31,Q188784
Q79037,P31,Q1114461
Q79037,P31,Q95074
Q79037,P106,Q33231
Q79037,P106,Q901
Q79037,P106,Q37226
Q79037,P106,Q188784
Q79037,P106,Q205375
Q79037,P910,Q7482918
Q79037,P21,Q6581097
Q79037,P27,Q30
Q79037,P19,Q18424
Q79037,P170,Q181900
Q79037,P170,Q355652
Q79037,P735,Q2793400
Q79037,P734,Q1628041
Q79037,P40,Q2186500
Q79037,P40,Q4889166
Q79037,P138,Q1357
Q79037,P3512,Q28464929
Q79037,P2563,Q47090903
Q79037,P451,Q945817
Q79037,P451,Q1132203
Q79037,P451,Q912640
Q79037,P451,Q18754954
Q79037,P451,Q1621261
Q79037,P175,Q165524
Q79037,P175,Q2023710
Q79037,P175,Q23891
Q79037,P175,Q171525
Q79037,P175,Q23466
Q79037,P175,Q579804
Q79037,P175,Q2707980
Q79037,P175,Q2536187
Q79037,P1441,Q25340029
Q79037,P1441,Q944598
Q79037,P1441,Q484442
Q79037,P1441,Q190145
Q79037,P1441,Q182212
Q79037,P1441,Q2337769
Q79037,P1441,Q4254026
Q79037,P1441,Q229808
Q79037,P1441,Q383700
Q79037,P1441,Q2633998
Q79037,P1441,Q729212
Q79037,P1441,Q27971937
Q79037,P1441,Q1093923
Q79037,P4969,Q182212
Q79037,P4969,Q190145
Q79037,P4969,Q484442
Q79037,P4969,Q2092660
Q79037,P4969,Q2343504
Q79037,P4969,Q2625129
Q79037,P4969,Q3519756
Q79037,P4969,Q4254026
Q79037,P4969,Q18636789
Q79037,P4969,Q23010088
Q79037,P4969,Q29588607
Q79037,P4969,Q9300755
Q79037,P4969,Q60464931
Q79037,P4969,Q27985819
Q79037,P1424,Q11168504
Q79037,P463,Q322646
Q79037,P26,Q27810
Q79037,P2354,Q2481268
Q79037,P22,Q102268961
Q79037,P25,Q102268990
Q159992,P910,Q7468796
Q159992,P279,Q61065
Q159992,P279,Q911069
Q159992,P31,Q31629
Q159992,P1889,Q31665924
Q159992,P2283,Q457689
Q42952,P22,Q43610
Q42952,P26,Q609844
Q42952,P26,Q211613
Q42952,P21,Q6581097
Q42952,P31,Q16513881
Q42952,P31,Q842697
Q42952,P910,Q9140580
Q42952,P40,Q827758
Q42952,P40,Q601453
Q42952,P40,Q1845668
Q42952,P509,Q650711
Q42952,P463,Q170358
Q42952,P1049,Q128285
Q42952,P460,Q206561
Q42952,P460,Q34201
Q42952,P460,Q4649
Q42952,P460,Q250060
Q42952,P1343,Q602358
Q42952,P1343,Q19180675
Q42952,P25,Q548730
Q42952,P361,Q128285
Q42952,P3373,Q1617533
Q42952,P3373,Q372614
Q42952,P3373,Q199959
Q42952,P3373,Q131658
Q42952,P3373,Q204900
Q42952,P3373,Q579612
Q42952,P3373,Q846981
Q42952,P1830,Q193813
Q42952,P4185,Q25294
Q42952,P2596,Q1211290
Q223044,P105,Q36602
Q223044,P31,Q16521
Q223044,P910,Q7214247
Q223044,P171,Q16114972
Q223044,P171,Q134676
Q223044,P1343,Q2041543
Q223044,P1343,Q4086271
Q223044,P1343,Q602358
Q223044,P1343,Q19180675
Q223044,P1343,Q4532138
Q223044,P1343,Q1768721
Q223044,P1672,Q2141546
Q223044,P1889,Q16114972
Q223044,P2354,Q194582
Q923,P460,Q16002466
Q923,P460,Q17501703
Q923,P460,Q17501693
Q923,P460,Q17501806
Q923,P460,Q4715642
Q923,P460,Q2640831
Q923,P460,Q17501723
Q923,P460,Q1707169
Q923,P460,Q17520844
Q923,P460,Q956196
Q923,P460,Q18108530
Q923,P460,Q18108548
Q923,P460,Q18108561
Q923,P460,Q18108562
Q923,P460,Q19818135
Q923,P460,Q19412810
Q923,P460,Q1413008
Q923,P460,Q21029874
Q923,P460,Q13258171
Q923,P460,Q21722953
Q923,P460,Q12784183
Q923,P460,Q18108537
Q923,P460,Q2221177
Q923,P460,Q45087221
Q923,P460,Q63089468
Q923,P460,Q98544871
Q923,P460,Q20727478
Q923,P460,Q98642538
Q923,P460,Q98834352
Q923,P1750,Q2369
Q923,P1343,Q302556
Q923,P1343,Q2041543
Q923,P1889,Q1699786
Q923,P1889,Q16479349
Q923,P407,Q7411
Q923,P407,Q1860
Q923,P407,Q397
Q923,P5323,Q21644845
Q923,P5323,Q21142040
Q923,P1560,Q6081128
Q923,P1533,Q1511218
Q923,P31,Q12308941
Q923,P282,Q8229
Q246435,P31,Q4167410
Q246435,P1889,Q37219573
Q204170,P461,Q9128
Q204170,P461,Q221656
Q204170,P910,Q8363444
Q204170,P361,Q10874
Q204170,P1889,Q231737
Q204170,P1889,Q54894490
Q204170,P31,Q1924249
Q4534191,P31,Q4167410
Q3503092,P279,Q1383944
Q3503092,P279,Q12334861
Q3503092,P2849,Q243784
Q3503092,P682,Q3537764
Q3503092,P1343,Q1210353
Q3503092,P1343,Q19180675
Q3503092,P1343,Q4532138
Q12826225,P910,Q8972919
Q12826225,P1343,Q678259
Q12826225,P1343,Q2657718
Q12826225,P1343,Q1768721
Q12826225,P1343,Q5217764
Q12826225,P31,Q355567
Q12826225,P31,Q4164871
Q12826225,P31,Q12737077
Q12826225,P31,Q5767753
Q12826225,P279,Q1097498
Q12826225,P1001,Q179876
Q2252077,P910,Q10095528
Q2252077,P279,Q451967
Q2252077,P279,Q1174599
Q2252077,P1269,Q650711
Q2252077,P1343,Q4114391
Q408083,P31,Q4167410
Q49389,P279,Q61509
Q49389,P910,Q5601572
Q49389,P1151,Q10978597
Q49389,P2633,Q1350203
Q49389,P366,Q173799
Q49389,P366,Q8434
Q49389,P31,Q268592
Q49389,P31,Q627436
Q49389,P31,Q19595701
Q49389,P1424,Q13219028
Q49389,P1424,Q8069987
Q49389,P3095,Q5633897
Q49389,P3095,Q22813352
Q49389,P3095,Q24007814
Q49389,P1343,Q1768721
Q227475,P31,Q4167410
Q227475,P1889,Q37547655
Q51057227,P31,Q4167410
Q399146,P31,Q4167410
Q257255,P31,Q4167410
Q257255,P1889,Q19901977
Q257255,P1889,Q1931044
Q257255,P460,Q100165703
Q28510,P31,Q1413287
Q815825,P1343,Q4086271
Q815825,P1343,Q4173137
Q815825,P1343,Q602358
Q815825,P910,Q32572397
Q815825,P31,Q2119819
Q815825,P279,Q853725
Q815825,P527,Q20433655
Q815825,P527,Q18089644
Q341264,P31,Q4167410
Q341264,P1889,Q21447116
Q317204,P31,Q4167410
Q317204,P1889,Q37566821
Q317204,P1889,Q864064
Q361075,P460,Q16613090
Q361075,P460,Q416725
Q361075,P460,Q28021828
Q361075,P460,Q3348512
Q361075,P460,Q74262209
Q361075,P460,Q74262852
Q361075,P460,Q74263147
Q361075,P31,Q4167410
Q846076,P641,Q5369
Q846076,P641,Q5375
Q1777990,P31,Q4167410
Q1777990,P1889,Q13138161
Q1777990,P1889,Q37096111
Q1777990,P1889,Q87834272
Q1777990,P1889,Q1796940
Q1777990,P1889,Q87838536
Q1777990,P1889,Q87843146
Q1777990,P1889,Q87843705
Q1777990,P1889,Q87847066
Q1777990,P1889,Q87848341
Q1777990,P1889,Q87848543
Q1777990,P1889,Q87988269
Q1777990,P1889,Q87988677
Q1777990,P1889,Q102390345
Q1777990,P460,Q3505668
Q1777990,P460,Q239664
Q1777990,P460,Q525656
Q1777990,P460,Q19415
Q1777990,P460,Q2368976
Q12898216,P910,Q25037878
Q12898216,P279,Q1914636
Q9406,P279,Q239872
Q9406,P279,Q6949149
Q9406,P910,Q7482871
Q9406,P1269,Q5639750
Q9406,P1889,Q219139
Q174320,P279,Q2041172
Q174320,P279,Q2425052
Q174320,P61,Q57077
Q174320,P366,Q12453
Q174320,P366,Q327065
Q174320,P366,Q12453
Q174320,P366,Q12453
Q174320,P366,Q327065
Q36024,P176,Q386065
Q36024,P176,Q2046187
Q36024,P176,Q2625271
Q36024,P31,Q3231690
Q36024,P31,Q59773381
Q36024,P516,Q502048
Q36024,P1889,Q116232
Q36024,P1716,Q116232
Q36024,P156,Q1071866
Q36024,P279,Q504154
Q38701,P31,Q21199
Q38701,P31,Q245102
Q38701,P31,Q50707
Q38701,P31,Q13366129
Q38701,P31,Q14390192
Q38701,P31,Q1165838
Q38701,P31,Q1403502
Q38701,P31,Q10338607
Q38701,P1889,Q21425442
Q38701,P5236,Q201
Q38701,P5236,Q203
Q48442,P910,Q8399412
Q48442,P279,Q1914636
Q173603,P279,Q14952
Q173603,P279,Q485027
Q173603,P279,Q1333024
Q173603,P910,Q9150862
Q173603,P1343,Q2657718
Q173603,P5869,Q7034568
Q350969,P31,Q4167410
Q16868888,P31,Q4167410
Q21491308,P31,Q101352
Q21491308,P1889,Q1244881
Q21491308,P282,Q8229
Q21491308,P460,Q16861766
Q960228,P31,Q4167410
Q960228,P1889,Q4926833
Q960228,P1889,Q16870718
Q960228,P1889,Q16870718
Q960228,P1889,Q16746969
Q960228,P460,Q406457
Q331220,P495,Q11708
Q331220,P279,Q182780
Q331220,P1889,Q28751207
Q331220,P31,Q728
Q331220,P17,Q252
Q331220,P276,Q4648
Q331220,P276,Q11137
Q331220,P3259,Q59544
Q397136,P31,Q4167410
Q397136,P1889,Q37449598
Q296770,P31,Q4167410
Q296770,P1889,Q676823
Q296770,P1889,Q18012370
Q296770,P460,Q413422
Q35869,P910,Q8272902
Q35869,P1995,Q203337
Q35869,P1995,Q101929
Q35869,P279,Q279330
Q35869,P2176,Q637247
Q35869,P2176,Q1087499
Q35869,P2176,Q928378
Q35869,P2176,Q5104342
Q35869,P2176,Q410358
Q35869,P2176,Q32921
Q35869,P2176,Q424340
Q35869,P2176,Q471763
Q35869,P2176,Q4918914
Q35869,P2176,Q219626
Q35869,P2176,Q417767
Q35869,P2176,Q424333
Q35869,P2176,Q202998
Q35869,P2176,Q1236526
Q35869,P2176,Q407308
Q35869,P2176,Q13530468
Q35869,P2176,Q263958
Q35869,P2176,Q416427
Q35869,P2176,Q416473
Q35869,P2176,Q416132
Q35869,P2176,Q223412
Q35869,P2176,Q4673059
Q35869,P2176,Q928378
Q35869,P2176,Q1073333
Q35869,P2176,Q417767
Q35869,P2176,Q202998
Q35869,P2176,Q637247
Q35869,P2176,Q27165329
Q35869,P2176,Q416473
Q35869,P2176,Q3633651
Q35869,P2176,Q422212
Q35869,P2176,Q3733837
Q35869,P2293,Q17917202
Q35869,P2293,Q18036729
Q35869,P2293,Q18036984
Q35869,P2293,Q18053559
Q35869,P2293,Q18042132
Q35869,P2293,Q18048437
Q35869,P2293,Q18035037
Q35869,P2293,Q18054256
Q35869,P2293,Q14878303
Q35869,P2293,Q18027370
Q35869,P2293,Q18045382
Q35869,P2293,Q14914243
Q35869,P2293,Q4826895
Q35869,P2293,Q18029145
Q35869,P2293,Q18033919
Q35869,P2293,Q18037773
Q35869,P2293,Q18039979
Q35869,P2293,Q5013317
Q35869,P2293,Q18026947
Q35869,P2293,Q18058487
Q35869,P2293,Q17709208
Q35869,P2293,Q18046350
Q35869,P2293,Q18030785
Q35869,P2293,Q18027836
Q35869,P2293,Q18025002
Q35869,P2293,Q18030364
Q35869,P2293,Q18030185
Q35869,P2293,Q18035589
Q35869,P2293,Q18045645
Q35869,P2293,Q18051900
Q35869,P2293,Q18033889
Q35869,P2293,Q14907990
Q35869,P2293,Q18033424
Q35869,P2293,Q14903974
Q35869,P2293,Q18027822
Q35869,P2293,Q14912759
Q35869,P2293,Q15326496
Q35869,P2293,Q18030409
Q35869,P2293,Q18039623
Q35869,P31,Q12136
Q35869,P5642,Q662860
Q35869,P5642,Q131123
Q35869,P5008,Q87748614
Q35869,P5008,Q4099686
Q35869,P1889,Q2866709
Q35869,P5131,Q5195243
Q35869,P780,Q35805
Q35869,P780,Q693058
Q131774,P155,Q276258
Q131774,P31,Q785260
Q131774,P31,Q185836
Q131774,P910,Q7441541
Q131774,P1343,Q2041543
Q131774,P2670,Q1492760
Q131774,P1269,Q2347178
Q131774,P156,Q378915
Q680838,P31,Q207645
Q680838,P1343,Q4114391
Q680838,P279,Q81672
Q171888,P910,Q18727318
Q171888,P279,Q121916
Q171888,P186,Q131877
Q171888,P186,Q180044
Q171888,P361,Q14674
Q171888,P361,Q165447
Q171888,P366,Q23009442
Q171888,P366,Q23090506
Q171888,P2283,Q3819233
Q171888,P2283,Q188666
Q171888,P1889,Q1863081
Q171888,P1889,Q1779530
Q171888,P1889,Q3500439
Q638569,P279,Q207628
Q638569,P1343,Q27680201
Q638569,P1343,Q602358
Q638569,P1889,Q3739222
Q638569,P1889,Q11264216
Q134227,P31,Q4167410
Q134227,P1889,Q25126016
Q25271,P31,Q26540
Q25271,P31,Q25956
Q25271,P31,Q195339
Q25271,P522,Q663611
Q25271,P910,Q7016393
Q25271,P1343,Q17311605
Q25271,P1343,Q17290934
Q25271,P1151,Q19677220
Q25271,P137,Q23548
Q25271,P137,Q190795
Q25271,P137,Q42262
Q25271,P137,Q179103
Q25271,P137,Q212227
Q25271,P166,Q3321940
Q25271,P1441,Q1868663
Q25271,P1441,Q19902777
Q25271,P2670,Q22080327
Q25271,P2670,Q18812508
Q25271,P397,Q2
Q25271,P276,Q663611
Q25271,P793,Q797476
Q25271,P527,Q331785
Q25271,P527,Q533336
Q25271,P527,Q725102
Q25271,P527,Q752841
Q25271,P527,Q835594
Q25271,P527,Q741916
Q25271,P527,Q824359
Q25271,P527,Q155935
Q25271,P527,Q506609
Q25271,P527,Q899013
Q25271,P527,Q841607
Q25271,P527,Q600292
Q25271,P527,Q572147
Q25271,P527,Q610615
Q25271,P527,Q2584134
Q25271,P527,Q221720
Q25271,P527,Q559298
Q25271,P527,Q766213
Q25271,P527,Q904690
Q25271,P527,Q1677899
Q25271,P527,Q2106996
Q25271,P527,Q2355785
Q25271,P527,Q1385063
Q25271,P527,Q3450175
Q25271,P17,Q30
Q25271,P17,Q145
Q25271,P17,Q142
Q25271,P17,Q35
Q25271,P17,Q29
Q25271,P17,Q38
Q25271,P17,Q55
Q25271,P17,Q34
Q25271,P17,Q16
Q25271,P17,Q183
Q25271,P17,Q39
Q25271,P17,Q31
Q25271,P17,Q155
Q25271,P17,Q17
Q25271,P17,Q20
Q25271,P17,Q159
Q25271,P7561,Q86116313
Q9402,P910,Q7430520
Q9402,P279,Q178197
Q9402,P279,Q5179297
Q9402,P31,Q28640
Q9402,P425,Q539067
Q409974,P31,Q4167410
Q409974,P1343,Q2041543
Q409974,P1889,Q17150896
Q102282,P31,Q4167410
Q102282,P1889,Q12804171
Q102282,P460,Q7769476
Q102282,P460,Q2436893
Q327954,P366,Q210064
Q327954,P366,Q3196
Q327954,P279,Q20087093
Q327954,P279,Q2424752
Q327954,P1552,Q32914898
Q327954,P1542,Q210064
Q327954,P1343,Q2041543
Q327954,P1343,Q30059240
Q327954,P1343,Q602358
Q327954,P1343,Q4532138
Q327954,P1343,Q1970746
Q327954,P910,Q24081979
Q227958,P31,Q4167410
Q11457,P279,Q20026824
Q11457,P279,Q161
Q11457,P910,Q7342794
Q11457,P1582,Q311515
Q11457,P1582,Q133481
Q11457,P1552,Q216678
Q11457,P366,Q8231603
Q11457,P366,Q14523736
Q11457,P366,Q3738205
Q11457,P366,Q810903
Q11457,P1343,Q28888841
Q11457,P31,Q161
Q11457,P5008,Q5460604
Q11457,P1889,Q12080077
Q11457,P1441,Q2385
Q48771634,P641,Q187916
Q48771634,P31,Q726
Q48771634,P366,Q2442470
Q280945,P31,Q4167410
Q280945,P1889,Q13560183
Q280945,P1889,Q55560131
Q217465,P31,Q4167410
Q217465,P1889,Q21079662
Q217465,P1889,Q1158446
Q217465,P460,Q1772537
Q217465,P460,Q28932752
Q217465,P460,Q18868
Q217465,P460,Q2092106
Q344230,P31,Q4167410
Q344230,P1889,Q36956728
Q868367,P31,Q4167410
Q400402,P31,Q4167410
Q418372,P31,Q4167410
Q219282,P31,Q4167410
Q1174923,P31,Q4167410
Q1174923,P1889,Q20000002
Q1174923,P1889,Q21482719
Q1174923,P1889,Q1031816
Q1174923,P460,Q224082
Q236992,P31,Q4167410
Q236992,P1889,Q37445711
Q236992,P1889,Q5429162
Q341488,P31,Q4167410
Q341488,P1889,Q16869481
Q341488,P1889,Q5249282
Q341488,P460,Q64553719
Q341488,P460,Q64553622
Q341488,P460,Q64553821
Q341488,P460,Q64553900
Q341488,P460,Q64553927
Q3530835,P31,Q484416
Q53268,P31,Q786820
Q53268,P169,Q418622
Q53268,P169,Q736336
Q53268,P112,Q358556
Q53268,P159,Q22131484
Q53268,P414,Q217475
Q53268,P414,Q171240
Q53268,P414,Q13677
Q53268,P414,Q1188840
Q53268,P199,Q35919
Q53268,P355,Q867667
Q53268,P355,Q27511
Q53268,P355,Q7830837
Q53268,P355,Q1129062
Q53268,P355,Q7830808
Q53268,P355,Q7830764
Q53268,P355,Q7830838
Q53268,P355,Q7830825
Q53268,P355,Q2447054
Q53268,P355,Q17056197
Q53268,P355,Q11321695
Q53268,P355,Q11321573
Q53268,P355,Q11321676
Q53268,P355,Q11321683
Q53268,P355,Q7830824
Q53268,P355,Q1684281
Q53268,P355,Q7830834
Q53268,P355,Q7830832
Q53268,P355,Q7830833
Q53268,P355,Q7830836
Q53268,P355,Q1464318
Q53268,P355,Q2447191
Q53268,P355,Q2447176
Q53268,P355,Q6133919
Q53268,P355,Q17056215
Q53268,P910,Q7215323
Q53268,P138,Q358556
Q53268,P17,Q17
Q53268,P1454,Q1480166
Q53268,P452,Q190117
Q53268,P127,Q1476105
Q53268,P127,Q519611
Q53268,P1830,Q176508
Q53268,P1830,Q1476105
Q53268,P1830,Q409907
Q53268,P1830,Q716457
Q53268,P1830,Q11634006
Q53268,P1830,Q971946
Q53268,P1830,Q4981353
Q53268,P1830,Q11493434
Q53268,P1830,Q13417155
Q53268,P1056,Q1144312
Q53268,P463,Q858851
Q53268,P463,Q1361045
Q53268,P1037,Q418622
Q2477915,P31,Q4167410
Q2477915,P1889,Q3548139
Q2477915,P1889,Q37444096
Q2477915,P460,Q1681909
Q19689241,P31,Q4167410
Q213449,P279,Q1663054
Q213449,P910,Q6294036
Q213449,P366,Q208195
Q213449,P366,Q103191
Q213449,P366,Q2138622
Q213449,P460,Q12203305
Q213449,P2283,Q2095
Q213449,P2283,Q9649
Q213449,P461,Q185557
Q213449,P276,Q43164
Q213449,P276,Q11707
Q213449,P276,Q661199
Q213449,P276,Q628858
Q213449,P1889,Q3239189
Q213449,P155,Q38695
Q213449,P155,Q36963
Q213449,P155,Q16920758
Q213449,P1542,Q1562684
Q213449,P828,Q165947
Q213449,P31,Q1914636
Q213449,P3095,Q20984678
Q82580,P910,Q8474811
Q82580,P279,Q2009590
Q82580,P279,Q2916417
Q82580,P279,Q59286515
Q82580,P1542,Q4311765
Q82580,P1542,Q898440
Q82580,P1552,Q1932524
Q82580,P2579,Q193870
Q82580,P5008,Q99671171
Q599797,P279,Q15710834
Q599797,P641,Q213934
Q782,P6,Q469689
Q782,P6,Q16189318
Q782,P6,Q231701
Q782,P6,Q816457
Q782,P6,Q880678
Q782,P6,Q887563
Q782,P6,Q880606
Q782,P6,Q705567
Q782,P1151,Q10967035
Q782,P150,Q487334
Q782,P150,Q487704
Q782,P150,Q494546
Q782,P150,Q111517
Q782,P150,Q111409
Q782,P17,Q30
Q782,P36,Q18094
Q782,P37,Q1860
Q782,P37,Q33569
Q782,P163,Q219726
Q782,P421,Q3241537
Q782,P421,Q28149311
Q782,P500,Q30
Q782,P131,Q30
Q782,P30,Q538
Q782,P910,Q6809017
Q782,P31,Q35657
Q782,P194,Q5684411
Q782,P1464,Q8082305
Q782,P1465,Q8365478
Q782,P1740,Q6839962
Q782,P1791,Q8328606
Q782,P1792,Q6827475
Q782,P1313,Q5589655
Q782,P2184,Q31534
Q782,P706,Q192626
Q782,P530,Q42000
Q782,P610,Q131230
Q782,P1589,Q98
Q782,P190,Q123258
Q782,P190,Q123376
Q782,P190,Q617375
Q782,P190,Q766445
Q782,P2633,Q52312612
Q782,P5125,Q7112287
Q782,P138,Q156418
Q782,P138,Q1591621
Q782,P138,Q5684643
Q782,P138,Q68740
Q782,P208,Q38724674
Q782,P457,Q5164196
Q782,P209,Q4992107
Q782,P1365,Q547795
Q782,P1546,Q3878470
Q782,P2238,Q687695
Q782,P2238,Q13099321
Q782,P1889,Q14353921
Q782,P2936,Q35602
Q782,P2936,Q33358
Q782,P2936,Q33569
Q782,P206,Q98
Q782,P7867,Q84128747
Q782,P418,Q1258120
Q782,P8402,Q97062848
Q782,P8744,Q5817211
Q1100403,P31,Q4167410
Q1100403,P1889,Q36973366
Q3882219,P279,Q132821
Q3882219,P910,Q7216205
Q3882219,P1889,Q81672
Q3882219,P1889,Q132821
Q3882219,P1889,Q4676786
Q3882219,P1889,Q149086
Q3882219,P1889,Q1642263
Q3882219,P460,Q9026907
Q3882219,P460,Q1139665
Q3882219,P3095,Q55983771
Q3882219,P1382,Q1139665
Q3882219,P1343,Q1768721
Q1228544,P31,Q4167410
Q1228544,P1889,Q5281769
Q1228544,P1889,Q3030219
Q1228544,P1889,Q16550062
Q43015,P910,Q7014671
Q43015,P1151,Q18016516
Q43015,P2633,Q17076708
Q43015,P1424,Q15275184
Q43015,P1424,Q5616242
Q43015,P31,Q11862829
Q43015,P31,Q4671286
Q43015,P3095,Q537098
Q43015,P3095,Q3458238
Q43015,P279,Q18564125
Q43015,P5125,Q7112633
Q2917466,P910,Q7096749
Q2917466,P31,Q12737077
Q2917466,P279,Q12797895
Q345285,P31,Q4167410
Q345285,P1889,Q29583032
Q345285,P1889,Q37024276
Q7640281,P31,Q4167410
Q7640281,P1889,Q15849638
Q7640281,P1889,Q37198794
Q2301641,P910,Q8586987
Q2301641,P31,Q27043990
Q6983813,P1343,Q2657718
Q6983813,P1343,Q602358
Q6983813,P1343,Q19180675
Q6983813,P1343,Q4532135
Q6983813,P1343,Q27680201
Q6983813,P1343,Q2041543
Q6983813,P1889,Q37137
Q6983813,P31,Q1063547
Q6983813,P279,Q17172850
Q6983813,P1303,Q17172850
Q134864,P21,Q6581097
Q134864,P19,Q1023054
Q134864,P20,Q2742
Q134864,P31,Q5
Q134864,P1050,Q10874
Q134864,P27,Q30
Q134864,P106,Q2914170
Q134864,P106,Q49757
Q134864,P106,Q36834
Q134864,P106,Q15981151
Q134864,P106,Q177220
Q134864,P106,Q205375
Q134864,P735,Q2897866
Q134864,P1303,Q52954
Q134864,P1303,Q133163
Q134864,P1303,Q11404
Q134864,P136,Q790188
Q134864,P136,Q572901
Q134864,P136,Q2416307
Q134864,P1343,Q1145552
Q134864,P1343,Q67311526
Q134864,P119,Q190488
Q134864,P264,Q216364
Q134864,P1412,Q1860
Q134864,P734,Q16870506
Q525424,P31,Q4167410
Q525424,P1889,Q2800558
Q525424,P1889,Q37475283
Q484830,P279,Q601401
Q484830,P910,Q9443225
Q484830,P121,Q1485500
Q484830,P121,Q11105360
Q484830,P121,Q7406919
Q484830,P1343,Q19190511
Q501862,P279,Q212920
Q501862,P279,Q1521410
Q501862,P279,Q3558289
Q501862,P279,Q57583712
Q501862,P279,Q4923715
Q501862,P1889,Q13034048
Q501862,P1889,Q1934490
Q501862,P1889,Q954087
Q501862,P366,Q379697
Q16879099,P31,Q4167410
Q311679,P31,Q918270
Q311679,P155,Q609697
Q311679,P361,Q2040532
Q311679,P527,Q25339289
Q311679,P527,Q12888920
Q311679,P1552,Q1465133
Q311679,P437,Q49845
Q311679,P437,Q9158
Q311679,P437,Q2296401
Q311679,P437,Q35127
Q311679,P279,Q22445448
Q311679,P279,Q8018506
Q311679,P279,Q3249551
Q878123,P279,Q13406554
Q878123,P279,Q349
Q878123,P910,Q7016334
Q878123,P1889,Q2640883
Q878123,P1889,Q29581183
Q878123,P1889,Q54894541
Q878123,P460,Q22938576
Q878123,P2738,Q23766486
Q878123,P31,Q349
Q236255,P31,Q4167410
Q223401,P31,Q4167410
Q223401,P1889,Q5928530
Q223401,P1889,Q2720681
Q223401,P460,Q1239647
Q7162420,P17,Q833
Q294748,P31,Q4167410
Q294748,P1889,Q16869519
Q229481,P31,Q4167410
Q576812,P31,Q4167410
Q576812,P1889,Q1362661
Q395855,P31,Q4167410
Q395855,P1889,Q10350149
Q395855,P1889,Q2300138
Q395855,P1889,Q16879301
Q150820,P170,Q194280
Q150820,P31,Q41298
Q150820,P31,Q21886169
Q150820,P31,Q13605686
Q150820,P910,Q6398750
Q150820,P98,Q194280
Q150820,P17,Q30
Q150820,P495,Q30
Q150820,P407,Q1860
Q150820,P123,Q3107204
Q150820,P123,Q459029
Q150820,P1687,P5346
Q150820,P138,Q2099032
Q150820,P4969,Q10350469
Q150820,P4969,Q11515958
Q150820,P4969,Q16349412
Q150820,P1889,Q20530574
Q150820,P159,Q1297
Q150820,P921,Q21886169
Q2143892,P31,Q11879590
Q2143892,P460,Q4964415
Q2143892,P460,Q12800075
Q2143892,P460,Q18091492
Q2143892,P460,Q26266256
Q2143892,P460,Q17561028
Q2143892,P407,Q150
Q2143892,P407,Q7411
Q2143892,P1889,Q7313825
Q2143892,P1889,Q15974352
Q2143892,P282,Q8229
Q2143892,P5323,Q21644845
Q2143892,P1343,Q151
Q2143892,P1533,Q63395682
Q159979,P361,Q14756018
Q159979,P910,Q7128565
Q159979,P1889,Q243822
Q159979,P1889,Q14756018
Q159979,P31,Q171318
Q159979,P279,Q31184
Q72797,P910,Q9231025
Q72797,P279,Q14524031
Q72797,P1889,Q5577359
Q72797,P1889,Q3346867
Q72797,P1889,Q22908868
Q1527816,P279,Q15710813
Q234452,P31,Q4167410
Q234452,P460,Q3290377
Q234452,P460,Q21334681
Q234452,P460,Q17516274
Q234452,P460,Q230575
Q234452,P460,Q397013
Q234452,P460,Q122718
Q234452,P460,Q765293
Q234452,P460,Q6016699
Q234452,P1889,Q16876415
Q234452,P1889,Q17520944
Q224596,P31,Q4167410
Q224596,P1889,Q16290858
Q224596,P1889,Q2790265
Q224596,P1889,Q7060677
Q5227494,P31,Q4830453
Q5227494,P17,Q30
Q5227494,P1056,Q7397
Q5227494,P452,Q192731
Q1417134,P361,Q1420
Q1417134,P279,Q47146
Q1417134,P279,Q239001
Q1417134,P31,Q56655111
Q184197,P279,Q721849
Q401317,P31,Q4167410
Q401317,P1889,Q1849053
Q401317,P1889,Q1774727
Q1128459,P1889,Q178032
Q186819,P279,Q1718024
Q186819,P279,Q11653
Q186819,P1889,Q570
Q186819,P1889,Q1378949
Q186819,P1889,Q1193170
Q186819,P1889,Q30090726
Q186819,P910,Q8506742
Q1017740,P31,Q4167410
Q420328,P31,Q4167410
Q420328,P1889,Q14915271
Q165632,P910,Q17391370
Q165632,P279,Q104541
Q165632,P1542,Q131123
Q165632,P2579,Q212919
Q165632,P31,Q66902062
Q165632,P1343,Q1768721
Q165632,P1343,Q4532138
Q170406,P279,Q15198957
Q170406,P279,Q25933100
Q170406,P910,Q7216645
Q7339722,P175,Q950309
Q7339722,P264,Q645889
Q7339722,P31,Q134556
Q7339722,P495,Q30
Q7339722,P361,Q5174111
Q7339722,P162,Q497759
Q7339722,P136,Q484641
Q7339722,P155,Q51622
Q7339722,P156,Q5245533
Q347210,P31,Q4167410
Q347210,P1889,Q12776075
Q347210,P1889,Q37186065
Q416238,P31,Q4167410
Q416238,P1889,Q16883473
Q1214014,P31,Q4167410
Q1214014,P1889,Q36908492
Q41176,P279,Q811979
Q41176,P279,Q13226383
Q41176,P910,Q8963787
Q41176,P1424,Q5906647
Q41176,P527,Q831691
Q41176,P527,Q183061
Q41176,P527,Q83180
Q41176,P527,Q234852
Q41176,P527,Q170552
Q41176,P527,Q42948
Q41176,P527,Q16685719
Q41176,P527,Q35473
Q41176,P527,Q221706
Q41176,P527,Q217164
Q41176,P527,Q36794
Q41176,P527,Q24698748
Q41176,P1963,P131
Q41176,P1963,P17
Q41176,P1963,P84
Q41176,P1963,P149
Q41176,P1963,P455
Q41176,P1963,P454
Q41176,P1963,P1398
Q41176,P1963,P669
Q41176,P1963,P1419
Q41176,P1963,P462
Q41176,P1963,P1101
Q41176,P1963,P1139
Q41176,P1963,P527
Q41176,P1963,P3113
Q41176,P1963,P193
Q41176,P1963,P631
Q41176,P1963,P186
Q41176,P1963,P856
Q41176,P1963,P281
Q41176,P1963,P625
Q41176,P1963,P6375
Q41176,P1963,P466
Q41176,P1963,P167
Q41176,P1963,P5816
Q41176,P1963,P5817
Q41176,P1687,P3032
Q41176,P6186,Q7480121
Q41176,P6440,Q3055298
Q41176,P1343,Q101314624
Q7575829,P31,Q4167410
Q7575829,P1889,Q37035016
Q25288,P1343,Q2657718
Q25288,P1343,Q602358
Q25288,P1343,Q4086271
Q25288,P1343,Q1970746
Q25288,P1343,Q19180675
Q25288,P1343,Q26711933
Q25288,P1343,Q73391977
Q25288,P1343,Q20078554
Q25288,P279,Q11402
Q25288,P279,Q2672914
Q25288,P279,Q107715
Q25288,P828,Q11412
Q25288,P828,Q178733
Q25288,P461,Q6497624
Q25288,P1889,Q11423
Q25288,P4934,Q11423
Q25288,P4934,Q30006
Q25288,P8111,Q12438
Q25288,P31,Q107715
Q3621307,P910,Q8228642
Q3621307,P279,Q49845
Q3621307,P279,Q3569648
Q16354707,P31,Q82799
Q16354707,P527,Q1166608
Q16354707,P527,Q18515501
Q16354707,P527,Q41427912
Q16354707,P407,Q9142
Q16354707,P407,Q1860
Q16354707,P1889,Q28418585
Q6055890,P910,Q6242428
Q6055890,P361,Q1268199
Q6055890,P279,Q837171
Q6055890,P1687,P8324
Q4925653,P31,Q4167410
Q42486,P279,Q337979
Q42486,P279,Q7128792
Q42486,P279,Q15041854
Q42486,P910,Q6471124
Q42486,P31,Q31629
Q42486,P3095,Q27978698
Q42486,P3095,Q98768940
Q42486,P1424,Q78867454
Q42486,P1889,Q131359
Q202875,P910,Q8670529
Q202875,P279,Q131395
Q202875,P279,Q1914636
Q202875,P279,Q7157572
Q202875,P3095,Q10335982
Q202875,P2579,Q97008347
Q202875,P2579,Q8134
Q903600,P31,Q4167410
Q402560,P31,Q4167410
Q402560,P1889,Q37292175
Q4855175,P31,Q4167410
Q40971,P910,Q8708734
Q40971,P31,Q4830453
Q40971,P31,Q17412622
Q40971,P159,Q12439
Q40971,P112,Q1681277
Q40971,P740,Q862733
Q40971,P452,Q190117
Q40971,P1037,Q1681277
Q40971,P495,Q30
Q40971,P1343,Q20078554
Q40971,P1056,Q1420
Q45393,P279,Q1933595
Q45393,P910,Q5833895
Q45393,P1151,Q13365750
Q45393,P1343,Q4114391
Q45393,P1343,Q602358
Q45393,P1343,Q2041543
Q45393,P3095,Q10729326
Q45393,P31,Q1914636
Q45393,P1889,Q18481286
Q45393,P1269,Q382113
Q237691,P31,Q4167410
Q237691,P1889,Q37162720
Q211387,P279,Q13389141
Q211387,P910,Q30602122
Q211387,P1343,Q2657718
Q211387,P1343,Q2041543
Q211387,P2283,Q866612
Q211387,P1542,Q1153014
Q211387,P1542,Q5357710
Q211387,P1542,Q7465774
Q359208,P31,Q4167410
Q359208,P1889,Q20084058
Q359208,P1889,Q37538902
Q626066,P279,Q15361145
Q626066,P1343,Q602358
Q161183,P31,Q4167410
Q161183,P460,Q199453
Q504481,P31,Q483247
Q2747456,P31,Q355567
Q2747456,P31,Q3320743
Q2747456,P910,Q7214172
Q2747456,P1343,Q2041543
Q2747456,P1889,Q18244
Q2747456,P460,Q863048
Q2747456,P460,Q147925
Q2747456,P460,Q11572959
Q2747456,P279,Q2478141
Q23384,P910,Q6274556
Q23384,P1542,Q12882653
Q23384,P1343,Q2657718
Q23384,P1343,Q2041543
Q23384,P1343,Q106199
Q23384,P1343,Q4532138
Q23384,P279,Q28195494
Q23384,P279,Q170475
Q23384,P1537,Q733109
Q23384,P366,Q184037
Q23384,P366,Q170196
Q23384,P527,Q20631630
Q23384,P527,Q20631632
Q23384,P460,Q17298979
Q18498,P105,Q7432
Q18498,P141,Q211005
Q18498,P171,Q149892
Q18498,P31,Q16521
Q18498,P31,Q19067
Q18498,P910,Q7246760
Q18498,P1343,Q19180675
Q18498,P1343,Q1970746
Q18498,P1343,Q4086271
Q18498,P1343,Q602358
Q18498,P1343,Q4173137
Q18498,P1343,Q1768721
Q18498,P5841,Q56084734
Q18498,P166,Q2432086
Q18498,P1034,Q25851
Q18498,P1034,Q26838
Q18498,P1034,Q35517
Q18498,P1034,Q18099
Q18498,P1034,Q202994
Q18498,P1034,Q39624
Q18498,P1034,Q23390
Q18498,P1034,Q184004
Q18498,P1034,Q58697
Q18498,P1034,Q378080
Q18498,P1034,Q912026
Q18498,P1034,Q951220
Q18498,P1034,Q234150
Q18498,P1034,Q840750
Q18498,P1034,Q261363
Q18498,P1034,Q7368
Q18498,P1034,Q830
Q18498,P1034,Q144
Q18498,P1034,Q146
Q18498,P1034,Q13184
Q18498,P1034,Q89
Q18498,P1034,Q13099586
Q18498,P1034,Q10978
Q18498,P1034,Q643352
Q18498,P1034,Q2796766
Q18498,P1034,Q338831
Q18498,P1034,Q122069
Q18498,P1034,Q79794
Q18498,P1034,Q8332
Q18498,P1034,Q187704
Q18498,P1034,Q133189
Q18498,P1034,Q5113
Q18498,P1034,Q152
Q18498,P1034,Q993274
Q18498,P1034,Q180404
Q18498,P1034,Q18919
Q18498,P1441,Q73901825
Q18498,P279,Q25324
Q358827,P31,Q4167410
Q160117,P31,Q28640
Q160117,P279,Q43845
Q160117,P1343,Q2657718
Q160117,P1343,Q602358
Q160117,P1343,Q19180675
Q160117,P1889,Q1864802
Q160117,P910,Q15132249
Q225960,P31,Q4167410
Q254190,P31,Q4167410
Q254190,P1889,Q16870900
Q254190,P1889,Q29555679
Q397157,P31,Q4167410
Q767631,P361,Q129787
Q767631,P31,Q10929058
Q767631,P880,Q1545600
Q767631,P279,Q17589470
Q767631,P176,Q2150493
Q767631,P910,Q7767133
Q187639,P31,Q4167410
Q631931,P279,Q735
Q631931,P1151,Q19369142
Q631931,P461,Q219625
Q631931,P910,Q7470489
Q631931,P31,Q1792379
Q631931,P31,Q11862829
Q631931,P3095,Q62521253
Q232589,P31,Q4167410
Q232589,P1889,Q15845626
Q232589,P1889,Q1259568
Q232589,P1343,Q2041543
Q232589,P910,Q79105100
Q8093,P159,Q34600
Q8093,P159,Q1077022
Q8093,P159,Q1203862
Q8093,P159,Q34600
Q8093,P112,Q456052
Q8093,P169,Q52177144
Q8093,P169,Q7688294
Q8093,P169,Q316013
Q8093,P169,Q354768
Q8093,P169,Q1336499
Q8093,P169,Q456052
Q8093,P31,Q1058914
Q8093,P31,Q4830453
Q8093,P31,Q6881511
Q8093,P31,Q1137109
Q8093,P910,Q7045516
Q8093,P452,Q941594
Q8093,P452,Q57262286
Q8093,P1789,Q61800501
Q8093,P414,Q217475
Q8093,P414,Q82059
Q8093,P414,Q151139
Q8093,P199,Q20972825
Q8093,P199,Q21190892
Q8093,P355,Q20651008
Q8093,P355,Q17042650
Q8093,P355,Q21199606
Q8093,P355,Q991149
Q8093,P355,Q30343919
Q8093,P355,Q7039137
Q8093,P355,Q12622992
Q8093,P355,Q10884665
Q8093,P355,Q11341024
Q8093,P1424,Q46608004
Q8093,P1151,Q11722120
Q8093,P1454,Q1480166
Q8093,P17,Q17
Q8093,P127,Q505275
Q8093,P127,Q1516464
Q8093,P127,Q11375713
Q8093,P740,Q17
Q8093,P166,Q44661764
Q8093,P166,Q546692
Q8093,P166,Q104160650
Q8093,P1830,Q991149
Q8093,P1830,Q1068734
Q8093,P1830,Q1079748
Q8093,P1830,Q1156046
Q8093,P1830,Q1157211
Q8093,P1830,Q1239326
Q8093,P1830,Q2054310
Q8093,P1830,Q3337438
Q8093,P1830,Q3407134
Q8093,P1830,Q3877247
Q8093,P1830,Q4349038
Q8093,P1830,Q5027271
Q8093,P1830,Q10884662
Q8093,P1830,Q11320256
Q8093,P1830,Q20972825
Q8093,P1830,Q21199606
Q8093,P1830,Q123018
Q8093,P1830,Q170420
Q8093,P1830,Q287168
Q8093,P1830,Q531167
Q8093,P463,Q1361045
Q8093,P463,Q7389502
Q8093,P1056,Q7397
Q8093,P1037,Q52177144
Q230175,P31,Q4167410
Q230175,P1889,Q37466819
Q9798,P279,Q181247
Q9798,P279,Q55738874
Q9798,P138,Q181995
Q9798,P910,Q8706405
Q9798,P61,Q181995
Q9798,P1343,Q2657718
Q9798,P1343,Q27680201
Q9798,P1343,Q602358
Q9798,P1343,Q19180675
Q9798,P2670,Q7428870
Q9798,P166,Q48757486
Q9798,P1535,Q12800682
Q27914,P31,Q1063547
Q27914,P31,Q28640
Q27914,P910,Q7042848
Q27914,P1343,Q2657718
Q27914,P279,Q98116969
Q27914,P279,Q177220
Q27914,P6186,Q59522444
Q27914,P1303,Q17172850
Q615057,P31,Q930752
Q615057,P31,Q11862829
Q615057,P31,Q21286738
Q615057,P910,Q6142263
Q615057,P2578,Q131130
Q615057,P3095,Q28837
Q615057,P3095,Q615015
Q615057,P1889,Q98464537
Q615057,P2959,Q25690712
Q3274724,P31,Q431289
Q3274724,P127,Q17067798
Q6932123,P31,Q4167410
Q3217573,P279,Q2002016
Q547314,P1343,Q678259
Q547314,P1343,Q3181656
Q547314,P1343,Q602358
Q547314,P279,Q618779
Q80131,P1151,Q14614986
Q80131,P279,Q142714
Q80131,P279,Q1188693
Q80131,P910,Q7336610
Q80131,P31,Q142714
Q80131,P3095,Q15295720
Q80131,P2283,Q47883
Q80131,P5125,Q7112701
Q80131,P2184,Q5868375
Q80131,P4969,Q1919992
Q206908,P31,Q4167410
Q206908,P1889,Q12336325
Q206908,P1889,Q37563235
Q206908,P1889,Q292370
Q206908,P1889,Q7666238
Q206908,P1889,Q25446977
Q206908,P1889,Q99382663
Q467,P279,Q80994
Q467,P279,Q84048852
Q467,P461,Q8441
Q467,P1343,Q2041543
Q467,P1343,Q602358
Q467,P1343,Q602358
Q467,P1343,Q1768721
Q467,P1889,Q6581072
Q467,P1889,Q84048852
Q467,P2959,Q22828751
Q467,P4733,Q50810224
Q467,P1552,Q50810224
Q467,P5008,Q5460604
Q467,P6104,Q21712210
Q467,P6186,Q60607743
Q467,P910,Q1410688
Q467,P910,Q7473085
Q467,P155,Q3031
Q467,P2354,Q6626611
Q345961,P31,Q4167410
Q208160,P910,Q11710180
Q208160,P31,Q157811
Q208160,P31,Q13406463
Q208160,P460,Q605035
Q208160,P460,Q16514804
Q208160,P461,Q1401607
Q208160,P361,Q77468620
Q208160,P1382,Q362547
Q208160,P1889,Q95492778
Q208160,P1343,Q101314624
Q131231,P31,Q56816954
Q131231,P358,Q1570369
Q131231,P910,Q8450785
Q131231,P136,Q483352
Q131231,P136,Q10922
Q131231,P136,Q211723
Q131231,P740,Q851027
Q131231,P495,Q30
Q131231,P264,Q756320
Q131231,P264,Q654283
Q131231,P264,Q466649
Q131231,P264,Q158886
Q131231,P527,Q299122
Q131231,P527,Q297210
Q131231,P527,Q312292
Q131231,P527,Q312336
Q131231,P527,Q968498
Q131231,P527,Q202022
Q131231,P737,Q192861
Q131231,P737,Q83468
Q131231,P737,Q42482
Q131231,P737,Q1753412
Q131231,P166,Q41254
Q131231,P1424,Q10728898
Q131231,P17,Q30
Q131231,P6365,Q7856009
Q360417,P31,Q4167410
Q360417,P1889,Q37544477
Q360417,P1889,Q55642639
Q360417,P460,Q3989907
Q883234,P279,Q849964
Q883234,P5422,Q3421342
Q883234,P1343,Q47212148
Q883234,P186,Q58162
Q899387,P31,Q4167410
Q899387,P460,Q526099
Q899387,P460,Q467549
Q899387,P460,Q3446123
Q899387,P460,Q1534534
Q899387,P279,Q3446123
Q899387,P279,Q1159288
Q899387,P1889,Q37099488
Q224798,P31,Q4167410
Q224798,P460,Q19593921
Q224798,P460,Q64831662
Q224798,P460,Q64831669
Q224798,P460,Q64831673
Q224798,P460,Q64831682
Q224798,P460,Q64831688
Q224798,P460,Q64831695
Q224798,P460,Q89576486
Q224798,P1889,Q37515842
Q224798,P1889,Q7362384
Q224798,P1889,Q3283921
Q224798,P1889,Q3940547
Q224798,P1889,Q7362386
Q224798,P1889,Q7362382
Q224798,P1889,Q7362389
Q224798,P1889,Q55641619
Q224798,P1889,Q425913
Q224798,P1889,Q1752790
Q224798,P1889,Q6111380
Q224798,P1889,Q6111376
Q224798,P1889,Q11241201
Q224798,P1889,Q3285257
Q1578,P366,Q662860
Q1578,P910,Q6435708
Q1578,P527,Q1566
Q1578,P527,Q199344
Q1578,P527,Q736556
Q1578,P1343,Q2041543
Q1578,P2959,Q22828684
Q1578,P279,Q44106
Q1578,P1424,Q8084696
Q1578,P2283,Q1566
Q1578,P186,Q1566
Q1578,P186,Q199344
Q39018,P31,Q355567
Q39018,P31,Q4164871
Q39018,P31,Q28640
Q39018,P279,Q116
Q39018,P910,Q7216624
Q39018,P1343,Q2657718
Q39018,P1343,Q2041543
Q39018,P1343,Q867541
Q39018,P6186,Q59522157
Q39018,P511,Q3843034
Q6383244,P31,Q101352
Q6383244,P282,Q8229
Q13359947,P31,Q5378582
Q13359947,P31,Q5767753
Q13359947,P1343,Q602358
Q99895,P279,Q10971235
Q99895,P910,Q8762926
Q99895,P1343,Q2041543
Q99895,P1343,Q1768721
Q99895,P1889,Q10971235
Q66667703,P31,Q4167410
Q131514,P279,Q2207370
Q131514,P279,Q14745
Q131514,P910,Q9003584
Q131514,P1889,Q2354542
Q905092,P31,Q4167410
Q905092,P1889,Q37470275
Q215144,P31,Q16335296
Q215144,P279,Q488205
Q215144,P279,Q49757
Q215144,P910,Q8973739
Q215144,P1343,Q1138524
Q215144,P1343,Q602358
Q215144,P1343,Q602358
Q852061,P279,Q18560095
Q852061,P1343,Q19180675
Q852061,P1343,Q2657718
Q852061,P1889,Q10441167
Q852061,P31,Q38033430
Q852061,P910,Q6200779
Q1361229,P279,Q219087
Q1361229,P279,Q1190554
Q180910,P279,Q3769299
Q180910,P910,Q6505538
Q180910,P527,Q173799
Q180910,P527,Q184872
Q180910,P5008,Q13382529
Q180910,P1343,Q101314624
Q1221058,P31,Q4167410
Q1221058,P1889,Q37453971
Q250178,P31,Q4167410
Q250178,P460,Q64729802
Q185583,P910,Q7850055
Q185583,P279,Q5159627
Q185583,P460,Q17238884
Q185583,P527,Q11002
Q185583,P186,Q11002
Q5994,P279,Q3152898
Q5994,P279,Q52954
Q5994,P279,Q4951628
Q5994,P910,Q7214381
Q5994,P61,Q301597
Q5994,P1535,Q486748
Q5994,P5008,Q5460604
Q5994,P1343,Q27680201
Q5994,P1343,Q602358
Q5994,P1343,Q19180675
Q5994,P1898,Q744346
Q5994,P1897,Q5349143
Q5994,P1889,Q2707020
Q5994,P3095,Q486748
Q5994,P31,Q34379
Q880,P279,Q271449
Q880,P279,Q223995
Q880,P910,Q7345587
Q880,P31,Q11344
Q880,P1343,Q2657718
Q880,P1343,Q2041543
Q880,P186,Q425150
Q880,P2959,Q25695214
Q880,P189,Q828
Q880,P61,Q441066
Q880,P61,Q470306
Q880,P1889,Q6582775
Q880,P361,Q239813
Q880,P361,Q205253
Q4699357,P31,Q5
Q4699357,P21,Q6581072
Q4699357,P1344,Q9672
Q4699357,P40,Q22811313
Q4699357,P40,Q22811479
Q4699357,P27,Q211
Q4699357,P27,Q15180
Q4699357,P103,Q9078
Q4699357,P19,Q840823
Q4699357,P69,Q7467352
Q4699357,P69,Q15219404
Q4699357,P106,Q13382981
Q4699357,P106,Q13383011
Q4699357,P106,Q41583
Q4699357,P106,Q10547393
Q4699357,P1412,Q9078
Q4699357,P641,Q273285
Q4699357,P641,Q177275
Q1111879,P31,Q4167410
Q3406311,P31,Q4167410
Q1308109,P31,Q4167410
Q1308109,P1889,Q21065943
Q1308109,P1889,Q28843146
Q545052,P31,Q4167410
Q1070506,P31,Q11879590
Q1070506,P407,Q1860
Q1070506,P407,Q7411
Q1070506,P1889,Q13222677
Q1070506,P282,Q8229
Q1070506,P460,Q1035258
Q1070506,P460,Q28886322
Q1070506,P460,Q28886465
Q1070506,P460,Q97087969
Q1070506,P5323,Q21644845
Q226336,P31,Q4167410
Q226336,P1889,Q16281695
Q226336,P1889,Q1261064
Q1365316,P279,Q5064153
Q1365316,P279,Q31808206
Q1365316,P1889,Q803669
Q1180232,P31,Q4167410
Q1180232,P460,Q17619870
Q3707571,P461,Q214045
Q3707571,P279,Q6949149
Q3707571,P910,Q8491875
Q3707571,P1889,Q42056878
Q3707571,P1889,Q1157107
Q3707571,P1343,Q602358
Q6875295,P910,Q19280201
Q6875295,P31,Q2135465
Q6875295,P279,Q600571
Q3805360,P31,Q4167410
Q1020499,P279,Q28823
Q1020499,P31,Q1969448
Q21487801,P31,Q101352
Q21487801,P1889,Q297930
Q21487801,P282,Q8229
Q21487801,P407,Q256
Q229133,P31,Q4167410
Q5593693,P1889,Q14623663
Q344501,P31,Q4167410
Q344501,P1889,Q37164482
Q27543,P31,Q17412622
Q27543,P17,Q17
Q27543,P910,Q6428992
Q27543,P740,Q38283
Q27543,P127,Q20165
Q216762,P279,Q1420
Q216762,P910,Q8506106
Q216762,P31,Q15729598
Q216762,P1889,Q1145550
Q346679,P31,Q4167410
Q31029,P910,Q7780062
Q31029,P279,Q320809
Q31029,P279,Q266328
Q31029,P279,Q11064354
Q31029,P279,Q17144541
Q31029,P279,Q28823
Q31029,P366,Q908584
Q31029,P366,Q6149036
Q31029,P366,Q357003
Q31029,P366,Q13557414
Q31029,P2670,Q161
Q31029,P2670,Q551997
Q31029,P2670,Q49324053
Q31029,P1343,Q1768721
Q31029,P186,Q146174
Q191807,P910,Q6242751
Q191807,P279,Q184240
Q191807,P1557,Q2448456
Q191807,P1889,Q184240
Q191807,P1889,Q192275
Q676784,P31,Q4167410
Q676784,P1889,Q851798
Q676784,P460,Q99302333
Q676784,P460,Q99302337
Q676784,P460,Q99302350
Q676784,P460,Q99302358
Q205908,P279,Q378210
Q205908,P1889,Q378210
Q5428478,P31,Q4167410
Q214912,P910,Q7481577
Q214912,P31,Q1914636
Q214912,P3095,Q66988957
Q214912,P279,Q749649
Q185785,P279,Q49393
Q185785,P279,Q8205328
Q185785,P279,Q3054261
Q185785,P910,Q7459948
Q7828280,P31,Q4167410
Q7828280,P1889,Q37288439
Q180210,P31,Q4167410
Q180210,P1889,Q37550012
Q180210,P1889,Q2153877
Q180210,P1889,Q7646573
Q180210,P1889,Q28457559
Q180210,P460,Q59507013
Q180210,P460,Q59507037
Q180210,P460,Q59507083
Q180210,P460,Q59507173
Q180210,P460,Q19697789
Q299196,P31,Q4167410
Q299196,P1889,Q13134668
Q232401,P31,Q4167410
Q232401,P1889,Q2275863
Q232401,P1889,Q21500595
Q232401,P460,Q22199385
Q1295240,P31,Q66739237
Q1295240,P1889,Q105420
Q1295240,P279,Q17489659
Q1295240,P279,Q2668072
Q163468,P31,Q9143
Q163468,P31,Q1144882
Q163468,P31,Q5249852
Q163468,P910,Q8797446
Q163468,P287,Q93072
Q163468,P287,Q3490465
Q163468,P737,Q2349274
Q163468,P3966,Q275603
Q163468,P3966,Q531152
Q163468,P4969,Q7622471
Q163468,P1343,Q56059057
Q35102,P279,Q12773435
Q35102,P279,Q3026787
Q35102,P910,Q6949440
Q35102,P1343,Q4532138
Q35102,P1889,Q17122206
Q35102,P460,Q12773435
Q23445,P461,Q23444
Q23445,P31,Q1075
Q23445,P31,Q166902
Q23445,P31,Q56053097
Q23445,P31,Q56053556
Q23445,P910,Q6284739
Q23445,P828,Q40893765
Q23445,P279,Q40890790
Q23445,P279,Q11567360
Q23445,P1343,Q1970746
Q1226318,P910,Q8376702
Q1226318,P279,Q11707
Q1226318,P1889,Q492724
Q213753,P910,Q8505933
Q213753,P279,Q25450409
Q213753,P361,Q56299222
Q23397,P279,Q337567
Q23397,P279,Q271669
Q23397,P279,Q3391202
Q23397,P279,Q15324
Q23397,P910,Q7217348
Q23397,P1343,Q678259
Q23397,P1343,Q19190511
Q23397,P1343,Q602358
Q23397,P1343,Q19180675
Q23397,P1343,Q1970746
Q23397,P1963,P625
Q23397,P1963,P200
Q23397,P1963,P201
Q23397,P1963,P2044
Q23397,P1963,P2046
Q23397,P1963,P2043
Q23397,P1963,P2049
Q23397,P1963,P2234
Q23397,P1963,P2053
Q23397,P1963,P2547
Q23397,P1963,P2610
Q23397,P1963,P3020
Q23397,P1963,P4511
Q23397,P1963,P571
Q23397,P1963,P4792
Q23397,P1424,Q26019895
Q23397,P1424,Q26189069
Q23397,P1424,Q13401990
Q23397,P1424,Q5825790
Q23397,P1889,Q30092776
Q23397,P6104,Q5497887
Q23397,P1687,P469
Q23397,P6186,Q84655957
Q43359,P31,Q5009242
Q43359,P31,Q561068
Q43359,P910,Q8590946
Q43359,P17,Q30
Q43359,P749,Q1156334
Q43359,P159,Q60
Q43359,P2936,Q1860
Q43359,P355,Q1111024
Q43359,P1830,Q677385
Q43359,P127,Q76846862
Q43359,P2354,Q5454224
Q43359,P1889,Q3303733
Q575,P279,Q1260524
Q575,P910,Q7007430
Q575,P155,Q166564
Q575,P527,Q36402
Q575,P156,Q7722
Q575,P156,Q635954
Q575,P2959,Q22828600
Q575,P461,Q52643
Q575,P361,Q573
Q575,P1552,Q204170
Q575,P1889,Q2357973
Q16885840,P17,Q145
Q16885840,P31,Q486972
Q16885840,P7959,Q23148
Q5780945,P910,Q8824000
Q5780945,P460,Q21169160
Q5780945,P1889,Q21055630
Q5780945,P279,Q282250
Q778,P190,Q468557
Q778,P1151,Q11144046
Q778,P35,Q9682
Q778,P31,Q202686
Q778,P31,Q3624078
Q778,P31,Q13107770
Q778,P31,Q56061
Q778,P31,Q6256
Q778,P36,Q2467
Q778,P37,Q1860
Q778,P38,Q194339
Q778,P78,Q40514
Q778,P163,Q103447
Q778,P6,Q16732648
Q778,P30,Q49
Q778,P194,Q1572486
Q778,P85,Q40807
Q778,P150,Q341919
Q778,P150,Q827173
Q778,P150,Q863476
Q778,P150,Q2525298
Q778,P150,Q1050154
Q778,P150,Q2525371
Q778,P150,Q2096558
Q778,P150,Q938518
Q778,P150,Q867573
Q778,P150,Q1140993
Q778,P150,Q2630334
Q778,P150,Q1385577
Q778,P150,Q2524373
Q778,P150,Q2357510
Q778,P150,Q2699709
Q778,P150,Q1353668
Q778,P150,Q890879
Q778,P150,Q2702334
Q778,P150,Q1540098
Q778,P150,Q2702345
Q778,P150,Q623327
Q778,P150,Q2699411
Q778,P150,Q2705535
Q778,P150,Q1532634
Q778,P150,Q1859950
Q778,P150,Q845540
Q778,P150,Q2703192
Q778,P150,Q2408672
Q778,P150,Q2699715
Q778,P150,Q1771681
Q778,P150,Q2702338
Q778,P150,Q858513
Q778,P463,Q1065
Q778,P463,Q7785
Q778,P463,Q205995
Q778,P463,Q191384
Q778,P463,Q827525
Q778,P463,Q656801
Q778,P463,Q1043527
Q778,P463,Q899770
Q778,P463,Q294278
Q778,P463,Q3369762
Q778,P463,Q496967
Q778,P463,Q3772571
Q778,P463,Q8475
Q778,P463,Q842490
Q778,P463,Q7809
Q778,P463,Q5611262
Q778,P463,Q17495
Q778,P463,Q376150
Q778,P463,Q123759
Q778,P463,Q170424
Q778,P463,Q7817
Q778,P463,Q392739
Q778,P910,Q8846444
Q778,P237,Q273093
Q778,P17,Q778
Q778,P610,Q746274
Q778,P47,Q30
Q778,P421,Q5390
Q778,P1465,Q8365688
Q778,P1740,Q6296742
Q778,P1792,Q7074467
Q778,P706,Q664609
Q778,P706,Q5363289
Q778,P1343,Q302556
Q778,P1343,Q19180675
Q778,P1343,Q20078554
Q778,P1343,Q2041543
Q778,P1343,Q602358
Q778,P1343,Q3181656
Q778,P530,Q408
Q778,P530,Q865
Q778,P530,Q148
Q778,P530,Q230
Q778,P530,Q183
Q778,P530,Q423
Q778,P2184,Q910188
Q778,P1589,Q97
Q778,P1622,Q13196750
Q778,P2633,Q3123409
Q778,P2853,Q24288454
Q778,P2853,Q24288456
Q778,P1304,Q4504270
Q778,P2852,Q25648815
Q778,P2959,Q27103720
Q778,P1464,Q8082281
Q778,P1313,Q565424
Q778,P2936,Q1860
Q778,P2936,Q1860
Q778,P2936,Q2669229
Q778,P1906,Q26869642
Q778,P1552,Q3174312
Q778,P361,Q664609
Q778,P361,Q66458647
Q778,P5125,Q7112745
Q778,P527,Q1738882
Q778,P527,Q866345
Q778,P5008,Q15304953
Q778,P2596,Q4907491
Q778,P7867,Q84070893
Q778,P8744,Q535370
Q778,P1365,Q920396
Q152466,P910,Q20921386
Q152466,P1343,Q2657718
Q152466,P279,Q902174
Q446944,P31,Q4167410
Q446944,P1889,Q37446170
Q359475,P31,Q4167410
Q359475,P1889,Q21500582
Q1660239,P31,Q4167410
Q174349,P31,Q4167410
Q360590,P31,Q4167410
Q360590,P460,Q636679
Q360590,P1343,Q2041543
Q1324405,P279,Q570
Q1324405,P279,Q25109552
Q37756,P279,Q169336
Q37756,P279,Q5447188
Q37756,P279,Q1924900
Q37756,P910,Q6584863
Q37756,P1343,Q2657718
Q37756,P1889,Q428069
Q37756,P1424,Q22862883
Q37756,P1424,Q25745539
Q341055,P31,Q4167410
Q341055,P460,Q1406340
Q2302311,P17,Q30
Q2302311,P31,Q62078547
Q2302311,P31,Q23002039
Q2302311,P910,Q8883895
Q2302311,P276,Q984542
Q2302311,P2643,Q23334891
Q2302311,P2643,Q23623483
Q2302311,P2643,Q23662486
Q2302311,P2643,Q23622707
Q2302311,P2643,Q23662416
Q2302311,P2643,Q23663133
Q2302311,P463,Q19861084
Q2302311,P463,Q5137944
Q2302311,P527,Q610333
Q2302311,P3876,Q8883894
Q2302311,P4195,Q8883896
Q2302311,P131,Q23768
Q2302311,P355,Q78256562
Q5457614,P31,Q4167410
Q5457614,P1889,Q37233812
Q248341,P31,Q4167410
Q248341,P1889,Q3792392
Q248341,P1889,Q5992978
Q7081101,P31,Q4167410
Q7081101,P1889,Q36927442
Q267917,P910,Q7361753
Q267917,P279,Q999646
Q5611828,P31,Q4167410
Q241519,P31,Q4167410
Q241519,P460,Q5103490
Q241519,P460,Q12781649
Q241519,P460,Q344974
Q241519,P1889,Q37490824
Q131203,P21,Q6581072
Q131203,P40,Q185747
Q131203,P40,Q6612
Q131203,P40,Q192107
Q131203,P40,Q140001
Q131203,P40,Q189347
Q131203,P40,Q194012
Q131203,P40,Q199647
Q131203,P40,Q465518
Q131203,P40,Q617977
Q131203,P40,Q1052301
Q131203,P40,Q1084868
Q131203,P40,Q578584
Q131203,P40,Q180287
Q131203,P40,Q189175
Q131203,P40,Q403964
Q131203,P40,Q975581
Q131203,P40,Q1065802
Q131203,P40,Q1365927
Q131203,P40,Q5383161
Q131203,P40,Q165938
Q131203,P40,Q936486
Q131203,P40,Q753294
Q131203,P40,Q829669
Q131203,P40,Q898947
Q131203,P40,Q364688
Q131203,P40,Q1236399
Q131203,P40,Q14321610
Q131203,P40,Q21548455
Q131203,P40,Q58619665
Q131203,P40,Q60199020
Q131203,P40,Q60464709
Q131203,P40,Q60957766
Q131203,P40,Q121973
Q131203,P31,Q878099
Q131203,P31,Q205985
Q131203,P1049,Q855270
Q131203,P22,Q131090
Q131203,P25,Q4286521
Q131203,P26,Q131122
Q131203,P2925,Q575
Q131203,P3373,Q131122
Q131203,P3373,Q93172
Q131203,P3373,Q101322
Q131203,P3373,Q121973
Q131203,P1343,Q30059240
Q131203,P910,Q55259158
Q131203,P460,Q1651665
Q358401,P31,Q4167410
Q358401,P1889,Q23891487
Q358401,P1889,Q23891488
Q1629404,P31,Q4167410
Q1629404,P1889,Q30436812
Q869713,P279,Q1146001
Q869713,P31,Q60673395
Q6934512,P31,Q4167410
Q5372,P279,Q877517
Q5372,P279,Q216048
Q5372,P910,Q7021007
Q5372,P31,Q31629
Q5372,P1151,Q8206894
Q5372,P495,Q30
Q5372,P2283,Q810345
Q5372,P2283,Q2341939
Q5372,P2283,Q1784231
Q5372,P2283,Q2283464
Q5372,P3095,Q3665646
Q5372,P5008,Q5460604
Q5372,P5008,Q15304953
Q5372,P61,Q188962
Q5372,P1889,Q231200
Q5372,P2094,Q46343203
Q5372,P2094,Q2887217
Q14088448,P31,Q20202269
Q14088448,P1343,Q602358
Q14088448,P1343,Q27680201
Q14088448,P1343,Q27680201
Q14088448,P1343,Q16011749
Q14088448,P1343,Q2041543
Q14088448,P136,Q8341
Q193516,P910,Q31062230
Q193516,P279,Q768575
Q193516,P1343,Q19190511
Q39369,P31,Q208469
Q39369,P31,Q68618328
Q39369,P31,Q69197847
Q39369,P31,Q82047057
Q39369,P111,Q11652
Q39369,P138,Q41257
Q39369,P1343,Q26711932
Q39369,P1343,Q20078554
Q39369,P460,Q5198171
Q7136418,P31,Q4167410
Q7136418,P1889,Q37229849
Q2736,P279,Q1081491
Q2736,P910,Q5611338
Q2736,P1343,Q2657718
Q2736,P1343,Q602358
Q2736,P1343,Q19180675
Q2736,P1343,Q4091875
Q2736,P495,Q174193
Q2736,P2283,Q1381731
Q2736,P2283,Q12252328
Q2736,P2283,Q8524
Q2736,P2283,Q571251
Q2736,P2283,Q512804
Q2736,P3719,Q253414
Q2736,P2184,Q83479
Q2736,P31,Q31629
Q2736,P31,Q4356073
Q2736,P797,Q253414
Q2736,P3095,Q937857
Q2736,P3095,Q628099
Q2736,P3095,Q859528
Q2736,P3095,Q18204663
Q2736,P3095,Q7438308
Q2736,P1151,Q6556892
Q2736,P5008,Q5460604
Q2736,P6104,Q202865
Q2736,P2959,Q21287548
Q2736,P1889,Q1081491
Q2736,P1889,Q296260
Q381165,P279,Q618779
Q381165,P1687,P4622
Q381165,P31,Q223557
Q381165,P31,Q838948
Q381165,P910,Q65634648
Q219346,P31,Q4167410
Q5037822,P31,Q4167410
Q30722989,P279,Q186081
Q30722989,P361,Q23387
Q30722989,P460,Q23387
Q30722989,P31,Q21484471
Q30722989,P921,Q19906285
Q30722989,P921,Q211391
Q30722989,P1343,Q20078554
Q131514,P279,Q2207370
Q131514,P279,Q14745
Q131514,P910,Q9003584
Q131514,P1889,Q2354542
Q37681,P910,Q8745152
Q37681,P279,Q629103
Q37681,P279,Q28468832
Q37681,P279,Q47507412
Q37681,P279,Q1192049
Q37681,P2079,Q864650
Q37681,P1582,Q134747
Q37681,P1343,Q28888841
Q37681,P1343,Q602358
Q37681,P1343,Q602358
Q37681,P1343,Q602358
Q37681,P1343,Q602358
Q37681,P1343,Q19180675
Q37681,P1343,Q1768721
Q37681,P1343,Q1768721
Q37681,P1343,Q63284758
Q37681,P527,Q2345087
Q37681,P527,Q2983186
Q37681,P1552,Q47495874
Q37681,P1441,Q2385
Q345150,P31,Q4167410
Q345150,P1889,Q37505299
Q1445650,P1151,Q11270471
Q1445650,P279,Q15275719
Q1445650,P279,Q573
Q1445650,P910,Q4966073
Q1445650,P1424,Q8559530
Q1445650,P1889,Q20850561
Q1445650,P1889,Q54894546
Q1445650,P461,Q47293584
Q1445650,P1343,Q602358
Q1445650,P1343,Q19180675
Q1445650,P1343,Q4086271
Q1445650,P1343,Q4173137
Q1445650,P1343,Q4532138
Q7590,P1151,Q6895441
Q7590,P527,Q334166
Q7590,P366,Q61509
Q7590,P366,Q177777
Q7590,P366,Q12048048
Q7590,P121,Q376799
Q7590,P121,Q42889
Q7590,P2633,Q795612
Q7590,P31,Q4284762
Q7590,P1889,Q746984
Q7590,P1889,Q61509
Q7590,P910,Q7216108
Q7590,P460,Q12162227
Q7590,P1424,Q11006251
Q7590,P5008,Q5460604
Q7590,P5125,Q7112806
Q7590,P279,Q79782
Q7590,P279,Q17988854
Q7590,P2579,Q2516517
Q7590,P3095,Q1509714
Q7590,P1552,Q334166
Q7590,P1343,Q101314624
Q571834,P31,Q4167410
Q16784440,P31,Q4167410
Q296620,P31,Q4167410
Q296620,P1889,Q21021622
Q296620,P1889,Q16883172
Q7798566,P175,Q7711487
Q7798566,P31,Q482994
Q7798566,P264,Q17114055
Q7798566,P156,Q25094876
Q185747,P25,Q131203
Q185747,P25,Q184216
Q185747,P22,Q131122
Q185747,P22,Q161419
Q185747,P31,Q182406
Q185747,P21,Q6581072
Q185747,P1049,Q855270
Q185747,P1299,Q25252922
Q185747,P1343,Q19190511
Q185747,P1343,Q602358
Q185747,P1343,Q30059240
Q185747,P40,Q1134605
Q185747,P40,Q164061
Q185747,P451,Q34201
Q185747,P2925,Q186361
Q227640,P31,Q4167410
Q177941,P279,Q145273
Q177941,P31,Q17339814
Q177941,P527,Q109454
Q177941,P527,Q7071155
Q177941,P1343,Q28888841
Q177941,P910,Q55272807
Q177941,P361,Q22282648
Q177941,P361,Q22282647
Q2082178,P31,Q4167410
Q2082178,P1889,Q37474716
Q2082178,P1889,Q32828214
Q8343,P910,Q7022723
Q8343,P279,Q185626
Q8343,P279,Q181247
Q8343,P279,Q217306
Q8343,P279,Q55738872
Q8343,P1343,Q2657718
Q8343,P1343,Q16011749
Q8343,P1343,Q27680201
Q8343,P1343,Q19180675
Q8343,P1343,Q602358
Q8343,P1343,Q867541
Q8343,P61,Q60997
Q8343,P166,Q48757486
Q8343,P1535,Q118865
Q36834,P31,Q66715801
Q36834,P31,Q12737077
Q36834,P279,Q639669
Q36834,P279,Q482980
Q36834,P425,Q207628
Q36834,P425,Q92186587
Q36834,P910,Q8008937
Q36834,P417,Q80513
Q36834,P1687,P86
Q36834,P1963,P4607
Q36834,P1963,P135
Q36834,P1963,P6925
Q36834,P1963,P800
Q36834,P1963,P18
Q36834,P1963,P569
Q36834,P1963,P570
Q36834,P1963,P2348
Q36834,P1963,P26
Q36834,P1963,P40
Q36834,P1963,P1971
Q36834,P1963,P1263
Q36834,P1963,P22
Q36834,P1963,P25
Q36834,P1963,P1303
Q36834,P1963,P856
Q36834,P6186,Q6439070
Q36834,P1343,Q27680201
Q36834,P2354,Q1515124
Q36834,P2354,Q1846030
Q36834,P1889,Q92186587
Q36834,P1889,Q207628
Q36834,P1889,Q99588331
Q397646,P31,Q4167410
Q413395,P31,Q4167410
Q413395,P1889,Q33438446
Q413395,P460,Q15789942
Q413395,P460,Q257771
Q9053464,P910,Q9197198
Q9053464,P279,Q16798631
Q9053464,P279,Q11460
Q9053464,P1269,Q2143054
Q9053464,P1269,Q28598
Q9053464,P1343,Q1970746
Q9053464,P1343,Q602358
Q9053464,P1343,Q867541
Q9053464,P2184,Q2501507
Q9053464,P2670,Q11460
Q1181328,P910,Q18821640
Q1181328,P1080,Q1152150
Q1181328,P31,Q6498903
Q1181328,P31,Q1114461
Q1181328,P31,Q3855553
Q1181328,P31,Q15711870
Q1181328,P31,Q15773317
Q1181328,P31,Q63998451
Q1181328,P31,Q1569167
Q1181328,P106,Q4991371
Q1181328,P106,Q178197
Q1181328,P106,Q621613
Q1181328,P106,Q55983771
Q1181328,P106,Q76451138
Q1181328,P106,Q11124885
Q1181328,P106,Q11397897
Q1181328,P607,Q8740
Q1181328,P40,Q5248087
Q1181328,P40,Q610337
Q1181328,P40,Q48886426
Q1181328,P2563,Q4386945
Q1181328,P2563,Q23012785
Q1181328,P2563,Q1152040
Q1181328,P2563,Q47089006
Q1181328,P2563,Q47090903
Q1181328,P2563,Q47102058
Q1181328,P2563,Q51908485
Q1181328,P2563,Q83788671
Q1181328,P463,Q600113
Q1181328,P463,Q3545037
Q1181328,P463,Q6318133
Q1181328,P463,Q616136
Q1181328,P463,Q3780337
Q1181328,P463,Q4352496
Q1181328,P463,Q429248
Q1181328,P463,Q3981824
Q1181328,P463,Q9212
Q1181328,P175,Q429595
Q1181328,P175,Q470005
Q1181328,P175,Q220698
Q1181328,P175,Q693301
Q1181328,P175,Q355116
Q1181328,P175,Q1504763
Q1181328,P175,Q719134
Q1181328,P175,Q463497
Q1181328,P175,Q974064
Q1181328,P21,Q6581097
Q1181328,P1441,Q10826261
Q1181328,P1441,Q46392313
Q1181328,P1441,Q638600
Q1181328,P1441,Q619427
Q1181328,P1441,Q15891648
Q1181328,P1441,Q552314
Q1181328,P1441,Q2900426
Q1181328,P1441,Q20501835
Q1181328,P1441,Q16675213
Q1181328,P1441,Q180228
Q1181328,P1441,Q2620599
Q1181328,P1441,Q18758162
Q1181328,P1441,Q20058633
Q1181328,P1441,Q24204595
Q1181328,P1441,Q44353698
Q1181328,P1441,Q12125315
Q1181328,P1441,Q15635431
Q1181328,P1441,Q28465798
Q1181328,P27,Q30
Q1181328,P5800,Q110910
Q1181328,P5800,Q245204
Q1181328,P734,Q1645480
Q1181328,P4969,Q60464888
Q1181328,P4969,Q72225334
Q1181328,P4969,Q85756083
Q1181328,P4969,Q93457280
Q1181328,P460,Q64611420
Q1181328,P735,Q64732984
Q1181328,P7047,Q927354
Q1181328,P7047,Q660051
Q1181328,P7047,Q610337
Q1181328,P7047,Q575227
Q1181328,P1412,Q7976
Q15879,P31,Q16521
Q15879,P105,Q5867959
Q15879,P171,Q122422
Q15879,P910,Q5855538
Q15879,P1889,Q2254408
Q15879,P1343,Q4086271
Q15879,P1343,Q63284758
Q15879,P1343,Q1768721
Q470845,P279,Q102083
Q470845,P1343,Q19180675
Q470845,P1343,Q1970746
Q470845,P1343,Q602358
Q170430,P910,Q8789531
Q170430,P361,Q4420891
Q170430,P279,Q1823478
Q13476036,P27,Q30
Q13476036,P31,Q15632617
Q13476036,P31,Q1114461
Q13476036,P106,Q76453319
Q13476036,P21,Q6581097
Q13476036,P1441,Q22987533
Q13476036,P1441,Q1740704
Q10668323,P31,Q4167410
Q10668323,P31,Q18340392
Q2276627,P31,Q6498903
Q2276627,P31,Q1114461
Q2276627,P31,Q28020127
Q2276627,P1080,Q931597
Q2276627,P21,Q6581097
Q2276627,P170,Q1376982
Q2276627,P170,Q19031
Q2276627,P170,Q298025
Q2276627,P19,Q17025655
Q2276627,P22,Q930794
Q2276627,P3373,Q2295563
Q2276627,P1038,Q3199922
Q2276627,P1038,Q2721152
Q2276627,P1038,Q2721134
Q2276627,P1038,Q17986678
Q2276627,P1038,Q3576299
Q2276627,P1038,Q20979240
Q2276627,P1441,Q3896442
Q2276627,P1441,Q20649425
Q2276627,P1441,Q3130597
Q2276627,P1441,Q1083528
Q2276627,P1441,Q3850389
Q2276627,P1441,Q27971937
Q2276627,P1441,Q349375
Q2276627,P1441,Q2559819
Q2276627,P1441,Q383700
Q2276627,P123,Q173496
Q2276627,P157,Q16970496
Q2276627,P5800,Q245204
Q2276627,P7047,Q1735229
Q2276627,P1889,Q64825451
Q2276627,P1889,Q12877772
Q2276627,P40,Q24050072
Q2276627,P40,Q24050097
Q3386847,P910,Q8254201
Q3386847,P279,Q1058795
Q3386847,P279,Q184651
Q3386847,P279,Q169336
Q3386847,P279,Q40867
Q3386847,P2868,Q40867
Q3386847,P361,Q25489701
Q3386847,P2849,Q25489701
Q3386847,P527,Q184651
Q9410,P910,Q7246517
Q9410,P279,Q2239243
Q9410,P279,Q1133563
Q9410,P1552,Q1878695
Q9410,P1889,Q30174967
Q696203,P910,Q9016748
Q696203,P279,Q8242
Q696203,P31,Q223393
Q696203,P31,Q1697305
Q696203,P31,Q98088085
Q696203,P921,Q1036775
Q696203,P1343,Q1138524
Q696203,P1889,Q1036775
Q696203,P1382,Q185985
Q344964,P31,Q4167410
Q344964,P1889,Q37509717
Q344964,P1889,Q3282475
Q344964,P460,Q347048
Q25373,P31,Q129264
Q25373,P31,Q6949155
Q25373,P910,Q8274958
Q25373,P361,Q34726
Q25373,P1343,Q602358
Q25373,P1343,Q867541
Q25373,P1343,Q19180675
Q25373,P1343,Q4532135
Q25373,P1343,Q19211082
Q25373,P1343,Q4263804
Q25373,P1343,Q1138524
Q25373,P1343,Q3181656
Q25373,P1343,Q30059240
Q25373,P1343,Q371884
Q25373,P1343,Q1335321
Q25373,P4969,Q3628233
Q25373,P4969,Q4816690
Q25373,P4969,Q1998855
Q25373,P4969,Q8208440
Q25373,P4969,Q211686
Q25373,P4969,Q80571474
Q25373,P4969,Q8458518
Q25373,P206,Q97
Q25373,P7867,Q84057249
Q25373,P1441,Q98433940
Q2652778,P31,Q4167410
Q2652778,P1889,Q49776930
Q226894,P31,Q4167410
Q430,P171,Q2740164
Q430,P31,Q16521
Q430,P31,Q713623
Q430,P910,Q7215652
Q430,P5008,Q5460604
Q430,P5125,Q7112607
Q430,P1151,Q8772060
Q430,P1889,Q82363570
Q430,P105,Q36602
Q430,P523,Q47158
Q267903,P31,Q4167410
Q267903,P460,Q396072
Q267903,P460,Q59784819
Q267903,P460,Q10847018
Q267903,P460,Q65561399
Q267903,P460,Q65561401
Q267903,P1889,Q216364
Q180174,P279,Q811979
Q180174,P279,Q5522423
Q180174,P910,Q8463017
Q180174,P1889,Q1436181
Q197204,P910,Q8475833
Q197204,P279,Q1074
Q197204,P279,Q629103
Q197204,P279,Q4936952
Q197204,P361,Q729
Q197204,P1343,Q2657718
Q197204,P1343,Q602358
Q197204,P1343,Q602358
Q197204,P1343,Q602358
Q197204,P1343,Q602358
Q197204,P1343,Q1768721
Q197204,P1343,Q63284758
Q197204,P1889,Q15401728
Q197204,P1441,Q2385
Q16784399,P31,Q4167410
Q441298,P31,Q4167410
Q249726,P31,Q4167410
Q185498,P460,Q1775444
Q185498,P460,Q2642147
Q185498,P460,Q4270105
Q185498,P460,Q594512
Q185498,P1343,Q602358
Q185498,P1343,Q19180675
Q185498,P1343,Q4173137
Q185498,P1343,Q2041543
Q185498,P1343,Q30059240
Q185498,P1343,Q4086271
Q185498,P1343,Q4086271
Q185498,P1343,Q19180675
Q185498,P31,Q11688446
Q185498,P31,Q690175
Q185498,P31,Q10822464
Q185498,P31,Q581450
Q185498,P1049,Q337547
Q185498,P1049,Q122173
Q185498,P1049,Q5043
Q185498,P1049,Q1263223
Q185498,P2579,Q4501450
Q185498,P279,Q178342
Q188044,P31,Q2934676
Q188044,P31,Q21070568
Q188044,P31,Q13002315
Q188044,P31,Q4271324
Q188044,P31,Q924827
Q188044,P21,Q6581097
Q188044,P910,Q9018403
Q188044,P1343,Q15987216
Q188044,P1343,Q2041543
Q188044,P106,Q42857
Q188044,P106,Q2488257
Q188044,P1441,Q715768
Q188044,P1441,Q1795954
Q188044,P1441,Q3256063
Q188044,P1441,Q2913897
Q188044,P175,Q366910
Q188044,P4969,Q3855188
Q188044,P4969,Q42532526
Q188044,P7047,Q321305
Q188044,P26,Q1029057
Q188044,P170,Q188344
Q820037,P31,Q28640
Q820037,P910,Q9215978
Q820037,P279,Q33394058
Q820037,P425,Q44497
Q820037,P425,Q306096
Q820037,P425,Q1945600
Q820037,P2283,Q232254
Q820037,P2283,Q19766
Q820037,P2283,Q7220961
Q820037,P2283,Q1312901
Q177053,P31,Q216353
Q177053,P31,Q5767753
Q177053,P1889,Q6916736
Q227710,P31,Q4167410
Q227710,P1889,Q20031403
Q227710,P1889,Q10594200
Q227710,P1889,Q12589744
Q227710,P1889,Q99299420
Q1984527,P31,Q4167410
Q9394,P31,Q55983715
Q9394,P910,Q9121386
Q9394,P1889,Q14635041
Q9394,P1889,Q33543756
Q9394,P1889,Q63941258
Q9394,P1889,Q25851
Q9394,P279,Q25900
Q9394,P1672,Q3556748
Q9394,P1343,Q1768721
Q340780,P31,Q4167410
Q340780,P1889,Q16280846
Q340780,P1889,Q16881925
Q38142,P31,Q28640
Q38142,P279,Q79521
Q38142,P910,Q6489937
Q38142,P1343,Q2657718
Q38142,P1424,Q13479978
Q38142,P17,Q17
Q38142,P460,Q1975935
Q125356,P366,Q192047
Q125356,P279,Q11789812
Q125356,P279,Q1760958
Q125356,P910,Q8706280
Q125356,P1343,Q2657718
Q125356,P1343,Q2041543
Q125356,P2670,Q4683254
Q125356,P1535,Q154549
Q125356,P527,Q3023312
Q125356,P527,Q4683254
Q125356,P31,Q39546
Q246178,P31,Q4167410
Q246178,P1889,Q19899706
Q1183796,P31,Q4167410
Q9482,P105,Q35409
Q9482,P910,Q7035329
Q9482,P171,Q724477
Q9482,P31,Q16521
Q9482,P944,Q13011
Q9482,P2743,Q53106
Q9482,P2743,Q2294121
Q9482,P1343,Q602358
Q9482,P1343,Q19180675
Q2335711,P31,Q4167410
Q2335711,P1889,Q37130847
Q4050430,P31,Q4167410
Q19939,P141,Q11394
Q19939,P105,Q7432
Q19939,P171,Q127960
Q19939,P31,Q16521
Q19939,P1343,Q19180675
Q19939,P1343,Q602358
Q19939,P1343,Q1768721
Q19939,P523,Q25546
Q19939,P910,Q7214906
Q19939,P1034,Q1231177
Q19939,P1034,Q1367
Q19939,P1034,Q26375
Q19939,P1034,Q25900
Q19939,P1034,Q152
Q19939,P1034,Q144
Q19939,P1034,Q11009
Q19939,P1034,Q190903
Q19939,P1034,Q3314483
Q19939,P4733,Q3177438
Q19939,P279,Q25265
Q19939,P279,Q7377
Q19939,P2959,Q21287217
Q164160,P361,Q573
Q164160,P31,Q1260524
Q164160,P527,Q49415785
Q164160,P527,Q25416346
Q164160,P527,Q25416345
Q226822,P31,Q15632617
Q226822,P31,Q3658341
Q226822,P31,Q66808903
Q226822,P31,Q15773317
Q226822,P31,Q15711870
Q226822,P21,Q6581097
Q226822,P170,Q552372
Q226822,P27,Q29
Q226822,P27,Q96
Q226822,P910,Q7794342
Q226822,P106,Q20085850
Q226822,P106,Q512314
Q226822,P106,Q13381863
Q226822,P3091,Q3532335
Q226822,P175,Q104127
Q226822,P175,Q562093
Q226822,P175,Q106529
Q226822,P175,Q65932
Q226822,P175,Q41548
Q226822,P175,Q309989
Q226822,P175,Q976754
Q226822,P175,Q359416
Q226822,P175,Q310944
Q226822,P175,Q948234
Q226822,P175,Q5643740
Q226822,P175,Q552681
Q226822,P175,Q327426
Q226822,P175,Q1394787
Q226822,P175,Q456674
Q226822,P97,Q1138610
Q226822,P40,Q5359078
Q226822,P3716,Q16744001
Q226822,P22,Q55931191
Q226822,P735,Q3579048
Q226822,P5800,Q215972
Q226822,P4969,Q2204568
Q226822,P4969,Q2249223
Q226822,P4969,Q2249192
Q226822,P4969,Q2426742
Q226822,P4969,Q2021034
Q226822,P4969,Q226810
Q226822,P4969,Q3795706
Q226822,P4969,Q4024828
Q226822,P4969,Q226823
Q226822,P4969,Q1655320
Q226822,P4969,Q3717589
Q226822,P4969,Q3793976
Q226822,P4969,Q399721
Q226822,P4969,Q542466
Q226822,P4969,Q6466172
Q226822,P4969,Q577991
Q226822,P4969,Q309621
Q226822,P4969,Q947737
Q226822,P4969,Q1061843
Q226822,P4969,Q2530652
Q226822,P4969,Q2990717
Q226822,P4969,Q780983
Q226822,P4969,Q136643
Q226822,P4969,Q2548601
Q226822,P4969,Q115874
Q226822,P4969,Q8074528
Q226822,P4969,Q8074530
Q226822,P4969,Q226815
Q226822,P4969,Q55638268
Q226822,P4969,Q3204499
Q226822,P4969,Q2228862
Q226822,P4969,Q25467476
Q226822,P4969,Q7719039
Q226822,P1441,Q639072
Q226822,P4584,Q639072
Q226822,P2546,Q25397476
Q226822,P7047,Q6097700
Q226822,P7047,Q99904342
Q226822,P1412,Q1321
Q226822,P734,Q11916742
Q407205,P31,Q4167410
Q12858303,P31,Q431289
Q557880,P425,Q4290
Q557880,P910,Q7160316
Q557880,P31,Q12737077
Q557880,P279,Q43845
Q557880,P1687,P1951
Q263844,P31,Q4167410
Q623,P279,Q19753345
Q623,P279,Q19600
Q623,P910,Q7216558
Q623,P31,Q11344
Q623,P1343,Q2657718
Q623,P61,Q39607
Q623,P5008,Q5460604
Q623,P2959,Q57899690
Q623,P361,Q207712
Q623,P361,Q106693
Q623,P138,Q24489
Q14982,P31,Q19790488
Q14982,P31,Q11685431
Q14982,P31,Q21009055
Q14982,P31,Q11173
Q14982,P31,Q407752
Q14982,P31,Q72941151
Q14982,P1542,Q3631225
Q14982,P1343,Q2657718
Q14982,P527,Q623
Q14982,P527,Q556
Q14982,P527,Q629
Q14982,P703,Q15978631
Q14982,P703,Q18674606
Q14982,P910,Q28146832
Q14982,P1552,Q216678
Q14982,P2868,Q146505
Q14982,P4952,Q51139288
Q14982,P4952,Q2005334
Q14982,P361,Q22282333
Q14982,P361,Q22274768
Q14982,P361,Q22283262
Q14982,P361,Q22282334
Q14982,P361,Q22273460
Q14982,P361,Q22274769
Q14982,P361,Q14860533
Q14982,P361,Q22320430
Q14982,P361,Q22317269
Q14982,P361,Q22320459
Q14982,P361,Q22322586
Q14982,P361,Q22320409
Q14982,P361,Q22316051
Q14982,P361,Q22318375
Q14982,P361,Q22320462
Q14982,P361,Q22320393
Q14982,P361,Q21114303
Q14982,P361,Q27862960
Q14982,P1889,Q407418
Q14982,P462,Q1396399
Q1498689,P31,Q4830453
Q1498689,P31,Q6881511
Q1498689,P749,Q217583
Q1498689,P910,Q15099893
Q1498689,P159,Q5094454
Q1498689,P17,Q30
Q1498689,P740,Q16558
Q1498689,P1454,Q891723
Q1498689,P112,Q6523793
Q1498689,P452,Q219577
Q1498689,P1056,Q1068361
Q345246,P31,Q4167410
Q345246,P1889,Q25114435
Q5439522,P31,Q4167410
Q6197,P1066,Q950303
Q6197,P1066,Q667385
Q6197,P910,Q9502549
Q6197,P19,Q52691
Q6197,P31,Q5
Q6197,P20,Q220
Q6197,P106,Q49757
Q6197,P106,Q36180
Q6197,P106,Q4964182
Q6197,P800,Q677997
Q6197,P27,Q1747689
Q6197,P1412,Q397
Q6197,P937,Q220
Q6197,P1343,Q19180675
Q6197,P1343,Q602358
Q6197,P1343,Q30059240
Q6197,P1343,Q867541
Q6197,P1343,Q43389034
Q6197,P1343,Q47500198
Q6197,P1343,Q51955019
Q6197,P1343,Q67311526
Q6197,P1343,Q20078554
Q6197,P2358,Q21473986
Q6197,P2348,Q17167
Q6197,P1424,Q20338778
Q6197,P2365,Q29825292
Q6197,P2359,Q29968376
Q6197,P5025,Q3639293
Q6197,P172,Q1651392
Q6197,P21,Q6581097
Q6197,P119,Q220
Q6197,P6886,Q397
Q6197,P1441,Q40185
Q6197,P7763,Q71887839
Q6197,P6379,Q214867
Q43648,P279,Q174211
Q43648,P279,Q106520
Q43648,P279,Q66392
Q43648,P910,Q52305
Q43648,P527,Q623
Q43648,P527,Q556
Q43648,P361,Q295697
Q43648,P31,Q47154513
Q43648,P1343,Q2041543
Q43648,P1889,Q11358
Q23641297,P31,Q979507
Q23641297,P1049,Q1966341
Q23641297,P140,Q10090
Q498957,P910,Q8717543
Q498957,P1542,Q47912
Q498957,P1542,Q389735
Q498957,P279,Q223557
Q498957,P279,Q66902062
Q498957,P2868,Q50429805
Q58734,P279,Q2144359
Q58734,P279,Q1135789
Q58734,P279,Q275372
Q58734,P910,Q7144129
Q58734,P828,Q19829510
Q58734,P1424,Q6927454
Q58734,P1343,Q101314624
Q943331,P910,Q8723465
Q943331,P361,Q17050218
Q943331,P279,Q3620805
Q1215077,P31,Q4167410
Q1215077,P1889,Q20788355
Q1215077,P1889,Q16281709
Q332448,P910,Q8358176
Q332448,P31,Q59773381
Q332448,P155,Q594120
Q332448,P1716,Q29570
Q332448,P176,Q81965
Q332448,P495,Q30
Q332448,P1889,Q11963525
Q53636,P105,Q36602
Q53636,P171,Q134861
Q53636,P171,Q10908
Q53636,P31,Q16521
Q53636,P910,Q7006748
Q53636,P910,Q8879671
Q53636,P1424,Q6681422
Q53636,P2959,Q23014503
Q53636,P1889,Q1708833
Q53636,P1343,Q602358
Q53636,P1343,Q19180675
Q53636,P1343,Q20078554
Q53636,P1343,Q1768721
Q53636,P1343,Q1768721
Q227627,P31,Q4167410
Q1166637,P31,Q4167410
Q1166637,P460,Q564382
Q1166637,P1889,Q987579
Q179742,P1343,Q678259
Q179742,P910,Q7164027
Q179742,P279,Q742736
Q15789581,P31,Q101352
Q15789581,P407,Q1860
Q15789581,P1889,Q228810
Q15789581,P282,Q8229
Q14560,P105,Q35409
Q14560,P171,Q21808
Q14560,P171,Q2325801
Q14560,P171,Q14856627
Q14560,P171,Q14915568
Q14560,P171,Q20920534
Q14560,P171,Q18326087
Q14560,P427,Q10856673
Q14560,P31,Q16521
Q14560,P910,Q6061102
Q14560,P1343,Q2657718
Q14560,P1343,Q1768721
Q14560,P2283,Q858313
Q14560,P5008,Q85931561
Q1780781,P31,Q4167410
Q185939,P105,Q35409
Q185939,P171,Q102470
Q185939,P31,Q16521
Q185939,P910,Q9689569
Q185939,P910,Q7216849
Q185939,P1343,Q2657718
Q185939,P1343,Q20078554
Q185939,P3512,Q848840
Q185939,P1889,Q2650984
Q185939,P166,Q25385081
Q185939,P460,Q65320373
Q185939,P2959,Q65320373
Q1210350,P31,Q4167410
Q1210350,P1889,Q21143575
Q1210350,P1889,Q15860261
Q40966,P112,Q57479
Q40966,P31,Q786820
Q40966,P31,Q17412622
Q40966,P31,Q4830453
Q40966,P159,Q4031
Q40966,P127,Q275623
Q40966,P355,Q59187
Q40966,P355,Q1665931
Q40966,P355,Q1499607
Q40966,P355,Q7095669
Q40966,P17,Q183
Q40966,P910,Q8903477
Q40966,P452,Q190117
Q40966,P749,Q81965
Q40966,P749,Q275623
Q40966,P1454,Q460178
Q40966,P1056,Q43193
Q40966,P1056,Q1420
Q40966,P1424,Q6372363
Q40966,P1830,Q1499607
Q40966,P1830,Q28966212
Q40966,P1037,Q56509715
Q40966,P138,Q57479
Q40966,P3320,Q62734
Q40966,P3320,Q106609
Q40966,P3320,Q1461364
Q225978,P31,Q4167410
Q131514,P279,Q2207370
Q131514,P279,Q14745
Q131514,P910,Q9003584
Q131514,P1889,Q2354542
Q170013,P279,Q3114762
Q170013,P31,Q2235308
Q170013,P910,Q7457595
Q7906355,P31,Q4167410
Q1724595,P176,Q20165
Q1724595,P31,Q59773381
Q1724595,P1716,Q20165
Q224210,P31,Q4167410
Q224210,P1889,Q37443164
Q224210,P5008,Q99671172
Q1137632,P31,Q43229
Q1137632,P112,Q20709144
Q346949,P31,Q4167410
Q346949,P1889,Q16869962
Q8271919,P31,Q4167410
Q8271919,P460,Q1213232
Q8271919,P460,Q1182207
Q8271919,P460,Q3300233
Q8271919,P460,Q6793949
Q8271919,P1889,Q1167150
Q8271919,P1889,Q16868736
Q29311,P31,Q778575
Q29311,P112,Q468467
Q29311,P910,Q7402391
Q29311,P159,Q8684
Q29311,P740,Q8684
Q29311,P1889,Q55931
Q29311,P463,Q858851
Q29311,P1454,Q778575
Q29311,P17,Q884
Q3934142,P31,Q11879590
Q3934142,P1889,Q5170773
Q3934142,P1889,Q15842328
Q3934142,P282,Q8229
Q3934142,P407,Q1860
Q131269,P910,Q7215320
Q131269,P279,Q639197
Q131269,P31,Q862597
Q131269,P31,Q188451
Q131269,P495,Q46
Q131269,P1343,Q2152210
Q131269,P1343,Q27680201
Q131269,P1343,Q602358
Q131269,P1343,Q19180675
Q131269,P1343,Q1970746
Q131269,P1343,Q4532138
Q40754,P279,Q164307
Q40754,P910,Q15707581
Q40754,P31,Q24034552
Q40754,P913,Q10764194
Q40754,P461,Q32043
Q40754,P1542,Q29896155
Q40754,P527,Q11936853
Q40754,P527,Q14803656
Q20165,P31,Q786820
Q20165,P31,Q15648574
Q20165,P112,Q404867
Q20165,P112,Q707834
Q20165,P112,Q2580296
Q20165,P159,Q38283
Q20165,P414,Q217475
Q20165,P414,Q82059
Q20165,P199,Q29714
Q20165,P910,Q7045578
Q20165,P17,Q17
Q20165,P355,Q10851180
Q20165,P355,Q11509869
Q20165,P355,Q5023967
Q20165,P355,Q7312741
Q20165,P355,Q822406
Q20165,P355,Q28973233
Q20165,P355,Q1543585
Q20165,P355,Q372967
Q20165,P355,Q11509881
Q20165,P355,Q403685
Q20165,P355,Q11509870
Q20165,P355,Q787901
Q20165,P355,Q28687418
Q20165,P355,Q11509752
Q20165,P355,Q11293327
Q20165,P355,Q11509749
Q20165,P355,Q11509714
Q20165,P355,Q1993716
Q20165,P355,Q17055920
Q20165,P355,Q9544829
Q20165,P355,Q29714
Q20165,P355,Q64915728
Q20165,P355,Q1477864
Q20165,P166,Q5037253
Q20165,P166,Q5037253
Q20165,P166,Q5037253
Q20165,P166,Q5037253
Q20165,P166,Q5037253
Q20165,P166,Q5037253
Q20165,P166,Q5037253
Q20165,P166,Q5037253
Q20165,P166,Q6918171
Q20165,P166,Q784990
Q20165,P740,Q38283
Q20165,P1056,Q43193
Q20165,P1056,Q1420
Q20165,P1454,Q1480166
Q20165,P452,Q190117
Q20165,P169,Q356719
Q20165,P169,Q30923926
Q20165,P169,Q11428388
Q20165,P169,Q70092183
Q20165,P463,Q47460769
Q20165,P463,Q1361045
Q20165,P1889,Q208192
Q20165,P1889,Q4115848
Q20165,P127,Q6686
Q20165,P127,Q27530
Q20165,P1830,Q6686
Q20165,P1830,Q5295889
Q20165,P1830,Q36033
Q20165,P1830,Q1456473
Q20165,P749,Q6686
Q83180,P361,Q4986592
Q83180,P910,Q7163649
Q83180,P1343,Q2657718
Q83180,P1343,Q59393688
Q83180,P1343,Q2041543
Q83180,P1343,Q30059240
Q83180,P1343,Q602358
Q83180,P1343,Q19180675
Q83180,P1478,Q25257
Q83180,P1479,Q729
Q83180,P1479,Q165632
Q83180,P1479,Q4698318
Q83180,P279,Q391414
Q83180,P279,Q66098993
Q83180,P279,Q811430
Q83180,P1889,Q47525110
Q343930,P31,Q4167410
Q7285081,P31,Q4167410
Q863390,P361,Q118801
Q863390,P279,Q107715
Q863390,P1343,Q26711936
Q863390,P4934,Q77993836
Q863390,P4934,Q177831
Q863390,P8111,Q77996931
Q21491252,P31,Q101352
Q21491252,P1889,Q397376
Q21491252,P460,Q16870922
Q21491252,P282,Q8229
Q21491252,P407,Q1860
Q1068107,P279,Q839546
Q1068107,P279,Q811679
Q1068107,P1889,Q16719499
Q1068107,P460,Q11326220
Q1145550,P279,Q1420
Q1145550,P1889,Q216762
Q18609696,P31,Q12308941
Q18609696,P31,Q1130279
Q18609696,P1889,Q13410527
Q18609696,P282,Q8229
Q18609696,P1533,Q37455602
Q18609696,P460,Q13028078
Q18609696,P460,Q94459654
Q18609696,P407,Q1860
Q224350,P31,Q4167410
Q224350,P460,Q11262688
Q224350,P1889,Q37552559
Q45284,P31,Q11348
Q45284,P279,Q12483
Q3594846,P31,Q3241972
Q3594846,P31,Q21092339
Q3594846,P31,Q2372244
Q353656,P31,Q4167410
Q353656,P1889,Q16767101
Q353656,P1889,Q37515920
Q353656,P1889,Q1753323
Q94247,P910,Q7145733
Q94247,P279,Q269949
Q94247,P279,Q800532
Q94247,P17,Q30
Q94247,P31,Q55504191
Q94247,P31,Q59264914
Q30113,P31,Q431289
Q30113,P31,Q4830453
Q30113,P31,Q17412622
Q30113,P910,Q8564982
Q30113,P155,Q1721596
Q30113,P17,Q30
Q30113,P159,Q49117
Q30113,P159,Q49239
Q30113,P749,Q181114
Q30113,P740,Q1394594
Q30113,P452,Q190117
Q30113,P127,Q15678788
Q30113,P1056,Q1144312
Q30113,P1454,Q658255
Q30113,P1424,Q20163508
Q628455,P279,Q2627975
Q628455,P361,Q11042
Q628455,P910,Q9759082
Q628455,P1343,Q2657718
Q628455,P1343,Q2041543
Q628455,P1343,Q19190511
Q859281,P279,Q15618781
Q859281,P910,Q8907523
Q859281,P1343,Q2041543
Q859281,P618,Q22676898
Q859281,P366,Q7590
Q859281,P1889,Q2780357
Q621114,P279,Q180516
Q621114,P361,Q1244442
Q621114,P1889,Q4479242
Q621114,P1889,Q217594
Q621114,P1889,Q37517
Q621114,P1889,Q187588
Q621114,P1889,Q18193
Q178521,P31,Q28640
Q178521,P279,Q5179781
Q178521,P452,Q2523206
Q178521,P910,Q9536594
Q178521,P495,Q30
Q178521,P1889,Q5179781
Q178521,P1889,Q1524582
Q178521,P1889,Q21517059
Q178521,P1889,Q2730732
Q359803,P31,Q4167410
Q359803,P1889,Q37527651
Q1907525,P279,Q7816242
Q1907525,P279,Q1574963
Q1907525,P1343,Q16392167
Q1907525,P1343,Q2041543
Q1907525,P1343,Q4114391
Q1907525,P1343,Q19180675
Q1907525,P1889,Q2097049
Q1907525,P1889,Q644463
Q1907525,P1889,Q3389302
Q1907525,P527,Q487192
Q1907525,P527,Q1141263
Q1907525,P527,Q200266
Q1907525,P527,Q2333657
Q1907525,P527,Q1412977
Q1907525,P527,Q336751
Q1907525,P527,Q148958
Q1907525,P2283,Q9150231
Q1907525,P1535,Q35535
Q1907525,P1535,Q189290
Q1907525,P1535,Q20650523
Q1907525,P1535,Q153936
Q1907525,P1552,Q170417
Q1907525,P1552,Q36253
Q1907525,P910,Q5856259
Q358500,P31,Q4167410
Q358500,P1889,Q16879919
Q358500,P1889,Q1754274
Q368936,P31,Q4167410
Q131774,P155,Q276258
Q131774,P31,Q785260
Q131774,P31,Q185836
Q131774,P910,Q7441541
Q131774,P1343,Q2041543
Q131774,P2670,Q1492760
Q131774,P1269,Q2347178
Q131774,P156,Q378915
Q3841617,P31,Q4167410
Q3841617,P460,Q1950561
Q3841617,P460,Q3842089
Q3841617,P460,Q7699122
Q3841617,P460,Q405753
Q3841617,P460,Q450740
Q3841617,P155,Q659196
Q3841617,P1889,Q26447211
Q3841617,P1889,Q28039552
Q3841617,P1889,Q383227
Q422406,P31,Q4167410
Q413417,P31,Q4167410
Q350233,P31,Q4167410
Q350233,P1889,Q7918042
Q350233,P460,Q225570
Q350233,P460,Q12009134
Q6699819,P31,Q4167410
Q212291,P31,Q4167410
Q212291,P1889,Q37497693
Q409281,P31,Q4167410
Q999646,P910,Q8390336
Q999646,P361,Q788479
Q999646,P3095,Q1785974
Q999646,P3095,Q352388
Q999646,P279,Q1914636
Q999646,P279,Q29017603
Q999646,P31,Q1914636
Q999646,P1343,Q1768721
Q8113084,P31,Q4065173
Q8113084,P407,Q9314
Q8113084,P407,Q1553250
Q8113084,P407,Q1860
Q8113084,P1889,Q18341297
Q8113084,P527,Q19826493
Q8113084,P527,Q29179325
Q8113084,P460,Q29906320
Q8113084,P282,Q8229
Q5001515,P31,Q4167410
Q5001515,P1889,Q36891209
Q1165721,P1343,Q2657718
Q1165721,P1343,Q20078554
Q1165721,P1889,Q11878761
Q7616259,P31,Q4167410
Q227656,P31,Q4167410
Q207977,P366,Q101965
Q207977,P279,Q8205328
Q207977,P279,Q1003030
Q207977,P910,Q9543830
Q207977,P31,Q483394
Q207977,P1269,Q1395034
Q1367947,P279,Q1361060
Q1367947,P1343,Q2657718
Q1367947,P527,Q1760958
Q1367947,P527,Q1974641
Q1367947,P138,Q2248045
Q402336,P31,Q4167410
Q402336,P460,Q10433048
Q402336,P460,Q16032626
Q402336,P460,Q5480811
Q402336,P1889,Q16860245
Q227263,P31,Q4167410
Q227263,P1889,Q19817033
Q227263,P1889,Q19817034
Q227263,P1889,Q60540741
Q177784,P910,Q7215738
Q177784,P361,Q172145
Q177784,P361,Q77590
Q177784,P1343,Q2657718
Q177784,P1343,Q20078554
Q177784,P1889,Q13419217
Q177784,P279,Q28797
Q177784,P31,Q10862338
Q3411664,P31,Q4167410
Q189960,P1464,Q32656185
Q189960,P131,Q179351
Q189960,P17,Q145
Q189960,P17,Q174193
Q189960,P17,Q161885
Q189960,P17,Q179876
Q189960,P17,Q330362
Q189960,P17,Q179876
Q189960,P31,Q2755753
Q189960,P206,Q19686
Q189960,P910,Q31172523
Q189960,P1376,Q179876
Q189960,P1376,Q179351
Q189960,P1343,Q2657718
Q189960,P1343,Q20078554
Q189960,P1343,Q602358
Q189960,P1343,Q4532138
Q189960,P1465,Q9220389
Q189960,P1792,Q7118265
Q189960,P1889,Q179351
Q189960,P7959,Q19186
Q175185,P461,Q702492
Q175185,P461,Q61055883
Q175185,P910,Q9010345
Q175185,P279,Q2221906
Q175185,P279,Q82794
Q175185,P527,Q532
Q175185,P527,Q181307
Q175185,P2579,Q11523535
Q175185,P2579,Q396246
Q175185,P1552,Q7380600
Q16529344,P31,Q55983715
Q16529344,P31,Q82562
Q16529344,P910,Q8481869
Q16529344,P279,Q7556
Q16529344,P279,Q1797813
Q16529344,P279,Q57815212
Q366282,P31,Q4167410
Q366282,P1889,Q18142088
Q366282,P1889,Q26742258
Q366282,P460,Q972678
Q366282,P460,Q4007732
Q366282,P460,Q60501366
Q93172,P21,Q6581072
Q93172,P31,Q878099
Q93172,P40,Q1191947
Q93172,P40,Q44204
Q93172,P40,Q79999
Q93172,P40,Q108419
Q93172,P40,Q143457
Q93172,P40,Q161419
Q93172,P40,Q180237
Q93172,P40,Q184216
Q93172,P40,Q653681
Q93172,P40,Q845112
Q93172,P40,Q901487
Q93172,P40,Q926123
Q93172,P40,Q1045732
Q93172,P40,Q1187298
Q93172,P40,Q1206054
Q93172,P40,Q1249106
Q93172,P40,Q1421201
Q93172,P40,Q1543617
Q93172,P40,Q1620048
Q93172,P40,Q849647
Q93172,P40,Q2291710
Q93172,P40,Q2303713
Q93172,P40,Q2463695
Q93172,P40,Q2861418
Q93172,P40,Q2868617
Q93172,P40,Q3060927
Q93172,P40,Q3140400
Q93172,P40,Q3318918
Q93172,P40,Q3357697
Q93172,P40,Q1233841
Q93172,P40,Q3411759
Q93172,P40,Q3553687
Q93172,P40,Q1414119
Q93172,P40,Q420269
Q93172,P40,Q189527
Q93172,P40,Q192136
Q93172,P40,Q184232
Q93172,P40,Q183281
Q93172,P40,Q182837
Q93172,P40,Q179543
Q93172,P40,Q179209
Q93172,P40,Q159168
Q93172,P40,Q102884
Q93172,P40,Q190563
Q93172,P40,Q200382
Q93172,P40,Q209489
Q93172,P40,Q326767
Q93172,P40,Q506285
Q93172,P40,Q1134605
Q93172,P40,Q371545
Q93172,P40,Q1643451
Q93172,P40,Q3991817
Q93172,P40,Q3603818
Q93172,P40,Q272006
Q93172,P40,Q2631851
Q93172,P40,Q2144233
Q93172,P40,Q10686799
Q93172,P40,Q199923
Q93172,P40,Q5081127
Q93172,P40,Q41505787
Q93172,P40,Q352278
Q93172,P40,Q1232622
Q93172,P40,Q269243
Q93172,P40,Q1530080
Q93172,P40,Q404208
Q93172,P40,Q634575
Q93172,P40,Q21548374
Q93172,P40,Q3314441
Q93172,P40,Q5409866
Q93172,P40,Q58456671
Q93172,P40,Q58813570
Q93172,P40,Q3012621
Q93172,P40,Q194015
Q93172,P40,Q21768383
Q93172,P40,Q60173545
Q93172,P40,Q1236399
Q93172,P40,Q60182613
Q93172,P40,Q185670
Q93172,P40,Q60236031
Q93172,P40,Q1339235
Q93172,P40,Q16329518
Q93172,P26,Q79999
Q93172,P26,Q101322
Q93172,P1049,Q855270
Q93172,P25,Q192107
Q93172,P25,Q4286521
Q93172,P22,Q189175
Q93172,P22,Q131090
Q93172,P460,Q270867
Q93172,P460,Q10578339
Q93172,P2925,Q964401
Q93172,P910,Q9899062
Q93172,P1343,Q602358
Q93172,P1343,Q19180675
Q93172,P1343,Q30059240
Q93172,P1343,Q20078554
Q93172,P3373,Q131203
Q93172,P3373,Q121973
Q93172,P451,Q41127
Q93172,P451,Q34201
Q93172,P451,Q134270
Q7339666,P31,Q4167410
Q7339666,P460,Q8963269
Q21484838,P31,Q101352
Q21484838,P1889,Q2421810
Q21484838,P460,Q26906249
Q21484838,P460,Q1413324
Q21484838,P460,Q19830771
Q21484838,P460,Q15091707
Q21484838,P460,Q16884804
Q21484838,P460,Q21484610
Q21484838,P460,Q21508877
Q21484838,P460,Q27242788
Q21484838,P460,Q27267058
Q21484838,P460,Q36984237
Q21484838,P460,Q37211490
Q21484838,P460,Q41879362
Q21484838,P460,Q37453306
Q21484838,P460,Q37458084
Q21484838,P460,Q37458559
Q21484838,P460,Q37532899
Q21484838,P460,Q34774953
Q21484838,P460,Q26000602
Q21484838,P282,Q8229
Q21484838,P1552,Q89410507
Q313301,P279,Q46622
Q313301,P361,Q102076613
Q313301,P17,Q183
Q313301,P2354,Q819713
Q313301,P910,Q8005898
Q313301,P1365,Q320008
Q40878,P910,Q8376045
Q40878,P279,Q2300099
Q40878,P279,Q1441305
Q40878,P1343,Q2657718
Q40878,P1343,Q602358
Q40878,P1343,Q4532138
Q40878,P1995,Q788926
Q40878,P1995,Q120569
Q40878,P31,Q12136
Q40878,P31,Q169872
Q40878,P2176,Q104334
Q40878,P2176,Q27287122
Q40878,P5008,Q4099686
Q496,P279,Q289472
Q496,P279,Q864214
Q496,P910,Q6935647
Q496,P1343,Q2041543
Q496,P1343,Q1768721
Q496,P460,Q66560780
Q496,P1889,Q742139
Q496,P1889,Q3174392
Q496,P2849,Q9649
Q496,P366,Q185716
Q496,P366,Q5309573
Q5527466,P31,Q4167410
Q6466735,P31,Q4167410
Q6466735,P460,Q347577
Q6466735,P460,Q224065
Q6466735,P460,Q294042
Q6466735,P1889,Q4881705
Q6466735,P1889,Q28038529
Q6466735,P1889,Q28945717
Q163942,P910,Q21264364
Q163942,P279,Q3240539
Q163942,P279,Q83267
Q163942,P3095,Q66125178
Q131512,P425,Q11451
Q131512,P417,Q43982
Q131512,P417,Q44265
Q131512,P417,Q151967
Q131512,P417,Q166876
Q131512,P417,Q119289
Q131512,P417,Q9020114
Q131512,P417,Q379685
Q131512,P1889,Q838811
Q131512,P1889,Q1781198
Q131512,P1889,Q24058676
Q131512,P1889,Q43184282
Q131512,P1889,Q55630100
Q131512,P1889,Q5060555
Q131512,P279,Q3485549
Q131512,P910,Q6996908
Q131512,P31,Q19261760
Q150681,P31,Q11173
Q150681,P31,Q21009055
Q150681,P31,Q58623289
Q150681,P31,Q43648
Q150681,P31,Q41581
Q150681,P527,Q623
Q150681,P527,Q556
Q150681,P1542,Q21175018
Q150681,P4952,Q51139288
Q150681,P910,Q55254117
Q150681,P361,Q22284347
Q712514,P31,Q21199
Q712514,P31,Q13366104
Q712514,P31,Q674928
Q712514,P31,Q1403502
Q712514,P31,Q18449456
Q712514,P31,Q638185
Q712514,P31,Q2145900
Q712514,P31,Q50707
Q712514,P5236,Q200
Q712514,P5236,Q203
Q712514,P5236,Q23350
Q1501342,P31,Q4167410
Q1501342,P460,Q3011929
Q1501342,P460,Q16676857
Q1501342,P1889,Q37455033
Q6458,P279,Q1059564
Q6458,P31,Q17444909
Q6458,P31,Q751989
Q6458,P1889,Q16423197
Q6458,P1343,Q19190511
Q6458,P910,Q8880743
Q40993,P31,Q786820
Q40993,P31,Q15648574
Q40993,P112,Q57249
Q40993,P910,Q6710838
Q40993,P159,Q1022
Q40993,P1037,Q1910173
Q40993,P17,Q183
Q40993,P127,Q156578
Q40993,P749,Q156578
Q40993,P1454,Q422062
Q40993,P1056,Q1420
Q40993,P452,Q190117
Q40993,P166,Q2239404
Q40993,P1830,Q628813
Q40993,P1830,Q4373507
Q40993,P1830,Q15357131
Q40993,P3320,Q78769
Q40993,P361,Q595622
Q11199,P31,Q3241972
Q55989,P910,Q6929265
Q55989,P31,Q15729598
Q55989,P279,Q1144312
Q1926633,P31,Q4167410
Q223189,P279,Q1420
Q223189,P910,Q6124245
Q223189,P31,Q15729598
Q223189,P460,Q17145612
Q2052839,P17,Q43
Q2052839,P31,Q839954
Q360285,P31,Q4167410
Q360285,P1889,Q26439443
Q360285,P460,Q4836204
Q296557,P31,Q4167410
Q296557,P1889,Q1638721
Q437730,P31,Q4167410
Q787386,P279,Q6497460
Q173517,P910,Q7459357
Q173517,P279,Q1566976
Q173517,P279,Q19267880
Q173517,P1343,Q2657718
Q173517,P1343,Q4114391
Q173517,P1343,Q602358
Q173517,P1343,Q19180675
Q173517,P1343,Q1970746
Q173517,P1343,Q4532135
Q173517,P1535,Q4991371
Q173517,P1424,Q25791729
Q326103,P31,Q4167410
Q5372643,P31,Q4167410
Q7886,P279,Q24060765
Q7886,P279,Q66545215
Q7886,P279,Q4936952
Q7886,P910,Q7131304
Q7886,P361,Q7891
Q7886,P2286,Q206280
Q7886,P2289,Q535352
Q7886,P927,Q994554
Q7886,P527,Q7259536
Q7886,P527,Q5938041
Q7886,P527,Q18088285
Q7886,P4843,Q14327711
Q7886,P1343,Q602358
Q7886,P1343,Q19558994
Q169994,P910,Q7469302
Q169994,P279,Q131123
Q169994,P279,Q16332653
Q169994,P1889,Q130768
Q1056832,P910,Q7469261
Q1056832,P279,Q79529
Q1056832,P1687,P588
Q1496000,P31,Q4167410
Q16259746,P1889,Q6497460
Q34493,P279,Q752870
Q34493,P279,Q233040
Q34493,P279,Q11723891
Q34493,P910,Q7025402
Q34493,P910,Q10030455
Q34493,P1424,Q8197999
Q34493,P1424,Q18810251
Q34493,P1552,Q23866334
Q34493,P1552,Q466511
Q34493,P1552,Q25342
Q34493,P1535,Q608003
Q34493,P527,Q1064975
Q34493,P527,Q3270361
Q34493,P527,Q17095725
Q34493,P527,Q446
Q34493,P527,Q1411232
Q34493,P527,Q388379
Q34493,P641,Q215862
Q34493,P2670,Q56655111
Q499594,P1465,Q9685331
Q499594,P131,Q94000
Q499594,P421,Q6655
Q499594,P17,Q31
Q499594,P910,Q8879097
Q499594,P31,Q493522
Q499594,P527,Q1962989
Q499594,P527,Q2603883
Q499594,P527,Q1862923
Q499594,P1464,Q18664140
Q499594,P47,Q914102
Q499594,P47,Q680564
Q499594,P47,Q683034
Q499594,P47,Q65062
Q499594,P47,Q3992
Q499594,P1792,Q24935983
Q499594,P36,Q31466969
Q499594,P1830,Q787149
Q499594,P1456,Q3250549
Q1255828,P279,Q179875
Q1255828,P910,Q7464075
Q194451,P17,Q145
Q194451,P31,Q23442
Q194451,P31,Q5124673
Q194451,P361,Q81052
Q194451,P910,Q8387309
Q194451,P131,Q202174
Q194451,P131,Q652539
Q194451,P131,Q68816660
Q194451,P131,Q202174
Q194451,P206,Q1971856
Q194451,P421,Q6574
Q194451,P706,Q81052
Q194451,P1456,Q6625683
Q194451,P1435,Q72114249
Q194451,P7959,Q652539
Q194451,P7867,Q96143069
Q6953229,P31,Q4167410
Q425931,P175,Q482477
Q425931,P31,Q134556
Q425931,P264,Q304509
Q425931,P676,Q4271
Q425931,P155,Q1446055
Q425931,P156,Q1446083
Q425931,P495,Q30
Q425931,P361,Q846755
Q425931,P162,Q6770043
Q425931,P136,Q487914
Q1058120,P31,Q1302471
Q1058120,P31,Q16782623
Q1058120,P2959,Q6094100
Q1058120,P1343,Q19180675
Q1058120,P1343,Q602358
Q1058120,P1889,Q920297
Q1058120,P1889,Q98793302
Q1058120,P1889,Q98793408
Q1058120,P1889,Q98793687
Q42211,P31,Q7275
Q42211,P31,Q8432
Q42211,P31,Q4204501
Q42211,P910,Q8232989
Q42211,P1343,Q30059240
Q42211,P1343,Q602358
Q42211,P1343,Q19180675
Q42211,P2936,Q535958
Q42211,P36,Q6343
Q154411,P910,Q7180728
Q154411,P279,Q2578402
Q154411,P1343,Q2657718
Q37602,P527,Q23392
Q37602,P279,Q25257
Q37602,P1343,Q2657718
Q37602,P1343,Q602358
Q37602,P1343,Q4173137
Q37602,P1343,Q1970746
Q37602,P1343,Q2041543
Q37602,P462,Q23444
Q37602,P186,Q23392
Q37602,P828,Q931652
Q37602,P828,Q182311
Q37602,P31,Q23392
Q444280,P31,Q4167410
Q7113679,P31,Q4167410
Q353167,P31,Q4167410
Q353167,P1889,Q20727104
Q606013,P31,Q4830453
Q606013,P31,Q6881511
Q606013,P159,Q84
Q606013,P414,Q171240
Q606013,P1454,Q5225895
Q606013,P17,Q145
Q606013,P1830,Q5451435
Q606013,P355,Q5465434
Q606013,P355,Q5035420
Q2763,P31,Q41397
Q2763,P910,Q5660165
Q2763,P17,Q7318
Q2763,P276,Q1320053
Q2763,P2579,Q1568255
Q2763,P460,Q127013
Q2763,P5008,Q5460604
Q2763,P5008,Q13382529
Q2763,P1151,Q14554949
Q2763,P1269,Q22649
Q4631818,P31,Q4167410
Q4631818,P1889,Q12621311
Q193891,P1343,Q2657718
Q193891,P1343,Q20078554
Q193891,P1343,Q2041543
Q193891,P279,Q47064
Q179057,P279,Q3249551
Q179057,P279,Q1132455
Q179057,P910,Q8054814
Q179057,P461,Q523919
Q179057,P1343,Q2657718
Q179057,P1343,Q2041543
Q179057,P1343,Q1970746
Q179057,P1542,Q104541
Q179057,P31,Q1931388
Q179057,P828,Q12870
Q179057,P828,Q3054261
Q179057,P828,Q36534
Q179057,P828,Q238323
Q179057,P828,Q207456
Q179057,P1537,Q104541
Q179057,P1889,Q8219800
Q176440,P910,Q8522751
Q176440,P279,Q8205328
Q176440,P279,Q39546
Q176440,P1419,Q30090682
Q176440,P1552,Q569057
Q176440,P361,Q3679502
Q176440,P129,Q11432
Q176440,P129,Q11435
Q176440,P1889,Q41551
Q176440,P186,Q6714735
Q176440,P461,Q41551
Q1572702,P279,Q189124
Q1572702,P1889,Q37828
Q1572702,P1889,Q12830751
Q1572702,P361,Q361656
Q28838543,P31,Q4167410
Q339410,P31,Q4167410
Q204327,P31,Q17412622
Q204327,P31,Q334453
Q204327,P910,Q8694521
Q204327,P159,Q28237
Q204327,P17,Q30
Q204327,P112,Q560676
Q204327,P749,Q81965
Q204327,P1056,Q1420
Q204327,P452,Q190117
Q204327,P127,Q81965
Q204327,P740,Q28237
Q204327,P138,Q560676
Q204327,P495,Q30
Q200403,P279,Q3030569
Q200403,P279,Q19292902
Q200403,P279,Q333518
Q200403,P366,Q2526135
Q200403,P361,Q2731198
Q200403,P1269,Q6496962
Q189214,P910,Q8989089
Q189214,P279,Q15198957
Q189214,P31,Q1996145
Q189214,P1687,P1558
Q189214,P1687,P1725
Q189214,P1343,Q2041543
Q8026702,P31,Q4167410
Q8026702,P1889,Q37145109
Q5377393,P31,Q4167410
Q1412938,P31,Q4167410
Q1412938,P1889,Q37448770
Q1399781,P31,Q559618
Q1399781,P1445,Q12393
Q1399781,P1445,Q15361287
Q1399781,P1445,Q20204383
Q1399781,P1889,Q5027271
Q188209,P1343,Q2657718
Q188209,P1343,Q19190511
Q188209,P361,Q592289
Q188209,P279,Q839546
Q1337691,P461,Q5419538
Q1337691,P279,Q3539169
Q1337691,P279,Q2184645
Q1337691,P1269,Q4402708
Q1337691,P828,Q1150194
Q1337691,P1542,Q50851
Q6851132,P31,Q4167410
Q10861399,P31,Q4167410
Q10861399,P1889,Q27554641
Q10861399,P1889,Q37110857
Q3242199,P279,Q14250007
Q3242199,P279,Q238053
Q3242199,P910,Q8819505
Q3242199,P366,Q1174599
Q3242199,P361,Q7128792
Q3242199,P361,Q11417
Q176640,P910,Q7014405
Q176640,P1343,Q2041543
Q176640,P279,Q937228
Q176640,P461,Q2534066
Q176640,P1542,Q16301153
Q176640,P2184,Q3558956
Q416051,P31,Q4167410
Q44294,P414,Q13677
Q44294,P452,Q190117
Q44294,P159,Q430464
Q44294,P169,Q6767603
Q44294,P169,Q18921712
Q44294,P910,Q7237039
Q44294,P355,Q1790346
Q44294,P355,Q5467643
Q44294,P355,Q21167974
Q44294,P355,Q30338822
Q44294,P355,Q613883
Q44294,P112,Q8768
Q44294,P740,Q430464
Q44294,P1056,Q43193
Q44294,P1056,Q1144312
Q44294,P1454,Q88537331
Q44294,P199,Q35996
Q44294,P199,Q27074
Q44294,P199,Q1065539
Q44294,P199,Q1790346
Q44294,P199,Q16993649
Q44294,P138,Q8768
Q44294,P1830,Q216796
Q44294,P1830,Q571943
Q44294,P1830,Q613883
Q44294,P1830,Q1045339
Q44294,P1830,Q1117972
Q44294,P1830,Q1132185
Q44294,P1830,Q1142074
Q44294,P1830,Q1257962
Q44294,P1830,Q1436735
Q44294,P1830,Q1437020
Q44294,P1830,Q1504331
Q44294,P1830,Q1764199
Q44294,P1830,Q1790346
Q44294,P1830,Q1939053
Q44294,P1830,Q5467836
Q44294,P1830,Q5467860
Q44294,P1830,Q5467861
Q44294,P1830,Q6620429
Q44294,P1830,Q7366512
Q44294,P1830,Q10564479
Q44294,P1830,Q16993646
Q44294,P1830,Q16993649
Q44294,P1830,Q17510815
Q44294,P1830,Q20827633
Q44294,P1830,Q27074
Q44294,P1830,Q59179
Q44294,P1830,Q585537
Q44294,P2184,Q5776130
Q44294,P463,Q1361045
Q44294,P495,Q30
Q44294,P166,Q92429087
Q44294,P166,Q92429087
Q44294,P166,Q92429087
Q44294,P31,Q786820
Q44294,P31,Q4830453
Q44294,P488,Q18921712
Q44294,P17,Q30
Q44294,P1037,Q321698
Q44294,P361,Q242345
Q2234476,P31,Q4167410
Q6936812,P31,Q11422
Q6936812,P176,Q6404853
Q6936812,P279,Q11422
Q79998,P31,Q21199
Q79998,P31,Q13366104
Q79998,P31,Q606977
Q79998,P31,Q18451096
Q79998,P31,Q50707
Q79998,P460,Q2995888
Q79998,P366,Q843684
Q79998,P5236,Q200
Q79998,P5236,Q201
Q79998,P5236,Q203
Q224034,P31,Q4167410
Q224034,P1889,Q37473569
Q170382,P279,Q1574963
Q170382,P910,Q8583078
Q170382,P527,Q487192
Q170382,P527,Q200266
Q170382,P527,Q2333657
Q170382,P527,Q336751
Q170382,P527,Q1412977
Q170382,P527,Q1364476
Q170382,P527,Q29820118
Q170382,P2283,Q29820118
Q2455409,P31,Q4167410
Q403324,P31,Q4167410
Q403324,P1889,Q4849624
Q5298033,P31,Q4167410
Q82650,P910,Q8832324
Q82650,P366,Q41222493
Q82650,P279,Q580939
Q82650,P1889,Q1661652
Q82650,P361,Q294362
Q82650,P361,Q1499585
Q82650,P138,Q1135572
Q82650,P527,Q1135572
Q7797130,P31,Q4167410
Q7797130,P1889,Q16869914
Q10372324,P31,Q4167410
Q344121,P31,Q4167410
Q203920,P279,Q179899
Q203920,P279,Q326908
Q203920,P279,Q1363919
Q203920,P279,Q7048762
Q203920,P910,Q6069331
Q203920,P1552,Q4440864
Q203920,P1552,Q852973
Q203920,P1343,Q19190511
Q203920,P2579,Q10380344
Q179741,P279,Q2041172
Q179741,P910,Q8907040
Q179741,P1343,Q2657718
Q179741,P2575,Q55451
Q179741,P2575,Q25428
Q49005,P910,Q9096747
Q49005,P186,Q28823
Q49005,P279,Q796635
Q49005,P1479,Q525
Q49005,P1889,Q2264369
Q60110,P31,Q79529
Q60110,P1343,Q2657718
Q60110,P1889,Q15940282
Q60110,P1889,Q31758062
Q60110,P828,Q133235
Q60110,P527,Q623
Q6045850,P31,Q4167410
Q603253,P31,Q4830453
Q603253,P17,Q55
Q603253,P159,Q3468992
Q603253,P112,Q6182916
Q603253,P1454,Q658255
Q7808370,P31,Q5
Q7808370,P21,Q6581097
Q7808370,P27,Q145
Q7808370,P106,Q183945
Q7808370,P106,Q36834
Q7808370,P136,Q170611
Q7808370,P19,Q145
Q16461,P131,Q1974
Q16461,P17,Q16
Q16461,P910,Q6990108
Q16461,P31,Q515
Q16461,P31,Q60458065
Q16461,P190,Q134635
Q16461,P1464,Q8064793
Q16461,P1792,Q6989974
Q16461,P421,Q847142
Q16461,P1889,Q2885517
Q278061,P910,Q8391144
Q278061,P279,Q909534
Q278061,P279,Q898987
Q278061,P1889,Q5514687
Q278061,P2579,Q11473
Q1289214,P31,Q4167410
Q1289214,P910,Q10208070
Q17310301,P1343,Q2657718
Q17310301,P31,Q49848
Q17310301,P31,Q1301203
Q17310301,P279,Q19357312
Q11582,P460,Q2175964
Q11582,P31,Q1302471
Q11582,P31,Q3268848
Q11582,P31,Q82047057
Q11582,P111,Q39297
Q11582,P1343,Q26711932
Q11582,P1889,Q23636931
Q11582,P5008,Q5460604
Q674040,P460,Q23666
Q674040,P1343,Q2041543
Q674040,P1343,Q3181656
Q674040,P1343,Q23907485
Q895418,P31,Q4167410
Q895418,P1889,Q16860304
Q271812,P31,Q15081030
Q271812,P31,Q219577
Q271812,P31,Q4830453
Q271812,P910,Q8391349
Q271812,P159,Q1891
Q271812,P452,Q190117
Q271812,P749,Q156578
Q271812,P1454,Q3742388
Q271812,P740,Q1891
Q271812,P17,Q38
Q271812,P112,Q15059980
Q271812,P127,Q156578
Q271812,P361,Q48767526
Q271812,P1830,Q5311241
Q365114,P31,Q4167410
Q365114,P1889,Q16802363
Q6603402,P31,Q4167410
Q6603402,P460,Q16283049
Q6603402,P460,Q2159374
Q6603402,P460,Q2365947
Q6603402,P460,Q20984030
Q6603402,P460,Q30229689
Q6603402,P460,Q4065376
Q6603402,P460,Q196121
Q6603402,P460,Q418630
Q6603402,P460,Q415485
Q6603402,P460,Q4753705
Q6603402,P460,Q28024043
Q6603402,P460,Q1241549
Q6603402,P460,Q10564900
Q6603402,P1889,Q25937530
Q6603402,P1889,Q15732892
Q6603402,P1889,Q27568750
Q6603402,P1889,Q19850904
Q328924,P31,Q4167410
Q328924,P1889,Q16479634
Q4913747,P31,Q4167410
Q1704480,P31,Q4167410
Q104843,P279,Q3114762
Q104843,P910,Q7214732
Q104843,P31,Q2235308
Q104843,P1343,Q2657718
Q104843,P1424,Q5873699
Q104843,P1889,Q39804
Q677283,P31,Q4167410
Q677283,P1889,Q37466599
Q268662,P31,Q4167410
Q268662,P1889,Q37021283
Q47038,P279,Q17781690
Q47038,P279,Q18534278
Q47038,P279,Q66544250
Q47038,P361,Q3409626
Q47038,P31,Q18534278
Q47038,P2286,Q488932
Q47038,P1343,Q602358
Q47038,P1343,Q5217764
Q47038,P1343,Q63284758
Q4043986,P31,Q4167410
Q4043986,P1889,Q28750800
Q30022,P279,Q11707
Q30022,P279,Q655686
Q30022,P279,Q4830453
Q30022,P279,Q63922515
Q30022,P279,Q213441
Q30022,P910,Q8918175
Q30022,P366,Q41958
Q30022,P2283,Q81799
Q30022,P2283,Q43164
Q30022,P2283,Q211841
Q30022,P2283,Q1210743
Q30022,P5869,Q28804296
Q30022,P7163,Q8486
Q30022,P460,Q4236467
Q169893,P31,Q208469
Q169893,P31,Q68618328
Q169893,P31,Q69197847
Q169893,P31,Q82047057
Q169893,P111,Q309017
Q169893,P111,Q214518
Q169893,P111,Q509598
Q169893,P111,Q79464628
Q169893,P111,Q79466359
Q169893,P138,Q58577
Q169893,P460,Q14850704
Q165950,P910,Q5827774
Q165950,P279,Q1914636
Q165950,P279,Q83267
Q165950,P1343,Q2657718
Q165950,P1343,Q602358
Q165950,P1343,Q2041543
Q165950,P3095,Q9352089
Q165950,P3095,Q5179297
Q165950,P5008,Q99671171
Q190771,P279,Q180516
Q190771,P366,Q162297
Q190771,P910,Q8292645
Q190771,P1889,Q25376982
Q190771,P527,Q7857
Q190771,P527,Q140565
Q190771,P527,Q35197
Q190771,P527,Q7863
Q194326,P910,Q7330338
Q194326,P279,Q4990963
Q194326,P279,Q7075058
Q194326,P3095,Q62900222
Q2778569,P31,Q101352
Q2778569,P31,Q56219051
Q2778569,P407,Q1860
Q2778569,P407,Q1321
Q2778569,P1889,Q232457
Q2778569,P1889,Q25392169
Q2778569,P282,Q8229
Q2778569,P460,Q20827080
Q2778569,P460,Q52984204
Q2778569,P460,Q37452929
Q2778569,P460,Q21511109
Q2778569,P460,Q28868754
Q2778569,P460,Q54211963
Q160091,P279,Q271669
Q160091,P31,Q107425
Q160091,P1343,Q2657718
Q160091,P1343,Q2041543
Q160091,P1424,Q17674722
Q160091,P910,Q7217380
Q551640,P17,Q183
Q551640,P31,Q262166
Q551640,P910,Q8931438
Q551640,P131,Q2947
Q551640,P421,Q6655
Q551640,P421,Q6723
Q551640,P463,Q2239296
Q1214902,P31,Q4167410
Q1214902,P1889,Q37129699
Q424876,P31,Q4167410
Q425705,P279,Q134574
Q425705,P1343,Q4114391
Q425705,P1343,Q602358
Q425705,P1343,Q19180675
Q1370443,P460,Q32368
Q1370443,P31,Q4167410
Q185525,P279,Q1949814
Q185525,P279,Q28816538
Q185525,P910,Q8875390
Q185525,P1889,Q1079988
Q157512,P910,Q7458710
Q157512,P1343,Q2041543
Q157512,P1343,Q19190511
Q157512,P1889,Q17285911
Q157512,P279,Q1425577
Q157512,P279,Q1188986
Q157512,P461,Q12814152
Q157512,P1542,Q98688601
Q9584,P17,Q17
Q9584,P463,Q15614763
Q9584,P463,Q858851
Q9584,P31,Q786820
Q9584,P31,Q15081030
Q9584,P31,Q42855995
Q9584,P159,Q190088
Q9584,P112,Q313304
Q9584,P112,Q1320253
Q9584,P414,Q217475
Q9584,P414,Q13677
Q9584,P452,Q190117
Q9584,P169,Q20855800
Q9584,P910,Q7014310
Q9584,P355,Q5631175
Q9584,P355,Q4744011
Q9584,P355,Q1626564
Q9584,P355,Q5892736
Q9584,P355,Q1093559
Q9584,P355,Q15275579
Q9584,P355,Q1626480
Q9584,P355,Q1626620
Q9584,P355,Q1626774
Q9584,P355,Q17049527
Q9584,P355,Q5295884
Q9584,P355,Q28864757
Q9584,P355,Q55107313
Q9584,P355,Q5892456
Q9584,P740,Q1490
Q9584,P1454,Q1480166
Q9584,P127,Q313304
Q9584,P1830,Q1946170
Q9584,P1830,Q11338311
Q9584,P1830,Q53097
Q9584,P361,Q507338
Q9584,P361,Q11249846
Q9584,P1056,Q1420
Q9584,P1037,Q20855800
Q9584,P279,Q1480166
Q351253,P31,Q4167410
Q351253,P1889,Q56090125
Q351253,P1889,Q56099356
Q12408,P279,Q4198689
Q12408,P910,Q55329166
Q238479,P31,Q4167410
Q238479,P1889,Q37502045
Q1066907,P1343,Q2657718
Q1066907,P910,Q24069330
Q1066907,P1424,Q11157579
Q863247,P910,Q7457980
Q863247,P279,Q8380731
Q863247,P279,Q6961869
Q863247,P1343,Q2041543
Q863247,P1889,Q156728
Q413376,P31,Q4167410
Q413376,P1889,Q16865842
Q249511,P31,Q4167410
Q249511,P1889,Q1272737
Q249511,P1889,Q41804212
Q364466,P31,Q4167410
Q364466,P1889,Q16877483
Q364466,P1889,Q30138411
Q17129212,P31,Q4167410
Q172741,P31,Q786820
Q172741,P31,Q17412622
Q172741,P112,Q2963558
Q172741,P112,Q1476227
Q172741,P910,Q8823203
Q172741,P17,Q17
Q172741,P452,Q190117
Q172741,P749,Q1051297
Q172741,P127,Q1051297
Q172741,P1454,Q891723
Q172741,P1889,Q1051297
Q172741,P159,Q1203521
Q172741,P495,Q17
Q172741,P1056,Q1420
Q360294,P31,Q4167410
Q408226,P31,Q4167410
Q7906348,P31,Q4167410
Q7906348,P1889,Q3552871
Q158970,P279,Q5124704
Q158970,P1542,Q5190720
Q158970,P828,Q160070
Q158970,P828,Q314112
Q158970,P828,Q706622
Q158970,P1889,Q1142483
Q158970,P910,Q8819523
Q455550,P910,Q8891737
Q455550,P31,Q1914636
Q455550,P3095,Q69949971
Q455550,P279,Q47728
Q455550,P1343,Q308439
Q29803,P31,Q786820
Q29803,P17,Q17
Q29803,P452,Q190117
Q29803,P159,Q233495
Q29803,P910,Q8557556
Q29803,P740,Q1490
Q29803,P1056,Q43193
Q29803,P1056,Q174174
Q29803,P1454,Q166280
Q29803,P355,Q41568527
Q29803,P127,Q650745
Q202875,P910,Q8670529
Q202875,P279,Q131395
Q202875,P279,Q1914636
Q202875,P279,Q7157572
Q202875,P3095,Q10335982
Q202875,P2579,Q97008347
Q202875,P2579,Q8134
Q104085,P279,Q178977
Q104085,P279,Q21074597
Q104085,P279,Q187661
Q104085,P910,Q8270588
Q104085,P527,Q629
Q104085,P527,Q670
Q104085,P1542,Q21167862
Q104085,P1343,Q602358
Q104085,P1343,Q19180675
Q104085,P1343,Q4532135
Q104085,P1343,Q4114391
Q104085,P1343,Q4456818
Q104085,P1343,Q20078551
Q104085,P1343,Q20078554
Q104085,P1343,Q3181656
Q104085,P1343,Q4532138
Q104085,P534,Q23444
Q104085,P2868,Q187661
Q41097,P279,Q25257
Q41097,P279,Q1781205
Q41097,P910,Q55330629
Q41097,P1343,Q602358
Q41097,P1343,Q19180675
Q41097,P1343,Q1768721
Q41097,P186,Q283
Q6015144,P31,Q4167410
Q6015144,P2959,Q62562253
Q600571,P910,Q8218801
Q600571,P279,Q3769299
Q600571,P279,Q1920219
Q600571,P279,Q87075524
Q600571,P527,Q366
Q600571,P527,Q124490
Q600571,P1424,Q6667141
Q1644870,P31,Q4167410
Q1644870,P1889,Q16909617
Q11712602,P31,Q4167410
Q2303322,P31,Q55983715
Q2303322,P910,Q9484028
Q2303322,P279,Q2102
Q2303322,P1343,Q2657718
Q5247814,P31,Q4167410
Q232460,P31,Q4167410
Q232460,P1889,Q15725862
Q232460,P1889,Q1700760
Q621206,P31,Q16748888
Q621206,P31,Q60539481
Q621206,P361,Q9357054
Q621206,P361,Q77468620
Q621206,P1343,Q1970746
Q7940340,P6291,Q246
Q214488,P279,Q216530
Q214488,P910,Q55277202
Q214488,P31,Q337060
Q214488,P170,Q51137
Q20459,P366,Q1192478
Q20459,P910,Q7724382
Q20459,P279,Q39546
Q20459,P1889,Q996592
Q250723,P31,Q4167410
Q21510966,P31,Q101352
Q21510966,P1889,Q1437369
Q21510966,P282,Q8229
Q21510966,P407,Q20923490
Q1514735,P31,Q12308941
Q1514735,P407,Q7411
Q1514735,P407,Q25325
Q1514735,P460,Q13480879
Q1514735,P460,Q2131007
Q1514735,P460,Q1261347
Q1514735,P460,Q16275954
Q1514735,P460,Q16275951
Q1514735,P460,Q5550225
Q1514735,P460,Q7996169
Q1514735,P460,Q18282500
Q1514735,P460,Q18145331
Q1514735,P460,Q1497736
Q1514735,P460,Q22140341
Q1514735,P460,Q27772669
Q1514735,P460,Q19572194
Q1514735,P460,Q18171083
Q1514735,P282,Q8229
Q1514735,P5323,Q21644845
Q1514735,P5323,Q21142040
Q1514735,P1343,Q151
Q500035,P279,Q946808
Q500035,P279,Q4010528
Q500035,P176,Q53268
Q500035,P910,Q8862280
Q500035,P155,Q243543
Q500035,P31,Q59773381
Q500035,P1716,Q53268
Q500035,P516,Q502048
Q500035,P516,Q174174
Q5124868,P31,Q4167410
Q5124868,P1889,Q21455881
Q16644043,P361,Q177719
Q16644043,P1478,Q177719
Q16644043,P279,Q49848
Q16644043,P279,Q730920
Q16644043,P1889,Q904923
Q16644043,P1889,Q11856063
Q16644043,P1889,Q1762591
Q16644043,P1889,Q91615392
Q16644043,P1889,Q91615389
Q16644043,P1343,Q602358
Q16644043,P1343,Q19180675
Q1349983,P279,Q1434290
Q1349983,P279,Q1121708
Q1349983,P828,Q20204151
Q1349983,P828,Q256699
Q1349983,P1478,Q39552
Q1349983,P1542,Q20888800
Q1349983,P1542,Q60528603
Q1349983,P1537,Q28777323
Q1349983,P1479,Q507234
Q1349983,P1479,Q4115667
Q1349983,P1479,Q21262209
Q1349983,P1479,Q5937752
Q45227,P279,Q49720
Q45227,P910,Q13286133
Q45227,P1343,Q2657718
Q45227,P1343,Q2041543
Q45227,P1343,Q4532138
Q45227,P361,Q630010
Q45227,P186,Q447725
Q45227,P527,Q1127214
Q45227,P2283,Q245656
Q421236,P31,Q4167410
Q421236,P1889,Q37562632
Q21507808,P31,Q101352
Q21507808,P1889,Q1601321
Q21507808,P282,Q8229
Q11435,P279,Q102205
Q11435,P31,Q15831576
Q11435,P910,Q6273463
Q11435,P1343,Q2657718
Q11435,P1557,Q29115643
Q11435,P1552,Q128709
Q11435,P1889,Q102205
Q11435,P5008,Q5460604
Q11435,P5008,Q99671171
Q11435,P5135,Q11432
Q2092297,P31,Q55983715
Q2092297,P1343,Q16387823
Q2092297,P1343,Q1210353
Q2092297,P1343,Q1768721
Q2092297,P1343,Q3181656
Q2092297,P4733,Q59939611
Q2092297,P279,Q25510
Q2092297,P910,Q7213714
Q249763,P31,Q4167410
Q249763,P1889,Q16870244
Q224077,P31,Q4167410
Q224077,P1889,Q735211
Q539268,P31,Q9143
Q539268,P31,Q50843083
Q539268,P178,Q5593100
Q539268,P287,Q5593100
Q539268,P3966,Q79872
Q539268,P306,Q1406
Q539268,P366,Q1143118
Q3249878,P31,Q8171
Q3249878,P31,Q4833830
Q3249878,P31,Q24905
Q3249878,P31,Q36484
Q7234516,P31,Q4167410
Q1485806,P910,Q9132000
Q3252010,P31,Q4167410
Q3252010,P1889,Q37275553
Q845671,P31,Q811909
Q845671,P361,Q446
Q845671,P1269,Q18674931
Q845671,P1889,Q182976
Q845671,P1889,Q12190361
Q845671,P279,Q811909
Q707125,P279,Q2150504
Q707125,P279,Q63484572
Q707125,P279,Q1424047
Q707125,P1343,Q602358
Q707125,P92,Q674827
Q707125,P1889,Q98463540
Q30329684,P31,Q4167410
Q654068,P910,Q8196102
Q654068,P1343,Q16387823
Q654068,P279,Q30301666
Q654068,P2579,Q25261
Q219803,P279,Q1317763
Q219803,P279,Q181790
Q219803,P279,Q1348059
Q219803,P910,Q8767095
Q219803,P1343,Q2657718
Q2351915,P31,Q4167410
Q2351915,P1889,Q37303454
Q964912,P279,Q225960
Q964912,P910,Q8951959
Q37726,P527,Q29171
Q37726,P527,Q47315
Q37726,P527,Q1116728
Q37726,P527,Q18198588
Q37726,P1424,Q5619935
Q37726,P910,Q9470178
Q37726,P279,Q781132
Q37726,P1889,Q772547
Q37726,P1889,Q8473
Q179212,P31,Q4167410
Q2276380,P31,Q10387689
Q2276380,P31,Q82047057
Q2276380,P1889,Q160857
Q2276380,P111,Q25342
Q2276380,P361,Q641227
Q27436,P31,Q17412622
Q27436,P31,Q786820
Q27436,P155,Q1523727
Q27436,P112,Q957621
Q27436,P112,Q8768
Q27436,P910,Q7327141
Q27436,P159,Q12439
Q27436,P17,Q30
Q27436,P452,Q190117
Q27436,P740,Q12439
Q27436,P127,Q81965
Q27436,P1889,Q1025149
Q27436,P749,Q81965
Q27436,P138,Q586595
Q27436,P495,Q30
Q16868715,P31,Q21278897
Q867393,P279,Q7406919
Q1069344,P641,Q5369
Q1069344,P31,Q1969448
Q3057620,P279,Q10971235
Q3057620,P279,Q1762457
Q3057620,P1419,Q34132
Q3057620,P366,Q287287
Q895144,P31,Q4167410
Q895144,P1889,Q37503523
Q292816,P31,Q4167410
Q292816,P1889,Q16865671
Q292816,P1889,Q42306575
Q12323,P279,Q2466889
Q12323,P279,Q121359
Q12323,P1343,Q678259
Q12323,P1343,Q63284758
Q12323,P1963,P4614
Q12323,P1963,P4558
Q12323,P1963,P4661
Q12323,P1963,P2048
Q12323,P1424,Q5653690
Q12323,P366,Q2630707
Q12323,P366,Q80638
Q12323,P366,Q11453
Q12323,P366,Q7892
Q12323,P910,Q7214041
Q12323,P1687,P4792
Q12323,P5008,Q5460604
Q1750812,P910,Q7013407
Q1750812,P3095,Q11697052
Q1750812,P5125,Q7112625
Q1750812,P1269,Q207434
Q37477,P910,Q7469664
Q37477,P279,Q40526
Q37477,P279,Q104541
Q37477,P279,Q1972098
Q37477,P31,Q8074
Q37477,P1542,Q20007250
Q37477,P1542,Q223288
Q37477,P1343,Q2657718
Q37477,P1343,Q2041543
Q37477,P1343,Q1768721
Q37477,P1889,Q33055190
Q37477,P5008,Q5460604
Q537963,P31,Q1914636
Q537963,P361,Q77468620
Q537963,P1889,Q3748080
Q537963,P1889,Q2052098
Q537963,P1889,Q9058299
Q537963,P1889,Q3899745
Q537963,P1889,Q4652435
Q180600,P1343,Q20078554
Q180600,P1889,Q69639594
Q180600,P279,Q3387041
Q349884,P31,Q4167410
Q446775,P31,Q4167410
Q1293405,P361,Q133279
Q1293405,P361,Q25506835
Q1293405,P31,Q17781690
Q1293405,P279,Q66600684
Q4817,P279,Q1058733
Q4817,P279,Q811979
Q4817,P279,Q391414
Q4817,P910,Q13314879
Q4817,P527,Q56045633
Q4817,P527,Q2745866
Q4817,P527,Q193893
Q4817,P361,Q657100
Q4817,P1343,Q1138524
Q4817,P1343,Q602358
Q4817,P1343,Q30059240
Q4817,P1889,Q31510646
Q4817,P1889,Q51845395
Q4817,P5008,Q99671171
Q3565868,P279,Q350783
Q3565868,P279,Q4354683
Q3565868,P279,Q96622169
Q3565868,P910,Q6260003
Q3565868,P361,Q7590
Q3565868,P31,Q268592
Q3565868,P31,Q334166
Q3565868,P31,Q8187769
Q3565868,P1151,Q6889693
Q3565868,P121,Q22667
Q3565868,P1889,Q350783
Q3565868,P1889,Q22667
Q3565868,P2184,Q477862
Q3565868,P1343,Q602358
Q3565868,P1343,Q4114391
Q3565868,P1343,Q602358
Q3565868,P1343,Q602358
Q3565868,P1343,Q19180675
Q3565868,P5125,Q7112713
Q415967,P31,Q4167410
Q403326,P31,Q4167410
Q397849,P31,Q4167410
Q16287353,P31,Q4167410
Q16287353,P460,Q351653
Q16287353,P1889,Q37058494
Q7549745,P31,Q4167410
Q2335892,P31,Q4167410
Q2335892,P1889,Q16883821
Q129757,P361,Q133105
Q129757,P2286,Q707174
Q129757,P2289,Q368521
Q129757,P31,Q4936952
Q129757,P1343,Q2657718
Q129757,P910,Q32559404
Q129757,P1889,Q56311606
Q129757,P1889,Q12905399
Q129757,P279,Q66589791
Q8060184,P31,Q4167410
Q233844,P31,Q4167410
Q233844,P1889,Q21502037
Q233844,P1889,Q1668134
Q233844,P1889,Q15875484
Q233844,P1889,Q58213997
Q233844,P460,Q7799855
Q345908,P31,Q4167410
Q134430,P144,Q11831
Q134430,P31,Q29168811
Q134430,P57,Q928976
Q134430,P57,Q1758110
Q134430,P57,Q1385379
Q134430,P57,Q3218086
Q134430,P57,Q3375098
Q134430,P57,Q2549739
Q134430,P58,Q3306605
Q134430,P58,Q3517047
Q134430,P58,Q20822236
Q134430,P58,Q3357801
Q134430,P58,Q3026620
Q134430,P58,Q28381428
Q134430,P58,Q3566990
Q134430,P58,Q3046385
Q134430,P162,Q8704
Q134430,P272,Q7414
Q134430,P136,Q1054574
Q134430,P136,Q157394
Q134430,P136,Q842256
Q134430,P136,Q28968511
Q134430,P495,Q30
Q134430,P166,Q823422
Q134430,P166,Q1966965
Q134430,P364,Q1860
Q134430,P86,Q1356617
Q134430,P86,Q912572
Q134430,P86,Q1367518
Q134430,P750,Q267282
Q134430,P1411,Q22752811
Q134430,P2747,Q23830576
Q134430,P725,Q272143
Q134430,P725,Q2706678
Q134430,P725,Q2698123
Q134430,P725,Q945591
Q134430,P725,Q186798
Q134430,P725,Q3500782
Q134430,P725,Q1848730
Q134430,P725,Q3127926
Q134430,P725,Q451745
Q134430,P725,Q3476365
Q134430,P725,Q3293625
Q134430,P725,Q2739967
Q134430,P725,Q3047248
Q134430,P725,Q29730705
Q134430,P725,Q187216
Q134430,P725,Q29784900
Q134430,P674,Q2739228
Q134430,P674,Q252044
Q134430,P674,Q27498920
Q134430,P674,Q27148555
Q134430,P674,Q27148824
Q134430,P674,Q27148788
Q134430,P674,Q29061014
Q134430,P406,Q7548355
Q134430,P793,Q204854
Q134430,P2684,Q23649981
Q134430,P2408,Q7017
Q134430,P462,Q22006653
Q134430,P3092,Q2831248
Q134430,P3092,Q3068580
Q134430,P3092,Q205002
Q134430,P3092,Q3315725
Q134430,P3092,Q3306522
Q134430,P3092,Q2977202
Q134430,P3092,Q3378761
Q134430,P3092,Q3420534
Q134430,P3092,Q2084424
Q134430,P3092,Q3471034
Q134430,P3092,Q1367518
Q134430,P3092,Q1356617
Q134430,P3092,Q912572
Q134430,P3275,Q3195115
Q134430,P3275,Q3110380
Q134430,P3275,Q3306605
Q134430,P3275,Q3026620
Q134430,P3275,Q28381428
Q134430,P3275,Q3517047
Q134430,P3275,Q20822236
Q134430,P3275,Q3357801
Q134430,P3275,Q3566990
Q134430,P3275,Q3046385
Q134430,P3174,Q2959994
Q134430,P3174,Q3142264
Q134430,P3174,Q3518693
Q134430,P3174,Q3303696
Q134430,P3174,Q3127624
Q134430,P3174,Q3530690
Q134430,P3174,Q3110380
Q134430,P3174,Q953696
Q134430,P3174,Q3195115
Q134430,P3174,Q28381697
Q134430,P921,Q1321250
Q134430,P921,Q1334052
Q134430,P921,Q851824
Q134430,P921,Q6545811
Q134430,P180,Q15384699
Q134430,P180,Q6958747
Q134430,P180,Q89
Q134430,P180,Q35831
Q134430,P180,Q214045
Q134430,P2079,Q184781
Q134430,P1552,Q45171911
Q134430,P1552,Q93639564
Q134430,P1552,Q58483045
Q134430,P195,Q188740
Q134430,P179,Q56070713
Q134430,P5940,Q2905940
Q134430,P747,Q27067673
Q134430,P747,Q27067681
Q134430,P747,Q27067691
Q134430,P4969,Q2182970
Q134430,P4969,Q2905940
Q134430,P4969,Q3821447
Q134430,P4969,Q12141752
Q134430,P4969,Q18154132
Q134430,P4969,Q27660145
Q134430,P6942,Q926614
Q134430,P6942,Q2525726
Q134430,P6942,Q649801
Q134430,P6942,Q280187
Q134430,P6942,Q937267
Q134430,P6942,Q3026615
Q134430,P6942,Q2420722
Q134430,P6942,Q2437296
Q134430,P6942,Q2711171
Q134430,P6942,Q3436361
Q134430,P6942,Q2829322
Q134430,P6942,Q3008027
Q134430,P6942,Q3186035
Q134430,P6942,Q3547800
Q134430,P6942,Q3101875
Q134430,P6942,Q1368756
Q134430,P6942,Q3086959
Q134430,P6942,Q2903332
Q134430,P6942,Q2897938
Q134430,P6942,Q3116715
Q134430,P6942,Q3157139
Q134430,P6942,Q3296084
Q134430,P6942,Q3089911
Q134430,P6942,Q3496506
Q134430,P6942,Q2118269
Q134430,P6942,Q703588
Q134430,P6942,Q3435866
Q134430,P6942,Q715807
Q134430,P6942,Q3370763
Q134430,P6942,Q3531867
Q134430,P6942,Q3260255
Q134430,P6942,Q2997546
Q134430,P6942,Q2849103
Q134430,P6942,Q2935481
Q134430,P6942,Q3432068
Q134430,P6942,Q2842480
Q134430,P6942,Q693256
Q134430,P6942,Q29359881
Q134430,P6942,Q29363531
Q134430,P5970,Q56887384
Q134430,P2758,Q23817729
Q134430,P2061,Q20970432
Q134430,P8670,Q2831248
Q134430,P8670,Q205002
Q349911,P31,Q4167410
Q1132455,P279,Q5422048
Q1132455,P279,Q3505845
Q1132455,P461,Q2526135
Q1132455,P1687,P3335
Q11635,P910,Q6995484
Q11635,P1151,Q10821605
Q11635,P1889,Q24354
Q11635,P1889,Q11812394
Q11635,P2959,Q27131923
Q11635,P1424,Q12930680
Q11635,P1343,Q30059240
Q11635,P1343,Q602358
Q11635,P1343,Q19180675
Q11635,P1343,Q4173137
Q11635,P5008,Q5460604
Q11635,P31,Q45971958
Q11635,P31,Q268592
Q11635,P31,Q11862829
Q11635,P279,Q184485
Q11635,P279,Q43229
Q11635,P5125,Q7112798
Q11635,P527,Q2416217
Q11635,P527,Q1797162
Q11635,P527,Q24354
Q11635,P3095,Q1776724
Q11635,P3095,Q79044120
Q11635,P3095,Q15839299
Q11635,P6104,Q14942918
Q7236828,P31,Q4167410
Q7236828,P1889,Q16282603
Q7236828,P1889,Q13400757
Q60740406,P279,Q726
Q60740406,P460,Q2926058
Q60740406,P279,Q726
Q60740406,P460,Q2926058
Q847950,P279,Q699405
Q847950,P279,Q11755880
Q847950,P1343,Q2041543
Q847950,P1889,Q193837
Q847950,P1889,Q3661265
Q7224880,P910,Q8447545
Q7224880,P1542,Q21174320
Q7224880,P279,Q15303351
Q7224880,P279,Q206615
Q7224880,P279,Q263125
Q7224880,P527,Q5861
Q7224880,P527,Q11474
Q3044839,P31,Q4167410
Q377772,P31,Q4167410
Q234550,P31,Q4167410
Q234550,P1889,Q20899024
Q234550,P1889,Q37491554
Q29570,P31,Q334453
Q29570,P31,Q786820
Q29570,P31,Q17412622
Q29570,P112,Q351372
Q29570,P112,Q381381
Q29570,P910,Q8358204
Q29570,P159,Q12439
Q29570,P127,Q81965
Q29570,P17,Q30
Q29570,P740,Q1166
Q29570,P1056,Q43193
Q29570,P1056,Q1420
Q29570,P452,Q190117
Q29570,P749,Q81965
Q29570,P495,Q30
Q408467,P31,Q4167410
Q140588,P279,Q63100732
Q140588,P910,Q8957195
Q140588,P2959,Q22828814
Q140588,P179,Q63100804
Q140588,P1889,Q96096093
Q1156800,P910,Q8658587
Q1156800,P1343,Q2657718
Q1156800,P31,Q2135465
Q1156800,P31,Q1190554
Q1156800,P1889,Q85029384
Q360499,P31,Q4167410
Q360499,P1889,Q16281769
Q360499,P1889,Q26229369
Q28792126,P31,Q146
Q28792126,P17,Q43
Q28792126,P551,Q12506
Q28792126,P21,Q43445
Q691167,P31,Q2207288
Q691167,P31,Q28640
Q691167,P425,Q43183
Q691167,P279,Q1058617
Q416581,P31,Q4167410
Q416581,P1889,Q36927672
Q765385,P277,Q28865
Q765385,P31,Q6686945
Q765385,P31,Q956086
Q765385,P31,Q167035
Q765385,P31,Q341
Q765385,P275,Q18491847
Q765385,P306,Q1406
Q765385,P306,Q388
Q765385,P306,Q14116
Q765385,P306,Q34264
Q765385,P407,Q20923490
Q680848,P17,Q183
Q680848,P31,Q262166
Q680848,P910,Q9184874
Q680848,P131,Q5915
Q680848,P131,Q443974
Q680848,P131,Q450856
Q680848,P421,Q6655
Q680848,P421,Q6723
Q439988,P31,Q4167410
Q238093,P31,Q4167410
Q119799,P31,Q4167410
Q119799,P1889,Q36898755
Q166019,P279,Q1064904
Q166019,P279,Q1931388
Q166019,P279,Q1441305
Q166019,P279,Q102187242
Q166019,P910,Q9151038
Q166019,P2176,Q241006
Q166019,P2176,Q418625
Q166019,P2176,Q418666
Q166019,P2176,Q255968
Q166019,P2176,Q22075855
Q166019,P2176,Q207442
Q166019,P1995,Q2861470
Q166019,P828,Q17781833
Q166019,P461,Q487937
Q14761450,P279,Q4175034
Q14761450,P31,Q4164871
Q14761450,P361,Q2495862
Q18097,P1151,Q4977665
Q18097,P30,Q48
Q18097,P868,Q141898
Q18097,P910,Q7084054
Q18097,P31,Q82794
Q18097,P31,Q6266
Q18097,P31,Q3024240
Q18097,P31,Q11396118
Q18097,P1343,Q2657718
Q18097,P1343,Q4114391
Q18097,P1343,Q602358
Q18097,P1343,Q19180675
Q18097,P1343,Q3181656
Q18097,P206,Q27092
Q18097,P206,Q37960
Q18097,P206,Q45341
Q18097,P2633,Q5535170
Q18097,P2184,Q713414
Q18097,P47,Q624569
Q18097,P17,Q188712
Q18097,P17,Q28179
Q18097,P17,Q28233
Q18097,P17,Q28208
Q18097,P17,Q715257
Q18097,P17,Q698268
Q18097,P17,Q165292
Q18097,P1365,Q28179
Q18097,P1366,Q423
Q18097,P1366,Q884
Q18097,P1792,Q6489941
Q18097,P1792,Q7031140
Q18097,P527,Q483134
Q18097,P1464,Q8059148
Q18097,P706,Q27231
Q18097,P7867,Q8607404
Q18097,P1889,Q483134
Q18097,P2579,Q714838
Q21494224,P31,Q101352
Q21494224,P1889,Q5187723
Q21494224,P282,Q8229
Q7220961,P910,Q9111216
Q7220961,P279,Q2578402
Q7220961,P186,Q287
Q7220961,P186,Q11426
Q7220961,P186,Q11474
Q7220961,P527,Q2230201
Q7220961,P527,Q16736738
Q7220961,P366,Q2083967
Q7220961,P366,Q385378
Q7220961,P366,Q4329700
Q7220961,P366,Q4232202
Q572700,P31,Q28640
Q572700,P425,Q72468
Q572700,P910,Q9623949
Q572700,P279,Q16532929
Q4459167,P31,Q4167410
Q4459167,P1889,Q14626636
Q4459167,P1889,Q21143999
Q4459167,P1889,Q25343981
Q4459167,P460,Q357160
Q4459167,P460,Q10321976
Q2474,P31,Q577
Q2474,P361,Q35014
Q2474,P155,Q2485
Q2474,P156,Q2475
Q2474,P910,Q6937665
Q2474,P2959,Q31802949
Q2474,P527,Q2874553
Q2474,P527,Q3277962
Q2474,P527,Q3294911
Q2474,P527,Q7076891
Q2474,P527,Q12488192
Q2474,P527,Q13080496
Q2474,P527,Q13067909
Q2474,P527,Q13070110
Q2474,P527,Q16645019
Q2474,P527,Q16646943
Q2474,P527,Q16667202
Q2474,P527,Q16676393
Q2474,P1889,Q44069818
Q72468,P461,Q356648
Q72468,P279,Q3565078
Q72468,P910,Q9460930
Q72468,P1343,Q20743760
Q72468,P1343,Q2041543
Q72468,P1542,Q1299608
Q72468,P3095,Q572700
Q614831,P31,Q7889
Q614831,P404,Q6895044
Q614831,P404,Q208850
Q614831,P400,Q23882
Q614831,P400,Q170434
Q614831,P400,Q478829
Q614831,P400,Q99775
Q614831,P400,Q100047
Q614831,P400,Q14116
Q614831,P123,Q339266
Q614831,P287,Q3086830
Q614831,P437,Q5293
Q614831,P437,Q269415
Q614831,P750,Q429316
Q614831,P750,Q337535
Q614831,P136,Q270948
Q614831,P178,Q2130108
Q614831,P179,Q29962243
Q614831,P1889,Q29962243
Q614831,P495,Q30
Q921071,P31,Q4167410
Q921071,P1889,Q36915895
Q217651,P361,Q8104
Q217651,P1687,P5594
Q217651,P279,Q24255051
Q137573,P31,Q4167410
Q137573,P910,Q8230899
Q137573,P1889,Q21396331
Q137573,P1889,Q37497798
Q230189,P31,Q4167410
Q7455924,P31,Q4167410
Q7455924,P1889,Q37437130
Q2332663,P31,Q4167410
Q2332663,P1889,Q12803450
Q4839689,P31,Q4167410
Q401502,P31,Q4167410
Q401502,P460,Q1821716
Q365247,P31,Q4167410
Q527793,P31,Q4167410
Q406851,P31,Q4167410
Q3933541,P31,Q4167410
Q3933541,P1889,Q66424706
Q2005635,P31,Q4167410
Q2005635,P1889,Q16880601
Q1461059,P31,Q4167410
Q1461059,P1889,Q2748045
Q43183,P279,Q15809678
Q43183,P279,Q837171
Q43183,P279,Q8187769
Q43183,P910,Q7013044
Q43183,P2959,Q16109685
Q43183,P361,Q1200977
Q43183,P361,Q189447
Q43183,P1424,Q13091211
Q43183,P1343,Q602358
Q43183,P1343,Q19180675
Q43183,P31,Q268592
Q43183,P31,Q8187769
Q43183,P3342,Q21028005
Q43183,P3095,Q691167
Q43183,P1889,Q2143354
Q43183,P1889,Q977871
Q43183,P1889,Q92121777
Q43183,P1889,Q92122548
Q43183,P1552,Q3546112
Q43183,P2184,Q3635533
Q2863635,P31,Q4167410
Q2863635,P1889,Q37499018
Q99905,P279,Q2731198
Q99905,P279,Q28816538
Q99905,P31,Q64578669
Q99905,P910,Q60291505
Q12277,P279,Q391414
Q12277,P1343,Q302556
Q12277,P1343,Q2657718
Q12277,P1343,Q602358
Q12277,P910,Q8910626
Q12277,P5008,Q5460604
Q23317,P463,Q15614763
Q23317,P463,Q2348893
Q23317,P31,Q786820
Q23317,P112,Q58035
Q23317,P127,Q156578
Q23317,P355,Q271812
Q23317,P355,Q35886
Q23317,P355,Q781027
Q23317,P355,Q265618
Q23317,P138,Q58035
Q23317,P910,Q8275505
Q23317,P159,Q3004
Q23317,P452,Q190117
Q23317,P1037,Q107639
Q23317,P1037,Q68355
Q23317,P1037,Q68355
Q23317,P1037,Q27896387
Q23317,P155,Q27152
Q23317,P749,Q156578
Q23317,P1546,Q503241
Q23317,P414,Q151139
Q23317,P17,Q183
Q23317,P1454,Q422062
Q23317,P740,Q3778
Q23317,P1056,Q1420
Q23317,P1056,Q1144312
Q23317,P4195,Q8275473
Q23317,P1830,Q781027
Q23317,P1830,Q1386924
Q23317,P1830,Q28228093
Q23317,P1830,Q46162703
Q23317,P1830,Q35886
Q23317,P1830,Q271812
Q23317,P361,Q874430
Q23317,P1365,Q27152
Q342944,P31,Q4167410
Q342944,P1889,Q19760068
Q1534839,P279,Q1183543
Q1534839,P279,Q839546
Q1534839,P910,Q8912299
Q1534839,P1343,Q678259
Q1534839,P31,Q44409287
Q1534839,P1889,Q55670199
Q4996379,P31,Q4167410
Q4996379,P1889,Q11191868
Q2932327,P31,Q4167410
Q156351,P279,Q843227
Q156351,P279,Q1697305
Q156351,P910,Q8382997
Q156351,P527,Q1985146
Q156351,P1343,Q2041543
Q156351,P31,Q182545
Q1761451,P31,Q60539481
Q1761451,P361,Q77468620
Q1761451,P828,Q192906
Q161,P279,Q214609
Q161,P910,Q8447547
Q161,P910,Q9584376
Q161,P1343,Q2657718
Q161,P1343,Q28888841
Q161,P1552,Q910035
Q161,P1552,Q46997943
Q161,P1419,Q34132
Q161,P1424,Q15768033
Q161,P366,Q28823
Q161,P2354,Q6642942
Q161,P31,Q19361238
Q1499903,P31,Q4167410
Q1499903,P1889,Q1983904
Q1499903,P460,Q64899593
Q122508,P910,Q10008133
Q122508,P1343,Q2657718
Q122508,P1343,Q1970746
Q122508,P1343,Q602358
Q122508,P1343,Q19180675
Q122508,P1343,Q20078554
Q122508,P31,Q1293220
Q122508,P1880,Q843816
Q1663522,P31,Q4167410
Q346080,P31,Q4167410
Q55664453,P527,Q870083
Q55664453,P527,Q2607091
Q55664453,P1889,Q870083
Q55664453,P1889,Q2607091
Q225498,P31,Q4167410
Q225498,P1889,Q37433483
Q7265355,P31,Q4167410
Q7310686,P31,Q708676
Q7310686,P17,Q145
Q7310686,P112,Q65697967
Q415967,P31,Q4167410
Q7580012,P31,Q4167410
Q1172063,P31,Q4167410
Q854248,P461,Q844947
Q854248,P279,Q1281158
Q854248,P361,Q20046585
Q341782,P31,Q4167410
Q341782,P1889,Q20000004
Q341782,P1889,Q37144112
Q204917,P910,Q8126311
Q204917,P279,Q55738663
Q204917,P279,Q267228
Q204917,P366,Q1381282
Q204917,P366,Q34379
Q416862,P31,Q4167410
Q416862,P1889,Q37172470
Q282317,P31,Q4167410
Q616895,P190,Q479687
Q616895,P17,Q36
Q616895,P131,Q555340
Q616895,P31,Q515
Q616895,P31,Q15334
Q616895,P910,Q9694467
Q616895,P1889,Q555340
Q616895,P421,Q6655
Q616895,P421,Q6723
Q3183,P138,Q203000
Q3183,P910,Q8965689
Q3183,P421,Q6985
Q3183,P421,Q7041
Q3183,P17,Q408
Q3183,P131,Q3206
Q3183,P31,Q515
Q3183,P31,Q1637706
Q3183,P31,Q1549591
Q3183,P1465,Q9219455
Q3183,P1792,Q7118068
Q3183,P1376,Q3206
Q3183,P1464,Q9226392
Q3183,P1343,Q2041543
Q3183,P1343,Q602358
Q3183,P1889,Q1855330
Q3183,P1889,Q14229145
Q3183,P1889,Q5600710
Q3183,P1151,Q28754014
Q3183,P2184,Q5865918
Q3183,P361,Q3206
Q3183,P206,Q1137387
Q3183,P8402,Q97152718
Q16885327,P31,Q21278897
Q1536095,P31,Q18127
Q1536095,P495,Q34
Q1536095,P136,Q38848
Q1536095,P17,Q34
Q4590027,P1687,P2568
Q4590027,P1687,P3148
Q4590027,P279,Q740464
Q4590027,P279,Q23090506
Q4590027,P1889,Q7318316
Q4590027,P1889,Q7907894
Q4590027,P31,Q27949697
Q4590027,P910,Q8653039
Q44619,P31,Q16748867
Q44619,P31,Q60539481
Q44619,P31,Q77468620
Q44619,P910,Q7232869
Q44619,P361,Q9357054
Q44619,P828,Q3858303
Q44619,P828,Q175854
Q44619,P1542,Q14916351
Q44619,P279,Q154430
Q44619,P279,Q16748867
Q44619,P461,Q362547
Q44619,P1889,Q1522565
Q44619,P1343,Q1768721
Q2818211,P31,Q4167410
Q2818211,P1889,Q30904631
Q2818211,P1889,Q67411194
Q2818211,P1889,Q67411784
Q1031538,P31,Q4167410
Q56274009,P279,Q4026292
Q221284,P910,Q7415076
Q221284,P461,Q1991663
Q221284,P1424,Q7646700
Q221284,P279,Q12761867
Q221284,P279,Q19483216
Q26533,P105,Q34740
Q26533,P171,Q33140849
Q26533,P31,Q16521
Q26533,P910,Q7154985
Q26533,P1343,Q2657718
Q26533,P1343,Q1768721
Q26533,P2743,Q24694602
Q26533,P1034,Q25851
Q256401,P279,Q60539481
Q256401,P361,Q77468620
Q256401,P31,Q9415
Q256401,P1269,Q9418
Q210985,P910,Q18717825
Q210985,P190,Q238366
Q210985,P190,Q14947
Q210985,P190,Q13437
Q210985,P131,Q894080
Q210985,P17,Q145
Q210985,P31,Q515
Q210985,P31,Q1357964
Q210985,P31,Q7897276
Q210985,P1465,Q18754718
Q210985,P1464,Q8078630
Q210985,P47,Q852729
Q210985,P421,Q6574
Q210985,P1792,Q18954532
Q210985,P1376,Q894080
Q210985,P1343,Q602358
Q210985,P1343,Q3181656
Q210985,P7867,Q84112996
Q210985,P7959,Q67442940
Q210985,P206,Q7337227
Q210985,P206,Q7337207
Q787483,P1889,Q461070
Q787483,P279,Q131841
Q787483,P279,Q4406616
Q348514,P31,Q4167410
Q348514,P1889,Q2699418
Q348514,P1889,Q24088311
Q348514,P460,Q6439079
Q233839,P31,Q4167410
Q233839,P1889,Q20001334
Q233839,P1889,Q28439717
Q233839,P1889,Q1764417
Q233839,P1889,Q129265
Q233839,P910,Q9838067
Q233839,P460,Q1195066
Q233839,P460,Q59195995
Q8424,P910,Q7166246
Q8424,P361,Q216320
Q8424,P1343,Q2657718
Q8424,P31,Q11862829
Q8424,P31,Q4671286
Q8424,P460,Q11613853
Q8424,P279,Q11613853
Q26678,P159,Q526963
Q26678,P31,Q6881511
Q26678,P31,Q786820
Q26678,P31,Q15081030
Q26678,P414,Q151139
Q26678,P414,Q82059
Q26678,P112,Q79091
Q26678,P112,Q72513
Q26678,P112,Q113393
Q26678,P910,Q7446586
Q26678,P1037,Q66795
Q26678,P452,Q190117
Q26678,P361,Q155718
Q26678,P361,Q981010
Q26678,P361,Q1230458
Q26678,P361,Q1230458
Q26678,P361,Q1230458
Q26678,P361,Q874430
Q26678,P1454,Q422062
Q26678,P17,Q183
Q26678,P355,Q234803
Q26678,P355,Q796355
Q26678,P355,Q3065599
Q26678,P355,Q23786344
Q26678,P355,Q173339
Q26678,P1056,Q1420
Q26678,P1056,Q34493
Q26678,P127,Q75900
Q26678,P127,Q289590
Q26678,P127,Q219635
Q26678,P127,Q15506975
Q26678,P169,Q20243418
Q26678,P138,Q980
Q26678,P1830,Q796603
Q26678,P1830,Q526963
Q26678,P1830,Q699614
Q26678,P1830,Q703212
Q26678,P1830,Q796354
Q26678,P1830,Q796504
Q26678,P1830,Q796752
Q26678,P1830,Q796784
Q26678,P1830,Q4836021
Q26678,P1830,Q15141144
Q26678,P1830,Q41793761
Q26678,P1830,Q116232
Q26678,P1830,Q173339
Q26678,P1151,Q61718991
Q26678,P463,Q2513750
Q26678,P463,Q2348893
Q26678,P463,Q1361045
Q26678,P3320,Q1704262
Q165044,P279,Q811979
Q165044,P910,Q7214721
Q165044,P1343,Q2657718
Q165044,P1343,Q602358
Q165044,P1535,Q3479981
Q230871,P31,Q4167410
Q230871,P1889,Q19767733
Q230871,P1889,Q1158274
Q230871,P1889,Q19767732
Q230871,P1343,Q2041543
Q12029,P279,Q9332
Q12029,P279,Q2057971
Q12029,P279,Q1299714
Q12029,P910,Q7703775
Q12029,P1343,Q20749109
Q12029,P5008,Q5460604
Q12029,P2579,Q2362817
Q12029,P1424,Q8094302
Q12029,P1889,Q3378593
Q33971,P1343,Q678259
Q33971,P1343,Q602358
Q33971,P1343,Q1768721
Q33971,P1343,Q19180675
Q33971,P1343,Q1970746
Q33971,P910,Q6279949
Q33971,P279,Q24060707
Q33971,P527,Q3087886
Q33971,P527,Q10289985
Q33971,P361,Q188748
Q33971,P366,Q211439
Q33971,P366,Q549563
Q33971,P1889,Q31942403
Q1891326,P31,Q4167410
Q1891326,P1889,Q11880800
Q1891326,P1889,Q30669744
Q654,P910,Q9063240
Q654,P31,Q11344
Q654,P1343,Q2657718
Q654,P1343,Q19190511
Q654,P61,Q950726
Q654,P61,Q380209
Q654,P189,Q145
Q654,P1552,Q11567495
Q654,P1552,Q30007162
Q654,P4147,Q64995456
Q654,P361,Q207712
Q654,P361,Q19609
Q654,P279,Q19609
Q2094773,P279,Q180516
Q484885,P358,Q1348150
Q484885,P910,Q9468996
Q484885,P136,Q1298934
Q484885,P136,Q187760
Q484885,P31,Q9212979
Q484885,P264,Q240804
Q484885,P737,Q18233
Q484885,P737,Q484918
Q484885,P737,Q44892
Q484885,P737,Q202741
Q484885,P737,Q175195
Q484885,P527,Q514969
Q484885,P527,Q312060
Q484885,P1424,Q11085791
Q484885,P101,Q639669
Q484885,P495,Q145
Q484885,P166,Q223313
Q484885,P740,Q21
Q220695,P279,Q601401
Q220695,P910,Q8970238
Q220695,P31,Q268592
Q220695,P361,Q55638
Q220695,P461,Q126793
Q287750,P31,Q4167410
Q4202277,P1535,Q7188
Q4202277,P1889,Q3725323
Q4202277,P279,Q451967
Q26771,P105,Q34740
Q26771,P171,Q193335
Q26771,P910,Q8507913
Q26771,P31,Q16521
Q26771,P4000,Q13184
Q26771,P2959,Q57891993
Q26771,P1889,Q471886
Q26771,P1343,Q63284758
Q248260,P31,Q4167410
Q214833,P279,Q1786258
Q214833,P527,Q188209
Q332030,P279,Q7590
Q332030,P2283,Q908584
Q332030,P2283,Q332050
Q332030,P2283,Q191826
Q332030,P2283,Q545837
Q332030,P1382,Q61707958
Q332030,P461,Q69396773
Q359547,P31,Q4167410
Q359547,P1889,Q215427
Q228790,P31,Q4167410
Q16872193,P31,Q4167410
Q16872193,P1889,Q83370218
Q1862087,P279,Q57735705
Q1862087,P279,Q22947
Q1862087,P910,Q7044970
Q1862087,P1552,Q28100974
Q1862087,P1889,Q13219330
Q1862087,P6477,Q1344824
Q1862087,P1687,P5630
Q1425560,P279,Q181348
Q1425560,P910,Q9844606
Q2727213,P279,Q857984
Q2727213,P910,Q7215299
Q2727213,P1343,Q2041543
Q2727213,P1343,Q30059240
Q2727213,P1343,Q4086271
Q2727213,P1343,Q1768721
Q2727213,P92,Q674827
Q2727213,P92,Q19727767
Q2727213,P3095,Q3562775
Q1175042,P279,Q1914636
Q1175042,P279,Q2920921
Q1175042,P1889,Q23657047
Q27401,P31,Q4830453
Q27401,P31,Q6881511
Q27401,P112,Q314419
Q27401,P452,Q190117
Q27401,P452,Q5581707
Q27401,P1454,Q166280
Q27401,P740,Q22697
Q27401,P17,Q142
Q27401,P17,Q183
Q27401,P17,Q142
Q27401,P17,Q183
Q27401,P1056,Q1420
Q27401,P138,Q314419
Q27401,P127,Q29068
Q27401,P127,Q156578
Q27401,P1830,Q42434023
Q27401,P1037,Q314419
Q27401,P156,Q1002267
Q27401,P156,Q2308012
Q27401,P1424,Q22730421
Q27401,P159,Q22697
Q27401,P910,Q85330778
Q217417,P31,Q4167410
Q1688511,P31,Q4167410
Q1688511,P1889,Q21142521
Q1688511,P1889,Q55398362
Q14412,P155,Q168
Q14412,P156,Q14413
Q14412,P361,Q8216
Q14412,P144,Q13534269
Q14412,P31,Q19793459
Q14412,P910,Q86106276
Q9382,P279,Q956898
Q9382,P279,Q66545296
Q9382,P910,Q15100200
Q9382,P1343,Q19558994
Q9382,P1343,Q2657718
Q9382,P1343,Q2041543
Q9382,P1343,Q19190511
Q9382,P361,Q181100
Q9382,P361,Q28015726
Q9382,P2286,Q707692
Q9382,P2289,Q4117095
Q9382,P927,Q1547362
Q9382,P31,Q4936952
Q9382,P2789,Q9385
Q9382,P2789,Q9386
Q9382,P4843,Q14911598
Q40164,P279,Q186713
Q40164,P1343,Q20078554
Q40164,P1343,Q4532138
Q40164,P910,Q51680517
Q1455803,P910,Q9500244
Q1455803,P279,Q1150070
Q1455803,P279,Q3249551
Q1455803,P2283,Q323840
Q1455803,P3712,Q60658306
Q1455803,P3712,Q47496130
Q1455803,P2579,Q193870
Q943,P31,Q1075
Q943,P31,Q166902
Q943,P31,Q56053097
Q943,P910,Q19847215
Q943,P361,Q43213808
Q943,P1343,Q1970746
Q943,P279,Q9128
Q679087,P31,Q4167410
Q679087,P1889,Q18812548
Q753877,P361,Q8434
Q753877,P1889,Q279050
Q1525633,P31,Q4167410
Q1525633,P1889,Q645757
Q1525633,P1889,Q30340329
Q1525633,P460,Q8639014
Q1525633,P460,Q301505
Q1525633,P460,Q6417989
Q1525633,P460,Q2636620
Q128593,P910,Q7484787
Q128593,P31,Q23847174
Q128593,P31,Q1047698
Q128593,P361,Q5891
Q128593,P361,Q9174
Q128593,P1269,Q748
Q128593,P1269,Q9089
Q128593,P1343,Q1768721
Q2404306,P31,Q4167410
Q223944,P31,Q4167410
Q223944,P1889,Q3354498
Q223944,P1889,Q37211490
Q223944,P460,Q228981
Q223944,P460,Q253387
Q223944,P460,Q404052
Q223944,P460,Q450108
Q223944,P460,Q18324402
Q223944,P460,Q1191399
Q223944,P460,Q2112599
Q223944,P460,Q15729637
Q223944,P460,Q2421735
Q223944,P460,Q2421810
Q223944,P460,Q2440429
Q223944,P460,Q7818279
Q223944,P460,Q16878345
Q223944,P460,Q9353777
Q406640,P31,Q4167410
Q5523827,P279,Q19603939
Q21205906,P31,Q3231690
Q21205906,P176,Q15770
Q21205906,P155,Q15781
Q21205906,P17,Q403
Q21205906,P279,Q2704381
Q21205906,P279,Q13267846
Q21205906,P516,Q502048
Q337641,P17,Q30
Q337641,P131,Q1204
Q337641,P910,Q8446642
Q337641,P31,Q31855
Q337641,P31,Q2624320
Q337641,P159,Q576876
Q337641,P527,Q30041379
Q337641,P137,Q30041425
Q337641,P138,Q8753
Q337641,P749,Q217810
Q133235,P279,Q82682
Q133235,P279,Q205949
Q133235,P910,Q9113040
Q133235,P1269,Q209233
Q133235,P1343,Q602358
Q133235,P1542,Q3196
Q133235,P1542,Q130768
Q3736439,P910,Q7214373
Q3736439,P31,Q55983715
Q3736439,P279,Q5113
Q3736439,P279,Q1797813
Q3736439,P279,Q178559
Q3736439,P1343,Q602358
Q3736439,P1343,Q4532138
Q3736439,P1343,Q1768721
Q3736439,P527,Q97003287
Q3736439,P1299,Q846355
Q559937,P31,Q4167410
Q437425,P31,Q4167410
Q437425,P1889,Q36953730
Q5283579,P31,Q4167410
Q402896,P31,Q4167410
Q402896,P1889,Q21286851
Q402896,P1889,Q16876847
Q221488,P910,Q10233420
Q221488,P279,Q215627
Q221488,P1552,Q6537379
Q221488,P461,Q352388
Q221488,P31,Q12737077
Q41,P1344,Q1139479
Q41,P1344,Q55153903
Q41,P1151,Q6218181
Q41,P1546,Q2746673
Q41,P5125,Q7112276
Q41,P38,Q4916
Q41,P38,Q1546443
Q41,P38,Q1380156
Q41,P172,Q539051
Q41,P1792,Q6992654
Q41,P2852,Q1061257
Q41,P2852,Q25648793
Q41,P2852,Q25648841
Q41,P2852,Q25648881
Q41,P2853,Q1378312
Q41,P2853,Q1123613
Q41,P2633,Q375433
Q41,P1313,Q4377230
Q41,P2959,Q21201900
Q41,P832,Q34812
Q41,P1552,Q3174312
Q41,P206,Q4918
Q41,P530,Q38
Q41,P530,Q155
Q41,P530,Q183
Q41,P530,Q408
Q41,P530,Q801
Q41,P530,Q43
Q41,P530,Q212
Q41,P530,Q229
Q41,P530,Q851
Q41,P530,Q858
Q41,P530,Q184
Q41,P530,Q159583
Q41,P530,Q159
Q41,P530,Q403
Q41,P530,Q227
Q41,P530,Q219
Q41,P530,Q17
Q41,P530,Q668
Q41,P530,Q794
Q41,P530,Q399
Q41,P530,Q148
Q41,P530,Q236
Q41,P530,Q233
Q41,P530,Q30
Q41,P530,Q221
Q41,P530,Q884
Q41,P530,Q902
Q41,P530,Q218
Q41,P530,Q865
Q41,P530,Q954
Q41,P530,Q717
Q41,P530,Q265
Q41,P530,Q145
Q41,P530,Q863
Q41,P530,Q39
Q41,P530,Q34
Q41,P530,Q29
Q41,P530,Q258
Q41,P530,Q36
Q41,P530,Q928
Q41,P530,Q419
Q41,P530,Q843
Q41,P530,Q20
Q41,P530,Q1033
Q41,P530,Q811
Q41,P530,Q664
Q41,P530,Q55
Q41,P530,Q96
Q41,P530,Q833
Q41,P530,Q37
Q41,P530,Q822
Q41,P530,Q211
Q41,P530,Q813
Q41,P530,Q114
Q41,P530,Q232
Q41,P530,Q810
Q41,P530,Q796
Q41,P530,Q252
Q41,P530,Q189
Q41,P530,Q28
Q41,P530,Q739
Q41,P530,Q142
Q41,P530,Q414
Q41,P530,Q40
Q41,P530,Q222
Q41,P530,Q262
Q41,P530,Q16
Q41,P530,Q298
Q41,P530,Q31
Q41,P530,Q33
Q41,P530,Q213
Q41,P530,Q974
Q41,P530,Q191
Q41,P530,Q115
Q41,P530,Q241
Q41,P530,Q35
Q41,P530,Q224
Q41,P530,Q217
Q41,P530,Q27
Q41,P530,Q423
Q41,P194,Q477089
Q41,P37,Q9129
Q41,P37,Q35392
Q41,P2184,Q7794
Q41,P30,Q46
Q41,P36,Q1524
Q41,P36,Q202337
Q41,P237,Q181147
Q41,P5008,Q5460604
Q41,P1465,Q6461944
Q41,P47,Q222
Q41,P47,Q219
Q41,P47,Q221
Q41,P47,Q43
Q41,P47,Q36704
Q41,P910,Q4367791
Q41,P1304,Q806700
Q41,P1791,Q8328602
Q41,P6,Q57806
Q41,P6,Q312015
Q41,P6,Q552751
Q41,P463,Q458
Q41,P463,Q7184
Q41,P463,Q41550
Q41,P463,Q8908
Q41,P463,Q42262
Q41,P463,Q7825
Q41,P463,Q380340
Q41,P463,Q1065
Q41,P463,Q81299
Q41,P463,Q191384
Q41,P463,Q827525
Q41,P463,Q656801
Q41,P463,Q1043527
Q41,P463,Q899770
Q41,P463,Q782942
Q41,P463,Q1377612
Q41,P463,Q663492
Q41,P463,Q1928989
Q41,P463,Q1072120
Q41,P463,Q8475
Q41,P463,Q1480793
Q41,P463,Q842490
Q41,P463,Q233611
Q41,P463,Q826700
Q41,P463,Q7809
Q41,P463,Q5611262
Q41,P463,Q17495
Q41,P463,Q376150
Q41,P463,Q1969730
Q41,P463,Q134102
Q41,P463,Q45177
Q41,P463,Q170424
Q41,P463,Q7817
Q41,P5658,Q14565199
Q41,P706,Q23522
Q41,P706,Q27449
Q41,P1740,Q7237176
Q41,P208,Q15260617
Q41,P1830,Q127958
Q41,P1830,Q189663
Q41,P1830,Q208811
Q41,P1830,Q213508
Q41,P1830,Q1142384
Q41,P1830,Q26869624
Q41,P1830,Q10288
Q41,P421,Q190252
Q41,P421,Q6723
Q41,P421,Q6760
Q41,P421,Q1109976
Q41,P421,Q5412093
Q41,P85,Q176665
Q41,P1906,Q3409203
Q41,P78,Q37893
Q41,P31,Q3624078
Q41,P31,Q179164
Q41,P31,Q51576574
Q41,P31,Q6256
Q41,P610,Q80344
Q41,P1464,Q6542484
Q41,P527,Q25162136
Q41,P1622,Q14565199
Q41,P35,Q57303
Q41,P35,Q206421
Q41,P35,Q156806
Q41,P35,Q344729
Q41,P35,Q2091478
Q41,P35,Q156806
Q41,P35,Q365209
Q41,P35,Q373532
Q41,P35,Q365196
Q41,P35,Q3407316
Q41,P35,Q57415743
Q41,P1589,Q4918
Q41,P150,Q758056
Q41,P150,Q199580
Q41,P150,Q17152
Q41,P150,Q1267522
Q41,P150,Q171314
Q41,P150,Q180484
Q41,P150,Q1147674
Q41,P150,Q173620
Q41,P150,Q202484
Q41,P150,Q173616
Q41,P150,Q22807284
Q41,P150,Q170291
Q41,P150,Q165408
Q41,P150,Q130321
Q41,P150,Q131555
Q41,P138,Q539051
Q41,P163,Q129132
Q41,P1343,Q4086271
Q41,P1343,Q4114391
Q41,P1343,Q4173137
Q41,P1343,Q19180675
Q41,P1343,Q602358
Q41,P1343,Q20096917
Q41,P1343,Q302556
Q41,P1343,Q2657718
Q41,P1343,Q30059240
Q41,P1343,Q4532138
Q41,P6104,Q10740384
Q41,P2964,Q319891
Q41,P2964,Q338753
Q41,P2936,Q36510
Q41,P2936,Q9129
Q41,P2936,Q180937
Q41,P2936,Q220607
Q41,P2936,Q853414
Q41,P2936,Q3565084
Q41,P2936,Q3915435
Q41,P2936,Q256
Q41,P2936,Q35497
Q41,P2936,Q7918
Q41,P2936,Q36748
Q41,P2936,Q9296
Q41,P2936,Q13358
Q41,P2936,Q29316
Q41,P2936,Q29347
Q41,P17,Q41
Q41,P2596,Q1149548
Q41,P7867,Q8607379
Q41,P8402,Q97012113
Q41,P361,Q263686
Q41,P2579,Q489119
Q41,P8744,Q45074
Q41,P1365,Q17765809
Q7269,P910,Q54068
Q7269,P31,Q1307214
Q7269,P527,Q116
Q7269,P279,Q22676587
Q7269,P5008,Q5460604
Q7269,P2354,Q3446184
Q7269,P1151,Q8209976
Q2403104,P31,Q4167410
Q395692,P31,Q4167410
Q295221,P31,Q4167410
Q295221,P460,Q1181809
Q295221,P460,Q13565192
Q295221,P460,Q3596425
Q211848,P31,Q1160573
Q211848,P495,Q49
Q211848,P910,Q55276914
Q4916,P166,Q152337
Q4916,P138,Q46
Q4916,P31,Q8142
Q4916,P31,Q28795800
Q4916,P489,Q18100
Q4916,P562,Q8901
Q4916,P910,Q7778928
Q4916,P2959,Q25681519
Q4916,P17,Q40
Q4916,P17,Q31
Q4916,P17,Q229
Q4916,P17,Q55
Q4916,P17,Q191
Q4916,P17,Q33
Q4916,P17,Q142
Q4916,P17,Q183
Q4916,P17,Q41
Q4916,P17,Q27
Q4916,P17,Q38
Q4916,P17,Q211
Q4916,P17,Q37
Q4916,P17,Q32
Q4916,P17,Q233
Q4916,P17,Q235
Q4916,P17,Q45
Q4916,P17,Q238
Q4916,P17,Q214
Q4916,P17,Q215
Q4916,P17,Q29
Q4916,P17,Q237
Q4916,P17,Q228
Q4916,P1365,Q208730
Q4916,P1365,Q232415
Q4916,P1365,Q193716
Q4916,P1365,Q788472
Q4916,P1365,Q129983
Q4916,P1365,Q203354
Q4916,P1365,Q184172
Q4916,P1365,Q16068
Q4916,P1365,Q1546443
Q4916,P1365,Q270642
Q4916,P1365,Q204992
Q4916,P1365,Q133011
Q4916,P1365,Q25627
Q4916,P1365,Q213940
Q4916,P1365,Q174467
Q4916,P1365,Q1047040
Q4916,P1365,Q468474
Q4916,P1365,Q1063029
Q4916,P1365,Q178874
Q4916,P1365,Q208133
Q4916,P1365,Q189097
Q4916,P1365,Q183354
Q4916,P1365,Q221828
Q4916,P1001,Q8268
Q4916,P5008,Q5460604
Q4916,P279,Q363958
Q828224,P31,Q1978718
Q828224,P31,Q208469
Q828224,P111,Q36253
Q828224,P1343,Q2657718
Q828224,P1343,Q2041543
Q7907195,P31,Q4167410
Q39558,P279,Q337540
Q39558,P279,Q1059843
Q39558,P31,Q21009055
Q39558,P31,Q21074597
Q39558,P31,Q169336
Q39558,P31,Q42501
Q39558,P1542,Q818502
Q39558,P2868,Q50429805
Q39558,P2868,Q50429902
Q39558,P910,Q9835810
Q39558,P361,Q11516711
Q218352,P31,Q4167410
Q419826,P31,Q4167410
Q419826,P1889,Q16290653
Q419826,P1889,Q12796051
Q419826,P460,Q1220454
Q419826,P460,Q1737260
Q419826,P460,Q1910465
Q419826,P460,Q1908400
Q419826,P460,Q2281431
Q419826,P460,Q29390437
Q419826,P460,Q20682009
Q419826,P460,Q21164105
Q419826,P460,Q12286290
Q419826,P460,Q3852050
Q419826,P460,Q17483992
Q419826,P460,Q336108
Q419826,P460,Q425893
Q419826,P460,Q512303
Q419826,P460,Q601667
Q419826,P460,Q1172032
Q419826,P5008,Q99671172
Q483426,P527,Q16338
Q483426,P527,Q44127
Q483426,P461,Q1067099
Q483426,P279,Q1301371
Q483426,P910,Q32118792
Q361309,P31,Q12308941
Q361309,P31,Q1130279
Q361309,P460,Q1667594
Q361309,P460,Q22916648
Q361309,P460,Q21034629
Q361309,P1889,Q16876980
Q361309,P282,Q8229
Q361309,P1533,Q37533782
Q361309,P407,Q7411
Q361309,P5323,Q21644845
Q523649,P31,Q4167410
Q523649,P1889,Q2072064
Q523649,P1889,Q60677656
Q80930,P279,Q25372
Q80930,P910,Q8821647
Q80930,P31,Q7777573
Q80930,P31,Q483394
Q80930,P1343,Q30059240
Q80930,P1343,Q602358
Q80930,P1343,Q19180675
Q227457,P31,Q4167410
Q227457,P1889,Q21497552
Q227457,P1889,Q1142043
Q227457,P1889,Q62273600
Q227457,P1889,Q18235107
Q227457,P1889,Q62273595
Q4165114,P31,Q4167410
Q4165114,P1889,Q3329996
Q1295363,P31,Q4167410
Q1184582,P31,Q4167410
Q1184582,P1889,Q37573881
Q12772819,P279,Q451967
Q12772819,P279,Q37113105
Q12772819,P279,Q1190554
Q12772819,P910,Q10193613
Q12772819,P1343,Q2657718
Q12772819,P31,Q41172303
Q12772819,P1687,P575
Q12772819,P1687,P61
Q12772819,P1687,P189
Q12772819,P361,Q77468620
Q12772819,P1552,Q2376542
Q441355,P31,Q4167410
Q441355,P1889,Q19902259
Q441355,P1889,Q1395472
Q441355,P1889,Q61257
Q441355,P1889,Q5433665
Q441355,P1889,Q5433671
Q441355,P1889,Q5433668
Q441355,P1889,Q4204312
Q441355,P1889,Q15891138
Q441355,P1889,Q5433670
Q342787,P31,Q4167410
Q4021023,P31,Q4167410
Q354887,P31,Q4167410
Q354887,P1889,Q37544521
Q5179248,P31,Q4167410
Q16784650,P31,Q4167410
Q16784650,P1889,Q100171002
Q902180,P910,Q8872808
Q902180,P31,Q4070702
Q902180,P1889,Q1344569
Q902180,P1889,Q56312891
Q902180,P279,Q4070702
Q343074,P31,Q4167410
Q343074,P1889,Q37475725
Q650884,P31,Q169930
Q650884,P175,Q11649
Q650884,P264,Q73292614
Q650884,P437,Q34467
Q650884,P361,Q73265376
Q650884,P291,Q145
Q650884,P658,Q73308314
Q650884,P658,Q73285965
Q650884,P1343,Q1145963
Q650884,P136,Q11365
Q650884,P156,Q17444
Q650884,P155,Q218513
Q1713614,P31,Q4167410
Q293052,P31,Q4167410
Q2043704,P31,Q4167410
Q1215994,P31,Q4167410
Q23749400,P279,Q55979391
Q28575,P279,Q56061
Q28575,P1343,Q2657718
Q28575,P1343,Q2041543
Q28575,P1343,Q101314624
Q28575,P150,Q515
Q28575,P910,Q9005361
Q28575,P910,Q32756731
Q28575,P1687,P131
Q28575,P31,Q15617994
Q321839,P361,Q4394526
Q321839,P361,Q661518
Q321839,P279,Q2006324
Q321839,P31,Q16874643
Q321839,P1889,Q2006324
Q321839,P910,Q8226576
Q46622,P279,Q269949
Q46622,P910,Q8475310
Q46622,P1889,Q14875255
Q46622,P31,Q7860962
Q46622,P1382,Q2145163
Q173292,P17,Q38
Q173292,P131,Q18241891
Q173292,P131,Q15123
Q173292,P150,Q71902
Q173292,P150,Q71617
Q173292,P910,Q7317712
Q173292,P31,Q23442
Q173292,P1343,Q2657718
Q173292,P1343,Q1138524
Q173292,P1343,Q3181656
Q173292,P1343,Q30059240
Q173292,P1465,Q15081999
Q173292,P206,Q38882
Q173292,P610,Q3322117
Q173292,P361,Q768102
Q173292,P36,Q71902
Q173292,P1151,Q56825102
Q173292,P1889,Q71902
Q173292,P276,Q201385
Q173292,P460,Q49644011
Q1367353,P361,Q77468620
Q1367353,P31,Q9415
Q1367353,P31,Q54989186
Q1367353,P31,Q19829125
Q1367353,P1269,Q9418
Q1367353,P1382,Q5166129
Q1529274,P31,Q4167410
Q131408,P31,Q39546
Q131408,P366,Q18511800
Q131408,P279,Q39546
Q131408,P1343,Q602358
Q28823,P910,Q6848672
Q28823,P279,Q214609
Q28823,P279,Q8205328
Q28823,P279,Q28877
Q28823,P279,Q15401930
Q28823,P186,Q161
Q28823,P1343,Q2657718
Q28823,P1343,Q28888841
Q28823,P1343,Q602358
Q28823,P1343,Q1768721
Q28823,P2670,Q28935994
Q28823,P1552,Q910035
Q28823,P2184,Q48258816
Q28823,P2579,Q59202023
Q28823,P366,Q31807746
Q28823,P366,Q11460
Q28823,P366,Q22075301
Q7023752,P910,Q9756661
Q7023752,P279,Q28813
Q7023752,P279,Q5449702
Q7023752,P2354,Q19649967
Q7023752,P2283,Q659974
Q7023752,P1424,Q15074997
Q7023752,P3095,Q23014576
Q7023752,P3095,Q14948222
Q7023752,P92,Q10263220
Q7023752,P92,Q7232630
Q7997477,P31,Q4167410
Q11575,P105,Q7432
Q11575,P171,Q542456
Q11575,P31,Q16521
Q11575,P31,Q213907
Q11575,P2959,Q25634218
Q11575,P1672,Q25618328
Q11575,P1672,Q3393961
Q11575,P4000,Q506139
Q11575,P5008,Q5460604
Q11575,P1343,Q1970746
Q11575,P1343,Q602358
Q11575,P1343,Q19180675
Q11575,P1343,Q602358
Q11575,P1343,Q1768721
Q11575,P141,Q211005
Q406701,P31,Q4167410
Q899277,P910,Q6901025
Q899277,P361,Q1056396
Q899277,P279,Q8187769
Q899277,P3095,Q2072298
Q899277,P527,Q3491920
Q899277,P527,Q7439057
Q899277,P527,Q850171
Q1201346,P31,Q4167410
Q1201346,P1889,Q30669607
Q1201346,P1889,Q30669999
Q1201346,P1889,Q224105
Q342425,P31,Q4167410
Q16871967,P31,Q4167410
Q378701,P31,Q937228
Q378701,P31,Q100212002
Q378701,P461,Q5801290
Q378701,P279,Q19829125
Q378701,P1889,Q840396
Q378701,P1552,Q1139554
Q1241819,P31,Q4167410
Q1241819,P1889,Q19523103
Q1241819,P1889,Q16883377
Q1241819,P1889,Q205234
Q1241819,P1889,Q7530114
Q1241819,P1889,Q103838847
Q1241819,P460,Q16883378
Q342016,P31,Q4167410
Q1295201,P279,Q213441
Q1295201,P279,Q4830453
Q1295201,P1343,Q602358
Q1295201,P1343,Q19180675
Q1295201,P7163,Q3955017
Q1295201,P7163,Q843389
Q1295201,P7163,Q1436715
Q1295201,P910,Q84703725
Q7096494,P31,Q4167410
Q22647,P910,Q8873769
Q22647,P131,Q47813
Q22647,P31,Q15661340
Q22647,P31,Q839954
Q22647,P31,Q133442
Q22647,P31,Q148837
Q22647,P17,Q43
Q22647,P276,Q2261221
Q22647,P361,Q34726
Q22647,P1435,Q9259
Q22647,P2614,Q23038976
Q22647,P2614,Q23038977
Q22647,P2614,Q23038980
Q22647,P1889,Q2261221
Q22647,P1343,Q602358
Q22647,P1343,Q602358
Q22647,P7867,Q83979400
Q22647,P4345,Q57106
Q22647,P4345,Q60239
Q22647,P4345,Q552469
Q22647,P4345,Q63063
Q22647,P4345,Q5006313
Q22647,P4345,Q99395103
Q130954,P279,Q83620
Q130954,P910,Q8717145
Q130954,P31,Q7860962
Q218084,P31,Q4167410
Q246481,P31,Q4167410
Q246481,P1889,Q19970547
Q246481,P1889,Q16291038
Q6844070,P31,Q4167410
Q6844070,P1889,Q36950954
Q8928,P361,Q12134
Q8928,P910,Q9230
Q8928,P279,Q6999
Q8928,P1343,Q2041543
Q8928,P1343,Q602358
Q8928,P1343,Q19180675
Q8928,P1343,Q30059240
Q8928,P1687,P59
Q8928,P790,Q6867
Q8928,P2354,Q9241
Q8928,P1889,Q9262
Q8928,P1424,Q5879948
Q5468183,P31,Q4167410
Q23841,P910,Q19562923
Q23841,P279,Q17200001
Q23841,P121,Q283
Q23841,P31,Q1799072
Q23841,P1889,Q1260227
Q269107,P279,Q625145
Q269107,P186,Q40034430
Q19771,P31,Q245065
Q19771,P910,Q7255519
Q19771,P527,Q183
Q19771,P527,Q30
Q19771,P527,Q142
Q19771,P527,Q145
Q19771,P527,Q148
Q19771,P527,Q155
Q19771,P527,Q38
Q19771,P527,Q16
Q19771,P527,Q159
Q19771,P527,Q408
Q19771,P527,Q96
Q19771,P527,Q668
Q19771,P527,Q884
Q19771,P527,Q252
Q19771,P527,Q43
Q19771,P527,Q851
Q19771,P527,Q258
Q19771,P527,Q414
Q19771,P527,Q17
Q19771,P527,Q458
Q19771,P112,Q1764511
Q19771,P112,Q128529
Q19771,P1552,Q2048185
Q19771,P1889,Q463283
Q917714,P1441,Q32020202
Q1414816,P361,Q644302
Q1414816,P279,Q1321905
Q1414816,P461,Q24905683
Q1414816,P1382,Q66688988
Q122067,P31,Q4167410
Q765633,P279,Q1914636
Q765633,P910,Q5641269
Q765633,P366,Q7590
Q765633,P366,Q650711
Q765633,P366,Q42240
Q765633,P366,Q184872
Q765633,P527,Q9640723
Q765633,P527,Q627716
Q765633,P527,Q1571929
Q765633,P1343,Q4114391
Q765633,P1343,Q2041543
Q765633,P1151,Q8206366
Q765633,P1424,Q6705836
Q765633,P3095,Q2095549
Q765633,P3095,Q70597531
Q765633,P31,Q268592
Q765633,P31,Q11862829
Q765633,P6104,Q53054
Q765633,P1889,Q5641269
Q49718,P361,Q44167
Q49718,P910,Q12084653
Q49718,P1343,Q2657718
Q49718,P1343,Q2041543
Q49718,P1889,Q21424030
Q49718,P279,Q839546
Q254128,P910,Q8376614
Q254128,P1343,Q2657718
Q254128,P279,Q1762471
Q254128,P156,Q1073549
Q3422535,P31,Q4167410
Q211022,P31,Q4167410
Q211022,P1343,Q2041543
Q7563764,P31,Q4167410
Q3560166,P17,Q784
Q3560166,P31,Q486972
Q3560166,P131,Q732322
Q278999,P31,Q4167410
Q278999,P1889,Q16869420
Q278999,P460,Q21641738
Q278999,P460,Q30703597
Q27564,P31,Q17412622
Q27564,P31,Q334453
Q27564,P112,Q1361117
Q27564,P112,Q1346488
Q27564,P910,Q6259256
Q27564,P159,Q758559
Q27564,P17,Q30
Q27564,P127,Q15678788
Q27564,P1056,Q1420
Q27564,P452,Q190117
Q27564,P749,Q181114
Q27564,P495,Q30
Q27564,P138,Q1361117
Q27564,P138,Q1346488
Q1261512,P31,Q4167410
Q1261512,P1889,Q37066335
Q1261512,P1889,Q11197270
Q998,P279,Q7569
Q998,P910,Q8548465
Q998,P1365,Q576104
Q998,P1366,Q3377398
Q998,P1343,Q2657718
Q998,P31,Q5932254
Q998,P155,Q20182238
Q998,P156,Q97040416
Q826782,P190,Q14845
Q826782,P190,Q171545
Q826782,P190,Q15088
Q826782,P190,Q547098
Q826782,P190,Q2153346
Q826782,P190,Q644002
Q826782,P190,Q2051585
Q826782,P17,Q145
Q826782,P131,Q678347
Q826782,P31,Q1357964
Q826782,P910,Q8809870
Q826782,P421,Q6574
Q826782,P1464,Q24007896
Q826782,P1376,Q21694786
Q826782,P1376,Q23105
Q826782,P37,Q1860
Q826782,P1792,Q8750098
Q826782,P1343,Q602358
Q826782,P7959,Q67574558
Q2620156,P31,Q193036
Q2620156,P31,Q1601114
Q270952,P279,Q3955369
Q270952,P910,Q6482694
Q270952,P1343,Q1970746
Q270952,P461,Q28128222
Q270952,P31,Q11466
Q270952,P31,Q101072
Q270952,P1542,Q1115038
Q5647469,P31,Q4167410
Q351660,P31,Q4167410
Q1997694,P17,Q45
Q1997694,P131,Q208149
Q1997694,P31,Q486972
Q1997694,P31,Q1131296
Q1997694,P417,Q345
Q1570182,P910,Q6542389
Q1570182,P279,Q23497981
Q1570182,P279,Q214609
Q1570182,P279,Q1564871
Q1570182,P366,Q54834134
Q1570182,P1889,Q54834151
Q1570182,P828,Q54834134
Q2908004,P279,Q1155083
Q2908004,P279,Q2259909
Q2908004,P2079,Q2991605
Q56139,P279,Q25481995
Q56139,P1343,Q2041543
Q56139,P1889,Q178780
Q56139,P910,Q8382221
Q525586,P279,Q7546879
Q525586,P495,Q30
Q525586,P527,Q2249305
Q525586,P186,Q2249305
Q184753,P1995,Q2861470
Q184753,P279,Q1064904
Q184753,P1343,Q2657718
Q184753,P1424,Q22833731
Q184753,P910,Q9943461
Q184753,P5008,Q99671171
Q9338349,P17,Q36
Q9338349,P131,Q2343689
Q9338349,P31,Q3558970
Q9338349,P421,Q6655
Q9338349,P421,Q6723
Q907275,P279,Q18891017
Q676052,P178,Q502121
Q676052,P31,Q1139923
Q676052,P31,Q9135
Q676052,P463,Q1361045
Q56245165,P31,Q101352
Q56245165,P1889,Q2280115
Q56245165,P282,Q8229
Q19605,P61,Q151911
Q19605,P31,Q83306
Q19605,P31,Q428830
Q19605,P910,Q8504283
Q19605,P361,Q10693
Q19605,P361,Q22283822
Q19605,P361,Q214483
Q19605,P527,Q11344
Q19605,P279,Q11344
Q2097282,P31,Q4167410
Q2097282,P1889,Q36994368
Q23663369,P31,Q12308941
Q23663369,P460,Q18720653
Q23663369,P1889,Q7418411
Q23663369,P282,Q8229
Q187521,P31,Q4167410
Q400085,P31,Q4167410
Q400085,P1889,Q2712674
Q400085,P1889,Q16870522
Q363017,P31,Q4167410
Q1200681,P1269,Q294414
Q1200681,P31,Q3249551
Q1200681,P1382,Q60788337
Q406881,P31,Q4167410
Q5136609,P1080,Q1152150
Q5136609,P31,Q15720625
Q5136609,P31,Q1114461
Q5136609,P170,Q1145350
Q5136609,P495,Q30
Q5136609,P361,Q3829917
Q5136609,P463,Q3829917
Q5136609,P21,Q44148
Q5136609,P2563,Q4386945
Q5136609,P2563,Q51879220
Q5136609,P2563,Q83796280
Q5136609,P2563,Q23012785
Q5136609,P2563,Q47089021
Q5136609,P2563,Q83795698
Q5136609,P2563,Q8041586
Q5136609,P2563,Q47102058
Q5136609,P2563,Q1152040
Q5136609,P136,Q188473
Q1428795,P31,Q4167410
Q1428795,P1889,Q37460180
Q411269,P31,Q4167410
Q411269,P1889,Q37026592
Q6044264,P31,Q4167410
Q2123918,P31,Q4167410
Q2044005,P31,Q4167410
Q418245,P31,Q4167410
Q137820,P31,Q4167410
Q396546,P31,Q4167410
Q396546,P1889,Q37307085
Q396546,P460,Q63347785
Q253705,P31,Q4167410
Q253705,P1889,Q16279348
Q253705,P1889,Q16876828
Q7457910,P31,Q4167410
Q1292193,P279,Q30515
Q236232,P361,Q9597
Q236232,P279,Q66516387
Q236232,P910,Q9766860
Q236232,P1889,Q11344
Q10858147,P279,Q1882685
Q1092533,P1889,Q18502716
Q21476684,P31,Q101352
Q21476684,P1889,Q863763
Q21476684,P282,Q8229
Q50383897,P31,Q4167410
Q1144942,P31,Q13406463
Q1144942,P360,Q21191270
Q81900,P105,Q36602
Q81900,P171,Q843338
Q81900,P910,Q6985785
Q81900,P31,Q16521
Q81900,P1672,Q550774
Q7699703,P31,Q4830453
Q7699703,P17,Q30
Q7699703,P159,Q1384
Q7699703,P112,Q26899386
Q7699703,P112,Q5300269
Q7699703,P169,Q26899386
Q1956654,P31,Q216353
Q1956654,P1889,Q3858052
Q34217,P190,Q1289
Q34217,P190,Q586
Q34217,P190,Q43631
Q34217,P190,Q13437
Q34217,P190,Q1903
Q34217,P190,Q915
Q34217,P31,Q1357964
Q34217,P31,Q1187811
Q34217,P31,Q1549591
Q34217,P31,Q56061
Q34217,P17,Q145
Q34217,P17,Q174193
Q34217,P17,Q161885
Q34217,P17,Q179876
Q34217,P131,Q20986484
Q34217,P421,Q6574
Q34217,P421,Q30192
Q34217,P421,Q7987828
Q34217,P421,Q843589
Q34217,P910,Q8707649
Q34217,P1464,Q8066642
Q34217,P1465,Q7071587
Q34217,P206,Q19686
Q34217,P206,Q1070474
Q34217,P1740,Q10219425
Q34217,P1792,Q7117222
Q34217,P1376,Q23169
Q34217,P47,Q806160
Q34217,P1343,Q19538713
Q34217,P1343,Q19190511
Q34217,P417,Q1314431
Q34217,P237,Q13417971
Q34217,P1791,Q8328728
Q34217,P463,Q1768108
Q34217,P793,Q7510289
Q34217,P793,Q60543909
Q34217,P7867,Q84079462
Q34217,P7959,Q67311417
Q3552816,P17,Q145
Q3552816,P131,Q205690
Q3552816,P31,Q2755753
Q3552816,P910,Q20927228
Q3552816,P1343,Q2041543
Q3552816,P7959,Q19186
Q21196,P31,Q1825417
Q21196,P31,Q1401522
Q21196,P31,Q2097974
Q21196,P31,Q368835
Q21196,P31,Q2398229
Q21196,P31,Q60075825
Q21196,P910,Q8397335
Q21196,P1343,Q2041543
Q21196,P1343,Q1138524
Q21196,P1343,Q4173137
Q21196,P1343,Q19180675
Q21196,P1343,Q602358
Q21196,P1343,Q4086271
Q21196,P1343,Q4086271
Q21196,P1343,Q3181656
Q21196,P2894,Q132
Q21196,P868,Q163886
Q21196,P837,Q2435
Q21196,P837,Q2531
Q21196,P837,Q51224536
Q21196,P547,Q51624
Q21196,P361,Q131080
Q21196,P1889,Q1512337
Q21196,P155,Q186206
Q21196,P156,Q209663
Q180362,P1343,Q2657718
Q180362,P1343,Q2041543
Q180362,P279,Q6765918
Q43183,P279,Q15809678
Q43183,P279,Q837171
Q43183,P279,Q8187769
Q43183,P910,Q7013044
Q43183,P2959,Q16109685
Q43183,P361,Q1200977
Q43183,P361,Q189447
Q43183,P1424,Q13091211
Q43183,P1343,Q602358
Q43183,P1343,Q19180675
Q43183,P31,Q268592
Q43183,P31,Q8187769
Q43183,P3342,Q21028005
Q43183,P3095,Q691167
Q43183,P1889,Q2143354
Q43183,P1889,Q977871
Q43183,P1889,Q92121777
Q43183,P1889,Q92122548
Q43183,P1552,Q3546112
Q43183,P2184,Q3635533
Q319191,P31,Q5398426
Q319191,P161,Q317817
Q319191,P495,Q30
Q319191,P449,Q1572845
Q319191,P170,Q113516
Q319191,P272,Q3550689
Q319191,P4312,Q2918907
Q319191,P527,Q12912463
Q319191,P527,Q12912464
Q319191,P527,Q12912465
Q319191,P527,Q12912466
Q319191,P1811,Q15826022
Q319191,P750,Q8072859
Q319191,P407,Q1860
Q319191,P86,Q937852
Q379813,P1582,Q44448
Q379813,P279,Q40763
Q379813,P279,Q11004
Q379813,P279,Q2095
Q379813,P910,Q6455801
Q379813,P1343,Q1138524
Q379813,P1343,Q4086271
Q379813,P1343,Q1970746
Q379813,P1343,Q602358
Q379813,P1343,Q19180675
Q379813,P1343,Q4173137
Q379813,P1343,Q602358
Q379813,P1343,Q1768721
Q379813,P1889,Q145909
Q180481,P910,Q8187111
Q180481,P279,Q1308737
Q180481,P3437,Q181600
Q180481,P1535,Q860447
Q180481,P1535,Q1786594
Q180481,P361,Q860447
Q180481,P1889,Q1295316
Q180481,P137,Q3247461
Q180481,P137,Q860447
Q3123887,P106,Q1930187
Q3123887,P27,Q142
Q3123887,P31,Q5
Q3123887,P21,Q6581097
Q3123887,P1412,Q150
Q3123887,P735,Q13480879
Q3123887,P19,Q189715
Q3123887,P103,Q150
Q3123887,P108,Q12461
Q3123887,P108,Q142348
Q3123887,P69,Q3152488
Q3123887,P166,Q60562950
Q233577,P31,Q4167410
Q5440214,P176,Q26678
Q5440214,P31,Q23866334
Q243219,P31,Q4167410
Q248698,P31,Q4167410
Q59175,P31,Q786820
Q59175,P495,Q213
Q59175,P910,Q23657004
Q295950,P31,Q4167410
Q295950,P1889,Q5407300
Q295950,P1889,Q18404247
Q295950,P460,Q217723
Q295950,P460,Q331730
Q442943,P31,Q4167410
Q2598632,P31,Q4167410
Q2598632,P1889,Q37540571
Q412891,P31,Q4167410
Q27959649,P31,Q11424
Q27959649,P364,Q34057
Q27959649,P57,Q6213668
Q27959649,P495,Q928
Q27959649,P136,Q2484376
Q215414,P910,Q8462692
Q215414,P279,Q214609
Q215414,P1343,Q2657718
Q7974968,P31,Q4167410
Q319258,P31,Q4167410
Q319258,P1889,Q16001400
Q344660,P31,Q4167410
Q344660,P1889,Q37310183
Q1948337,P31,Q4167410
Q1948337,P1889,Q37545324
Q1948337,P460,Q397301
Q424332,P31,Q4167410
Q10968653,P279,Q83267
Q10968653,P910,Q9060485
Q10968653,P1343,Q2657718
Q10968653,P1343,Q602358
Q10968653,P527,Q11404556
Q10968653,P527,Q2358328
Q10968653,P3095,Q16144978
Q10968653,P3095,Q20650523
Q10968653,P3095,Q2358328
Q157512,P910,Q7458710
Q157512,P1343,Q2041543
Q157512,P1343,Q19190511
Q157512,P1889,Q17285911
Q157512,P279,Q1425577
Q157512,P279,Q1188986
Q157512,P461,Q12814152
Q157512,P1542,Q98688601
Q408666,P31,Q4167410
Q2002725,P176,Q181642
Q2002725,P31,Q23866334
Q133500,P910,Q7216255
Q133500,P1424,Q14440227
Q133500,P31,Q2996394
Q133500,P1889,Q352842
Q133500,P279,Q14819853
Q133500,P279,Q2200417
Q133500,P1542,Q9081
Q133500,P1542,Q164359
Q133500,P1542,Q46744
Q133500,P828,Q282250
Q133500,P828,Q352842
Q133500,P1552,Q1820370
Q133500,P527,Q98034006
Q4818211,P31,Q4167410
Q224704,P31,Q4167410
Q224704,P1889,Q16871301
Q224704,P1889,Q26437304
Q224704,P1889,Q27179507
Q608003,P910,Q7469040
Q608003,P2283,Q34493
Q608003,P3095,Q45787133
Q608003,P279,Q1914636
Q608003,P5125,Q7112687
Q2915214,P1343,Q2041543
Q2915214,P31,Q813912
Q2915214,P461,Q505619
Q2915214,P279,Q317309
Q107885,P31,Q1914636
Q107885,P1343,Q2657718
Q107885,P1343,Q2041543
Q107885,P3095,Q9340211
Q107885,P279,Q61788060
Q907275,P279,Q18891017
Q773542,P31,Q4167410
Q773542,P1889,Q19997425
Q773542,P1889,Q37488724
Q2124100,P31,Q4167410
Q61022630,P31,Q4164871
Q61022630,P31,Q28640
Q61022630,P460,Q599151
Q61022630,P1889,Q4340294
Q61022630,P1889,Q189290
Q61022630,P279,Q4164871
Q14673,P279,Q100384264
Q14673,P1343,Q602358
Q14673,P910,Q89501299
Q14673,P361,Q56816802
Q8188,P361,Q8171
Q8188,P910,Q9118327
Q8188,P279,Q6671777
Q8188,P279,Q202064
Q8188,P527,Q9788
Q8188,P527,Q8183
Q8188,P527,Q72383392
Q8188,P1889,Q521164
Q8188,P1889,Q8183
Q8188,P5008,Q5460604
Q8188,P1343,Q4532138
Q637703,P1889,Q12387987
Q637703,P279,Q28728771
Q58964,P366,Q890886
Q58964,P366,Q3744411
Q58964,P279,Q19768
Q58964,P910,Q8992245
Q58964,P618,Q206799
Q58964,P516,Q72313
Q58964,P121,Q19818
Q58964,P495,Q408
Q58964,P31,Q39546
Q122674,P31,Q4167410
Q122674,P1889,Q16868033
Q7170386,P31,Q7397
Q7170386,P366,Q7170392
Q254390,P31,Q4167410
Q224760,P31,Q4167410
Q160184,P910,Q8461165
Q160184,P1995,Q120569
Q160184,P1343,Q2657718
Q160184,P1343,Q2041543
Q160184,P31,Q169872
Q160184,P1478,Q1413614
Q160184,P1542,Q1519476
Q160184,P279,Q185557
Q1522423,P279,Q380057
Q7546589,P17,Q36
Q7546589,P131,Q367573
Q7546589,P31,Q3558970
Q7546589,P421,Q6655
Q7546589,P421,Q6723
Q5166129,P31,Q1207505
Q5166129,P1552,Q1139554
Q5166129,P279,Q21255975
Q5166129,P1542,Q21255975
Q5166129,P1542,Q47496130
Q5166129,P1382,Q1367353
Q249964,P31,Q4167410
Q249964,P1889,Q912131
Q249964,P460,Q855407
Q228537,P361,Q43471
Q228537,P910,Q7132776
Q228537,P2286,Q503643
Q228537,P2289,Q939933
Q228537,P1343,Q2657718
Q228537,P2789,Q33767
Q228537,P2789,Q379859
Q228537,P31,Q4936952
Q228537,P279,Q4936952
Q228537,P279,Q66589792
Q181642,P159,Q185125
Q181642,P112,Q6837925
Q181642,P31,Q786820
Q181642,P31,Q15081030
Q181642,P910,Q6420382
Q181642,P740,Q185125
Q181642,P1056,Q43193
Q181642,P1454,Q1480166
Q181642,P452,Q190117
Q181642,P17,Q17
Q181642,P1830,Q262381
Q181642,P1830,Q963718
Q181642,P1830,Q4386010
Q181642,P1830,Q7125385
Q181642,P1830,Q11238181
Q181642,P1830,Q11282061
Q181642,P1830,Q18668818
Q181642,P463,Q858851
Q181642,P355,Q963718
Q610672,P31,Q15075508
Q610672,P31,Q253481
Q610672,P176,Q128738
Q610672,P495,Q30
Q1218079,P31,Q4167410
Q1218079,P1889,Q20000510
Q1218079,P1889,Q31205846
Q1183487,P31,Q214339
Q1183487,P461,Q381160
Q1183487,P1889,Q12041113
Q413873,P31,Q4167410
Q413873,P1889,Q37325091
Q20853383,P31,Q4167410
Q20853383,P1889,Q7262439
Q179551,P361,Q8811
Q179551,P910,Q8503571
Q179551,P2354,Q6351080
Q179551,P31,Q1400881
Q179551,P279,Q2205947
Q179551,P1963,P8205
Q16877715,P31,Q21278897
Q168002,P1343,Q19558994
Q168002,P1343,Q602358
Q168002,P1343,Q19180675
Q168002,P1343,Q20078554
Q168002,P279,Q66516262
Q7508535,P17,Q145
Q7508535,P31,Q188509
Q7508535,P7959,Q67574558
Q7508535,P131,Q21891722
Q1525329,P31,Q4167410
Q1525329,P1889,Q37096231
Q209690,P31,Q3320743
Q209690,P31,Q355567
Q209690,P31,Q3408368
Q209690,P1889,Q16102438
Q209690,P460,Q368741
Q209690,P460,Q38674077
Q209690,P1343,Q4532138
Q1077350,P910,Q8668072
Q1077350,P1687,P3086
Q1077350,P1889,Q20973478
Q1077350,P279,Q216200
Q1077350,P279,Q10701048
Q296668,P31,Q4167410
Q365680,P910,Q8271741
Q365680,P279,Q1520311
Q365680,P460,Q81672
Q365680,P1889,Q2911369
Q226521,P31,Q4167410
Q226521,P1889,Q336958
Q226521,P1889,Q37553064
Q226521,P1889,Q813063
Q18382013,P31,Q4167410
Q18382013,P1889,Q36967462
Q5443212,P31,Q3231690
Q5443212,P176,Q15810764
Q5443212,P156,Q13744687
Q5443212,P516,Q502048
Q4692231,P31,Q4167410
Q62081975,P31,Q4167410
Q330104,P31,Q9332
Q330104,P1343,Q2041543
Q330104,P279,Q21075709
Q330104,P279,Q1121708
Q330104,P828,Q2184645
Q330104,P828,Q3500368
Q330104,P828,Q181923
Q330104,P1542,Q3500368
Q330104,P1542,Q1121708
Q330104,P1542,Q862147
Q633043,P31,Q4167410
Q633043,P1889,Q21502346
Q633043,P1889,Q7735
Q633043,P1889,Q417302
Q439772,P31,Q4167410
Q439772,P1889,Q37012819
Q255421,P31,Q4167410
Q255421,P1889,Q15059196
Q255421,P1889,Q16860076
Q5419252,P461,Q12498580
Q5419252,P361,Q77468620
Q984709,P105,Q34740
Q984709,P171,Q11687
Q984709,P31,Q16521
Q984709,P910,Q15004766
Q25339289,P279,Q24255051
Q25339289,P31,Q774228
Q25339289,P361,Q311679
Q7370671,P279,Q1364
Q7370671,P279,Q8026408
Q7370671,P1582,Q3107592
Q7370671,P1582,Q214542
Q7370671,P1582,Q1277255
Q8473,P279,Q17149090
Q8473,P910,Q5850187
Q8473,P5008,Q5460604
Q8473,P460,Q3921135
Q8473,P460,Q772547
Q8473,P1151,Q10632410
Q8473,P1269,Q1791716
Q8473,P1889,Q47064
Q8473,P1889,Q37726
Q8473,P2579,Q192781
Q8473,P1343,Q602358
Q8473,P1343,Q19180675
Q8473,P1343,Q4114391
Q8473,P1343,Q4086271
Q8473,P1343,Q30059240
Q179405,P910,Q7021242
Q179405,P279,Q14863388
Q179405,P1343,Q2041543
Q179405,P1889,Q212737
Q179405,P1889,Q56304506
Q179405,P31,Q2996394
Q179405,P1424,Q20378850
Q179405,P460,Q6061399
Q363742,P31,Q4167410
Q363742,P1889,Q21506899
Q363742,P1889,Q2102316
Q363742,P1889,Q96759397
Q363742,P1889,Q6962513
Q363742,P1889,Q60775917
Q363742,P1889,Q15905446
Q178715,P910,Q7503218
Q178715,P1343,Q602358
Q178715,P1343,Q19180675
Q178715,P1343,Q1970746
Q178715,P31,Q223393
Q178715,P31,Q182545
Q178715,P527,Q7168094
Q178715,P1889,Q18331510
Q178715,P279,Q182545
Q178715,P279,Q18699055
Q347050,P31,Q4167410
Q347050,P1889,Q16281035
Q347050,P1889,Q16882328
Q14947594,P31,Q4167410
Q14947594,P910,Q15909988
Q14947594,P1889,Q37325244
Q6252,P131,Q16210
Q6252,P47,Q40539
Q6252,P47,Q39985
Q6252,P47,Q43007
Q6252,P47,Q40583
Q6252,P47,Q41121
Q6252,P47,Q43005
Q6252,P47,Q40659
Q6252,P47,Q39471
Q6252,P47,Q39554
Q6252,P47,Q40899
Q6252,P421,Q6655
Q6252,P421,Q6723
Q6252,P17,Q38
Q6252,P910,Q7464354
Q6252,P31,Q747074
Q6252,P31,Q515
Q6252,P31,Q1549591
Q6252,P190,Q1085
Q6252,P190,Q6346
Q6252,P1464,Q8064274
Q6252,P1465,Q9219186
Q6252,P1792,Q7920977
Q6252,P1376,Q16210
Q6252,P1830,Q1851616
Q6252,P1830,Q3889131
Q6252,P1830,Q3967800
Q6252,P1830,Q58383927
Q6252,P84,Q31033707
Q6252,P7867,Q84092733
Q6252,P1343,Q19190511
Q102390044,P31,Q4167410
Q40924,P910,Q8902586
Q40924,P1343,Q2657718
Q40924,P1343,Q1210353
Q40924,P1343,Q2041543
Q40924,P1343,Q1768721
Q40924,P279,Q1383944
Q40924,P279,Q1058795
Q40924,P279,Q19388114
Q40924,P2849,Q181100
Q40924,P31,Q103907369
Q11460,P279,Q386724
Q11460,P279,Q2424752
Q11460,P279,Q8205328
Q11460,P910,Q7214143
Q11460,P186,Q28823
Q11460,P186,Q286
Q11460,P186,Q1792537
Q11460,P361,Q12684
Q11460,P361,Q11828862
Q11460,P366,Q2526135
Q11460,P366,Q12684
Q11460,P366,Q162297
Q11460,P1552,Q1075138
Q11460,P2670,Q28935403
Q11460,P1687,P3828
Q11460,P1687,P7376
Q11460,P1424,Q8079042
Q11460,P1343,Q30059240
Q11460,P1343,Q4173137
Q11460,P1343,Q602358
Q11460,P1343,Q4086271
Q11460,P1343,Q1970746
Q11460,P1343,Q19190511
Q11460,P1343,Q1768721
Q11460,P5008,Q5460604
Q11460,P2184,Q2501507
Q11460,P176,Q242468
Q1604323,P31,Q166142
Q1604323,P31,Q229371
Q1604323,P306,Q1406
Q1604323,P306,Q14116
Q1604323,P178,Q7545224
Q1604323,P275,Q218616
Q1604323,P366,Q189177
Q4839712,P31,Q4167410
Q450839,P31,Q4167410
Q450839,P1889,Q16275236
Q450839,P1889,Q16865748
Q184840,P910,Q7498189
Q184840,P279,Q83267
Q184840,P1343,Q2657718
Q184840,P1343,Q2041543
Q184840,P460,Q1758553
Q184840,P3095,Q17176618
Q5576230,P31,Q4167410
Q243697,P31,Q167172
Q243697,P31,Q773944
Q243697,P31,Q264965
Q243697,P31,Q12684
Q1557353,P31,Q4167410
Q1557353,P1889,Q36874352
Q7121943,P31,Q4167410
Q192623,P279,Q17768966
Q192623,P279,Q2727213
Q192623,P279,Q476807
Q192623,P910,Q6313433
Q192623,P3095,Q23906216
Q167172,P910,Q7288726
Q167172,P461,Q5177042
Q167172,P1343,Q20078554
Q167172,P279,Q170084
Q218300,P31,Q4167410
Q13693,P279,Q1426151
Q13693,P279,Q506095
Q13693,P31,Q60673395
Q13693,P361,Q194156
Q11379765,P279,Q1914636
Q11379765,P361,Q35535
Q11379765,P1343,Q4114391
Q11379765,P1343,Q4114391
Q11379765,P1343,Q602358
Q11379765,P1343,Q19180675
Q7933104,P31,Q4167410
Q15284,P279,Q1048835
Q15284,P279,Q2097994
Q15284,P279,Q486972
Q15284,P279,Q56061
Q15284,P1313,Q30185
Q15284,P1313,Q1339249
Q15284,P1313,Q6491450
Q15284,P1313,Q177529
Q15284,P1313,Q1268257
Q15284,P910,Q6511271
Q15284,P460,Q3266850
Q15284,P460,Q572975
Q15284,P460,Q1633408
Q15284,P460,Q2074737
Q15284,P31,Q15617994
Q15284,P31,Q15617994
Q15284,P1889,Q9305769
Q15284,P1889,Q56681885
Q15284,P5008,Q5460604
Q21493109,P31,Q101352
Q21493109,P1889,Q2359258
Q21493109,P282,Q8229
Q299301,P31,Q4167410
Q174736,P279,Q3114762
Q174736,P31,Q2235308
Q174736,P910,Q7214729
Q174736,P1343,Q2657718
Q174736,P1424,Q5988398
Q174736,P1424,Q14352803
Q174736,P1424,Q14446431
Q174736,P1424,Q20358449
Q718943,P31,Q42298422
Q718943,P31,Q1969448
Q718943,P1269,Q97830117
Q718943,P279,Q215627
Q718943,P2959,Q11792801
Q133145,P31,Q10913792
Q133145,P31,Q11173
Q133145,P31,Q159226
Q133145,P1542,Q21167580
Q133145,P1343,Q2041543
Q133145,P1343,Q3181656
Q133145,P1343,Q4532138
Q133145,P4952,Q51139288
Q133145,P361,Q22281428
Q133145,P361,Q22324528
Q133145,P1889,Q52858
Q133145,P910,Q100992728
Q2899243,P31,Q4167410
Q2899243,P1889,Q37207359
Q1626555,P176,Q9584
Q1626555,P31,Q71310524
Q5265719,P31,Q4167410
Q421669,P1080,Q1152150
Q421669,P31,Q15053464
Q421669,P31,Q40867
Q421669,P462,Q3133
Q421669,P1542,Q275459
Q421669,P1889,Q888
Q180323,P1343,Q19558994
Q180323,P279,Q2672189
Q180323,P527,Q747904
Q180323,P527,Q735861
Q180323,P527,Q96482714
Q180323,P527,Q66531294
Q180323,P527,Q66515932
Q180323,P527,Q925209
Q381116,P31,Q4167410
Q381116,P1889,Q381119
Q381116,P1889,Q2299819
Q381116,P1889,Q56090558
Q381116,P1889,Q56090505
Q381116,P1889,Q56099746
Q381116,P1889,Q56099846
Q43445,P31,Q290
Q43445,P461,Q44148
Q43445,P910,Q7464256
Q43445,P361,Q182353
Q43445,P279,Q19088
Q43445,P279,Q7239
Q449650,P31,Q4167410
Q449650,P1889,Q55215504
Q449650,P1889,Q6182231
Q449650,P1889,Q6182234
Q449650,P1889,Q1808437
Q449650,P1889,Q5084137
Q449650,P1889,Q6182241
Q449650,P1889,Q3177374
Q449650,P1889,Q497332
Q449650,P1889,Q6127463
Q3409,P361,Q515922
Q3409,P361,Q505816
Q3409,P59,Q10538
Q3409,P31,Q50053
Q3409,P31,Q1993624
Q3409,P31,Q523
Q3409,P31,Q6243
Q3409,P31,Q67206691
Q3409,P31,Q2247863
Q3409,P527,Q13415844
Q3409,P527,Q3962041
Q3409,P910,Q15100141
Q3409,P1343,Q2657718
Q3409,P1343,Q2041543
Q3409,P1343,Q3181656
Q3409,P6259,Q1264450
Q3409,P1441,Q1474668
Q1937869,P279,Q1347367
Q1937869,P361,Q77468620
Q29644076,P31,Q4167410
Q629,P910,Q7165057
Q629,P61,Q70538
Q629,P61,Q159636
Q629,P31,Q11344
Q629,P31,Q19600
Q629,P1343,Q2657718
Q629,P1343,Q602358
Q629,P1343,Q19180675
Q629,P2959,Q27136445
Q629,P189,Q1235307
Q629,P189,Q34
Q629,P5008,Q5460604
Q629,P461,Q193353
Q629,P138,Q11158
Q629,P1552,Q11567495
Q629,P1552,Q30100868
Q629,P1552,Q30007162
Q629,P1889,Q296933
Q629,P361,Q207712
Q629,P361,Q104567
Q629,P279,Q104567
Q7155830,P31,Q4167410
Q219161,P31,Q4167410
Q219161,P1889,Q1260128
Q219161,P1889,Q1058731
Q1195397,P31,Q4167410
Q41291,P279,Q7194062
Q41291,P279,Q1194058
Q41291,P361,Q609089
Q41291,P910,Q6130467
Q41291,P1424,Q6586809
Q41291,P1424,Q25744065
Q41291,P1889,Q154503
Q2251535,P279,Q703941
Q2251535,P279,Q55697304
Q2251535,P366,Q57699905
Q2251535,P366,Q267917
Q404330,P31,Q4167410
Q404330,P1889,Q350176
Q404330,P1889,Q12761888
Q404330,P1889,Q9140762
Q404330,P910,Q8834102
Q4839713,P31,Q7860962
Q4839713,P279,Q34442
Q153,P556,Q624543
Q153,P589,Q13364111
Q153,P690,Q13365558
Q153,P910,Q8425018
Q153,P31,Q11173
Q153,P31,Q21009055
Q153,P31,Q12140
Q153,P31,Q11685431
Q153,P1542,Q21174271
Q153,P1542,Q205972
Q153,P1343,Q2041543
Q153,P1343,Q20078554
Q153,P1343,Q3181656
Q153,P703,Q15978631
Q153,P703,Q18674606
Q153,P1552,Q216678
Q153,P2670,Q623
Q153,P2670,Q556
Q153,P2670,Q629
Q153,P2670,Q104116
Q153,P2670,Q1371525
Q153,P2868,Q146505
Q153,P2868,Q50377188
Q153,P2868,Q1976211
Q153,P5008,Q5460604
Q153,P4952,Q51139288
Q153,P4952,Q2005334
Q153,P129,Q21497936
Q153,P129,Q21497887
Q153,P129,Q21497881
Q153,P4149,Q27123176
Q153,P361,Q21096465
Q153,P361,Q21431916
Q153,P361,Q14911779
Q153,P361,Q22281895
Q153,P361,Q22282102
Q153,P361,Q22282770
Q153,P361,Q22275673
Q153,P361,Q22281915
Q153,P361,Q22275677
Q153,P361,Q22281881
Q153,P361,Q22281883
Q153,P361,Q14819884
Q153,P361,Q14901444
Q153,P361,Q22275672
Q153,P361,Q22320853
Q153,P366,Q27949287
Q399142,P31,Q4167410
Q869713,P279,Q1146001
Q869713,P31,Q60673395
Q3840661,P31,Q4167410
Q3840661,P1889,Q37502233
Q432335,P1889,Q7982
Q432335,P31,Q43747
Q2622670,P31,Q4167410
Q298256,P31,Q4167410
Q445832,P31,Q4167410
Q445832,P460,Q11680528
Q445832,P460,Q20491784
Q445832,P1889,Q5074493
Q445832,P1889,Q36866031
Q445832,P1889,Q19030899
Q7233501,P31,Q4167410
Q7233501,P1889,Q18324585
Q7233501,P1889,Q18210883
Q5462022,P31,Q4167410
Q7486410,P527,Q41216873
Q7486410,P527,Q41216897
Q7486410,P279,Q1775867
Q1359069,P31,Q4716510
Q2112968,P31,Q7246880
Q2112968,P2283,Q82785806
Q16281224,P31,Q4167410
Q16281224,P1889,Q24009502
Q1892006,P31,Q4167410
Q3428494,P31,Q4167410
Q15077891,P176,Q9584
Q15077891,P31,Q71310524
Q299223,P31,Q4167410
Q299223,P1889,Q6837327
Q1403016,P1343,Q2657718
Q1403016,P279,Q17768966
Q1403016,P1687,P5582
Q25099942,P31,Q4167410
Q1761451,P31,Q60539481
Q1761451,P361,Q77468620
Q1761451,P828,Q192906
Q8,P31,Q331769
Q8,P31,Q60539479
Q8,P31,Q9415
Q8,P910,Q8505256
Q8,P1343,Q20743760
Q8,P1343,Q1970746
Q8,P1343,Q19180675
Q8,P461,Q169251
Q8,P279,Q16748867
Q8,P460,Q935526
Q8,P460,Q203994
Q8,P361,Q77468620
Q8,P1552,Q487
Q8,P1552,Q1117179
Q3477956,P31,Q4167410
Q25246900,P31,Q4167410
Q25246900,P1889,Q37529043
Q1318776,P279,Q62614
Q1318776,P279,Q49847565
Q1318776,P910,Q8844583
Q1318776,P31,Q11173
Q1318776,P31,Q12140
Q1318776,P31,Q177911
Q1318776,P31,Q187661
Q1318776,P527,Q623
Q1318776,P1343,Q2657718
Q1318776,P1343,Q22306032
Q1318776,P703,Q15978631
Q1318776,P3780,Q29006008
Q1318776,P3780,Q29006138
Q1318776,P3780,Q47521224
Q1318776,P3780,Q47521219
Q1318776,P3780,Q47521631
Q1318776,P3780,Q47521458
Q1318776,P3780,Q47522155
Q1318776,P3780,Q47521052
Q1318776,P3780,Q47521872
Q1318776,P3780,Q47522194
Q1318776,P3780,Q47521051
Q1318776,P3780,Q48826389
Q1318776,P3780,Q48826468
Q1318776,P2868,Q62614
Q1318776,P2175,Q55998629
Q1318776,P2175,Q30989134
Q1318776,P2175,Q7705854
Q1318776,P2175,Q207133
Q1318776,P2175,Q938107
Q1318776,P2175,Q938107
Q1318776,P61,Q73013657
Q1318776,P61,Q104369
Q1318776,P361,Q14905664
Q1318776,P361,Q21114373
Q1318776,P361,Q22290466
Q1318776,P361,Q14633904
Q1318776,P361,Q21105044
Q1318776,P361,Q21096237
Q7303179,P31,Q5398426
Q7303179,P495,Q30
Q7303179,P161,Q4682184
Q7303179,P161,Q321131
Q7303179,P161,Q452979
Q7303179,P161,Q45414
Q7303179,P161,Q2978725
Q7303179,P161,Q655762
Q7303179,P161,Q3308419
Q7303179,P161,Q16237416
Q7303179,P161,Q7440839
Q7303179,P161,Q17385901
Q7303179,P161,Q314801
Q7303179,P161,Q16597415
Q7303179,P449,Q3503825
Q7303179,P136,Q130232
Q7303179,P2061,Q1383069
Q7303179,P364,Q1860
Q7303179,P170,Q2073496
Q7303179,P527,Q15027372
Q7303179,P527,Q17629909
Q7303179,P527,Q21186057
Q7303179,P1811,Q17102662
Q7303179,P272,Q25352772
Q7303179,P407,Q1860
Q2353244,P31,Q4167410
Q2353244,P1889,Q16883898
Q34679,P279,Q1155083
Q34679,P279,Q3300024
Q34679,P279,Q12372934
Q34679,P279,Q2259909
Q34679,P910,Q8703087
Q34679,P1343,Q2657718
Q34679,P1343,Q2041543
Q34679,P1343,Q1768721
Q34679,P1889,Q14880308
Q34679,P166,Q1519491
Q3928137,P31,Q4167410
Q1756772,P31,Q4167410
Q1756772,P1889,Q7655694
Q1756772,P1889,Q835363
Q1756772,P1889,Q55634491
Q1756772,P1889,Q58860508
Q1756772,P1889,Q63992398
Q1756772,P1889,Q63993470
Q1756772,P1889,Q63993566
Q1756772,P1889,Q63994713
Q1756772,P1889,Q63992440
Q1756772,P1889,Q22981639
Q223915,P31,Q4167410
Q223915,P1889,Q2331622
Q223915,P1889,Q3541269
Q223915,P910,Q64341984
Q302131,P31,Q4167410
Q302131,P1889,Q37567781
Q173366,P279,Q649107
Q173366,P910,Q8293983
Q173366,P1343,Q1970746
Q173366,P1343,Q602358
Q173366,P1343,Q19180675
Q173366,P1343,Q602358
Q173366,P1343,Q63284758
Q173366,P31,Q222405
Q21489110,P31,Q101352
Q21489110,P1889,Q610789
Q21489110,P282,Q8229
Q21489110,P460,Q1258348
Q21489110,P5323,Q81945591
Q228016,P31,Q4167410
Q228016,P1889,Q16881864
Q1780867,P910,Q8599419
Q1780867,P1889,Q1077539
Q1780867,P1889,Q476850
Q1780867,P279,Q45701
Q6709971,P31,Q4167410
Q6709971,P1889,Q12034497
Q5160260,P31,Q4167410
Q3710187,P31,Q4167410
Q39640,P31,Q38672
Q39640,P1889,Q514409
Q39640,P910,Q9908487
Q183366,P279,Q1496967
Q183366,P31,Q15617994
Q183366,P1343,Q2657718
Q183366,P1343,Q602358
Q183366,P1343,Q19180675
Q183366,P1343,Q1970746
Q183366,P910,Q6841554
Q183366,P1889,Q28692710
Q183366,P1889,Q14916058
Q527891,P31,Q4167410
Q527891,P1889,Q27306327
Q296469,P31,Q4167410
Q296469,P1889,Q12425834
Q892239,P31,Q4167410
Q892239,P1889,Q49798163
Q3323529,P31,Q4167410
Q3323529,P1889,Q32556641
Q3323529,P1889,Q1946617
Q384593,P279,Q6503343
Q384593,P361,Q35535
Q384593,P910,Q7062366
Q384593,P2283,Q69564891
Q384593,P31,Q28640
Q25188,P57,Q25191
Q25188,P31,Q11424
Q25188,P161,Q38111
Q25188,P161,Q211553
Q25188,P161,Q177311
Q25188,P161,Q8927
Q25188,P161,Q173399
Q25188,P161,Q208026
Q25188,P161,Q202589
Q25188,P161,Q299317
Q25188,P161,Q123351
Q25188,P161,Q1225469
Q25188,P161,Q217137
Q25188,P161,Q532169
Q25188,P161,Q18720063
Q25188,P161,Q2397879
Q25188,P161,Q18415482
Q25188,P161,Q3573137
Q25188,P161,Q3046377
Q25188,P161,Q269309
Q25188,P161,Q3507348
Q25188,P161,Q3560613
Q25188,P161,Q386249
Q25188,P58,Q25191
Q25188,P162,Q242951
Q25188,P162,Q25191
Q25188,P272,Q984047
Q25188,P272,Q621364
Q25188,P272,Q126399
Q25188,P344,Q460144
Q25188,P136,Q496523
Q25188,P136,Q471839
Q25188,P136,Q2484376
Q25188,P136,Q20656232
Q25188,P136,Q319221
Q25188,P136,Q130232
Q25188,P136,Q1200678
Q25188,P495,Q145
Q25188,P495,Q30
Q25188,P840,Q65
Q25188,P840,Q90
Q25188,P840,Q408
Q25188,P1040,Q1811998
Q25188,P921,Q544830
Q25188,P921,Q4425624
Q25188,P364,Q1860
Q25188,P364,Q5287
Q25188,P364,Q150
Q25188,P1411,Q102427
Q25188,P1411,Q131520
Q25188,P1411,Q488645
Q25188,P1411,Q41417
Q25188,P1411,Q277751
Q25188,P1411,Q488651
Q25188,P1411,Q830079
Q25188,P1411,Q393686
Q25188,P915,Q99
Q25188,P915,Q387047
Q25188,P915,Q17
Q25188,P915,Q90
Q25188,P915,Q1951
Q25188,P915,Q7275217
Q25188,P915,Q126148
Q25188,P915,Q1231271
Q25188,P915,Q193196
Q25188,P915,Q1490
Q25188,P915,Q1632912
Q25188,P915,Q290355
Q25188,P915,Q5153249
Q25188,P915,Q5472723
Q25188,P915,Q1028
Q25188,P86,Q76364
Q25188,P175,Q76364
Q25188,P166,Q131520
Q25188,P166,Q488645
Q25188,P166,Q830079
Q25188,P166,Q393686
Q25188,P166,Q1966965
Q25188,P462,Q22006653
Q25188,P750,Q1097348
Q25188,P2554,Q570190
Q25188,P2747,Q23830578
Q25188,P2515,Q21573201
Q25188,P1981,Q20644796
Q25188,P3650,Q28732985
Q25188,P3156,Q26708077
Q25188,P3156,Q26708077
Q25188,P1552,Q45171911
Q25188,P1552,Q27847754
Q25188,P1552,Q27834579
Q25188,P1552,Q58483045
Q25188,P1657,Q18665339
Q25188,P195,Q188740
Q25188,P5970,Q56887761
Q25188,P155,Q2499084
Q25188,P2758,Q23817729
Q25188,P2061,Q24668302
Q25188,P3306,Q27253945
Q25188,P437,Q5294
Q25188,P3803,Q226528
Q25188,P407,Q1860
Q25188,P6658,Q62365366
Q93204,P31,Q201658
Q93204,P910,Q8386098
Q93204,P279,Q11424
Q93204,P279,Q4164344
Q93204,P279,Q24960157
Q93204,P461,Q517386
Q93204,P3095,Q1235146
Q1166264,P31,Q11424
Q1166264,P57,Q275402
Q1166264,P58,Q181082
Q1166264,P58,Q1134855
Q1166264,P58,Q275402
Q1166264,P161,Q58444
Q1166264,P161,Q204299
Q1166264,P161,Q1108476
Q1166264,P161,Q458974
Q1166264,P161,Q447713
Q1166264,P161,Q2820073
Q1166264,P161,Q309932
Q1166264,P161,Q234883
Q1166264,P161,Q1143938
Q1166264,P161,Q24699885
Q1166264,P161,Q3568548
Q1166264,P161,Q51564
Q1166264,P161,Q965826
Q1166264,P161,Q2454564
Q1166264,P161,Q513739
Q1166264,P161,Q3045844
Q1166264,P161,Q445125
Q1166264,P161,Q1849400
Q1166264,P161,Q24817361
Q1166264,P161,Q56095
Q1166264,P162,Q1336149
Q1166264,P344,Q795025
Q1166264,P272,Q3381138
Q1166264,P136,Q188473
Q1166264,P136,Q471839
Q1166264,P136,Q200092
Q1166264,P136,Q1535153
Q1166264,P136,Q130232
Q1166264,P921,Q1712140
Q1166264,P495,Q30
Q1166264,P364,Q1860
Q1166264,P915,Q65
Q1166264,P1040,Q2927491
Q1166264,P86,Q193338
Q1166264,P462,Q22006653
Q1166264,P2747,Q23830579
Q1166264,P750,Q168383
Q1166264,P1552,Q27834579
Q1166264,P1552,Q45172088
Q1166264,P1981,Q20644797
Q1166264,P2061,Q752245
Q1166264,P156,Q1166265
Q1166264,P175,Q193338
Q1166264,P2758,Q23817740
Q397219,P31,Q4167410
Q600751,P31,Q15987302
Q600751,P31,Q4164871
Q600751,P279,Q2135469
Q600751,P279,Q212238
Q600751,P425,Q44554
Q600751,P425,Q1522168
Q600751,P361,Q1092499
Q600751,P910,Q8789570
Q600751,P1687,P1592
Q600751,P1343,Q1970746
Q600751,P1343,Q2041543
Q133833,P279,Q12372934
Q133833,P279,Q2259909
Q133833,P910,Q47498290
Q133833,P1889,Q1262699
Q133833,P1343,Q602358
Q1256101,P31,Q4167410
Q1256101,P1889,Q37257726
Q3183160,P31,Q4167410
Q397584,P31,Q4167410
Q397584,P910,Q27681017
Q3477322,P31,Q4167410
Q3477322,P1889,Q1158477
Q3477322,P1889,Q5716947
Q3477322,P1889,Q18055161
Q3477322,P460,Q1605288
Q3477322,P460,Q1640723
Q3477322,P460,Q2211225
Q3477322,P460,Q48895
Q3477322,P460,Q15815117
Q3477322,P460,Q222254
Q3477322,P460,Q294763
Q3477322,P460,Q341652
Q3477322,P460,Q299569
Q3477322,P460,Q352807
Q3477322,P460,Q671675
Q3477322,P460,Q1178473
Q3477322,P460,Q1179347
Q3477322,P460,Q1181012
Q3477322,P460,Q1179243
Q3477322,P460,Q1241205
Q81292,P31,Q1371562
Q81292,P31,Q16782623
Q81292,P1343,Q2041543
Q81292,P1343,Q20078554
Q81292,P1343,Q602358
Q81292,P1343,Q4532138
Q81292,P361,Q641227
Q81292,P111,Q11500
Q81292,P138,Q42365
Q81292,P1889,Q100055982
Q527633,P31,Q4167410
Q527633,P460,Q28019131
Q527633,P460,Q2905241
Q527633,P460,Q16265586
Q527633,P460,Q69583467
Q3043042,P31,Q4167410
Q608003,P910,Q7469040
Q608003,P2283,Q34493
Q608003,P3095,Q45787133
Q608003,P279,Q1914636
Q608003,P5125,Q7112687
Q3877697,P31,Q4167410
Q3877697,P1889,Q1218989
Q1247565,P31,Q4167410
Q483400,P61,Q187966
Q483400,P910,Q7328966
Q483400,P279,Q1183543
Q483400,P1343,Q2657718
Q483400,P1343,Q602358
Q483400,P1343,Q19180675
Q483400,P1542,Q29645901
Q7691151,P31,Q4167410
Q7691151,P1889,Q37487347
Q1164063,P31,Q4167410
Q1164063,P1889,Q37472897
Q4338318,P31,Q54989186
Q4338318,P1889,Q791620
Q4338318,P361,Q7087
Q4338318,P361,Q77468620
Q4338318,P460,Q7087
Q4338318,P460,Q282250
Q4338318,P279,Q2200417
Q4338318,P527,Q160402
Q2570643,P279,Q637846
Q2570643,P527,Q15686806
Q2570643,P1343,Q2657718
Q2570643,P1343,Q2041543
Q2570643,P1343,Q602358
Q2570643,P1343,Q19180675
Q2570643,P1343,Q1970746
Q2570643,P1343,Q4173137
Q1763090,P361,Q146071
Q1763090,P279,Q3769186
Q1763090,P1889,Q3478654
Q1763090,P1687,P1596
Q1763090,P31,Q49848
Q8463,P279,Q853725
Q8463,P910,Q6584909
Q8463,P1343,Q302556
Q8463,P1343,Q2657718
Q8463,P1343,Q2041543
Q8463,P1343,Q602358
Q8463,P1343,Q19180675
Q8463,P1343,Q4086271
Q8463,P1343,Q4173137
Q8463,P460,Q5936334
Q8463,P461,Q2979
Q8463,P2184,Q12981973
Q8463,P1889,Q1122364
Q8463,P5008,Q5460604
Q8463,P5008,Q13382529
Q8463,P5008,Q15304953
Q8463,P5008,Q85931561
Q8463,P31,Q132781
Q8463,P31,Q75630156
Q8463,P2670,Q12773225
Q8463,P2670,Q10076267
Q8463,P1151,Q24040623
Q178074,P910,Q8221991
Q178074,P1343,Q678259
Q178074,P1343,Q2657718
Q178074,P1343,Q2041543
Q178074,P1343,Q602358
Q178074,P31,Q25107
Q178074,P361,Q3406566
Q178074,P1056,Q65474590
Q178074,P1889,Q111295
Q229152,P31,Q4167410
Q229152,P1889,Q37467887
Q226601,P31,Q4167410
Q226601,P460,Q19689598
Q2401341,P31,Q4830453
Q11416,P279,Q3590573
Q11416,P279,Q61788060
Q11416,P910,Q5625203
Q11416,P1343,Q602358
Q11416,P1343,Q4532135
Q11416,P1343,Q19180675
Q11416,P5008,Q5460604
Q11416,P1889,Q3590573
Q11416,P3095,Q24114117
Q11416,P1537,Q748309
Q11416,P1552,Q16301153
Q11416,P2283,Q2565881
Q8092,P279,Q209190
Q8092,P279,Q732722
Q8092,P279,Q79602
Q8092,P910,Q8895986
Q8092,P1343,Q2657718
Q8092,P1343,Q602358
Q8092,P1963,P3399
Q8092,P1151,Q13359877
Q8092,P2738,Q23766486
Q8092,P5008,Q5460604
Q8092,P5125,Q7112807
Q8092,P1424,Q13033961
Q8092,P1424,Q5912437
Q8092,P6186,Q15100881
Q8092,P740,Q198782
Q8092,P2354,Q5571889
Q105726,P279,Q185557
Q105726,P279,Q185557
Q105726,P279,Q14863382
Q105726,P910,Q13300764
Q105726,P31,Q2996394
Q105726,P1343,Q2041543
Q53121,P1151,Q8210238
Q53121,P910,Q7517245
Q53121,P279,Q1914636
Q53121,P279,Q31629
Q53121,P279,Q334166
Q53121,P279,Q79782
Q53121,P618,Q20984829
Q53121,P2283,Q11442
Q53121,P1889,Q2215841
Q53121,P3095,Q2125610
Q53121,P6104,Q11755824
Q53121,P1424,Q7745571
Q345281,P31,Q4167410
Q6017969,P279,Q570116
Q6017969,P279,Q811979
Q6017969,P279,Q960648
Q6017969,P910,Q6278254
Q6017969,P1963,P3173
Q6017969,P1963,P8517
Q6017969,P366,Q2075301
Q6017969,P1552,Q2633778
Q184872,P279,Q61788060
Q184872,P910,Q7045033
Q184872,P1343,Q16387823
Q184872,P361,Q180910
Q184872,P461,Q6958747
Q184872,P276,Q2063507
Q11114344,P361,Q2151613
Q11114344,P361,Q34735
Q11114344,P31,Q34735
Q1566966,P31,Q4167410
Q1566966,P1889,Q2133692
Q1566966,P1889,Q28737254
Q2140261,P1343,Q27680201
Q2140261,P156,Q2151100
Q2140261,P155,Q201828
Q2140261,P279,Q189962
Q225520,P31,Q4167410
Q225520,P1889,Q396447
Q225520,P1889,Q16876594
Q225520,P1889,Q18216058
Q225520,P1889,Q71401575
Q225520,P460,Q225238
Q225520,P460,Q445397
Q814778,P31,Q11424
Q814778,P57,Q55277
Q814778,P161,Q167520
Q814778,P161,Q202148
Q814778,P161,Q4212
Q814778,P161,Q39989
Q814778,P161,Q1377013
Q814778,P161,Q862314
Q814778,P161,Q4913218
Q814778,P161,Q724867
Q814778,P161,Q16758
Q814778,P364,Q1860
Q814778,P58,Q1377013
Q814778,P58,Q55277
Q814778,P162,Q55277
Q814778,P272,Q126399
Q814778,P344,Q963628
Q814778,P144,Q3043384
Q814778,P840,Q23556
Q814778,P840,Q93332
Q814778,P921,Q1712140
Q814778,P136,Q2254193
Q814778,P136,Q2484376
Q814778,P136,Q20442589
Q814778,P136,Q52162262
Q814778,P136,Q130232
Q814778,P495,Q30
Q814778,P166,Q823422
Q814778,P166,Q1966965
Q814778,P135,Q377616
Q814778,P1040,Q7817282
Q814778,P915,Q1428
Q814778,P915,Q1454
Q814778,P915,Q1456
Q814778,P1411,Q103360
Q814778,P1411,Q281939
Q814778,P1411,Q102427
Q814778,P462,Q22006653
Q814778,P750,Q126399
Q814778,P2363,Q21571489
Q814778,P86,Q3056431
Q814778,P1877,Q1377013
Q814778,P1981,Q20644797
Q814778,P2061,Q21062414
Q814778,P1552,Q45172088
Q814778,P2758,Q23817740
Q814778,P1889,Q18618
Q207333,P460,Q18122260
Q207333,P910,Q8521929
Q207333,P1269,Q9465
Q207333,P461,Q26001337
Q60797,P910,Q8732541
Q60797,P279,Q190539
Q60797,P279,Q18342738
Q60797,P31,Q223393
Q60797,P2579,Q1038158
Q60797,P1343,Q4086271
Q60797,P1343,Q19180675
Q60797,P1343,Q602358
Q60797,P1343,Q4532138
Q60797,P361,Q1539016
Q60797,P361,Q1545080
Q193788,P1343,Q2657718
Q193788,P279,Q9128
Q193788,P1535,Q40015
Q193788,P5008,Q69524601
Q193788,P31,Q1522115
Q193788,P2959,Q5958363
Q256986,P31,Q4167410
Q1047402,P31,Q4167410
Q1047402,P1889,Q55770062
Q1047402,P1889,Q55768557
Q1047402,P1889,Q3326956
Q1047402,P1889,Q6927031
Q1047402,P1889,Q6927034
Q1047402,P1889,Q18391368
Q1047402,P1889,Q6926982
Q1047402,P1889,Q6927033
Q1047402,P1889,Q16998203
Q1047402,P1889,Q39074920
Q1047402,P1889,Q750337
Q1047402,P1889,Q4350318
Q1047402,P1889,Q56282804
Q1047402,P460,Q6926976
Q318296,P910,Q8573688
Q318296,P279,Q1520311
Q318296,P279,Q28100974
Q318296,P279,Q31836060
Q318296,P1343,Q19180675
Q318296,P1343,Q602358
Q318296,P1343,Q1138524
Q318296,P1343,Q4532138
Q318296,P527,Q17768966
Q318296,P3095,Q65622885
Q318296,P1889,Q16512642
Q103931230,P279,Q4393922
Q757833,P279,Q726
Q757833,P279,Q44148
Q757833,P279,Q25437351
Q757833,P910,Q10241716
Q757833,P461,Q1104034
Q277503,P279,Q11024
Q277503,P279,Q1920219
Q277503,P279,Q64736958
Q277503,P460,Q11567104
Q277503,P1889,Q64737274
Q1031826,P31,Q4167410
Q1031826,P1889,Q4518065
Q1031826,P1889,Q1594283
Q1031826,P1889,Q10449346
Q1031826,P1889,Q96252253
Q945260,P105,Q164280
Q945260,P31,Q16521
Q945260,P171,Q27244
Q945260,P910,Q9599295
Q4925304,P460,Q10862457
Q4925304,P460,Q21031079
Q4925304,P460,Q27870310
Q4925304,P460,Q29533562
Q4925304,P460,Q29001841
Q4925304,P460,Q4396274
Q4925304,P460,Q64154789
Q4925304,P460,Q64597369
Q4925304,P460,Q64597373
Q4925304,P460,Q64597379
Q4925304,P460,Q64597383
Q4925304,P31,Q12308941
Q4925304,P1750,Q2168
Q4925304,P1750,Q2624
Q4925304,P407,Q7026
Q4925304,P407,Q150
Q4925304,P407,Q1860
Q4925304,P407,Q7411
Q4925304,P1889,Q3452375
Q4925304,P1533,Q24699076
Q4925304,P282,Q8229
Q4925304,P5323,Q21644845
Q4644413,P31,Q4167410
Q5174008,P31,Q4167410
Q296247,P31,Q4167410
Q296247,P1889,Q12333661
Q396558,P31,Q4167410
Q12099,P105,Q7432
Q12099,P171,Q7215110
Q12099,P31,Q16521
Q12099,P1343,Q16387823
Q12099,P1343,Q1970746
Q12099,P1343,Q19180675
Q12099,P1343,Q602358
Q12099,P4000,Q506139
Q12099,P5008,Q5460604
Q12099,P279,Q12117
Q12099,P1672,Q61670635
Q12099,P1889,Q229718
Q189820,P31,Q4167410
Q189820,P460,Q355787
Q189820,P1889,Q37495768
Q343306,P31,Q4167410
Q343306,P1889,Q16869924
Q234378,P31,Q4167410
Q402227,P31,Q4167410
Q402227,P1889,Q19819801
Q402227,P1889,Q36970611
Q11376,P61,Q379219
Q11376,P910,Q8219476
Q11376,P2959,Q22827994
Q11376,P1343,Q26711932
Q11376,P1343,Q602358
Q11376,P1343,Q90137277
Q11376,P5008,Q5460604
Q11376,P156,Q497332
Q11376,P155,Q11465
Q11376,P279,Q107715
Q11376,P279,Q30337763
Q11376,P279,Q2672914
Q11376,P4934,Q11465
Q11376,P4934,Q2199864
Q11376,P8111,Q1051665
Q1218079,P31,Q4167410
Q1218079,P1889,Q20000510
Q1218079,P1889,Q31205846
Q3711325,P361,Q11465
Q3711325,P279,Q181175
Q3711325,P279,Q1144560
Q3711325,P279,Q107715
Q3711325,P910,Q8228686
Q3711325,P1687,P2052
Q3711325,P1343,Q26711932
Q3711325,P1343,Q90137277
Q3711325,P1889,Q3998287
Q3711325,P1889,Q1144560
Q3711325,P1889,Q1518019
Q3711325,P1889,Q11465
Q3711325,P1889,Q101813351
Q3711325,P8111,Q182429
Q3711325,P8111,Q180154
Q3711325,P4934,Q126017
Q3711325,P4934,Q11471
Q7900467,P31,Q4167410
Q1196071,P279,Q4123504
Q1196071,P31,Q39367
Q1196071,P1889,Q39587
Q1248112,P31,Q4167410
Q9690,P31,Q169872
Q9690,P279,Q1441305
Q9690,P279,Q99860490
Q9690,P2176,Q410441
Q9690,P2176,Q20817212
Q9690,P1542,Q1778998
Q9690,P5008,Q87748614
Q9690,P1889,Q93485654
Q9690,P1889,Q1077823
Q9690,P1889,Q507234
Q9690,P1889,Q15729017
Q9690,P1889,Q2713697
Q9690,P1889,Q5031385
Q9690,P1889,Q21014159
Q9690,P1889,Q484
Q9690,P1995,Q3259956
Q9690,P828,Q42844
Q9690,P828,Q936549
Q9690,P828,Q327988
Q9690,P828,Q8277
Q9690,P828,Q213600
Q9690,P828,Q540571
Q9690,P828,Q209733
Q9690,P828,Q1869874
Q9690,P828,Q177190
Q9690,P828,Q12167
Q9690,P828,Q1485
Q9690,P828,Q96199399
Q9690,P828,Q24238356
Q9690,P828,Q12206
Q9690,P828,Q3500368
Q9690,P923,Q886837
Q9690,P923,Q835153
Q9690,P923,Q873512
Q9690,P460,Q2713697
Q243131,P31,Q4167410
Q1791246,P31,Q4167410
Q1791246,P1889,Q10366548
Q451646,P31,Q4167410
Q451646,P1889,Q47111245
Q2301982,P31,Q4167410
Q2301982,P1889,Q37540243
Q1355665,P279,Q378078
Q20793164,P910,Q8264398
Q20793164,P1343,Q4114391
Q20793164,P279,Q16798631
Q20793164,P361,Q677346
Q206060,P1995,Q171171
Q206060,P1889,Q4391416
Q206060,P1343,Q602358
Q206060,P279,Q40397
Q7094,P31,Q1665984
Q7094,P31,Q11790203
Q7094,P31,Q28598684
Q7094,P31,Q11862829
Q7094,P361,Q2329
Q7094,P361,Q420
Q7094,P910,Q6745718
Q7094,P1343,Q2657718
Q7094,P1343,Q602358
Q7094,P1343,Q19180675
Q7094,P3095,Q2919046
Q7094,P5008,Q5460604
Q7094,P5125,Q7112566
Q7094,P279,Q420
Q7094,P279,Q11351
Q7094,P1889,Q731154
Q1174410,P31,Q4167410
Q178844,P279,Q83267
Q178844,P1343,Q678259
Q178844,P1343,Q3181656
Q178844,P910,Q15176691
Q178844,P1889,Q1404121
Q178844,P1889,Q3068195
Q178844,P1889,Q355707
Q178844,P1889,Q1255957
Q2413314,P279,Q16896124
Q2413314,P1343,Q2657718
Q2413314,P1889,Q2161364
Q2413314,P910,Q55288605
Q2413314,P527,Q1242123
Q5075976,P19,Q503478
Q5075976,P20,Q748325
Q5075976,P31,Q5
Q5075976,P106,Q2374149
Q5075976,P735,Q2958359
Q5075976,P69,Q1179599
Q5075976,P27,Q30
Q5075976,P166,Q28407334
Q5075976,P26,Q66761479
Q5075976,P21,Q6581097
Q4688471,P31,Q4830453
Q4688471,P112,Q16982262
Q4688471,P159,Q485708
Q172595,P31,Q4167410
Q180284,P361,Q9635
Q180284,P279,Q18534278
Q187805,P17,Q30
Q187805,P131,Q485276
Q187805,P910,Q8792102
Q187805,P31,Q1093829
Q187805,P31,Q1549591
Q187805,P31,Q62049
Q187805,P190,Q5168
Q187805,P190,Q243853
Q187805,P190,Q133315
Q187805,P190,Q42143
Q187805,P190,Q92277
Q187805,P190,Q2843
Q187805,P1464,Q9227488
Q187805,P1465,Q17126306
Q187805,P1792,Q8749934
Q187805,P421,Q847142
Q187805,P1376,Q485276
Q187805,P6,Q16214791
Q187805,P1313,Q30185
Q187805,P206,Q1275618
Q187805,P112,Q16037730
Q187805,P1830,Q917528
Q187805,P1830,Q6208317
Q187805,P37,Q1860
Q187805,P7867,Q84044247
Q187805,P8744,Q5333779
Q4049999,P31,Q4167410
Q101761,P279,Q266328
Q101761,P279,Q2002016
Q101761,P61,Q731876
Q101761,P910,Q55242939
Q5338825,P31,Q16748888
Q5338825,P361,Q9357054
Q5338825,P361,Q77468620
Q5338825,P461,Q19258351
Q5180571,P31,Q4167410
Q5290276,P31,Q4167410
Q165947,P910,Q6489051
Q165947,P31,Q309252
Q165947,P461,Q1562684
Q165947,P1889,Q10505172
Q165947,P1889,Q7740990
Q165947,P1542,Q213449
Q48013,P31,Q3647172
Q48013,P1343,Q19180675
Q48013,P1343,Q602358
Q48013,P1343,Q30059240
Q48013,P1343,Q1970746
Q48013,P111,Q11423
Q48013,P910,Q32771869
Q48013,P138,Q1052833
Q48013,P361,Q14290846
Q48013,P1889,Q23808021
Q264661,P279,Q4406616
Q264661,P366,Q29017603
Q7655923,P31,Q4167410
Q815410,P910,Q7468832
Q815410,P279,Q2352616
Q815410,P279,Q28877
Q815410,P460,Q2643006
Q13049940,P910,Q9203064
Q13049940,P279,Q2578402
Q13049940,P2670,Q840979
Q13049940,P2670,Q21651920
Q13049940,P2670,Q14880
Q13049940,P2670,Q270380
Q13049940,P2670,Q383441
Q13049940,P2670,Q1364965
Q13049940,P1889,Q278949
Q13049940,P1889,Q21408454
Q653197,P910,Q8937663
Q653197,P1343,Q2657718
Q653197,P1343,Q2041543
Q653197,P1343,Q602358
Q653197,P1343,Q19180675
Q653197,P2293,Q18041076
Q653197,P2293,Q18035537
Q653197,P31,Q169872
Q653197,P279,Q1441305
Q653197,P279,Q949302
Q653197,P1995,Q171171
Q351023,P31,Q4167410
Q16784330,P31,Q4167410
Q221587,P31,Q11424
Q221587,P57,Q7374
Q221587,P58,Q573997
Q221587,P161,Q1381397
Q221587,P161,Q492176
Q221587,P161,Q291002
Q221587,P161,Q272613
Q221587,P161,Q270049
Q221587,P161,Q441159
Q221587,P161,Q266397
Q221587,P161,Q271448
Q221587,P161,Q822377
Q221587,P161,Q1369342
Q221587,P161,Q1689361
Q221587,P161,Q3342659
Q221587,P161,Q7374
Q221587,P161,Q3938408
Q221587,P161,Q776860
Q221587,P144,Q5583302
Q221587,P364,Q1860
Q221587,P344,Q182148
Q221587,P344,Q1818990
Q221587,P495,Q145
Q221587,P840,Q84
Q221587,P921,Q484188
Q221587,P915,Q84
Q221587,P915,Q661896
Q221587,P136,Q19367312
Q221587,P136,Q52162262
Q221587,P1040,Q6242341
Q221587,P162,Q7374
Q221587,P86,Q1737949
Q221587,P1981,Q20644797
Q221587,P750,Q168383
Q221587,P1877,Q20670070
Q221587,P272,Q168383
Q221587,P462,Q22006653
Q221587,P2747,Q23830578
Q221587,P2061,Q752245
Q221587,P1552,Q45171911
Q221587,P2758,Q23817740
Q221587,P166,Q1966965
Q299090,P31,Q4167410
Q299090,P1889,Q818202
Q299090,P1889,Q13552167
Q299090,P460,Q20659422
Q299090,P460,Q15787650
Q299090,P460,Q232452
Q299090,P460,Q232224
Q299090,P460,Q226456
Q299090,P460,Q225652
Q299090,P460,Q250248
Q299090,P460,Q174960
Q299090,P460,Q225640
Q299090,P460,Q388539
Q299090,P460,Q344056
Q299090,P460,Q418439
Q299090,P460,Q564687
Q299090,P460,Q423373
Q299090,P460,Q816816
Q299090,P460,Q792838
Q299090,P460,Q816786
Q299090,P460,Q809630
Q299090,P460,Q816895
Q298472,P31,Q4167410
Q298472,P1889,Q1437477
Q298472,P1889,Q43288436
Q298472,P460,Q1625176
Q298472,P460,Q1625204
Q3492686,P31,Q4167410
Q3492686,P1889,Q37251734
Q232821,P31,Q4167410
Q346799,P31,Q4167410
Q332237,P31,Q4167410
Q346686,P31,Q4167410
Q346686,P1889,Q30125453
Q346686,P460,Q407369
Q389711,P17,Q17
Q389711,P131,Q127513
Q389711,P910,Q6807796
Q389711,P31,Q1145012
Q389711,P31,Q494721
Q389711,P31,Q1549591
Q389711,P190,Q49172
Q389711,P190,Q305640
Q389711,P190,Q496479
Q389711,P1464,Q9228556
Q389711,P421,Q7041
Q389711,P194,Q28682931
Q389711,P1792,Q32647856
Q389711,P47,Q734390
Q389711,P47,Q734520
Q389711,P47,Q209779
Q389711,P47,Q145333
Q389711,P47,Q460806
Q389711,P47,Q502199
Q389711,P47,Q1203267
Q389711,P47,Q1344386
Q389711,P47,Q1342787
Q389711,P1365,Q11409263
Q389711,P1365,Q11583771
Q389711,P1365,Q11464456
Q389711,P1365,Q11572574
Q389711,P1365,Q11408033
Q389711,P1365,Q11385555
Q389711,P1365,Q11581999
Q389711,P1365,Q11619047
Q242610,P31,Q4167410
Q865054,P279,Q987767
Q865054,P1889,Q2879006
Q865054,P1343,Q20078554
Q865054,P31,Q2424752
Q865054,P910,Q8606555
Q18710401,P31,Q4167410
Q18710401,P1889,Q36876684
Q3063793,P31,Q4167410
Q382618,P31,Q4167410
Q382618,P460,Q36992112
Q382618,P460,Q59192470
Q382618,P460,Q59192525
Q382618,P460,Q59192629
Q382618,P460,Q59192691
Q382618,P460,Q10547801
Q382618,P460,Q59192949
Q382618,P460,Q59193197
Q382618,P460,Q59193263
Q382618,P460,Q59193365
Q382618,P460,Q59193641
Q382618,P1889,Q57390607
Q382618,P1889,Q27715741
Q5257871,P31,Q4167410
Q5193095,P31,Q4167410
Q5193095,P460,Q80411
Q35874,P279,Q1149305
Q35874,P279,Q9332
Q35874,P1151,Q11192591
Q35874,P910,Q8527584
Q35874,P2579,Q16247567
Q35874,P1889,Q170579
Q35874,P31,Q483394
Q35874,P1343,Q4091878
Q35874,P1343,Q602358
Q35874,P1343,Q19180675
Q35874,P1343,Q63284758
Q35874,P3095,Q245068
Q35874,P3095,Q12406482
Q296579,P31,Q4167410
Q296579,P1889,Q18760877
Q5385395,P31,Q4167410
Q1034150,P31,Q13406463
Q35805,P910,Q18698543
Q35805,P2176,Q377270
Q35805,P2176,Q41576
Q35805,P2176,Q2070778
Q35805,P2176,Q411441
Q35805,P2176,Q420682
Q35805,P2176,Q303646
Q35805,P2176,Q174723
Q35805,P2176,Q5037673
Q35805,P2176,Q174786
Q35805,P2176,Q407781
Q35805,P31,Q169872
Q35805,P279,Q1441305
Q35805,P1542,Q17200001
Q35805,P1542,Q871752
Q35805,P1478,Q975803
Q35805,P5008,Q87748614
Q35805,P1343,Q602358
Q35805,P1343,Q19180675
Q35805,P1343,Q1970746
Q491,P910,Q6425721
Q491,P279,Q223642
Q491,P461,Q5275945
Q491,P1343,Q20743760
Q491,P3095,Q17297777
Q491,P1889,Q16519308
Q491,P460,Q16514899
Q491,P1552,Q7302495
Q1179073,P31,Q4167410
Q7899247,P31,Q4167410
Q11364,P279,Q1993433
Q11364,P279,Q420168
Q11364,P279,Q11173
Q11364,P279,Q50430050
Q11364,P279,Q12140
Q11364,P910,Q8522220
Q11364,P1424,Q7139889
Q11364,P5008,Q5460604
Q11364,P2579,Q162606
Q11364,P1343,Q20078554
Q231003,P31,Q4167410
Q231003,P1889,Q16880920
Q31431,P105,Q36602
Q31431,P171,Q326483
Q31431,P171,Q5856078
Q31431,P31,Q16521
Q31431,P910,Q6372253
Q31431,P1343,Q2041543
Q31431,P1343,Q4532138
Q31431,P1343,Q1768721
Q31431,P366,Q15548309
Q31431,P366,Q8329
Q445866,P31,Q4167410
Q445866,P1889,Q20727010
Q223961,P31,Q4167410
Q223961,P1889,Q37521799
Q223961,P1889,Q4233718
Q223961,P1889,Q10920
Q223961,P1889,Q313819
Q223961,P1889,Q567632
Q223961,P1889,Q2492027
Q223961,P1889,Q16368484
Q223961,P1889,Q50380597
Q223961,P1889,Q16242367
Q223961,P1889,Q3306445
Q223961,P1889,Q19045262
Q223961,P1889,Q25208739
Q223961,P1889,Q19045270
Q223961,P1889,Q4770030
Q223961,P1889,Q19045252
Q223961,P1889,Q166280
Q223961,P1889,Q567620
Q223961,P1889,Q474968
Q223961,P1889,Q5691701
Q223961,P1889,Q1969590
Q223961,P1889,Q337987
Q223961,P1889,Q567612
Q223961,P1889,Q569616
Q223961,P1889,Q2544432
Q223961,P1889,Q567633
Q223961,P1889,Q567613
Q223961,P1889,Q771392
Q223961,P1889,Q422053
Q223961,P460,Q66623456
Q242665,P31,Q4167410
Q242665,P460,Q447936
Q242665,P1889,Q1027192
Q242665,P1889,Q37442118
Q403773,P31,Q4167410
Q403773,P1889,Q20000560
Q417649,P31,Q4167410
Q584189,P31,Q4167410
Q584189,P1889,Q220546
Q584189,P1889,Q13560458
Q584189,P1889,Q182069
Q584189,P460,Q6502613
Q584189,P460,Q2416416
Q584189,P460,Q2778762
Q584189,P460,Q12788825
Q584189,P460,Q219022
Q584189,P460,Q252067
Q584189,P460,Q364066
Q584189,P460,Q399758
Q584189,P460,Q397681
Q584189,P460,Q424029
Q584189,P460,Q5479727
Q584189,P460,Q1441349
Q584189,P460,Q1450800
Q584189,P460,Q1440516
Q584189,P460,Q10285563
Q12140,P910,Q7237918
Q12140,P1963,P769
Q12140,P1963,P2175
Q12140,P1424,Q6033882
Q12140,P366,Q701216
Q12140,P279,Q8386
Q12140,P279,Q28885102
Q12140,P5008,Q5460604
Q12140,P1889,Q8386
Q12140,P1889,Q11190
Q12140,P1889,Q12034587
Q12140,P2959,Q56739955
Q12140,P2849,Q19644607
Q12140,P1343,Q602358
Q12140,P1343,Q19180675
Q12140,P1687,P2176
Q12140,P1552,Q2976049
Q12140,P1552,Q1425437
Q12140,P1552,Q3269441
Q1206931,P31,Q4167410
Q1206931,P1889,Q37011379
Q416297,P31,Q4167410
Q416297,P1889,Q27238305
Q403280,P31,Q4167410
Q403280,P1889,Q37446016
Q403280,P31,Q4167410
Q403280,P1889,Q37446016
Q299845,P31,Q4167410
Q299845,P1889,Q16291107
Q299845,P1889,Q13560243
Q131491,P190,Q51103
Q131491,P190,Q183557
Q131491,P190,Q652130
Q131491,P17,Q145
Q131491,P17,Q174193
Q131491,P910,Q8312523
Q131491,P31,Q3957
Q131491,P31,Q1549591
Q131491,P131,Q1022488
Q131491,P1464,Q8047072
Q131491,P1465,Q9217779
Q131491,P1792,Q6488011
Q131491,P421,Q6574
Q131491,P1791,Q32382168
Q131491,P1343,Q602358
Q131491,P1343,Q3181656
Q131491,P1889,Q4958569
Q131491,P7959,Q23346
Q1343121,P31,Q4167410
Q1343121,P1889,Q13553631
Q1343121,P1889,Q27102941
Q1343121,P1889,Q284860
Q1343121,P1889,Q241938
Q1343121,P460,Q11723726
Q1343121,P460,Q8963999
Q1343121,P460,Q416023
Q1343121,P460,Q6153678
Q2663273,P461,Q1186677
Q16797399,P31,Q4167410
Q814055,P31,Q4167410
Q814055,P1889,Q20995739
Q23631,P31,Q577
Q23631,P361,Q266093
Q23631,P155,Q23624
Q23631,P156,Q23634
Q23631,P910,Q6656816
Q23631,P2959,Q31800839
Q16479487,P31,Q101352
Q16479487,P1889,Q808442
Q2353242,P31,Q4167410
Q2353242,P1889,Q30669598
Q2353242,P1889,Q1712125
Q406781,P31,Q4167410
Q406781,P1889,Q2616573
Q406781,P1889,Q29471844
Q406781,P460,Q2591155
Q406781,P460,Q219314
Q406781,P460,Q1412698
Q406781,P460,Q1698752
Q1343058,P31,Q4167410
Q999646,P910,Q8390336
Q999646,P361,Q788479
Q999646,P3095,Q1785974
Q999646,P3095,Q352388
Q999646,P279,Q1914636
Q999646,P279,Q29017603
Q999646,P31,Q1914636
Q999646,P1343,Q1768721
Q2325407,P31,Q4167410
Q5457980,P31,Q4167410
Q5457980,P1889,Q37094763
Q27137,P279,Q25342
Q27137,P1889,Q1803786
Q27137,P910,Q8946794
Q2295772,P31,Q4167410
Q15948238,P31,Q4167410
Q15948238,P1889,Q16883242
Q98973619,P1889,Q283835
Q98973619,P31,Q4167410
Q98973619,P460,Q414930
Q98973619,P460,Q98973716
Q98973619,P460,Q5038127
Q3595959,P1533,Q908051
Q3595959,P31,Q12308941
Q3595959,P460,Q20020130
Q3595959,P460,Q1642720
Q3595959,P460,Q47458745
Q3595959,P460,Q19801857
Q3595959,P460,Q52869987
Q3595959,P1889,Q1631723
Q3595959,P282,Q8229
Q3595959,P407,Q1860
Q3595959,P361,Q52869987
Q3595959,P1343,Q151
Q454662,P31,Q4167410
Q454662,P1889,Q21488907
Q454662,P1889,Q42797451
Q454662,P460,Q295983
Q454662,P460,Q413222
Q454662,P460,Q1904111
Q10971235,P279,Q45063185
Q7047470,P31,Q4167410
Q4274203,P31,Q101352
Q4274203,P1889,Q242716
Q4274203,P407,Q1860
Q4274203,P460,Q4275617
Q4274203,P282,Q8229
Q237584,P31,Q4167410
Q237584,P1889,Q37136145
Q9530,P910,Q8657550
Q9530,P527,Q840343
Q9530,P527,Q2197000
Q9530,P361,Q472287
Q9530,P1056,Q13428325
Q9530,P5008,Q5460604
Q9530,P31,Q2996394
Q9530,P1343,Q602358
Q543281,P279,Q29485
Q543281,P31,Q1121708
Q543281,P495,Q183
Q7628624,P31,Q11424
Q7628624,P57,Q7238168
Q7628624,P161,Q312787
Q7628624,P161,Q467973
Q7628624,P364,Q1860
Q7628624,P495,Q668
Q7628624,P462,Q22006653
Q409003,P31,Q4167410
Q2108815,P31,Q4167410
Q2108815,P1889,Q37443452
Q9213445,P31,Q4167410
Q9213445,P1889,Q37569075
Q983927,P279,Q1053745
Q983927,P31,Q56019
Q983927,P1611,Q18536821
Q983927,P155,Q19100
Q983927,P156,Q493898
Q983927,P156,Q17052928
Q983927,P1343,Q602358
Q983927,P910,Q7829990
Q983927,P460,Q4896145
Q983927,P1889,Q30185
Q191019,P1672,Q10978
Q191019,P105,Q34740
Q191019,P171,Q17302499
Q191019,P910,Q8180753
Q191019,P31,Q16521
Q191019,P4000,Q13184
Q191019,P1343,Q4086271
Q191019,P1343,Q602358
Q191019,P1343,Q19180675
Q191019,P1343,Q4173137
Q191019,P427,Q30046
Q2116450,P279,Q131596
Q2116450,P279,Q845132
Q2116450,P279,Q12292478
Q2116450,P910,Q9030230
Q2116450,P1269,Q1550557
Q2116450,P527,Q879050
Q395833,P31,Q4167410
Q395833,P1889,Q37057828
Q395833,P1889,Q769442
Q395833,P1889,Q902567
Q186517,P910,Q6510017
Q186517,P527,Q221673
Q186517,P527,Q10253316
Q186517,P279,Q121610
Q186517,P279,Q1764688
Q186517,P279,Q29017578
Q186517,P1343,Q16387823
Q186517,P1343,Q2657718
Q186517,P1343,Q602358
Q131138,P279,Q35874
Q131138,P31,Q223393
Q131138,P910,Q7210507
Q131138,P1343,Q2041543
Q17767599,P31,Q55983715
Q17767599,P1889,Q16860384
Q17767599,P279,Q192935
Q17767599,P279,Q600396
Q2167823,P31,Q4167410
Q2167823,P1889,Q37288389
Q1371925,P31,Q28640
Q1371925,P279,Q15980804
Q1371925,P910,Q10211315
Q1247545,P31,Q4167410
Q1247545,P1889,Q37575197
Q878767,P31,Q571571
Q878767,P31,Q184439
Q878767,P407,Q1860
Q878767,P1889,Q29642078
Q217776,P31,Q5009242
Q217776,P31,Q721830
Q217776,P31,Q561068
Q217776,P159,Q755149
Q217776,P910,Q8396038
Q217776,P112,Q2903327
Q217776,P17,Q30
Q217776,P2828,Q5115650
Q217776,P127,Q7414
Q217776,P127,Q1065024
Q217776,P2936,Q1860
Q217776,P749,Q7414
Q217776,P1687,P3571
Q217776,P1687,P3572
Q217776,P1687,P3681
Q217776,P1687,P3685
Q217776,P1687,P3686
Q217776,P1687,P3687
Q217776,P495,Q30
Q217776,P1830,Q600669
Q217776,P1830,Q2887818
Q217776,P1830,Q3046137
Q217776,P1830,Q3046149
Q217776,P1830,Q3046181
Q217776,P1830,Q3259110
Q217776,P1830,Q5324239
Q217776,P1830,Q5434435
Q217776,P1830,Q5816263
Q217776,P1830,Q5816271
Q217776,P1830,Q6167975
Q217776,P1830,Q8771352
Q217776,P1830,Q16558744
Q217776,P1830,Q16911414
Q217776,P355,Q3046158
Q176903,P641,Q5369
Q176903,P1542,Q43261319
Q176903,P279,Q1188986
Q1584134,P279,Q811430
Q1584134,P279,Q19816755
Q1584134,P186,Q1155083
Q1584134,P910,Q15101984
Q1584134,P1343,Q65109596
Q1048902,P31,Q1151733
Q1048902,P641,Q5369
Q1048902,P641,Q171038
Q1048902,P910,Q8290956
Q1206816,P31,Q4167410
Q385378,P279,Q7406919
Q385378,P279,Q451967
Q385378,P279,Q11398090
Q385378,P279,Q1190554
Q385378,P279,Q10843872
Q385378,P910,Q5646658
Q385378,P155,Q836900
Q385378,P155,Q1068633
Q385378,P1343,Q2657718
Q385378,P1343,Q101314624
Q385378,P1269,Q811979
Q385378,P31,Q8187769
Q385378,P31,Q11862829
Q385378,P31,Q3958441
Q385378,P361,Q55639
Q385378,P361,Q89358787
Q385378,P361,Q3422086
Q385378,P156,Q15051339
Q385378,P156,Q98068581
Q385378,P156,Q3276932
Q385378,P1552,Q811972
Q385378,P1056,Q41176
Q385378,P1056,Q1322402
Q385378,P1056,Q121359
Q385378,P5008,Q54439832
Q385378,P3095,Q42973
Q385378,P3095,Q13582652
Q385378,P3095,Q1340643
Q385378,P3095,Q289612
Q385378,P3095,Q102382810
Q385378,P1889,Q811979
Q385378,P2579,Q11023
Q385378,P2579,Q3741966
Q385378,P460,Q3875186
Q385378,P460,Q329637
Q1574963,P910,Q8971609
Q1574963,P279,Q12796
Q1574963,P279,Q46944
Q1574963,P279,Q7816242
Q10968813,P31,Q55983715
Q10968813,P910,Q7106812
Q45199,P31,Q28640
Q45199,P425,Q351363
Q45199,P425,Q192520
Q45199,P910,Q5613990
Q45199,P1343,Q602358
Q45199,P279,Q19830059
Q45199,P279,Q99547053
Q6803704,P31,Q4167410
Q154108,P31,Q131299
Q154108,P31,Q83155725
Q154108,P155,Q154121
Q154108,P156,Q108478
Q154108,P1889,Q700051
Q27791920,P31,Q4167410
Q6504923,P31,Q4167410
Q411565,P31,Q4167410
Q411565,P1889,Q37497166
Q277503,P279,Q11024
Q277503,P279,Q1920219
Q277503,P279,Q64736958
Q277503,P460,Q11567104
Q277503,P1889,Q64737274
Q645767,P910,Q13290668
Q645767,P279,Q1656682
Q645767,P31,Q20202269
Q645767,P31,Q188451
Q645767,P1889,Q51844819
Q40292,P31,Q21199
Q40292,P31,Q223722
Q40292,P31,Q13366104
Q40292,P31,Q13825533
Q40292,P31,Q1486643
Q40292,P31,Q975166
Q40292,P31,Q11606
Q40292,P31,Q10886944
Q40292,P31,Q50707
Q40292,P460,Q2415057
Q40292,P5236,Q200
Q40292,P5236,Q203
Q40292,P629,Q1861270
Q869095,P910,Q8311121
Q869095,P452,Q1365365
Q869095,P1056,Q44
Q869095,P279,Q187939
Q869095,P1343,Q2041543
Q869095,P361,Q26705422
Q869095,P31,Q8148
Q869095,P3095,Q131734
Q869095,P3095,Q836904
Q869095,P4330,Q836904
Q1163715,P31,Q6631808
Q1163715,P31,Q15991290
Q1163715,P910,Q7214698
Q1163715,P641,Q5369
Q1163715,P159,Q60
Q1163715,P17,Q30
Q1163715,P17,Q16
Q1163715,P355,Q858082
Q1163715,P355,Q465469
Q1163715,P4794,Q118
Q1163715,P6118,Q124
Q1163715,P2500,Q5359555
Q1163715,P527,Q465469
Q1163715,P527,Q858082
Q42967,P910,Q9026692
Q42967,P1542,Q18375297
Q42967,P1343,Q2657718
Q42967,P1343,Q19190511
Q42967,P279,Q8094
Q340,P1464,Q7116179
Q340,P1151,Q11243625
Q340,P131,Q2826806
Q340,P150,Q247123
Q340,P150,Q1896248
Q340,P150,Q1810072
Q340,P150,Q403031
Q340,P150,Q1629887
Q340,P150,Q617452
Q340,P150,Q1474128
Q340,P150,Q1629121
Q340,P150,Q1612609
Q340,P150,Q551476
Q340,P150,Q1571112
Q340,P150,Q1628875
Q340,P150,Q2117999
Q340,P150,Q1325316
Q340,P150,Q518076
Q340,P150,Q1324904
Q340,P150,Q1628888
Q340,P150,Q1714436
Q340,P150,Q2042095
Q340,P138,Q1757764
Q340,P190,Q3561
Q340,P190,Q727
Q340,P190,Q7903
Q340,P190,Q3274
Q340,P190,Q34261
Q340,P190,Q1858
Q340,P190,Q1461
Q340,P190,Q41843
Q340,P190,Q34664
Q340,P190,Q490
Q340,P190,Q3110
Q340,P190,Q239
Q340,P190,Q47916
Q340,P190,Q3805
Q340,P190,Q1524
Q340,P190,Q1492
Q340,P190,Q3820
Q340,P190,Q1715
Q340,P190,Q25280
Q340,P190,Q65
Q340,P190,Q8686
Q340,P190,Q1953
Q340,P190,Q3572
Q340,P190,Q16520
Q340,P190,Q19660
Q340,P190,Q51103
Q340,P190,Q752460
Q340,P190,Q487704
Q340,P190,Q271354
Q340,P6,Q3219045
Q340,P6,Q3022603
Q340,P6,Q3307998
Q340,P6,Q1558936
Q340,P6,Q3384158
Q340,P6,Q3171790
Q340,P6,Q27959212
Q340,P194,Q2994131
Q340,P112,Q982137
Q340,P112,Q513777
Q340,P17,Q16
Q340,P31,Q27676416
Q340,P31,Q200250
Q340,P31,Q1637706
Q340,P163,Q1426620
Q340,P237,Q581619
Q340,P910,Q8808584
Q340,P1465,Q9219184
Q340,P47,Q139398
Q340,P47,Q139437
Q340,P47,Q139497
Q340,P47,Q139040
Q340,P47,Q139088
Q340,P47,Q139101
Q340,P47,Q141500
Q340,P47,Q142076
Q340,P47,Q142190
Q340,P1740,Q7140662
Q340,P1792,Q13273187
Q340,P1313,Q177645
Q340,P1376,Q1121436
Q340,P1376,Q1152445
Q340,P1376,Q2826806
Q340,P1456,Q3250818
Q340,P1456,Q20971420
Q340,P1343,Q2657718
Q340,P1343,Q30075268
Q340,P1343,Q4173137
Q340,P1343,Q19190511
Q340,P421,Q941023
Q340,P2633,Q5535199
Q340,P2872,Q3533960
Q340,P2184,Q1995765
Q340,P206,Q1783795
Q340,P206,Q134750
Q340,P206,Q753288
Q340,P2670,Q578521
Q340,P1791,Q32203892
Q340,P706,Q292354
Q340,P463,Q2826806
Q340,P1365,Q3559082
Q340,P361,Q656150
Q340,P7867,Q84058814
Q340,P7938,Q600123
Q340,P7938,Q3214654
Q340,P8402,Q97125265
Q2840,P1060,Q11986959
Q2840,P1060,Q871752
Q2840,P1060,Q15304504
Q2840,P1060,Q88103997
Q2840,P780,Q38933
Q2840,P780,Q3245488
Q2840,P780,Q474959
Q2840,P780,Q86
Q2840,P780,Q9690
Q2840,P780,Q35805
Q2840,P780,Q114085
Q2840,P780,Q693058
Q2840,P828,Q287246
Q2840,P910,Q7215637
Q2840,P1995,Q3505712
Q2840,P1995,Q203337
Q2840,P1995,Q788926
Q2840,P1995,Q2861470
Q2840,P279,Q55790495
Q2840,P279,Q18975918
Q2840,P279,Q3286546
Q2840,P279,Q1928978
Q2840,P1343,Q2657718
Q2840,P31,Q18123741
Q2840,P1424,Q6818763
Q2840,P1424,Q10820092
Q2840,P5008,Q5460604
Q2840,P5008,Q87748614
Q2840,P5008,Q4099686
Q2840,P927,Q7891
Q2840,P2176,Q412734
Q2840,P2176,Q211509
Q2840,P2176,Q146075
Q2840,P2176,Q48333728
Q2840,P1542,Q2723958
Q2840,P1542,Q44512
Q2840,P1542,Q3241045
Q2840,P1889,Q1141979
Q2840,P1552,Q1783077
Q2840,P1605,Q5
Q2840,P1605,Q5113
Q2840,P1605,Q10798
Q5251497,P31,Q4167410
Q5251497,P1889,Q37531143
Q22687828,P366,Q7079063
Q25114332,P31,Q4167410
Q25114332,P1889,Q343749
Q25114332,P1889,Q42388775
Q7269184,P31,Q4167410
Q1215702,P31,Q12308941
Q1215702,P460,Q16280793
Q1215702,P1889,Q16881861
Q1215702,P407,Q1860
Q1215702,P407,Q7411
Q1215702,P282,Q8229
Q1215702,P1533,Q37094028
Q1215702,P5323,Q21644845
Q1215702,P1343,Q151
Q1953597,P31,Q55983715
Q1953597,P910,Q55274886
Q1953597,P1343,Q4532138
Q476112,P910,Q8527137
Q476112,P279,Q208826
Q476112,P279,Q37787614
Q476112,P279,Q66711810
Q476112,P31,Q30241068
Q476112,P31,Q42014143
Q476112,P1687,P2048
Q340801,P31,Q4167410
Q340801,P1889,Q4457298
Q423535,P31,Q4167410
Q1050571,P31,Q1151733
Q1050571,P31,Q28648649
Q1050571,P641,Q5369
Q1050571,P641,Q171038
Q1050571,P279,Q10871364
Q1050571,P279,Q13388586
Q1050571,P276,Q71180315
Q1050571,P366,Q17768966
Q1050571,P366,Q5179254
Q1050571,P366,Q58390
Q1050571,P910,Q8290670
Q413872,P31,Q4167410
Q413872,P1889,Q16870105
Q3108400,P31,Q4167410
Q3108400,P1889,Q10505172
Q18324664,P31,Q101352
Q18324664,P282,Q8229
Q17144564,P910,Q25037878
Q17144564,P279,Q1914636
Q225372,P31,Q4167410
Q202648,P425,Q94271838
Q202648,P910,Q8801203
Q202648,P1687,P1652
Q202648,P1889,Q55669401
Q202648,P1424,Q17582807
Q202648,P2283,Q69555977
Q202648,P31,Q28640
Q202648,P279,Q1723340
Q2839211,P31,Q101352
Q2839211,P282,Q8229
Q2839211,P407,Q7026
Q42302,P279,Q12372934
Q42302,P279,Q34669510
Q42302,P279,Q21685333
Q42302,P1343,Q678259
Q42302,P1343,Q2657718
Q42302,P1343,Q1970746
Q42302,P1343,Q19180675
Q42302,P1343,Q602358
Q42302,P1343,Q602358
Q42302,P910,Q9413229
Q42302,P527,Q223197
Q42302,P527,Q283
Q42302,P527,Q161179
Q42302,P1889,Q60808925
Q21255975,P279,Q3249551
Q21255975,P279,Q17281278
Q21255975,P461,Q481609
Q346941,P31,Q4167410
Q7340837,P31,Q82799
Q7340837,P527,Q19819744
Q7340837,P527,Q27642537
Q7340837,P1889,Q1422475
Q216048,P910,Q7216322
Q216048,P279,Q349
Q216048,P461,Q2755547
Q216048,P3095,Q12973014
Q216048,P361,Q1744559
Q216048,P31,Q31629
Q216048,P641,Q1816033
Q733021,P31,Q4167410
Q733021,P1889,Q827311
Q733021,P1889,Q27235644
Q733021,P460,Q100320946
Q733021,P460,Q15907355
Q733021,P460,Q297497
Q733021,P460,Q2088336
Q1345,P190,Q83317
Q1345,P190,Q2044
Q1345,P190,Q33935
Q1345,P190,Q47554
Q1345,P190,Q11736
Q1345,P190,Q20934
Q1345,P190,Q132830
Q1345,P190,Q891
Q1345,P190,Q1284
Q1345,P190,Q47465
Q1345,P190,Q48320
Q1345,P190,Q36947
Q1345,P190,Q1794
Q1345,P1151,Q11240205
Q1345,P31,Q21010817
Q1345,P31,Q1637706
Q1345,P17,Q30
Q1345,P131,Q496900
Q1345,P163,Q5456797
Q1345,P6,Q6133660
Q1345,P910,Q8969722
Q1345,P1464,Q9224679
Q1345,P1465,Q9218358
Q1345,P1740,Q8458187
Q1345,P1792,Q7234298
Q1345,P421,Q941023
Q1345,P421,Q5390
Q1345,P421,Q5762
Q1345,P47,Q20694
Q1345,P47,Q1185519
Q1345,P47,Q1182154
Q1345,P47,Q1133990
Q1345,P47,Q1132078
Q1345,P47,Q1132746
Q1345,P47,Q1134737
Q1345,P47,Q1184539
Q1345,P47,Q3015382
Q1345,P47,Q1083114
Q1345,P47,Q1083524
Q1345,P47,Q1083028
Q1345,P47,Q138367
Q1345,P47,Q1089732
Q1345,P47,Q1086818
Q1345,P47,Q1086800
Q1345,P47,Q1072648
Q1345,P47,Q3016798
Q1345,P47,Q1073917
Q1345,P47,Q583018
Q1345,P47,Q1894278
Q1345,P47,Q6693640
Q1345,P47,Q2222550
Q1345,P47,Q1184059
Q1345,P47,Q893085
Q1345,P47,Q634715
Q1345,P47,Q7996166
Q1345,P47,Q2879328
Q1345,P47,Q924299
Q1345,P1376,Q30
Q1345,P1376,Q496900
Q1345,P2184,Q5865934
Q1345,P1791,Q7978581
Q1345,P5125,Q17084563
Q1345,P206,Q143762
Q1345,P706,Q14925011
Q1345,P1889,Q16556
Q1345,P5353,Q7182793
Q1345,P112,Q209152
Q1345,P1343,Q602358
Q1345,P7867,Q84044284
Q1345,P1830,Q512128
Q1345,P166,Q92429087
Q1345,P166,Q92429087
Q1345,P8744,Q16992255
Q5116498,P31,Q4167410
Q81109,P31,Q13002315
Q81109,P31,Q4271324
Q81109,P1441,Q1795954
Q81109,P175,Q1689081
Q81109,P21,Q6581097
Q81109,P26,Q5197272
Q81109,P4969,Q42532531
Q81109,P7047,Q45792
Q81109,P106,Q36180
Q299075,P31,Q4167410
Q299075,P1889,Q16877187
Q603908,P31,Q1318274
Q603908,P31,Q184511
Q603908,P1889,Q13046585
Q2067349,P279,Q22079390
Q10264925,P279,Q82955
Q10264925,P279,Q12859263
Q10264925,P31,Q12737077
Q10264925,P2283,Q179442
Q10264925,P1889,Q466470
Q21491740,P31,Q101352
Q21491740,P1889,Q1777031
Q21491740,P282,Q8229
Q494978,P910,Q7900634
Q494978,P279,Q43229
Q494978,P279,Q618123
Q494978,P279,Q9346630
Q494978,P31,Q1371562
Q1056691,P31,Q4167410
Q1056691,P1889,Q19967805
Q1056691,P1889,Q20520352
Q1056691,P1889,Q397141
Q1056691,P460,Q5683453
Q1056691,P460,Q109236
Q651918,P31,Q4167410
Q25635316,P279,Q9332
Q25635316,P366,Q571571
Q25635316,P31,Q9332
Q25635316,P1889,Q3319384
Q3499072,P279,Q2500638
Q3499072,P279,Q2462658
Q3499072,P279,Q156839
Q3499072,P31,Q28640
Q3499072,P31,Q4164871
Q3499072,P910,Q6997577
Q3499072,P425,Q38695
Q3499072,P937,Q43164
Q3499072,P1889,Q156839
Q3499072,P1889,Q24479
Q3499072,P1889,Q1440839
Q16859863,P641,Q5375
Q336392,P31,Q157811
Q336392,P1269,Q5043
Q336392,P1343,Q4086271
Q361692,P31,Q4167410
Q214092,P279,Q1077064
Q214092,P279,Q265939
Q214092,P910,Q9215061
Q214092,P31,Q1914636
Q214092,P3095,Q15472169
Q214092,P1687,P1027
Q298158,P31,Q4167410
Q298158,P1889,Q16947019
Q298158,P1889,Q26772869
Q298158,P1889,Q30079701
Q298158,P460,Q16033897
Q298158,P460,Q1175850
Q1594,P460,Q605315
Q1594,P460,Q14554901
Q1594,P460,Q424883
Q1594,P460,Q396978
Q1594,P460,Q414531
Q1594,P460,Q1128218
Q1594,P460,Q408198
Q1594,P460,Q355224
Q1594,P460,Q15823565
Q1594,P460,Q1397336
Q1594,P31,Q4167410
Q1594,P1889,Q26036685
Q1594,P361,Q15904453
Q416741,P31,Q4167410
Q416741,P1889,Q37453057
Q595452,P279,Q483110
Q595452,P910,Q8291227
Q595452,P641,Q5369
Q595452,P527,Q809889
Q595452,P1889,Q809889
Q1344,P279,Q25379
Q1344,P279,Q58483083
Q1344,P279,Q9730
Q1344,P910,Q6991016
Q1344,P31,Q188451
Q1344,P31,Q7777573
Q1344,P31,Q862597
Q1344,P1269,Q1370345
Q1344,P1343,Q19180675
Q1344,P1343,Q19190511
Q1344,P1343,Q602358
Q1344,P1343,Q27680201
Q1344,P1343,Q602358
Q1344,P1343,Q27680201
Q1344,P1424,Q14522449
Q1344,P1963,P87
Q1344,P1963,P86
Q1344,P1963,P1191
Q1344,P1963,P4647
Q1344,P1963,P136
Q1344,P1963,P407
Q1344,P1151,Q10297022
Q1344,P495,Q46
Q1344,P5008,Q5460604
Q1344,P6104,Q59956276
Q1344,P2354,Q1144706
Q5152896,P31,Q4167410
Q14335563,P31,Q5737899
Q304673,P361,Q102538
Q304673,P31,Q21506450
Q304673,P279,Q66737643
Q304673,P1343,Q602358
Q304673,P1343,Q19180675
Q304673,P1343,Q4114391
Q304673,P1343,Q20078554
Q304673,P1343,Q2041543
Q7996388,P31,Q4167410
Q5358365,P21,Q6581097
Q5358365,P27,Q16
Q5358365,P31,Q5
Q5358365,P69,Q168751
Q5358365,P106,Q81096
Q5358365,P106,Q635734
Q5358365,P106,Q5482740
Q5358365,P735,Q1158477
Q5358365,P1889,Q3785002
Q5358365,P734,Q1261064
Q5191905,P31,Q4167410
Q6133020,P31,Q4167410
Q223908,P31,Q4167410
Q223908,P1889,Q16279740
Q223908,P1889,Q2780710
Q223908,P460,Q1948450
Q4866686,P31,Q4167410
Q4866686,P1889,Q36929697
Q2699564,P105,Q7432
Q2699564,P141,Q211005
Q2699564,P171,Q2698783
Q2699564,P31,Q16521
Q2699564,P910,Q55290837
Q22343668,P31,Q49614
Q402655,P31,Q4167410
Q1209862,P31,Q4167410
Q31110,P910,Q15079137
Q31110,P1889,Q2012949
Q31110,P279,Q257931
Q31110,P279,Q4122037
Q193219,P279,Q230788
Q193219,P279,Q1414816
Q193219,P910,Q7220687
Q193219,P1343,Q2657718
Q193219,P1889,Q466938
Q1570209,P31,Q4167410
Q1570209,P1889,Q16865371
Q140,P105,Q7432
Q140,P171,Q127960
Q140,P31,Q16521
Q140,P1403,Q15294488
Q140,P141,Q278113
Q140,P910,Q6987175
Q140,P1343,Q1138524
Q140,P1343,Q4086271
Q140,P1343,Q1970746
Q140,P1343,Q602358
Q140,P1343,Q19180675
Q140,P1343,Q4173137
Q140,P1343,Q1768721
Q140,P4733,Q3177438
Q140,P279,Q6667323
Q140,P2670,Q17611534
Q140,P2670,Q98520146
Q1079023,P279,Q13406554
Q1079023,P279,Q841654
Q1079023,P910,Q8355381
Q1079023,P1343,Q2657718
Q82540441,P31,Q21484471
Q82540441,P921,Q1510048
Q82540441,P921,Q2131007
Q82540441,P921,Q3974881
Q241274,P31,Q4167410
Q241274,P1889,Q16877309
Q10264721,P31,Q4167410
Q10264721,P1889,Q2518727
Q7374,P106,Q2526255
Q7374,P106,Q28389
Q7374,P106,Q3282637
Q7374,P106,Q7042855
Q7374,P106,Q578109
Q7374,P106,Q10800557
Q7374,P106,Q2059704
Q7374,P106,Q222344
Q7374,P20,Q86768
Q7374,P19,Q1368969
Q7374,P27,Q145
Q7374,P27,Q30
Q7374,P27,Q174193
Q7374,P31,Q5
Q7374,P910,Q8234729
Q7374,P40,Q271569
Q7374,P26,Q203165
Q7374,P509,Q476921
Q7374,P1343,Q17378135
Q7374,P1343,Q67311526
Q7374,P1343,Q102399187
Q7374,P1343,Q102337153
Q7374,P1343,Q102314012
Q7374,P735,Q3480335
Q7374,P735,Q471788
Q7374,P1412,Q188
Q7374,P1412,Q1860
Q7374,P1196,Q3739104
Q7374,P1283,Q2395037
Q7374,P1455,Q16198872
Q7374,P734,Q16870804
Q7374,P140,Q1841
Q7374,P166,Q292044
Q7374,P166,Q10855271
Q7374,P166,Q12201445
Q7374,P166,Q787148
Q7374,P166,Q833154
Q7374,P166,Q13452524
Q7374,P166,Q1011547
Q7374,P166,Q608967
Q7374,P166,Q105447
Q7374,P166,Q640353
Q7374,P166,Q844273
Q7374,P166,Q716909
Q7374,P1411,Q103360
Q7374,P1411,Q103360
Q7374,P1411,Q103360
Q7374,P1411,Q103360
Q7374,P1411,Q103360
Q7374,P5008,Q5460604
Q7374,P69,Q170027
Q7374,P69,Q7829663
Q7374,P69,Q15274574
Q7374,P136,Q182015
Q7374,P136,Q9503
Q7374,P172,Q6071674
Q7374,P551,Q84
Q7374,P551,Q1368969
Q7374,P737,Q55412
Q7374,P21,Q6581097
Q7374,P6379,Q460889
Q7374,P6379,Q14715515
Q7374,P7084,Q8452797
Q7374,P485,Q17052709
Q7374,P7763,Q73555012
Q365380,P31,Q4167410
Q365380,P1889,Q37568615
Q1142885,P31,Q1151733
Q1142885,P641,Q5369
Q1142885,P910,Q10232444
Q340394,P31,Q4167410
Q340394,P1889,Q37011054
Q2981904,P279,Q5325
Q2981904,P279,Q210729
Q2981904,P279,Q25629903
Q2981904,P1419,Q201717
Q2981904,P1889,Q25629903
Q3571580,P31,Q4167410
Q3571580,P1889,Q37510453
Q692062,P1343,Q2657718
Q692062,P1343,Q63284758
Q692062,P460,Q846570
Q692062,P31,Q1371427
Q813044,P31,Q4167410
Q5287907,P31,Q4167410
Q366459,P31,Q4167410
Q401202,P31,Q4167410
Q401202,P460,Q394492
Q401202,P1889,Q21285888
Q401202,P1889,Q37073276
Q1175048,P31,Q4167410
Q1930187,P31,Q28640
Q1930187,P279,Q15980804
Q1930187,P279,Q482980
Q1930187,P279,Q28640
Q1930187,P425,Q11030
Q1930187,P910,Q7076967
Q1930187,P1963,P800
Q1930187,P1963,P1455
Q1930187,P6186,Q32451653
Q1930187,P1424,Q14458505
Q1930187,P1889,Q1970438
Q1930187,P1889,Q42909
Q213062,P910,Q8817349
Q213062,P279,Q2095
Q213062,P1889,Q289005
Q213062,P1889,Q12157652
Q213062,P366,Q540912
Q213062,P31,Q19861951
Q262031,P31,Q4167410
Q262031,P641,Q5369
Q262031,P279,Q53869933
Q6691,P106,Q49757
Q6691,P106,Q482980
Q6691,P106,Q36180
Q6691,P910,Q7403415
Q6691,P31,Q5
Q6691,P31,Q21070568
Q6691,P31,Q3375719
Q6691,P31,Q5
Q6691,P1050,Q10874
Q6691,P361,Q34726
Q6691,P172,Q539051
Q6691,P103,Q35497
Q6691,P19,Q1379299
Q6691,P1343,Q602358
Q6691,P1343,Q2657718
Q6691,P1343,Q17329836
Q6691,P1343,Q30059240
Q6691,P1343,Q867541
Q6691,P1343,Q51955019
Q6691,P1343,Q47500198
Q6691,P1343,Q67311526
Q6691,P1412,Q35497
Q6691,P136,Q37484
Q6691,P136,Q11820947
Q6691,P20,Q216993
Q6691,P735,Q19826483
Q6691,P5008,Q5460604
Q6691,P21,Q6581097
Q6691,P1889,Q1148172
Q6691,P800,Q8275
Q6691,P800,Q35160
Q6691,P6379,Q1700481
Q6691,P6379,Q214867
Q6691,P6886,Q35497
Q6691,P1441,Q40185
Q4274203,P31,Q101352
Q4274203,P1889,Q242716
Q4274203,P407,Q1860
Q4274203,P460,Q4275617
Q4274203,P282,Q8229
Q491431,P31,Q4167410
Q491431,P1889,Q1848748
Q491431,P1889,Q16274894
Q5228032,P31,Q4167410
Q5228032,P1889,Q37515210
Q2712,P31,Q2755432
Q2712,P178,Q550635
Q2712,P1343,Q27196723
Q2712,P144,Q2679
Q2712,P144,Q2647
Q2712,P1889,Q161081
Q272035,P527,Q962365
Q272035,P527,Q1298969
Q272035,P910,Q18744590
Q272035,P279,Q622821
Q420054,P31,Q621636
Q420054,P910,Q6366422
Q21507748,P31,Q101352
Q21507748,P1889,Q2127927
Q21507748,P282,Q8229
Q340289,P31,Q4167410
Q340289,P1889,Q37125169
Q836925,P1343,Q2041543
Q836925,P1343,Q602358
Q836925,P1343,Q1970746
Q836925,P279,Q10870555
Q836925,P279,Q1190554
Q836925,P1889,Q19504864
Q836925,P527,Q1744220
Q836925,P31,Q2135465
Q1261634,P31,Q4167410
Q1261634,P1889,Q21491506
Q96389934,P31,Q4167410
Q246430,P31,Q4167410
Q246430,P1889,Q37470859
Q246430,P460,Q16289316
Q11241,P279,Q31963
Q11241,P31,Q178659
Q11241,P1889,Q31963
Q868291,P361,Q13406554
Q868291,P2283,Q864897
Q868291,P1889,Q1366722
Q868291,P1889,Q864897
Q868291,P1889,Q1499600
Q868291,P279,Q1656682
Q868291,P31,Q61685689
Q7826223,P31,Q1400264
Q7826223,P159,Q2360428
Q2980362,P31,Q4167410
Q12516,P1419,Q3358290
Q12516,P279,Q41176
Q12516,P910,Q7237020
Q12516,P1552,Q39297
Q12516,P1552,Q1379273
Q12516,P5008,Q5460604
Q12516,P1424,Q13361861
Q12516,P1343,Q867541
Q877517,P279,Q349
Q877517,P279,Q11047409
Q877517,P279,Q11410
Q877517,P910,Q7379346
Q877517,P2283,Q18545
Q877517,P1343,Q602358
Q877517,P31,Q31629
Q877517,P2354,Q11573502
Q16867,P20,Q5092
Q16867,P27,Q30
Q16867,P19,Q100
Q16867,P910,Q8400881
Q16867,P106,Q49757
Q16867,P106,Q36180
Q16867,P106,Q11774202
Q16867,P106,Q4263842
Q16867,P106,Q214917
Q16867,P106,Q1930187
Q16867,P106,Q18844224
Q16867,P106,Q10297252
Q16867,P106,Q6625963
Q16867,P106,Q482980
Q16867,P106,Q822146
Q16867,P26,Q2377500
Q16867,P735,Q2660560
Q16867,P735,Q2616573
Q16867,P69,Q213439
Q16867,P69,Q9219
Q16867,P119,Q129795
Q16867,P172,Q846570
Q16867,P1343,Q867541
Q16867,P1343,Q19180675
Q16867,P1343,Q602358
Q16867,P1343,Q17378135
Q16867,P1343,Q2041543
Q16867,P1343,Q67311526
Q16867,P1343,Q99413897
Q16867,P800,Q465395
Q16867,P800,Q379449
Q16867,P800,Q459667
Q16867,P800,Q878571
Q16867,P800,Q762206
Q16867,P800,Q615383
Q16867,P800,Q22726
Q16867,P800,Q733448
Q16867,P800,Q878580
Q16867,P800,Q1197735
Q16867,P800,Q1275853
Q16867,P22,Q3018630
Q16867,P25,Q2663300
Q16867,P135,Q37068
Q16867,P241,Q9212
Q16867,P136,Q186424
Q16867,P136,Q19715429
Q16867,P136,Q1418745
Q16867,P3373,Q918138
Q16867,P3373,Q3442219
Q16867,P734,Q16881297
Q16867,P734,Q54870920
Q16867,P1412,Q1860
Q16867,P2632,Q6927593
Q16867,P21,Q6581097
Q16867,P6379,Q1700481
Q16867,P6379,Q214867
Q16867,P6886,Q1860
Q16867,P39,Q589298
Q16867,P7763,Q71887839
Q16867,P485,Q5671855
Q16867,P31,Q5
Q452097,P31,Q4167410
Q452097,P1889,Q13947890
Q366806,P1889,Q847179
Q366806,P1889,Q37439936
Q366806,P460,Q248468
Q366806,P31,Q4167410
Q7396324,P460,Q15304496
Q7396324,P31,Q157811
Q7396324,P1269,Q432
Q235249,P31,Q4167410
Q235249,P1889,Q37131685
Q235249,P910,Q16816573
Q43059,P910,Q8390433
Q43059,P1963,P17
Q43059,P1963,P580
Q43059,P1963,P582
Q43059,P1269,Q25261
Q43059,P1552,Q19829125
Q43059,P31,Q813912
Q43059,P279,Q6823473
Q43059,P1343,Q4086271
Q43059,P1343,Q16387823
Q43059,P1343,Q1768721
Q43059,P5008,Q69524601
Q49136,P31,Q595452
Q49136,P17,Q30
Q49136,P910,Q8446592
Q49136,P127,Q1324524
Q49136,P137,Q1324524
Q49136,P131,Q8050471
Q49136,P631,Q7105755
Q49136,P466,Q213959
Q49136,P641,Q5369
Q49136,P1435,Q19558910
Q49136,P793,Q27136782
Q49136,P276,Q100
Q49136,P30,Q49
Q621206,P31,Q16748888
Q621206,P31,Q60539481
Q621206,P361,Q9357054
Q621206,P361,Q77468620
Q621206,P1343,Q1970746
Q4842185,P31,Q101352
Q4842185,P282,Q8229
Q4842185,P407,Q1860
Q833899,P31,Q28640
Q833899,P31,Q4164871
Q833899,P279,Q54128
Q833899,P279,Q13472752
Q833899,P910,Q9505753
Q833899,P1889,Q2664624
Q5384104,P31,Q4167410
Q1411588,P31,Q4167410
Q1411588,P1889,Q21493866
Q355553,P31,Q4167410
Q355553,P1889,Q29808580
Q355553,P1889,Q16275835
Q355553,P1889,Q29533598
Q355553,P1889,Q1001487
Q411843,P31,Q4167410
Q411843,P1889,Q16870325
Q960201,P31,Q4167410
Q960201,P1889,Q3881656
Q960201,P1889,Q37451939
Q1805519,P31,Q4167410
Q1805519,P1889,Q37486140
Q21450307,P31,Q101352
Q21450307,P1889,Q1677892
Q21450307,P282,Q8229
Q295966,P31,Q4167410
Q295966,P1889,Q16290555
Q295966,P1889,Q16876201
Q295966,P460,Q21048961
Q295966,P460,Q1175518
Q231528,P31,Q4167410
Q231528,P1889,Q18324370
Q231528,P1889,Q568872
Q296419,P31,Q4167410
Q296419,P1889,Q16280548
Q296419,P1889,Q51693564
Q293216,P31,Q4167410
Q3547777,P31,Q4167410
Q3547777,P1889,Q93442417
Q223941,P31,Q4167410
Q223941,P1889,Q1158605
Q223941,P1889,Q16622960
Q2258881,P31,Q55983715
Q2258881,P1343,Q2657718
Q2258881,P1343,Q602358
Q2258881,P1343,Q19180675
Q2258881,P1343,Q1970746
Q2258881,P1343,Q1768721
Q2258881,P1889,Q2857311
Q2258881,P279,Q600396
Q2258881,P279,Q192935
Q2258881,P279,Q15504328
Q4860504,P31,Q4167410
Q189409,P910,Q8811839
Q189409,P279,Q11416
Q189409,P1382,Q576645
Q3537455,P279,Q201664
Q1140647,P641,Q5369
Q1140647,P279,Q1063937
Q442118,P31,Q4167410
Q1209293,P31,Q4167410
Q1209293,P1889,Q16869551
Q1521451,P138,Q205186
Q1521451,P910,Q8873422
Q1198553,P279,Q1048902
Q1198553,P31,Q1151733
Q1198553,P641,Q5369
Q4951615,P31,Q28829877
Q23622,P279,Q13136
Q23622,P279,Q6423319
Q23622,P279,Q47461344
Q23622,P910,Q7137948
Q23622,P1343,Q2041543
Q23622,P1343,Q602358
Q23622,P1343,Q4532138
Q23622,P1557,Q8380731
Q23622,P2737,Q23766486
Q23622,P2738,Q23766486
Q23622,P31,Q223393
Q23622,P1889,Q47459830
Q23622,P1889,Q91828006
Q23622,P2184,Q3137844
Q863752,P31,Q4167410
Q863752,P1889,Q2257342
Q863752,P1889,Q865993
Q863752,P1889,Q14915263
Q16876573,P31,Q4167410
Q16876573,P1889,Q847946
Q448157,P31,Q4167410
Q448157,P1889,Q16865687
Q1181229,P31,Q4167410
Q665141,P361,Q2334719
Q665141,P279,Q327197
Q665141,P279,Q846882
Q665141,P1343,Q2041543
Q665141,P1343,Q4532138
Q665141,P910,Q8345641
Q7972881,P780,Q718113
Q7972881,P31,Q179630
Q7972881,P5008,Q4099686
Q7972881,P279,Q102187407
Q21493805,P31,Q101352
Q21493805,P31,Q3342913
Q21493805,P1889,Q1491697
Q21493805,P282,Q8229
Q21493805,P407,Q8752
Q21493805,P407,Q1321
Q5948755,P31,Q4167410
Q164444,P910,Q8475754
Q164444,P31,Q188451
Q164444,P495,Q30
Q164444,P279,Q638
Q164444,P279,Q45981
Q164444,P5008,Q15304953
Q164444,P3095,Q74093582
Q2791,P20,Q1018681
Q2791,P31,Q5
Q2791,P19,Q838143
Q2791,P106,Q1250916
Q2791,P106,Q1259323
Q2791,P106,Q1397808
Q2791,P509,Q12192
Q2791,P27,Q30
Q2791,P27,Q96
Q2791,P1343,Q12912667
Q2791,P1343,Q67311526
Q2791,P1196,Q3739104
Q2791,P1412,Q1321
Q2791,P2632,Q387656
Q2791,P910,Q28433337
Q2791,P101,Q1074730
Q2791,P21,Q6581097
Q2791,P119,Q503336
Q345289,P31,Q4167410
Q345289,P1889,Q1683068
Q345289,P1889,Q16862987
Q345289,P1889,Q12397467
Q345289,P1889,Q20541955
Q345289,P1889,Q12397464
Q345289,P460,Q1683068
Q236377,P31,Q4167410
Q236377,P1889,Q663072
Q236377,P1889,Q18211343
Q236377,P460,Q246872
Q236377,P460,Q1251911
Q36864,P910,Q7459420
Q36864,P31,Q4936952
Q36864,P1889,Q65924765
Q36864,P279,Q66568863
Q36864,P1343,Q602358
Q36864,P1343,Q19190511
Q8495,P910,Q8931243
Q8495,P279,Q2095
Q8495,P279,Q40050
Q8495,P279,Q25403900
Q8495,P279,Q185217
Q8495,P279,Q1058795
Q8495,P279,Q187634
Q8495,P462,Q23444
Q8495,P1582,Q7377
Q8495,P1343,Q2657718
Q8495,P1343,Q2041543
Q8495,P1343,Q602358
Q8495,P1343,Q19190511
Q8495,P1343,Q19190511
Q8495,P2849,Q189961
Q8495,P2959,Q13202804
Q8495,P527,Q29053744
Q8495,P527,Q8054
Q8495,P527,Q127980
Q8495,P527,Q2314
Q8495,P5008,Q5460604
Q8495,P1889,Q10856507
Q8495,P1889,Q10988133
Q224317,P31,Q4167410
Q224317,P1889,Q37521288
Q4865573,P1343,Q2041543
Q4865573,P460,Q264619
Q4865573,P1889,Q896901
Q4865573,P31,Q1039303
Q201948,P31,Q28640
Q201948,P279,Q4991371
Q201948,P910,Q8755543
Q201948,P460,Q3529376
Q201948,P2283,Q190570
Q5769828,P31,Q4167410
Q174493,P641,Q5369
Q174493,P31,Q4897819
Q174493,P828,Q713493
Q174493,P828,Q1202128
Q174493,P828,Q587180
Q174493,P828,Q1326574
Q174493,P2283,Q105674
Q174493,P2283,Q1141258
Q174493,P2283,Q1195130
Q174493,P279,Q10871364
Q174493,P1542,Q1210151
Q174493,P1542,Q1153773
Q174493,P1542,Q79240558
Q274782,P5008,Q13382529
Q9614,P31,Q4936952
Q9614,P910,Q6923133
Q9614,P366,Q124794
Q9614,P366,Q1322198
Q9614,P366,Q2917928
Q9614,P1343,Q19558994
Q9614,P1343,Q602358
Q9614,P1343,Q63284758
Q9614,P1343,Q19180675
Q9614,P2286,Q497582
Q9614,P2286,Q486797
Q9614,P2289,Q5306281
Q9614,P2959,Q12715474
Q9614,P1889,Q34770
Q9614,P279,Q66561296
Q402958,P31,Q4167410
Q885500,P31,Q4167410
Q230112,P31,Q4167410
Q230112,P1889,Q37182435
Q230112,P1889,Q2739593
Q25372,P279,Q7725634
Q25372,P279,Q3831138
Q25372,P910,Q7149649
Q25372,P460,Q2430899
Q25372,P460,Q21010853
Q25372,P31,Q621993
Q25372,P31,Q223393
Q25372,P31,Q4263830
Q25372,P1889,Q21010853
Q25372,P1889,Q492537
Q25372,P1889,Q130232
Q25372,P2959,Q27131234
Q25372,P1343,Q19180675
Q25372,P1151,Q42353171
Q408620,P31,Q4167410
Q408620,P1889,Q37310209
Q366791,P279,Q775842
Q366791,P279,Q2393196
Q366791,P361,Q77468620
Q366791,P31,Q775842
Q366791,P31,Q2393196
Q366791,P1269,Q9418
Q5197096,P31,Q101352
Q5197096,P460,Q36873780
Q5197096,P282,Q8229
Q139090,P31,Q4167410
Q139090,P1889,Q37474734
Q21500710,P31,Q101352
Q21500710,P1889,Q15199393
Q21500710,P282,Q8229
Q395161,P31,Q4167410
Q395161,P460,Q29618767
Q395161,P460,Q16266033
Q395161,P1889,Q18177136
Q395161,P1889,Q18325135
Q395161,P1889,Q971545
Q29430189,P31,Q4167410
Q29430189,P1889,Q37108481
Q29430189,P1889,Q5582164
Q29430189,P460,Q27793457
Q29430189,P460,Q229148
Q29430189,P460,Q294094
Q5608762,P31,Q101352
Q5608762,P282,Q8229
Q5608762,P1889,Q48694857
Q190170,P31,Q4167410
Q190170,P1889,Q3446260
Q190170,P1889,Q2732758
Q190170,P1889,Q102046262
Q190170,P1889,Q2393645
Q190170,P1343,Q19180675
Q1158485,P31,Q11455398
Q1158485,P31,Q101352
Q1158485,P2354,Q6633258
Q1158485,P1889,Q217460
Q1158485,P407,Q1860
Q1158485,P282,Q8229
Q1158485,P460,Q423413
Q1158485,P460,Q41489507
Q1158485,P460,Q21491316
Q1158485,P460,Q37532457
Q1158485,P460,Q54333535
Q1158485,P460,Q1682998
Q1775176,P31,Q4167410
Q1775176,P1889,Q426463
Q1775176,P1889,Q768196
Q1775176,P460,Q5048384
Q1775176,P460,Q30281
Q1775176,P460,Q2295610
Q1775176,P460,Q22153037
Q1775176,P460,Q12795258
Q1775176,P460,Q13606790
Q1775176,P910,Q56758926
Q21454385,P31,Q101352
Q21454385,P1889,Q2117279
Q21454385,P282,Q8229
Q422814,P31,Q4167410
Q8058705,P31,Q101352
Q8058705,P282,Q8229
Q8058705,P407,Q1860
Q4734649,P31,Q4167410
Q1119151,P31,Q101352
Q1119151,P1889,Q232420
Q1119151,P2354,Q20007525
Q1119151,P407,Q1860
Q1119151,P282,Q8229
Q1119151,P460,Q1095787
Q1119151,P460,Q37437203
Q1119151,P460,Q39069607
Q20996277,P31,Q101352
Q20996277,P1889,Q9268085
Q20996277,P282,Q8229
Q147942,P31,Q4167410
Q147942,P1889,Q6404193
Q147942,P1889,Q2716369
Q420860,P31,Q4167410
Q420860,P1889,Q37540136
Q18599200,P31,Q101352
Q18599200,P1889,Q1293075
Q18599200,P282,Q8229
Q18599200,P460,Q20997721
Q346944,P31,Q4167410
Q346944,P1889,Q4009024
Q346944,P1889,Q37505856
Q414635,P31,Q4167410
Q414635,P1889,Q20995863
Q1415559,P31,Q5398426
Q1415559,P136,Q5434357
Q1415559,P1811,Q4436847
Q1415559,P449,Q1572845
Q1415559,P495,Q30
Q1415559,P161,Q358306
Q1415559,P750,Q2996530
Q1415559,P750,Q135288
Q1415559,P407,Q1860
Q1415559,P144,Q1046812
Q1415559,P1889,Q1164748
Q1415559,P156,Q1164748
Q1415559,P272,Q515708
Q1030026,P31,Q4167410
Q773108,P361,Q38695
Q773108,P279,Q10843872
Q773108,P121,Q2596997
Q773108,P121,Q189567
Q773108,P121,Q42527
Q4661718,P31,Q2281940
Q4661718,P279,Q4456813
Q42586,P910,Q8409756
Q42586,P1343,Q19558994
Q42586,P31,Q4936952
Q42586,P527,Q11611456
Q42586,P2286,Q6056249
Q42586,P279,Q66516261
Q959664,P279,Q2285706
Q959664,P460,Q14212
Q80284,P279,Q57050725
Q80284,P910,Q8911837
Q80284,P1889,Q22329414
Q80284,P1535,Q899758
Q80284,P1343,Q19180675
Q80284,P1343,Q602358
Q80284,P1343,Q27680201
Q80284,P1343,Q4532135
Q80284,P1343,Q602358
Q80284,P1343,Q602358
Q80284,P361,Q1365097
Q80284,P3095,Q899758
Q80284,P166,Q48757486
Q4184,P279,Q36279
Q4184,P279,Q17108519
Q4184,P910,Q7042620
Q4184,P31,Q223393
Q4184,P1343,Q2657718
Q4184,P1889,Q112983
Q4184,P461,Q60572872
Q932981,P17,Q30
Q932981,P31,Q1093829
Q932981,P131,Q509798
Q932981,P910,Q8646104
Q932981,P1464,Q26919664
Q932981,P1792,Q8743085
Q932981,P1465,Q32756112
Q932981,P1376,Q509798
Q932981,P421,Q941023
Q38571,P31,Q39367
Q38571,P495,Q145
Q38571,P910,Q55330404
Q1148233,P118,Q1163715
Q1148233,P115,Q3495641
Q1148233,P115,Q285467
Q1148233,P127,Q328699
Q1148233,P127,Q2977084
Q1148233,P127,Q3176714
Q1148233,P822,Q18329741
Q1148233,P822,Q3572884
Q1148233,P31,Q13027888
Q1148233,P17,Q16
Q1148233,P910,Q8640177
Q1148233,P641,Q5369
Q1148233,P138,Q1344988
Q1190136,P31,Q4167410
Q1190136,P1889,Q20742786
Q1190136,P1889,Q36924506
Q384013,P31,Q4167410
Q1338914,P279,Q13136
Q1338914,P279,Q98149704
Q1338914,P138,Q33767
Q1338914,P138,Q571
Q7253228,P31,Q4167410
Q7253228,P1889,Q37121670
Q614379,P279,Q327065
Q614379,P279,Q76419950
Q1571343,P31,Q4167410
Q1571343,P1889,Q3959296
Q1571343,P1889,Q37517944
Q2866615,P31,Q101352
Q2866615,P1889,Q341701
Q2866615,P282,Q8229
Q131696,P186,Q28823
Q131696,P186,Q11472
Q131696,P279,Q98792614
Q131696,P279,Q1521410
Q131696,P276,Q43164
Q131696,P276,Q190771
Q131696,P276,Q628858
Q131696,P276,Q42177
Q131696,P910,Q48676558
Q131696,P1343,Q1768721
Q131696,P5008,Q99671171
Q7857,P910,Q6151462
Q7857,P361,Q7813355
Q7857,P1269,Q949149
Q7857,P1343,Q2041543
Q7857,P31,Q337060
Q7857,P279,Q2024731
Q7857,P279,Q13226383
Q534851,P641,Q5369
Q534851,P279,Q2999029
Q534851,P17,Q30
Q534851,P1542,Q1210151
Q534851,P1479,Q21171241
Q350554,P31,Q4167410
Q5059480,P31,Q1151733
Q5059480,P279,Q1142885
Q451942,P31,Q4167410
Q7418497,P31,Q4167410
Q2487946,P31,Q4167410
Q360373,P31,Q4167410
Q360373,P1889,Q37535726
Q3323415,P279,Q1148747
Q3323415,P1552,Q443564
Q645734,P31,Q12308941
Q645734,P460,Q3480335
Q645734,P460,Q18147377
Q645734,P460,Q18147383
Q645734,P460,Q913073
Q645734,P407,Q1321
Q645734,P1889,Q3611311
Q645734,P282,Q8229
Q645734,P1533,Q37559097
Q225343,P31,Q4167410
Q269040,P31,Q4167410
Q269040,P1889,Q20995742
Q1009737,P31,Q4167410
Q1009737,P1889,Q37435967
Q12638,P910,Q8501269
Q12638,P279,Q1167393
Q12175844,P31,Q101352
Q12175844,P31,Q11455398
Q12175844,P31,Q110874
Q12175844,P1889,Q1613768
Q12175844,P460,Q27180733
Q12175844,P282,Q8229
Q12175844,P407,Q1321
Q21494484,P31,Q101352
Q21494484,P31,Q829026
Q21494484,P1889,Q6890150
Q21494484,P282,Q8229
Q21494484,P407,Q188
Q21494484,P460,Q1184002
Q21494484,P460,Q3869252
Q21494484,P460,Q3860267
Q21494484,P460,Q8157228
Q386128,P31,Q4167410
Q386128,P1889,Q2110096
Q386128,P1889,Q16931215
Q386128,P1889,Q20713412
Q386128,P460,Q351086
Q1342,P190,Q1647
Q1342,P190,Q384
Q1342,P190,Q47062
Q1342,P190,Q43070
Q1342,P190,Q1435
Q1342,P190,Q8385
Q1342,P190,Q26119
Q1342,P190,Q272471
Q1342,P190,Q472
Q1342,P190,Q42448
Q1342,P190,Q134635
Q1342,P190,Q8692
Q1342,P190,Q11746
Q1342,P190,Q93910
Q1342,P190,Q489865
Q1342,P190,Q152418
Q1342,P190,Q133116
Q1342,P190,Q1520
Q1342,P190,Q81046
Q1342,P190,Q25282
Q1342,P190,Q1965822
Q1342,P190,Q1042254
Q1342,P190,Q1724
Q1342,P190,Q1647829
Q1342,P190,Q25282
Q1342,P190,Q219574
Q1342,P190,Q93338
Q1342,P31,Q21010817
Q1342,P31,Q62049
Q1342,P31,Q1549591
Q1342,P17,Q30
Q1342,P131,Q156291
Q1342,P163,Q5456801
Q1342,P1151,Q11241599
Q1342,P910,Q6449083
Q1342,P112,Q36747
Q1342,P112,Q3181518
Q1342,P112,Q23
Q1342,P138,Q208663
Q1342,P1464,Q9226456
Q1342,P1465,Q9219494
Q1342,P1740,Q85546408
Q1342,P1792,Q8068218
Q1342,P421,Q941023
Q1342,P206,Q4915
Q1342,P206,Q686021
Q1342,P206,Q643780
Q1342,P1376,Q156291
Q1342,P1343,Q2041543
Q1342,P1791,Q29334139
Q1342,P1313,Q19848507
Q1342,P1313,Q62476376
Q1342,P2184,Q5865954
Q1342,P6,Q4910457
Q1342,P6,Q766320
Q1342,P6,Q888181
Q1342,P793,Q977428
Q1342,P7867,Q84134789
Q1342,P8744,Q5333746
Q19828518,P31,Q12308941
Q19828518,P1889,Q7308181
Q19828518,P282,Q8229
Q19828518,P1533,Q37311968
Q299609,P31,Q4167410
Q299609,P1889,Q28411483
Q1154763,P641,Q5369
Q1154763,P279,Q1153773
Q1154763,P279,Q2995644
Q1154763,P17,Q30
Q1154763,P828,Q850520
Q21493221,P31,Q101352
Q21493221,P1889,Q2440818
Q21493221,P282,Q8229
Q21493221,P407,Q1860
Q25113826,P282,Q8229
Q25113826,P31,Q202444
Q25113826,P1533,Q37445651
Q25113826,P460,Q18338316
Q151771,P279,Q8205328
Q151771,P1343,Q2657718
Q151771,P366,Q1242123
Q151771,P910,Q9039116
Q151771,P1889,Q3666103
Q151771,P1889,Q5032000
Q151771,P1889,Q548275
Q151771,P1889,Q191709
Q151771,P2789,Q12888135
Q6497468,P279,Q1410477
Q868291,P361,Q13406554
Q868291,P2283,Q864897
Q868291,P1889,Q1366722
Q868291,P1889,Q864897
Q868291,P1889,Q1499600
Q868291,P279,Q1656682
Q868291,P31,Q61685689
Q15930574,P31,Q12308941
Q15930574,P1533,Q18343066
Q15930574,P460,Q3894860
Q15930574,P460,Q25929384
Q15930574,P460,Q16274754
Q15930574,P460,Q39753486
Q15930574,P1750,Q2854
Q15930574,P1889,Q911733
Q15930574,P407,Q1860
Q15930574,P407,Q7411
Q15930574,P1560,Q27229291
Q15930574,P282,Q8229
Q15930574,P5323,Q21644845
Q1477870,P31,Q4167410
Q1477870,P1889,Q37016536
Q1592947,P31,Q4167410
Q1592947,P1889,Q16870641
Q179630,P279,Q7189713
Q179630,P279,Q12136
Q179630,P279,Q169872
Q179630,P910,Q6500135
Q179630,P31,Q210588
Q179630,P527,Q169872
Q179630,P5008,Q4099686
Q352340,P31,Q4167410
Q4800947,P31,Q4167410
Q1189648,P31,Q4167410
Q1189648,P1889,Q16275497
Q1189648,P1889,Q16869517
Q684,P31,Q23718
Q684,P461,Q679
Q684,P461,Q659
Q684,P461,Q667
Q684,P2959,Q26885411
Q684,P1792,Q6825338
Q684,P910,Q23759323
Q684,P1343,Q2041543
Q684,P1889,Q1581685
Q684,P1889,Q219304
Q684,P1889,Q416581
Q684,P1889,Q1217831
Q684,P1889,Q562817
Q684,P1889,Q13722788
Q684,P1889,Q15138819
Q684,P1889,Q1509923
Q684,P1889,Q2435432
Q684,P1889,Q51945964
Q684,P1889,Q417276
Q684,P1889,Q5303890
Q375353,P21,Q6581097
Q375353,P31,Q5
Q375353,P106,Q2304859
Q375353,P27,Q11768
Q375353,P39,Q37110
Q375353,P40,Q1000926
Q375353,P97,Q37110
Q375353,P53,Q721807
Q375353,P119,Q685414
Q1178980,P31,Q4167410
Q1178980,P460,Q27973696
Q27786603,P31,Q4167410
Q1688874,P31,Q4167410
Q1688874,P910,Q10079792
Q1139327,P279,Q52948
Q1139327,P910,Q8663917
Q1139327,P3095,Q64025582
Q356163,P31,Q4167410
Q356163,P1889,Q16876398
Q396677,P31,Q4167410
Q396677,P1889,Q7416026
Q246162,P31,Q4167410
Q246162,P1889,Q23695473
Q246162,P1889,Q11879325
Q246162,P1889,Q29550567
Q246162,P460,Q20126902
Q1520777,P461,Q13649246
Q1520777,P1424,Q7959380
Q1520777,P279,Q9081
Q1520777,P1889,Q1048607
Q1520777,P1889,Q7949
Q1520777,P361,Q77468620
Q1520777,P527,Q7949
Q1520777,P527,Q1048607
Q1520777,P460,Q9081
Q1520777,P31,Q54989186
Q1520777,P1269,Q9471
Q359055,P31,Q4167410
Q445257,P31,Q4167410
Q1182691,P31,Q4167410
Q2151672,P31,Q4167410
Q2151672,P1889,Q28701948
Q2151672,P1889,Q37472336
Q2151672,P460,Q413040
Q650483,P910,Q9174686
Q650483,P31,Q4894405
Q650483,P3095,Q13219447
Q650483,P3095,Q15941595
Q650483,P3095,Q11313148
Q650483,P279,Q1391316
Q650483,P279,Q1262864
Q21498310,P31,Q101352
Q21498310,P1889,Q7999588
Q21498310,P282,Q8229
Q27436686,P31,Q101352
Q27436686,P1889,Q742528
Q27436686,P282,Q8229
Q27436686,P407,Q1321
Q27436686,P361,Q77444241
Q1101511,P31,Q4167410
Q1101511,P1889,Q16865632
Q226553,P31,Q4167410
Q226553,P1889,Q1899888
Q226553,P1889,Q1128028
Q226553,P460,Q349577
Q5611311,P31,Q4167410
Q1211934,P31,Q11042
Q1211934,P2579,Q1109432
Q1211934,P279,Q846570
Q6806971,P31,Q4167410
Q5611872,P361,Q1721219
Q293243,P31,Q4167410
Q293243,P1889,Q3645206
Q293243,P1889,Q13583489
Q293243,P460,Q16353253
Q257033,P31,Q4167410
Q257033,P1889,Q15731759
Q257033,P1889,Q15731758
Q257033,P1889,Q42424526
Q424844,P31,Q4167410
Q1226915,P31,Q4167410
Q1226915,P1889,Q23805597
Q1226915,P1889,Q1226907
Q1226915,P1889,Q1226921
Q234513,P31,Q4167410
Q234513,P1889,Q37557468
Q299427,P31,Q4167410
Q299427,P460,Q2232784
Q299427,P460,Q298949
Q299427,P1889,Q37446772
Q230213,P31,Q4167410
Q230213,P1889,Q26197328
Q230213,P1889,Q1002298
Q230213,P1889,Q60793662
Q6750969,P31,Q12308941
Q6750969,P1889,Q6750967
Q6750969,P282,Q8229
Q6750969,P1533,Q37007783
Q6750969,P460,Q11113719
Q6750969,P460,Q20000560
Q6750969,P460,Q6750835
Q226485,P31,Q4167410
Q226485,P1889,Q40780438
Q226485,P1889,Q9239260
Q226485,P1889,Q1351911
Q226485,P1889,Q550510
Q226485,P1889,Q64138864
Q226485,P1889,Q651548
Q226485,P460,Q1988607
Q250147,P31,Q4167410
Q250147,P1889,Q21504841
Q250147,P1889,Q66711964
Q21492945,P31,Q101352
Q21492945,P1889,Q1112328
Q21492945,P282,Q8229
Q5364218,P641,Q5369
Q21071764,P31,Q4167410
Q159394,P279,Q24571167
Q159394,P279,Q28056401
Q159394,P1889,Q28056401
Q159394,P1343,Q19190511
Q159394,P460,Q531290
Q837675,P1343,Q2041543
Q837675,P910,Q8569256
Q837675,P279,Q16334295
Q837675,P527,Q6132347
Q837675,P527,Q16102026
Q837675,P1269,Q41487
Q107444,P279,Q154038
Q107444,P910,Q65548673
Q1667517,P31,Q4167410
Q1667517,P1889,Q37481821
Q902107,P31,Q4167410
Q18533467,P460,Q463035
Q18533467,P460,Q18606338
Q18533467,P31,Q12308941
Q18533467,P1889,Q11823863
Q18533467,P282,Q8229
Q18533467,P1533,Q37554916
Q18533467,P407,Q1860
Q18533467,P1343,Q151
Q34201,P21,Q6581097
Q34201,P22,Q44204
Q34201,P40,Q40901
Q34201,P40,Q35500
Q34201,P40,Q37340
Q34201,P40,Q44384
Q34201,P40,Q39503
Q34201,P40,Q41484
Q34201,P40,Q45967
Q34201,P40,Q41680
Q34201,P40,Q164061
Q34201,P40,Q201411
Q34201,P40,Q2294502
Q34201,P40,Q108019
Q34201,P40,Q104425
Q34201,P40,Q104413
Q34201,P40,Q104042
Q34201,P40,Q104012
Q34201,P40,Q104002
Q34201,P40,Q103992
Q34201,P40,Q103975
Q34201,P40,Q103968
Q34201,P40,Q23168
Q34201,P40,Q165938
Q34201,P40,Q176283
Q34201,P40,Q206187
Q34201,P40,Q505207
Q34201,P40,Q649476
Q34201,P40,Q690388
Q34201,P40,Q3523555
Q34201,P40,Q461212
Q34201,P40,Q94066
Q34201,P40,Q131125
Q34201,P40,Q16737262
Q34201,P40,Q12046224
Q34201,P40,Q210871
Q34201,P40,Q11762480
Q34201,P40,Q122248
Q34201,P40,Q130832
Q34201,P40,Q1065774
Q34201,P40,Q1493870
Q34201,P40,Q3088918
Q34201,P40,Q2445677
Q34201,P40,Q2631851
Q34201,P40,Q10404083
Q34201,P40,Q182101
Q34201,P40,Q242835
Q34201,P40,Q2849878
Q34201,P40,Q196865
Q34201,P40,Q214987
Q34201,P40,Q465875
Q34201,P40,Q689422
Q34201,P40,Q920416
Q34201,P40,Q1260484
Q34201,P40,Q4439972
Q34201,P40,Q747657
Q34201,P40,Q1235379
Q34201,P40,Q21547790
Q34201,P40,Q502156
Q34201,P40,Q3884191
Q34201,P40,Q606422
Q34201,P40,Q831577
Q34201,P40,Q22965389
Q34201,P40,Q7559062
Q34201,P40,Q102884
Q34201,P40,Q656887
Q34201,P40,Q849438
Q34201,P40,Q31256
Q34201,P40,Q16939289
Q34201,P40,Q917719
Q34201,P40,Q193609
Q34201,P40,Q6411764
Q34201,P40,Q1663351
Q34201,P40,Q5184296
Q34201,P40,Q675699
Q34201,P40,Q2723170
Q34201,P40,Q47456662
Q34201,P40,Q587457
Q34201,P40,Q762520
Q34201,P40,Q684590
Q34201,P40,Q1636827
Q34201,P40,Q1919421
Q34201,P40,Q3218512
Q34201,P40,Q3303321
Q34201,P40,Q140406
Q34201,P40,Q381931
Q34201,P40,Q180325
Q34201,P40,Q1073827
Q34201,P40,Q591622
Q34201,P40,Q742680
Q34201,P40,Q676834
Q34201,P40,Q1245211
Q34201,P40,Q20021007
Q34201,P40,Q753294
Q34201,P40,Q829669
Q34201,P40,Q898947
Q34201,P40,Q1884324
Q34201,P40,Q3043953
Q34201,P40,Q7674863
Q34201,P40,Q5185729
Q34201,P40,Q213440
Q34201,P40,Q272047
Q34201,P40,Q978079
Q34201,P40,Q12873353
Q34201,P40,Q3178796
Q34201,P40,Q607170
Q34201,P40,Q9164605
Q34201,P40,Q21560612
Q34201,P40,Q336428
Q34201,P40,Q5039725
Q34201,P40,Q1317994
Q34201,P40,Q2991388
Q34201,P40,Q2705874
Q34201,P40,Q615912
Q34201,P40,Q1134694
Q34201,P40,Q131575
Q34201,P40,Q622781
Q34201,P40,Q789715
Q34201,P40,Q1917132
Q34201,P40,Q132582
Q34201,P40,Q644285
Q34201,P40,Q1977078
Q34201,P40,Q184353
Q34201,P40,Q10385917
Q34201,P40,Q11710892
Q34201,P40,Q42325304
Q34201,P40,Q1509780
Q34201,P40,Q16328302
Q34201,P40,Q15837391
Q34201,P40,Q26276980
Q34201,P40,Q21548017
Q34201,P40,Q55413484
Q34201,P40,Q29165739
Q34201,P40,Q4998063
Q34201,P40,Q16329811
Q34201,P40,Q4213389
Q34201,P40,Q56703482
Q34201,P40,Q2361827
Q34201,P40,Q5115016
Q34201,P40,Q631406
Q34201,P40,Q2753233
Q34201,P40,Q58919198
Q34201,P40,Q59221715
Q34201,P40,Q59551326
Q34201,P40,Q60179493
Q34201,P40,Q60180121
Q34201,P40,Q20190414
Q34201,P40,Q60320570
Q34201,P40,Q140001
Q34201,P40,Q60633511
Q34201,P40,Q60686327
Q34201,P40,Q61673683
Q34201,P40,Q190103
Q34201,P40,Q122248
Q34201,P40,Q37122
Q34201,P25,Q108419
Q34201,P31,Q842697
Q34201,P31,Q22989102
Q34201,P31,Q1589492
Q34201,P910,Q7473402
Q34201,P26,Q190565
Q34201,P26,Q159168
Q34201,P26,Q38012
Q34201,P1049,Q34726
Q34201,P460,Q4649
Q34201,P460,Q206561
Q34201,P460,Q19946374
Q34201,P460,Q58373
Q34201,P460,Q2110728
Q34201,P460,Q42952
Q34201,P263,Q80344
Q34201,P1343,Q19180675
Q34201,P1343,Q602358
Q34201,P1343,Q16082057
Q34201,P1343,Q867541
Q34201,P1343,Q4086271
Q34201,P1343,Q30059240
Q34201,P1343,Q602358
Q34201,P1343,Q602358
Q34201,P1343,Q602358
Q34201,P451,Q321298
Q34201,P451,Q103107
Q34201,P451,Q182019
Q34201,P451,Q4687519
Q34201,P451,Q190543
Q34201,P451,Q21548593
Q34201,P451,Q461439
Q34201,P451,Q28563696
Q34201,P451,Q12878717
Q34201,P451,Q203673
Q34201,P451,Q1734053
Q34201,P451,Q18481886
Q34201,P451,Q1059487
Q34201,P451,Q2344103
Q34201,P451,Q190582
Q34201,P451,Q40730
Q34201,P451,Q18470264
Q34201,P451,Q199923
Q34201,P451,Q1133495
Q34201,P451,Q858663
Q34201,P451,Q165170
Q34201,P451,Q29464889
Q34201,P451,Q548099
Q34201,P451,Q93172
Q34201,P451,Q764777
Q34201,P451,Q1627823
Q34201,P451,Q179014
Q34201,P451,Q4202635
Q34201,P451,Q1237345
Q34201,P451,Q1601938
Q34201,P451,Q2002158
Q34201,P451,Q205233
Q34201,P451,Q102884
Q34201,P451,Q1072573
Q34201,P451,Q1242355
Q34201,P451,Q3357642
Q34201,P451,Q3085116
Q34201,P451,Q45967
Q34201,P451,Q2099776
Q34201,P451,Q662968
Q34201,P451,Q1572248
Q34201,P451,Q131585
Q34201,P451,Q776139
Q34201,P451,Q112001
Q34201,P451,Q3086495
Q34201,P451,Q29166150
Q34201,P451,Q1388093
Q34201,P451,Q35500
Q34201,P451,Q1722781
Q34201,P451,Q22906256
Q34201,P451,Q2723576
Q34201,P451,Q622809
Q34201,P451,Q103975
Q34201,P451,Q726279
Q34201,P451,Q185670
Q34201,P451,Q178417
Q34201,P451,Q5414012
Q34201,P451,Q634575
Q34201,P451,Q20100712
Q34201,P451,Q57245646
Q34201,P451,Q58619667
Q34201,P451,Q58818193
Q34201,P451,Q58852764
Q34201,P451,Q59221658
Q34201,P451,Q61046103
Q34201,P451,Q185747
Q34201,P451,Q200073
Q34201,P3373,Q38012
Q34201,P3373,Q41410
Q34201,P3373,Q41127
Q34201,P3373,Q40730
Q34201,P3373,Q183417
Q34201,P3373,Q41419
Q34201,P4185,Q2794866
Q34201,P4185,Q2092297
Q34201,P4185,Q1427313
Q34201,P4185,Q33036816
Q34201,P4675,Q693690
Q34201,P4675,Q34384
Q34201,P4675,Q18845
Q34201,P4675,Q3196
Q34201,P4675,Q206214
Q34201,P4675,Q163709
Q34201,P4675,Q2092297
Q34201,P4675,Q7386
Q34201,P4675,Q39503
Q34201,P4675,Q2102
Q34201,P4675,Q7925
Q34201,P3342,Q203480
Q34201,P361,Q101609
Q34201,P1441,Q8275
Q34201,P1441,Q35160
Q34201,P2925,Q33741
Q34201,P2925,Q83301
Q34201,P4969,Q3575329
Q34201,P4969,Q8069806
Q34201,P4969,Q3575323
Q34201,P4969,Q3576299
Q34201,P8822,Q103020456
Q34201,P8822,Q1637673
Q5604798,P31,Q101352
Q5604798,P1889,Q19284354
Q5604798,P282,Q8229
Q646498,P17,Q77
Q646498,P910,Q6207063
Q646498,P31,Q486972
Q646498,P31,Q902814
Q646498,P190,Q917693
Q646498,P1376,Q16609
Q646498,P131,Q16609
Q646498,P1464,Q6310716
Q646498,P421,Q6513
Q646498,P1792,Q32659076
Q646498,P47,Q917693
Q646498,P37,Q1321
Q646498,P37,Q3265815
Q415160,P31,Q4167410
Q1147776,P31,Q1151733
Q1147776,P641,Q5369
Q1142287,P31,Q7889
Q1142287,P404,Q208850
Q1142287,P400,Q188642
Q1142287,P400,Q170434
Q1142287,P400,Q100047
Q1142287,P400,Q627302
Q1142287,P400,Q99775
Q1142287,P400,Q478829
Q1142287,P400,Q853547
Q1142287,P400,Q10676
Q1142287,P400,Q1057377
Q1142287,P400,Q751719
Q1142287,P400,Q23882
Q1142287,P400,Q667808
Q1142287,P400,Q192851
Q1142287,P400,Q209868
Q1142287,P400,Q19610114
Q1142287,P123,Q122741
Q1142287,P287,Q282263
Q1142287,P86,Q3136362
Q1142287,P178,Q294587
Q1142287,P910,Q8707121
Q1142287,P136,Q860750
Q1142287,P179,Q3358558
Q1142287,P495,Q17
Q414841,P31,Q4167410
Q815758,P910,Q7210494
Q815758,P279,Q3539169
Q815758,P279,Q2184645
Q815758,P279,Q944806
Q815758,P1382,Q21264361
Q171038,P279,Q877517
Q171038,P279,Q216048
Q171038,P910,Q8486602
Q171038,P641,Q5369
Q171038,P2283,Q48980095
Q171038,P3095,Q13388586
Q171038,P31,Q31629
Q7973136,P161,Q7149472
Q7973136,P161,Q5373008
Q7973136,P161,Q6660436
Q7973136,P161,Q7148227
Q7973136,P161,Q7169779
Q7973136,P840,Q24826
Q7973136,P136,Q170238
Q7973136,P31,Q5398426
Q7973136,P449,Q220072
Q7973136,P170,Q6195672
Q7973136,P495,Q145
Q7973136,P407,Q1860
Q16769680,P31,Q4167410
Q16769680,P1889,Q37015060
Q1218383,P31,Q4167410
Q1218383,P1889,Q19830617
Q1218383,P1889,Q37471175
Q96201898,P31,Q107885
Q96201898,P1269,Q96201802
Q6577515,P21,Q6581097
Q6577515,P25,Q2346367
Q6577515,P22,Q2424977
Q6577515,P411,Q43115
Q6577515,P735,Q629347
Q6577515,P1441,Q1975029
Q6577515,P1441,Q9813916
Q6577515,P1441,Q41064
Q6577515,P1441,Q155980
Q6577515,P1441,Q131590
Q6577515,P1441,Q40309
Q6577515,P1441,Q128608
Q6577515,P106,Q42857
Q6577515,P106,Q16533
Q6577515,P40,Q3603527
Q6577515,P40,Q20888416
Q6577515,P910,Q17120011
Q6577515,P1066,Q362021
Q6577515,P1066,Q57317792
Q6577515,P802,Q41370
Q6577515,P460,Q18242904
Q6577515,P20,Q926868
Q6577515,P19,Q926868
Q6577515,P841,Q2824
Q6577515,P1343,Q4086271
Q6577515,P1343,Q48606171
Q6577515,P1343,Q867541
Q6577515,P1343,Q602358
Q6577515,P1889,Q779725
Q6577515,P3342,Q28730
Q6577515,P3342,Q41370
Q6577515,P3342,Q1391553
Q6577515,P39,Q621421
Q6577515,P31,Q20643955
Q194326,P910,Q7330338
Q194326,P279,Q4990963
Q194326,P279,Q7075058
Q194326,P3095,Q62900222
Q757329,P31,Q608
Q757329,P279,Q2148678
Q757329,P366,Q5139011
Q757329,P366,Q20851021
Q757329,P1889,Q824894
Q757329,P1382,Q235757
Q1176376,P31,Q4167410
Q1176376,P1343,Q2041543
Q937078,P31,Q4167410
Q7545759,P17,Q145
Q4928566,P31,Q4167410
Q4928566,P1889,Q16821780
Q27792440,P31,Q101352
Q27792440,P1889,Q857420
Q27792440,P282,Q8229
Q27792440,P407,Q1321
Q27792440,P460,Q21509356
Q223935,P31,Q4167410
Q223935,P460,Q1525607
Q223935,P460,Q8347357
Q223935,P460,Q1104781
Q223935,P460,Q421498
Q223935,P1889,Q16275235
Q223935,P1889,Q1794217
Q226925,P31,Q4167410
Q226925,P1889,Q21129928
Q226925,P1889,Q2674114
Q226925,P460,Q1253405
Q192468,P31,Q4167410
Q21510124,P31,Q101352
Q21510124,P1889,Q1402427
Q21510124,P282,Q8229
Q2364849,P31,Q4167410
Q2364849,P1889,Q37483939
Q19637385,P31,Q101352
Q19637385,P1889,Q2772501
Q19637385,P282,Q8229
Q19637385,P407,Q1860
Q246424,P460,Q353287
Q246424,P460,Q1484584
Q246424,P460,Q27792893
Q246424,P460,Q3021729
Q246424,P31,Q4167410
Q246424,P1889,Q28736550
Q246424,P1889,Q37456423
Q3105857,P21,Q6581097
Q3105857,P31,Q5
Q3105857,P106,Q10871364
Q3105857,P54,Q335169
Q3105857,P54,Q308966
Q3105857,P54,Q642553
Q3105857,P54,Q466586
Q3105857,P54,Q329816
Q3105857,P54,Q650829
Q3105857,P166,Q120649
Q3105857,P19,Q1533
Q3105857,P27,Q717
Q3105857,P735,Q4475314
Q3105857,P641,Q5369
Q3105857,P910,Q55295572
Q3105857,P413,Q1143358
Q3105857,P734,Q99982028
Q228303,P31,Q4167410
Q228303,P1889,Q632665
Q228303,P1889,Q1764320
Q228303,P1889,Q73683147
Q228303,P1889,Q73683721
Q228303,P460,Q7721817
Q228303,P460,Q3602371
Q228303,P460,Q73682399
Q228303,P460,Q26944277
Q228303,P460,Q73682792
Q1189753,P461,Q661062
Q1207302,P279,Q987767
Q1207302,P129,Q2095
Q1207302,P366,Q173514
Q1207302,P1889,Q4967788
Q1207302,P910,Q55247515
Q1071896,P31,Q5
Q1071896,P166,Q15972353
Q1071896,P166,Q3517652
Q1071896,P21,Q6581097
Q1071896,P106,Q10871364
Q1071896,P106,Q2405480
Q1071896,P106,Q1186921
Q1071896,P54,Q3446304
Q1071896,P735,Q1272055
Q1071896,P27,Q30
Q1071896,P641,Q5369
Q1071896,P19,Q1010236
Q1071896,P413,Q1048902
Q1071896,P1344,Q8544
Q1071896,P551,Q1010236
Q1071896,P551,Q494723
Q1071896,P1411,Q4896608
Q1071896,P1532,Q30
Q2643095,P279,Q13389522
Q2643095,P279,Q4365277
Q2643095,P1889,Q60658306
Q2643095,P1552,Q38183514
Q2643095,P1552,Q914921
Q2643095,P1552,Q28529973
Q2643095,P1552,Q107617
Q2643095,P1535,Q28166776
Q2643095,P1535,Q2535935
Q2643095,P527,Q107617
Q2643095,P527,Q1129632
Q2643095,P3113,Q13389522
Q450350,P31,Q4167410
Q450350,P1889,Q6502838
Q450350,P1889,Q37516856
Q1583823,P31,Q4167410
Q936040,P31,Q3506176
Q936040,P31,Q4830453
Q936040,P31,Q6881511
Q936040,P176,Q16172223
Q936040,P17,Q17
Q936040,P159,Q1490
Q936040,P1454,Q1480166
Q17285919,P279,Q21075709
Q17285919,P279,Q19829125
Q17285919,P828,Q13649246
Q17285919,P828,Q34302
Q17285919,P828,Q5928045
Q17285919,P1479,Q84425537
Q9368,P279,Q24060765
Q9368,P279,Q4672532
Q9368,P279,Q28846466
Q9368,P910,Q7034672
Q9368,P1343,Q19558994
Q9368,P2286,Q542166
Q9368,P2289,Q1578686
Q9368,P927,Q682466
Q9368,P3189,Q190140
Q9368,P3189,Q897760
Q9368,P2288,Q17077735
Q9368,P5008,Q5460604
Q9368,P1382,Q1470283
Q9368,P2579,Q514
Q9368,P2579,Q668064
Q9368,P361,Q9649
Q9368,P155,Q2533722
Q9368,P3190,Q897760
Q9368,P3190,Q190140
Q9368,P31,Q4936952
Q9368,P4843,Q11878517
Q55815665,P31,Q4167410
Q12971391,P31,Q4167410
Q12971391,P1889,Q36994071
Q30121,P279,Q7777019
Q30121,P910,Q10131737
Q30121,P366,Q3239189
Q30121,P1343,Q2657718
Q30121,P461,Q843920
Q30121,P361,Q175185
Q30121,P166,Q864861
Q30121,P31,Q11081619
Q12002092,P910,Q7157249
Q12002092,P910,Q32536151
Q12002092,P31,Q16605260
Q12002092,P361,Q619610
Q12002092,P361,Q11497309
Q12002092,P1343,Q4532138
Q12002092,P1343,Q101314624
Q12002092,P279,Q2483208
Q12002092,P460,Q7653906
Q712488,P31,Q21199
Q712488,P31,Q467511
Q712488,P31,Q13366104
Q712488,P31,Q940343
Q712488,P31,Q1990975
Q712488,P31,Q674928
Q712488,P31,Q1200532
Q712488,P31,Q50707
Q712488,P31,Q754831
Q712488,P1889,Q24507
Q712488,P5236,Q200
Q712488,P5236,Q37136
Q174493,P641,Q5369
Q174493,P31,Q4897819
Q174493,P828,Q713493
Q174493,P828,Q1202128
Q174493,P828,Q587180
Q174493,P828,Q1326574
Q174493,P2283,Q105674
Q174493,P2283,Q1141258
Q174493,P2283,Q1195130
Q174493,P279,Q10871364
Q174493,P1542,Q1210151
Q174493,P1542,Q1153773
Q174493,P1542,Q79240558
Q911354,P31,Q4167410
Q911354,P1889,Q37491423
Q98108964,P279,Q2588076
Q98108964,P279,Q2628882
Q98108964,P279,Q6498684
Q98108964,P1889,Q2630687
Q445969,P31,Q4167410
Q445969,P1889,Q37041333
Q3023742,P31,Q5
Q3023742,P21,Q6581097
Q3023742,P106,Q10871364
Q3023742,P735,Q11740724
Q3023742,P27,Q30
Q3023742,P641,Q5369
Q3023742,P54,Q461595
Q3023742,P54,Q213959
Q3023742,P54,Q642553
Q3023742,P54,Q826751
Q3023742,P54,Q721134
Q3023742,P54,Q504309
Q3023742,P413,Q1048902
Q3023742,P19,Q986641
Q3023742,P69,Q7423230
Q2302589,P31,Q4167410
Q2302589,P1889,Q21494018
Q37193460,P31,Q101352
Q37193460,P1889,Q1183423
Q37193460,P282,Q8229
Q37193460,P5323,Q92953148
Q37193460,P460,Q37452456
Q37193460,P460,Q37452694
Q37193460,P460,Q2675368
Q1251403,P279,Q79007
Q1251403,P1889,Q25283051
Q1251403,P31,Q7860962
Q1251403,P1343,Q23907485
Q1251403,P5008,Q68235346
Q1251403,P910,Q9690397
Q423259,P31,Q4167410
Q423259,P1889,Q37203407
Q1143358,P31,Q1151733
Q1143358,P641,Q5369
Q1143358,P641,Q171038
Q1143358,P276,Q71431110
Q1143358,P276,Q71431105
Q1143358,P910,Q8291062
Q1046690,P641,Q5369
Q56538546,P31,Q101352
Q56538546,P1889,Q15812692
Q1218860,P31,Q4167410
Q417424,P31,Q4167410
Q5610955,P31,Q4167410
Q61002,P1687,P742
Q61002,P1687,P1845
Q61002,P910,Q8788786
Q61002,P279,Q82799
Q61002,P1343,Q2657718
Q61002,P1343,Q2041543
Q61002,P460,Q127843
Q61002,P460,Q15622880
Q61002,P460,Q7915774
Q61002,P1382,Q590490
Q61002,P1382,Q1417657
Q61002,P2354,Q1515114
Q442177,P31,Q4167410
Q47223,P279,Q1062856
Q47223,P361,Q2389905
Q47223,P910,Q8301496
Q47223,P547,Q14819852
Q47223,P1687,P3150
Q47223,P461,Q1202197
Q47223,P461,Q222353
Q47223,P1343,Q30059240
Q47223,P1343,Q4173137
Q47223,P1343,Q4086271
Q40254,P31,Q21199
Q40254,P31,Q50707
Q40254,P31,Q50705
Q40254,P31,Q1136880
Q40254,P31,Q13366104
Q40254,P31,Q190891
Q40254,P1889,Q23763
Q40254,P5236,Q200
Q40254,P461,Q39617257
Q1158949,P31,Q4167410
Q1158949,P1889,Q2487038
Q1158949,P1889,Q15073789
Q1158949,P1889,Q40104624
Q1158949,P460,Q232373
Q1158949,P460,Q345642
Q1158949,P460,Q414730
Q1158949,P460,Q397599
Q1158949,P460,Q15938915
Q398711,P31,Q4167410
Q119,P155,Q118
Q119,P156,Q120
Q119,P279,Q18602249
Q119,P910,Q6493782
Q119,P138,Q2355095
Q119,P138,Q205233
Q119,P138,Q2047589
Q119,P527,Q2544
Q119,P527,Q2545
Q119,P527,Q2547
Q119,P527,Q2549
Q119,P527,Q2550
Q119,P527,Q2552
Q119,P527,Q2553
Q119,P527,Q2555
Q119,P527,Q2556
Q119,P527,Q2557
Q119,P527,Q2558
Q119,P527,Q2559
Q119,P527,Q2560
Q119,P527,Q2561
Q119,P527,Q2562
Q119,P527,Q2574
Q119,P527,Q2575
Q119,P527,Q2576
Q119,P527,Q2578
Q119,P527,Q2579
Q119,P527,Q2580
Q119,P527,Q2581
Q119,P527,Q2583
Q119,P527,Q2584
Q119,P527,Q2585
Q119,P527,Q2586
Q119,P527,Q2587
Q119,P527,Q2588
Q119,P527,Q2589
Q119,P527,Q2590
Q119,P527,Q2591
Q119,P2959,Q21201610
Q119,P2959,Q28790333
Q119,P2959,Q30139848
Q119,P2959,Q56299632
Q119,P2959,Q63100448
Q119,P31,Q47018901
Q119,P361,Q11184
Q119,P361,Q12138
Q119,P361,Q1130275
Q1145858,P31,Q19776628
Q1145858,P361,Q8229
Q1145858,P361,Q4167849
Q1145858,P144,Q1398644
Q163079,P21,Q6581097
Q163079,P31,Q5
Q163079,P910,Q7327897
Q163079,P19,Q2028
Q163079,P20,Q220
Q163079,P106,Q49757
Q163079,P106,Q36180
Q163079,P27,Q1747689
Q163079,P1412,Q397
Q163079,P1343,Q19180675
Q163079,P1343,Q602358
Q163079,P1343,Q30059240
Q163079,P1343,Q867541
Q163079,P1343,Q47500198
Q163079,P1343,Q51955019
Q163079,P1343,Q67311526
Q163079,P1343,Q3181656
Q163079,P1343,Q4532138
Q163079,P136,Q482
Q163079,P2358,Q5517401
Q163079,P2348,Q2815472
Q163079,P937,Q220
Q163079,P2359,Q32979453
Q163079,P5025,Q1429412
Q163079,P1889,Q62030469
Q163079,P1889,Q67135663
Q163079,P6886,Q397
Q163079,P7763,Q71887839
Q18201490,P31,Q12308941
Q18201490,P460,Q18180151
Q18201490,P460,Q24034003
Q18201490,P460,Q159713
Q18201490,P460,Q18584933
Q18201490,P460,Q18180121
Q18201490,P460,Q18180166
Q18201490,P460,Q1367830
Q18201490,P1889,Q350035
Q18201490,P282,Q8229
Q18201490,P1533,Q37445391
Q1219565,P31,Q4167410
Q527395,P910,Q7256568
Q527395,P279,Q1153014
Q527395,P2283,Q11064354
Q527395,P1889,Q128822
Q527395,P1889,Q1188853
Q527395,P1343,Q30059240
Q224931,P31,Q4167410
Q224931,P1889,Q21401463
Q224931,P1889,Q2798428
Q224931,P1889,Q3939289
Q416697,P31,Q4167410
Q416697,P1889,Q668036
Q416697,P1889,Q37103083
Q1208586,P31,Q4167410
Q1208586,P1889,Q16276052
Q1208586,P1889,Q42302286
Q670787,P461,Q7234272
Q670787,P361,Q571
Q670787,P279,Q920285
Q670787,P460,Q1358138
Q462024,P31,Q5389993
Q17129304,P31,Q4167410
Q17129304,P1889,Q19967841
Q17129304,P1889,Q1190014
Q2729863,P279,Q79871
Q2729863,P279,Q191797
Q2729863,P31,Q9332
Q2729863,P31,Q169872
Q2729863,P361,Q77468620
Q25100294,P31,Q4167410
Q247146,P31,Q4167410
Q247146,P1889,Q16869417
Q247146,P1889,Q46899
Q7047840,P31,Q4167410
Q7047840,P1889,Q37013454
Q11330428,P31,Q4167410
Q11330428,P1889,Q16869073
Q11330428,P1889,Q52159643
Q295147,P31,Q4167410
Q3485002,P31,Q4167410
Q3485002,P31,Q18340392
Q5300190,P31,Q4167410
Q244330,P279,Q190100
Q244330,P910,Q8514866
Q244330,P1552,Q2480745
Q244330,P186,Q11426
Q401762,P31,Q4167410
Q401762,P1889,Q16281024
Q401762,P1889,Q37299492
Q523402,P31,Q4167410
Q201660,P31,Q4167410
Q201660,P1889,Q21296596
Q201660,P1889,Q4496098
Q4182143,P57,Q76396
Q4182143,P58,Q6826413
Q4182143,P155,Q4315426
Q4182143,P156,Q14937777
Q4182143,P31,Q506240
Q4182143,P86,Q1237569
Q4182143,P344,Q706993
Q4182143,P179,Q839437
Q4182143,P407,Q1860
Q4182143,P921,Q7391
Q4182143,P161,Q267814
Q65127361,P31,Q17517379
Q65127361,P495,Q142
Q65127361,P57,Q83948228
Q65127361,P1411,Q917808
Q65127361,P2758,Q23817729
Q65127361,P364,Q150
Q65127361,P136,Q859369
Q65127361,P136,Q157394
Q65127361,P462,Q22006653
Q65127361,P58,Q83948228
Q65127361,P162,Q83435267
Q65127361,P162,Q100950809
Q65127361,P344,Q83948228
Q65127361,P1040,Q100950940
Q65127361,P2554,Q83435267
Q65127361,P2554,Q83948228
Q65127361,P2554,Q81635305
Q65127361,P2554,Q100951126
Q65127361,P2554,Q100951259
Q65127361,P2554,Q100951368
Q65127361,P2515,Q81635305
Q65127361,P2515,Q100951126
Q65127361,P2515,Q100951259
Q65127361,P2515,Q100951368
Q65127361,P86,Q100951642
Q65127361,P5028,Q100951799
Q65127361,P6942,Q81636040
Q65127361,P6942,Q100952035
Q65127361,P6942,Q100952159
Q65127361,P6942,Q100952247
Q65127361,P6942,Q100952389
Q65127361,P6942,Q100952509
Q65127361,P725,Q523442
Q65127361,P725,Q1238309
Q65127361,P921,Q316
Q65127361,P921,Q12136
Q65127361,P2079,Q308876
Q65127361,P1344,Q66810610
Q1224249,P31,Q101352
Q1224249,P31,Q98775491
Q1224249,P1889,Q603347
Q1224249,P282,Q8229
Q1224249,P407,Q188
Q1224249,P460,Q23638497
Q5597405,P31,Q846785
Q448019,P31,Q4167410
Q448019,P1889,Q21056419
Q448019,P1889,Q10854506
Q2993181,P31,Q4167410
Q2993181,P1343,Q2657718
Q178359,P279,Q2596997
Q178359,P361,Q6460735
Q178359,P361,Q746549
Q178359,P910,Q7217082
Q178359,P495,Q142
Q178359,P366,Q773108
Q7435346,P910,Q8718318
Q7435346,P641,Q5375
Q12796,P279,Q1194773
Q12796,P910,Q7166617
Q12796,P31,Q15142889
Q12796,P527,Q487192
Q12796,P527,Q1134322
Q12796,P1343,Q2657718
Q12796,P1343,Q19190511
Q12796,P1963,P739
Q12796,P5008,Q5460604
Q12796,P1687,P739
Q12796,P1424,Q15966569
Q1219664,P31,Q4167410
Q66477109,P31,Q50053
Q66477109,P31,Q523
Q66477109,P31,Q67206691
Q66477109,P31,Q2154519
Q66477109,P31,Q13890
Q66477109,P6259,Q1264450
Q66477109,P527,Q12064840
Q66477109,P527,Q13086
Q66477109,P361,Q47146387
Q66477109,P59,Q8918
Q66477109,P1343,Q2657718
Q66477109,P1343,Q20078554
Q66477109,P398,Q57033226
Q1168568,P279,Q12046227
Q1168568,P31,Q628179
Q7542251,P279,Q214912
Q21489032,P31,Q101352
Q21489032,P1889,Q528087
Q21489032,P282,Q8229
Q529983,P31,Q4167410
Q529983,P1889,Q37541345
Q946865,P279,Q1190554
Q946865,P279,Q685744
Q946865,P910,Q18758123
Q946865,P156,Q64825398
Q946865,P828,Q185836
Q946865,P828,Q12131
Q946865,P828,Q442023
Q946865,P1889,Q796919
Q946865,P1889,Q17052147
Q27788071,P31,Q4167410
Q170208,P112,Q310439
Q170208,P31,Q2742167
Q170208,P31,Q13414953
Q170208,P1343,Q20961706
Q170208,P1343,Q19180675
Q170208,P1343,Q602358
Q170208,P1343,Q867541
Q170208,P1343,Q3181656
Q170208,P485,Q1667757
Q170208,P1889,Q1370167
Q170208,P463,Q190808
Q170208,P2670,Q1482264
Q170208,P166,Q35637
Q170208,P910,Q6522548
Q170208,P361,Q23540
Q6046884,P31,Q1433061
Q76318,P127,Q165684
Q76318,P193,Q5365823
Q76318,P131,Q919169
Q76318,P131,Q172
Q76318,P466,Q650829
Q76318,P466,Q142349
Q76318,P466,Q132880
Q76318,P84,Q609983
Q76318,P17,Q16
Q76318,P31,Q1154710
Q76318,P31,Q1049757
Q76318,P641,Q5369
Q76318,P793,Q1185431
Q76318,P7561,Q75107489
Q76318,P276,Q172
Q76318,P276,Q2944796
Q6298851,P1533,Q18643446
Q6298851,P407,Q150
Q6298851,P407,Q5146
Q6298851,P407,Q7411
Q6298851,P1560,Q18180970
Q6298851,P31,Q12308941
Q6298851,P460,Q51394
Q6298851,P460,Q18042461
Q6298851,P460,Q4926263
Q6298851,P460,Q16154196
Q6298851,P460,Q18177306
Q6298851,P460,Q15732892
Q6298851,P460,Q16274896
Q6298851,P460,Q18091406
Q6298851,P460,Q7092236
Q6298851,P460,Q8843357
Q6298851,P460,Q14941830
Q6298851,P460,Q492347
Q6298851,P460,Q1369927
Q6298851,P460,Q13257568
Q6298851,P460,Q15899814
Q6298851,P460,Q490500
Q6298851,P460,Q609564
Q6298851,P460,Q15783372
Q6298851,P460,Q19688258
Q6298851,P460,Q19967735
Q6298851,P460,Q19803435
Q6298851,P460,Q20630723
Q6298851,P460,Q22138690
Q6298851,P460,Q20523907
Q6298851,P460,Q22808327
Q6298851,P460,Q28044955
Q6298851,P460,Q19850904
Q6298851,P460,Q20087999
Q6298851,P460,Q19967738
Q6298851,P1750,Q3015
Q6298851,P1750,Q2689
Q6298851,P1750,Q2699
Q6298851,P1750,Q2997
Q6298851,P282,Q8229
Q6298851,P1889,Q28024043
Q6298851,P1889,Q516586
Q6298851,P5323,Q21644845
Q6298851,P361,Q97320812
Q6298851,P361,Q18115541
Q890886,P279,Q192047
Q890886,P910,Q20183187
Q383010,P31,Q101352
Q383010,P31,Q11455398
Q383010,P17,Q29
Q383010,P2354,Q20007747
Q383010,P1889,Q2693566
Q383010,P1889,Q7167908
Q383010,P407,Q1321
Q383010,P282,Q8229
Q383010,P460,Q37453974
Q6949699,P31,Q12308941
Q6949699,P1750,Q2457
Q6949699,P1889,Q409716
Q6949699,P1889,Q1962859
Q6949699,P1533,Q17374316
Q6949699,P407,Q9063
Q6949699,P407,Q7411
Q6949699,P282,Q8229
Q6949699,P5323,Q21644845
Q127,P138,Q172713
Q127,P138,Q201
Q127,P138,Q112
Q127,P138,Q200
Q127,P138,Q111
Q127,P138,Q5451309
Q127,P910,Q8805169
Q127,P31,Q41825
Q127,P1343,Q2041543
Q127,P2959,Q21200789
Q127,P155,Q105
Q127,P156,Q128
Q127,P361,Q23387
Q127,P279,Q573
Q127,P279,Q819073
Q16554,P1151,Q15608112
Q16554,P31,Q21518270
Q16554,P31,Q3301053
Q16554,P31,Q1549591
Q16554,P31,Q1093829
Q16554,P17,Q30
Q16554,P131,Q15906757
Q16554,P190,Q1491
Q16554,P190,Q3870
Q16554,P190,Q12193
Q16554,P190,Q3543
Q16554,P190,Q204245
Q16554,P190,Q1352
Q16554,P190,Q182852
Q16554,P190,Q5832
Q16554,P190,Q23430
Q16554,P190,Q622594
Q16554,P190,Q152418
Q16554,P163,Q3039014
Q16554,P421,Q2212
Q16554,P910,Q7214232
Q16554,P1464,Q9224467
Q16554,P1465,Q9686856
Q16554,P1740,Q10218078
Q16554,P1792,Q7234602
Q16554,P1376,Q1261
Q16554,P2633,Q5535136
Q16554,P6,Q6830931
Q16554,P361,Q14213367
Q16554,P1889,Q1297
Q16554,P1791,Q32396990
Q16554,P47,Q49246
Q16554,P1343,Q602358
Q16554,P1343,Q3181656
Q16554,P1456,Q6975914
Q16554,P7867,Q84079895
Q16554,P3403,Q15906757
Q294416,P31,Q4167410
Q294416,P1889,Q26709934
Q40050,P279,Q11435
Q40050,P279,Q2095
Q40050,P910,Q6543743
Q40050,P1424,Q6288622
Q40050,P31,Q19861951
Q40050,P1535,Q876776
Q40050,P1343,Q2041543
Q40050,P452,Q4899370
Q16768773,P31,Q4167410
Q1086863,P31,Q28640
Q1086863,P31,Q4164871
Q1086863,P910,Q7477086
Q1086863,P279,Q6051619
Q1086863,P279,Q1930187
Q1086863,P279,Q36180
Q1086863,P425,Q267628
Q1086863,P425,Q16702197
Q1086863,P1889,Q3330547
Q184439,P910,Q9112283
Q184439,P279,Q1403107
Q184439,P279,Q8171
Q184439,P279,Q183046
Q184439,P1889,Q1521634
Q184439,P1889,Q545779
Q184439,P31,Q1308274
Q184439,P1343,Q101314624
Q191503,P279,Q650711
Q191503,P910,Q7583876
Q191503,P1343,Q2041543
Q191503,P1343,Q1970746
Q191503,P1343,Q4114391
Q191503,P1343,Q602358
Q191503,P1343,Q19180675
Q452894,P31,Q4167410
Q452894,P1889,Q17064726
Q349401,P31,Q4167410
Q349401,P1889,Q16275316
Q349401,P1889,Q37166968
Q349401,P460,Q355269
Q349401,P460,Q405086
Q349401,P460,Q1207147
Q349401,P460,Q1165432
Q349401,P460,Q19645160
Q349401,P460,Q16275322
Q285966,P358,Q1032413
Q285966,P31,Q5741069
Q285966,P910,Q7426588
Q285966,P136,Q49451
Q285966,P136,Q206159
Q285966,P136,Q236913
Q285966,P527,Q1032403
Q285966,P527,Q221971
Q285966,P527,Q221971
Q285966,P527,Q221971
Q285966,P527,Q16208533
Q285966,P527,Q16212497
Q285966,P527,Q5245189
Q285966,P527,Q5245189
Q285966,P527,Q2564640
Q285966,P527,Q2564640
Q285966,P527,Q642165
Q285966,P527,Q642165
Q285966,P527,Q642165
Q285966,P527,Q7788702
Q285966,P527,Q5252883
Q285966,P527,Q1604798
Q285966,P527,Q309926
Q285966,P527,Q426950
Q285966,P527,Q426950
Q285966,P527,Q1032457
Q285966,P527,Q1032457
Q285966,P527,Q1032457
Q285966,P527,Q11850521
Q285966,P527,Q1605772
Q285966,P527,Q316138
Q285966,P527,Q316138
Q285966,P527,Q1605793
Q285966,P527,Q1588413
Q285966,P527,Q1605762
Q285966,P527,Q122232
Q285966,P527,Q6384437
Q285966,P527,Q2524092
Q285966,P527,Q327212
Q285966,P527,Q1605800
Q285966,P527,Q1605800
Q285966,P527,Q3644590
Q285966,P527,Q708782
Q285966,P1424,Q14386495
Q285966,P740,Q15030864
Q285966,P264,Q1392321
Q285966,P264,Q585643
Q285966,P264,Q1063242
Q285966,P264,Q1542119
Q285966,P6365,Q8506472
Q285966,P495,Q145
Q285966,P1889,Q16278711
Q223853,P31,Q4167410
Q183061,P279,Q1385033
Q183061,P279,Q811979
Q183061,P279,Q391414
Q183061,P279,Q2547819
Q183061,P361,Q41176
Q183061,P910,Q8952318
Q183061,P1343,Q2657718
Q183061,P461,Q3689238
Q7923534,P31,Q4167410
Q7923534,P1889,Q11954565
Q52643,P279,Q1260524
Q52643,P461,Q575
Q52643,P361,Q573
Q52643,P910,Q9684664
Q52643,P1343,Q30059240
Q52643,P1552,Q16491
Q4983632,P31,Q4167410
Q6136054,P279,Q791801
Q15830325,P31,Q101352
Q15830325,P460,Q21449130
Q15830325,P460,Q29946749
Q15830325,P460,Q4261994
Q15830325,P1889,Q249506
Q15830325,P282,Q8229
Q15830325,P407,Q1860
Q1642566,P31,Q15632617
Q1642566,P31,Q3658341
Q1642566,P31,Q15711870
Q1642566,P910,Q9668605
Q1642566,P21,Q6581097
Q1642566,P170,Q653320
Q1642566,P1343,Q490820
Q1642566,P1343,Q4316321
Q1642566,P1343,Q3647984
Q1642566,P1441,Q490820
Q1642566,P1441,Q4316321
Q1642566,P1441,Q3647984
Q1642566,P1441,Q47004594
Q1642566,P1441,Q28667763
Q1642566,P1441,Q4316322
Q4958468,P31,Q4167410
Q61391,P910,Q7014651
Q61391,P279,Q43450
Q61391,P279,Q11639
Q61391,P3095,Q28971125
Q61391,P3095,Q60171954
Q61391,P31,Q61788060
Q61391,P31,Q349
Q1099519,P31,Q4167410
Q1192868,P31,Q55983715
Q1192868,P910,Q15101997
Q1192868,P279,Q25368
Q1192868,P279,Q6501235
Q1192868,P279,Q192935
Q1192868,P1343,Q1768721
Q1192868,P1343,Q1768721
Q7859867,P31,Q4167410
Q2077018,P31,Q13406463
Q32550,P31,Q4167410
Q32550,P1889,Q16611967
Q213959,P118,Q1163715
Q213959,P118,Q465469
Q213959,P118,Q1363291
Q213959,P115,Q49136
Q213959,P115,Q1056422
Q213959,P286,Q595978
Q213959,P286,Q1186024
Q213959,P286,Q5096157
Q213959,P286,Q362264
Q213959,P286,Q5540823
Q213959,P286,Q4934246
Q213959,P286,Q3020512
Q213959,P286,Q5495719
Q213959,P286,Q7148243
Q213959,P286,Q6125017
Q213959,P286,Q4908425
Q213959,P286,Q6111176
Q213959,P286,Q1282274
Q213959,P286,Q1634294
Q213959,P286,Q784534
Q213959,P286,Q3228864
Q213959,P286,Q4908425
Q213959,P286,Q5699794
Q213959,P286,Q7489003
Q213959,P286,Q6777496
Q213959,P286,Q999958
Q213959,P286,Q713081
Q213959,P286,Q332899
Q213959,P286,Q3499037
Q213959,P286,Q326781
Q213959,P286,Q15057728
Q213959,P286,Q1486997
Q213959,P286,Q4912819
Q213959,P286,Q5252860
Q213959,P286,Q15057728
Q213959,P286,Q1320754
Q213959,P286,Q863124
Q213959,P910,Q8308077
Q213959,P31,Q13027888
Q213959,P17,Q30
Q213959,P1344,Q4630084
Q213959,P641,Q5369
Q213959,P127,Q1324524
Q213959,P1830,Q14715765
Q213959,P159,Q100
Q213959,P8693,Q3422779
Q16782178,P31,Q4167410
Q2584743,P31,Q4167410
Q2584743,P1889,Q36974444
Q712477,P31,Q21199
Q712477,P31,Q467511
Q712477,P31,Q245102
Q712477,P31,Q13366129
Q712477,P31,Q16858648
Q712477,P31,Q2634498
Q712477,P31,Q23296480
Q712477,P31,Q47577
Q712477,P31,Q50707
Q712477,P5236,Q201
Q712477,P5236,Q23350
Q1110323,P31,Q4830453
Q1110323,P159,Q3141
Q1110323,P17,Q408
Q1110323,P112,Q4274796
Q1110323,P452,Q126793
Q6502279,P31,Q4167410
Q684692,P31,Q4167410
Q684692,P1889,Q54329859
Q5051747,P31,Q4167410
Q5051747,P1889,Q37277231
Q193206,P31,Q223393
Q193206,P910,Q8878774
Q193206,P361,Q36192
Q193206,P279,Q49084
Q193206,P1343,Q678259
Q193206,P1343,Q602358
Q193206,P1343,Q4173137
Q193206,P1343,Q19180675
Q193206,P1889,Q2374151
Q1033627,P31,Q4167410
Q1033627,P1889,Q16865345
Q1033627,P1889,Q5033482
Q239887,P31,Q4167410
Q239887,P1889,Q21504801
Q239887,P1889,Q56555922
Q423230,P31,Q4167410
Q423230,P1889,Q37558810
Q16868662,P31,Q21278897
Q5532552,P31,Q4167410
Q5016658,P31,Q4167410
Q7271643,P31,Q4167410
Q36381317,P31,Q31172650
Q36381317,P31,Q11888847
Q36381317,P1382,Q1858477
Q36381317,P461,Q9169855
Q7699562,P31,Q4167410
Q1154390,P279,Q2245405
Q1175605,P31,Q4167410
Q349031,P31,Q4167410
Q349031,P1889,Q16479685
Q12785963,P31,Q101352
Q12785963,P407,Q1860
Q12785963,P1889,Q229815
Q12785963,P282,Q8229
Q7585483,P31,Q4167410
Q7585483,P1889,Q20683674
Q7585483,P1889,Q2136484
Q3481686,P159,Q594109
Q3481686,P31,Q4830453
Q3481686,P17,Q30
Q3481686,P749,Q795981
Q3481686,P740,Q986316
Q3481686,P112,Q7964132
Q3481686,P1056,Q192401
Q44687,P31,Q207320
Q44687,P31,Q781132
Q44687,P1142,Q7310
Q44687,P1037,Q58046
Q44687,P1037,Q60449
Q44687,P1037,Q60222
Q44687,P1037,Q43067
Q44687,P1037,Q57690
Q44687,P910,Q7007242
Q44687,P1343,Q2657718
Q44687,P355,Q291031
Q44687,P355,Q312204
Q44687,P355,Q684065
Q44687,P355,Q153559
Q44687,P355,Q160552
Q44687,P355,Q661889
Q44687,P355,Q153626
Q44687,P2813,Q209804
Q44687,P488,Q162312
Q44687,P1546,Q552076
Q44687,P527,Q702882
Q44687,P607,Q362
Q44687,P159,Q64
Q44687,P1830,Q2035649
Q44687,P17,Q183
Q226447,P31,Q4167410
Q226447,P1889,Q1423817
Q226447,P1889,Q1295024
Q92775356,P31,Q4167410
Q170417,P31,Q47574
Q170417,P910,Q10083230
Q170417,P1889,Q3812588
Q170417,P1889,Q6352512
Q170417,P1889,Q665240
Q170417,P1889,Q1722214
Q170417,P279,Q1194773
Q170417,P279,Q185785
Q170417,P1687,P4403
Q30961,P105,Q35409
Q30961,P171,Q2257233
Q30961,P171,Q100148330
Q30961,P31,Q16521
Q30961,P910,Q7150309
Q224088,P31,Q4167410
Q224088,P1889,Q37102126
Q295091,P31,Q4167410
Q295091,P1889,Q17114963
Q56538282,P31,Q101352
Q56538282,P1889,Q662231
Q56538282,P282,Q8229
Q56538282,P407,Q256
Q164892,P31,Q101352
Q164892,P31,Q11455398
Q164892,P31,Q110874
Q164892,P2354,Q20007519
Q164892,P407,Q1321
Q164892,P1889,Q780957
Q164892,P460,Q28912637
Q164892,P460,Q21491694
Q164892,P460,Q21510337
Q164892,P460,Q57557733
Q164892,P460,Q61669050
Q164892,P282,Q8229
Q1194601,P279,Q912613
Q401614,P31,Q4167410
Q5249488,P31,Q7725634
Q5249488,P50,Q363810
Q5249488,P123,Q95149
Q5249488,P136,Q1057172
Q5249488,P136,Q1426213
Q5249488,P921,Q8683
Q5249488,P495,Q30
Q5249488,P166,Q898527
Q5249488,P407,Q1860
Q765530,P31,Q4167410
Q765530,P1889,Q37251206
Q765530,P1889,Q478214
Q765530,P1889,Q16258100
Q765530,P1889,Q1428953
Q765530,P1889,Q163343
Q765530,P1889,Q1548225
Q3131232,P31,Q5398426
Q3131232,P161,Q6598063
Q3131232,P910,Q8797276
Q3131232,P495,Q30
Q3131232,P449,Q217776
Q3131232,P170,Q5094130
Q3131232,P4312,Q738160
Q3131232,P407,Q1860
Q3131232,P750,Q17085515
Q402308,P31,Q4167410
Q2304909,P31,Q3399646
Q2304909,P279,Q31861287
Q2304909,P641,Q41466
Q2304909,P910,Q8530685
Q16868625,P31,Q21278897
Q13137230,P31,Q12308941
Q13137230,P1533,Q19794220
Q13137230,P1889,Q249644
Q13137230,P361,Q1985318
Q13137230,P282,Q8229
Q13137230,P407,Q7411
Q13137230,P5323,Q21644845
Q70899,P21,Q6581097
Q70899,P26,Q830183
Q70899,P26,Q180627
Q70899,P40,Q205365
Q70899,P40,Q313421
Q70899,P40,Q107626
Q70899,P40,Q23992730
Q70899,P40,Q9639242
Q70899,P40,Q5681043
Q70899,P361,Q58701
Q70899,P31,Q20643955
Q70899,P31,Q4349921
Q70899,P31,Q168827
Q70899,P460,Q2001710
Q70899,P460,Q4680060
Q70899,P460,Q4057250
Q70899,P1441,Q34990
Q70899,P1441,Q28754
Q70899,P1441,Q12490446
Q70899,P1441,Q14566195
Q70899,P735,Q347181
Q70899,P1343,Q602358
Q70899,P1343,Q19180675
Q70899,P1343,Q4086271
Q70899,P1343,Q4173137
Q70899,P1343,Q19211082
Q70899,P1343,Q2041543
Q70899,P1343,Q20961706
Q70899,P1343,Q4532135
Q70899,P1343,Q20078554
Q70899,P1343,Q3181656
Q70899,P551,Q19014
Q70899,P551,Q2
Q70899,P19,Q19014
Q70899,P186,Q42302
Q70899,P170,Q2095353
Q70899,P170,Q825
Q70899,P170,Q766677
Q70899,P170,Q868915
Q70899,P170,Q3678579
Q70899,P119,Q168225
Q70899,P1889,Q347181
Q70899,P1889,Q21767625
Q70899,P106,Q131512
Q70899,P106,Q1714828
Q70899,P800,Q1815036
Q70899,P841,Q2705
Q70899,P1049,Q9268
Q70899,P1049,Q9592
Q70899,P1049,Q49376
Q70899,P1049,Q35032
Q70899,P1049,Q49377
Q70899,P1049,Q432
Q70899,P1049,Q22679
Q992354,P31,Q4167410
Q992354,P1889,Q21142975
Q992354,P1889,Q20726725
Q231204,P279,Q12791
Q231204,P607,Q78994
Q231204,P607,Q1949299
Q231204,P910,Q6420917
Q231204,P1343,Q2657718
Q231204,P1343,Q602358
Q231204,P1889,Q49068756
Q231204,P31,Q15142889
Q227148,P31,Q4167410
Q227148,P527,Q214045
Q227148,P527,Q24286897
Q227148,P527,Q2199
Q785,P37,Q1860
Q785,P37,Q150
Q785,P37,Q56430
Q785,P30,Q46
Q785,P85,Q40807
Q785,P85,Q15820465
Q785,P163,Q189612
Q785,P237,Q752773
Q785,P421,Q6574
Q785,P421,Q30192
Q785,P421,Q843589
Q785,P421,Q6655
Q785,P122,Q3330103
Q785,P122,Q41614
Q785,P122,Q3043547
Q785,P910,Q9428511
Q785,P1464,Q8082329
Q785,P1465,Q8366519
Q785,P361,Q256091
Q785,P150,Q147738
Q785,P150,Q1808243
Q785,P150,Q1835699
Q785,P150,Q2212948
Q785,P150,Q2305318
Q785,P150,Q2429741
Q785,P150,Q2594704
Q785,P150,Q3058152
Q785,P150,Q3058160
Q785,P150,Q509090
Q785,P150,Q593645
Q785,P150,Q954721
Q785,P1622,Q13196750
Q785,P2633,Q5535163
Q785,P2853,Q1528507
Q785,P2852,Q1061257
Q785,P2852,Q3086706
Q785,P1792,Q8565710
Q785,P206,Q34640
Q785,P1740,Q52083949
Q785,P5125,Q7112311
Q785,P527,Q8991
Q785,P2936,Q1860
Q785,P2936,Q56430
Q785,P2936,Q56428
Q785,P2936,Q150
Q785,P2936,Q33850
Q785,P1343,Q602358
Q785,P1889,Q26339
Q785,P1889,Q15706498
Q785,P7867,Q84126778
Q785,P31,Q185086
Q785,P31,Q7275
Q785,P38,Q270744
Q785,P38,Q25224
Q785,P35,Q9682
Q785,P78,Q42662
Q785,P194,Q946944
Q785,P36,Q147738
Q785,P17,Q785
Q785,P706,Q15706498
Q785,P8744,Q3315886
Q389515,P910,Q9204767
Q389515,P17,Q17
Q389515,P131,Q80434
Q389515,P131,Q5368803
Q389515,P31,Q494721
Q389515,P31,Q1549591
Q389515,P1464,Q9225230
Q389515,P1376,Q1045776
Q389515,P190,Q50816
Q389515,P1792,Q9237099
Q389515,P421,Q7041
Q389515,P1830,Q11396290
Q389515,P194,Q38278046
Q389515,P47,Q201117
Q389515,P47,Q270806
Q389515,P47,Q384809
Q389515,P47,Q223496
Q389515,P47,Q816734
Q389515,P47,Q817280
Q389515,P47,Q1023781
Q389515,P47,Q265050
Q389515,P47,Q677745
Q389515,P1365,Q20042874
Q389515,P1365,Q65263204
Q389515,P1365,Q20044716
Q389515,P1365,Q65248929
Q389515,P1365,Q11385504
Q389515,P1365,Q11456078
Q500834,P279,Q1079023
Q500834,P279,Q13406554
Q500834,P1889,Q736161
Q500834,P1424,Q15702306
Q172964,P31,Q1781513
Q172964,P641,Q2736
Q172964,P641,Q1455
Q172964,P641,Q41466
Q172964,P641,Q231200
Q172964,P641,Q7707
Q172964,P641,Q8418
Q172964,P641,Q1666862
Q172964,P641,Q213711
Q172964,P641,Q204632
Q172964,P641,Q185851
Q172964,P641,Q183018
Q172964,P641,Q206763
Q172964,P910,Q7135331
Q172964,P527,Q179789
Q6235,P910,Q7022510
Q6235,P461,Q649132
Q6235,P461,Q188843
Q6235,P5008,Q5460604
Q6235,P1889,Q6241
Q6235,P279,Q12909644
Q7310,P910,Q6165421
Q7310,P31,Q12909644
Q7310,P1552,Q182121
Q7310,P1552,Q22649
Q7310,P1552,Q6229
Q7310,P1552,Q389647
Q7310,P1552,Q2853246
Q7310,P1552,Q8461
Q7310,P1552,Q38352698
Q7310,P1552,Q155812
Q7310,P1552,Q7272
Q7310,P279,Q6223
Q202648,P425,Q94271838
Q202648,P910,Q8801203
Q202648,P1687,P1652
Q202648,P1889,Q55669401
Q202648,P1424,Q17582807
Q202648,P2283,Q69555977
Q202648,P31,Q28640
Q202648,P279,Q1723340
Q2291764,P31,Q4167410
Q130949,P279,Q204686
Q130949,P910,Q8811552
Q130949,P1343,Q2657718
Q130949,P1151,Q19754799
Q130949,P2283,Q172226
Q130949,P2283,Q2292640
Q130949,P2283,Q60658306
Q130949,P3095,Q4270517
Q130949,P31,Q31629
Q416822,P31,Q4167410
Q203384,P31,Q4498974
Q203384,P118,Q1215892
Q203384,P910,Q6399092
Q203384,P641,Q41466
Q203384,P641,Q5372
Q203384,P115,Q406972
Q203384,P17,Q16
Q203384,P166,Q1133502
Q203384,P166,Q1133502
Q203384,P138,Q1068978
Q37038,P279,Q11028
Q37038,P279,Q17537576
Q37038,P279,Q7406919
Q37038,P910,Q6448504
Q37038,P1343,Q2657718
Q37038,P1343,Q602358
Q37038,P1343,Q19180675
Q37038,P1343,Q1970746
Q37038,P2184,Q3137306
Q37038,P180,Q2424752
Q37038,P180,Q7406919
Q37038,P3095,Q10355417
Q37038,P31,Q8187769
Q16870767,P31,Q101352
Q16870767,P282,Q8229
Q37140102,P31,Q101352
Q37140102,P1889,Q1220274
Q37140102,P282,Q8229
Q37140102,P5323,Q92953148
Q412625,P31,Q4167410
Q412625,P1889,Q21500590
Q224360,P31,Q4167410
Q224360,P1889,Q27876767
Q224360,P460,Q15837016
Q224360,P910,Q64002765
Q22656,P279,Q15727343
Q22656,P279,Q12748
Q22656,P910,Q6572327
Q22656,P31,Q2424752
Q22656,P31,Q889659
Q22656,P1343,Q602358
Q22656,P1343,Q19180675
Q22656,P1343,Q4114391
Q22656,P1343,Q30059240
Q22656,P1343,Q19190511
Q22656,P1343,Q602358
Q22656,P2959,Q28973466
Q22656,P527,Q39558
Q22656,P527,Q898983
Q22656,P527,Q76904
Q22656,P527,Q38423
Q22656,P527,Q583582
Q22656,P527,Q177540
Q22656,P460,Q3997908
Q18640998,P31,Q12308941
Q18640998,P31,Q1130279
Q18640998,P31,Q1130279
Q18640998,P1889,Q818043
Q18640998,P282,Q8229
Q18640998,P282,Q33513
Q18640998,P1533,Q37465210
Q18640998,P1560,Q30077179
Q18640998,P5323,Q21644845
Q18640998,P460,Q19967777
Q1249148,P31,Q12308941
Q1249148,P1533,Q10862233
Q1249148,P460,Q15720880
Q1249148,P460,Q7384801
Q1249148,P460,Q18059424
Q1249148,P460,Q15728186
Q1249148,P460,Q18073734
Q1249148,P460,Q18201498
Q1249148,P460,Q18201502
Q1249148,P460,Q18201505
Q1249148,P460,Q18201510
Q1249148,P460,Q15720963
Q1249148,P460,Q15720871
Q1249148,P460,Q15720943
Q1249148,P460,Q22293445
Q1249148,P460,Q48718820
Q1249148,P460,Q48718831
Q1249148,P460,Q7333907
Q1249148,P460,Q15721563
Q1249148,P460,Q18059417
Q1249148,P460,Q84596503
Q1249148,P1750,Q2322
Q1249148,P1889,Q7323531
Q1249148,P1889,Q3934741
Q1249148,P407,Q1860
Q1249148,P407,Q7411
Q1249148,P282,Q8229
Q1249148,P5323,Q21644845
Q1249148,P5323,Q21142040
Q365153,P31,Q4167410
Q365153,P1889,Q16290674
Q365153,P1889,Q16876614
Q299045,P31,Q4167410
Q1183217,P31,Q4167410
Q1183217,P460,Q228939
Q1183217,P460,Q2264108
Q1183217,P460,Q15710315
Q1183217,P1889,Q27906858
Q857880,P910,Q8340246
Q857880,P279,Q1196645
Q857880,P31,Q41710
Q857880,P17,Q16
Q857880,P17,Q30
Q857880,P103,Q150
Q857880,P103,Q1860
Q857880,P140,Q1841
Q857880,P527,Q245507
Q857880,P527,Q415054
Q857880,P527,Q955944
Q857880,P527,Q3082333
Q857880,P527,Q846887
Q857880,P527,Q686949
Q857880,P527,Q5501667
Q857880,P527,Q96158854
Q857880,P1889,Q7888888
Q857880,P1889,Q979914
Q857880,P1412,Q150
Q1533816,P31,Q4167410
Q4866791,P31,Q4167410
Q4866791,P1889,Q37050488
Q232966,P31,Q4167410
Q232966,P1889,Q25114667
Q232966,P1889,Q55660409
Q92795467,P31,Q4167410
Q1317534,P31,Q3399646
Q1317534,P279,Q172964
Q1317534,P910,Q7236630
Q1317534,P641,Q41466
Q1317534,P1889,Q179789
Q490,P910,Q7144838
Q490,P1791,Q7976973
Q490,P6,Q666504
Q490,P6,Q697597
Q490,P6,Q2249674
Q490,P6,Q3762509
Q490,P6,Q239024
Q490,P6,Q2427172
Q490,P6,Q3659902
Q490,P6,Q3609106
Q490,P6,Q3388096
Q490,P6,Q302754
Q490,P6,Q2527720
Q490,P6,Q3619683
Q490,P6,Q17146774
Q490,P1792,Q6813195
Q490,P1313,Q3961545
Q490,P1740,Q9159067
Q490,P417,Q43689
Q490,P1465,Q9219098
Q490,P361,Q2234073
Q490,P1376,Q1210
Q490,P1376,Q15121
Q490,P1376,Q42834
Q490,P1376,Q209857
Q490,P1376,Q223936
Q490,P1376,Q746443
Q490,P1376,Q3351539
Q490,P1376,Q3924622
Q490,P1376,Q18288155
Q490,P1376,Q153529
Q490,P1376,Q15890801
Q490,P1376,Q213353
Q490,P47,Q42991
Q490,P47,Q42796
Q490,P47,Q11494
Q490,P47,Q42898
Q490,P47,Q42971
Q490,P47,Q42974
Q490,P47,Q42906
Q490,P47,Q42423
Q490,P47,Q42393
Q490,P47,Q42269
Q490,P47,Q42399
Q490,P47,Q42997
Q490,P47,Q42996
Q490,P47,Q43028
Q490,P47,Q42784
Q490,P47,Q42794
Q490,P47,Q42192
Q490,P47,Q42902
Q490,P47,Q43005
Q490,P47,Q43042
Q490,P47,Q42946
Q490,P47,Q42419
Q490,P31,Q956214
Q490,P31,Q956214
Q490,P31,Q747074
Q490,P31,Q515
Q490,P31,Q956214
Q490,P31,Q1549591
Q490,P31,Q1637706
Q490,P194,Q28228849
Q490,P1464,Q9225807
Q490,P421,Q6655
Q490,P421,Q25989
Q490,P421,Q6723
Q490,P131,Q15121
Q490,P131,Q3924622
Q490,P131,Q3924625
Q490,P131,Q18288155
Q490,P131,Q199728
Q490,P190,Q174
Q490,P190,Q1297
Q490,P190,Q172
Q490,P190,Q1919098
Q490,P190,Q33935
Q490,P190,Q31487
Q490,P190,Q656
Q490,P190,Q35765
Q490,P190,Q8686
Q490,P190,Q3718
Q490,P190,Q456
Q490,P190,Q2256
Q490,P190,Q5776
Q490,P190,Q1794
Q490,P190,Q1761
Q490,P190,Q2634
Q490,P190,Q1486
Q490,P190,Q9022
Q490,P190,Q5972
Q490,P190,Q193289
Q490,P190,Q340
Q490,P190,Q472
Q490,P190,Q546
Q490,P190,Q956
Q490,P190,Q3130
Q490,P190,Q3805
Q490,P190,Q13674
Q490,P190,Q34820
Q490,P190,Q48278
Q490,P190,Q121157
Q490,P190,Q185289
Q490,P190,Q3141
Q490,P206,Q1416575
Q490,P150,Q2494319
Q490,P150,Q2493917
Q490,P150,Q4024691
Q490,P150,Q4024693
Q490,P150,Q2648246
Q490,P150,Q4024695
Q490,P150,Q2647784
Q490,P150,Q4024696
Q490,P150,Q4024698
Q490,P5125,Q48838061
Q490,P17,Q38
Q490,P17,Q172579
Q490,P17,Q131964
Q490,P17,Q165154
Q490,P17,Q223936
Q490,P17,Q723118
Q490,P17,Q213353
Q490,P17,Q729481
Q490,P17,Q153529
Q490,P17,Q15890801
Q490,P163,Q5456780
Q490,P1343,Q19538713
Q490,P1343,Q4114391
Q490,P1343,Q602358
Q490,P1343,Q19180675
Q490,P1343,Q4173137
Q490,P1343,Q30059240
Q490,P1343,Q316838
Q490,P237,Q2363861
Q490,P1441,Q2385
Q490,P793,Q12041939
Q490,P793,Q3625497
Q490,P793,Q55832309
Q490,P793,Q55832307
Q490,P793,Q55832297
Q490,P7867,Q84097164
Q490,P37,Q652
Q490,P8402,Q96993174
Q490,P8744,Q3718719
Q226163,P31,Q4167410
Q226163,P460,Q20433513
Q226163,P1889,Q656698
Q226163,P1889,Q19902084
Q226163,P1889,Q29575930
Q226163,P1889,Q27678214
Q18073734,P31,Q12308941
Q18073734,P31,Q1130279
Q18073734,P460,Q1249148
Q18073734,P460,Q18201498
Q18073734,P460,Q18201502
Q18073734,P460,Q18201505
Q18073734,P460,Q18201510
Q18073734,P460,Q15720871
Q18073734,P460,Q15720880
Q18073734,P460,Q15720963
Q18073734,P460,Q15728186
Q18073734,P460,Q15720943
Q18073734,P460,Q7384801
Q18073734,P460,Q18059424
Q18073734,P460,Q28401196
Q18073734,P1889,Q450651
Q18073734,P282,Q8229
Q18073734,P1533,Q37546160
Q18073734,P407,Q7411
Q18073734,P407,Q1860
Q18073734,P5323,Q21644845
Q18073734,P1343,Q151
Q18336566,P31,Q12308941
Q18336566,P407,Q1860
Q18336566,P407,Q7411
Q18336566,P1889,Q10374188
Q18336566,P282,Q8229
Q18336566,P1533,Q37486307
Q18336566,P5323,Q21644845
Q18336566,P460,Q17496543
Q18336566,P460,Q1370812
Q18336566,P460,Q18219763
Q18336566,P460,Q17496674
Q18336566,P460,Q18180827
Q18336566,P460,Q15727982
Q18336566,P460,Q15728196
Q18336566,P460,Q743317
Q18336566,P460,Q3497808
Q18336566,P460,Q18338316
Q18336566,P460,Q15727889
Q18336566,P460,Q17496650
Q18336566,P460,Q650375
Q18336566,P460,Q7606581
Q18336566,P460,Q4562923
Q18336566,P460,Q4927128
Q18336566,P460,Q18607899
Q18336566,P460,Q16281744
Q18336566,P460,Q18132297
Q18336566,P460,Q25917918
Q18336566,P460,Q17496699
Q18336566,P460,Q4927100
Q18336566,P460,Q2343050
Q18336566,P460,Q15727905
Q18336566,P460,Q12803520
Q18336566,P460,Q19998723
Q18336566,P460,Q3501543
Q18336566,P460,Q18650470
Q18336566,P460,Q17496752
Q18336566,P460,Q2345254
Q18336566,P460,Q20885896
Q18336566,P460,Q15727960
Q18336566,P460,Q17501985
Q18336566,P460,Q27832383
Q18336566,P460,Q12803506
Q18336566,P460,Q17496811
Q18336566,P460,Q16281970
Q19800847,P31,Q101352
Q19800847,P1889,Q2452088
Q19800847,P407,Q1860
Q19800847,P282,Q8229
Q1299153,P31,Q4167410
Q1299153,P1889,Q4378007
Q1299153,P1889,Q1707301
Q1299153,P1889,Q2462622
Q1299153,P1889,Q55360470
Q19689546,P31,Q12308941
Q19689546,P460,Q19413355
Q19689546,P460,Q20024985
Q19689546,P460,Q17524272
Q19689546,P460,Q18069547
Q19689546,P460,Q18632293
Q19689546,P460,Q19914325
Q19689546,P460,Q20087932
Q19689546,P460,Q20087941
Q19689546,P460,Q9370489
Q19689546,P460,Q1662483
Q19689546,P460,Q7911208
Q19689546,P460,Q34998346
Q19689546,P1889,Q1336321
Q19689546,P1889,Q7961736
Q19689546,P1889,Q17377642
Q19689546,P282,Q8209
Q19689546,P407,Q7737
Q19689546,P1533,Q37537186
Q2594455,P31,Q101352
Q2594455,P2354,Q20007816
Q2594455,P407,Q1860
Q2594455,P1889,Q2594596
Q2594455,P282,Q8229
Q2594455,P460,Q46995350
Q804880,P31,Q4167410
Q804880,P1889,Q30274564
Q804880,P460,Q340359
Q804880,P460,Q27556173
Q352974,P31,Q4167410
Q352974,P1889,Q4877609
Q5679,P40,Q7259
Q5679,P40,Q276241
Q5679,P40,Q2837843
Q5679,P26,Q272161
Q5679,P26,Q460066
Q5679,P463,Q123885
Q5679,P463,Q1468277
Q5679,P19,Q84
Q5679,P910,Q7486567
Q5679,P31,Q5
Q5679,P166,Q15631401
Q5679,P20,Q642810
Q5679,P106,Q49757
Q5679,P106,Q822146
Q5679,P106,Q82955
Q5679,P106,Q214917
Q5679,P106,Q18814623
Q5679,P106,Q333634
Q5679,P106,Q47064
Q5679,P106,Q18939491
Q5679,P106,Q36180
Q5679,P106,Q8178443
Q5679,P69,Q1247373
Q5679,P69,Q332342
Q5679,P69,Q35794
Q5679,P69,Q4666924
Q5679,P1343,Q4239850
Q5679,P1343,Q4173137
Q5679,P1343,Q19180675
Q5679,P1343,Q602358
Q5679,P1343,Q867541
Q5679,P1343,Q15987216
Q5679,P1343,Q20961706
Q5679,P1343,Q51955019
Q5679,P1343,Q67311526
Q5679,P1343,Q3181656
Q5679,P1343,Q20078554
Q5679,P735,Q15921732
Q5679,P735,Q18402571
Q5679,P734,Q1260681
Q5679,P22,Q6217401
Q5679,P1412,Q1860
Q5679,P135,Q37068
Q5679,P607,Q182062
Q5679,P485,Q24568958
Q5679,P485,Q814779
Q5679,P136,Q474090
Q5679,P136,Q19715429
Q5679,P3373,Q453699
Q5679,P27,Q174193
Q5679,P27,Q161885
Q5679,P800,Q1072741
Q5679,P800,Q1245187
Q5679,P800,Q1889169
Q5679,P172,Q42406
Q5679,P5008,Q5460604
Q5679,P119,Q23092
Q5679,P97,Q165503
Q5679,P641,Q271277
Q5679,P641,Q31920
Q5679,P451,Q460066
Q5679,P451,Q453699
Q5679,P21,Q6581097
Q5679,P1066,Q21438188
Q5679,P1830,Q1819331
Q5679,P39,Q18952564
Q5679,P6379,Q1976985
Q5679,P6379,Q214867
Q5679,P25,Q63645174
Q5679,P6886,Q1860
Q5679,P509,Q183134
Q5679,P7763,Q71887839
Q5679,P1424,Q6734483
Q5679,P101,Q184485
Q1312606,P31,Q4167410
Q1312606,P1889,Q1071533
Q1312606,P1889,Q27168992
Q1312606,P1889,Q2963205
Q1312606,P460,Q9184032
Q253816,P31,Q4167410
Q16246292,P131,Q217829
Q16246292,P17,Q145
Q16246292,P31,Q532
Q16246292,P1889,Q13092627
Q16246292,P7959,Q645155
Q63909,P31,Q4167410
Q63909,P1889,Q3706113
Q18147196,P31,Q12308941
Q18147196,P460,Q509951
Q18147196,P460,Q1765453
Q18147196,P460,Q18199009
Q18147196,P460,Q18530134
Q18147196,P460,Q18199014
Q18147196,P460,Q18695825
Q18147196,P460,Q1508086
Q18147196,P460,Q19967852
Q18147196,P460,Q83181463
Q18147196,P1889,Q1237534
Q18147196,P282,Q8229
Q18147196,P1533,Q37219661
Q18147196,P407,Q7411
Q18147196,P5323,Q21644845
Q18147196,P1343,Q151
Q379065,P31,Q4167410
Q23797824,P31,Q101352
Q23797824,P1889,Q1257063
Q23797824,P282,Q8229
Q23797824,P460,Q16870259
Q23797824,P407,Q150
Q23797824,P5323,Q92953148
Q564291,P31,Q4167410
Q564291,P1889,Q37232490
Q564291,P460,Q30588740
Q12379,P170,Q12382
Q12379,P31,Q33093124
Q12379,P31,Q17564712
Q12379,P31,Q15632617
Q12379,P31,Q87576284
Q12379,P31,Q80447738
Q12379,P31,Q15711870
Q12379,P31,Q15773317
Q12379,P31,Q15773347
Q12379,P31,Q1569167
Q12379,P31,Q386208
Q12379,P21,Q6581097
Q12379,P138,Q6764966
Q12379,P1441,Q4803535
Q12379,P1441,Q2778220
Q12379,P1441,Q2264301
Q12379,P1441,Q4802838
Q12379,P1441,Q28234671
Q12379,P1441,Q1996527
Q12379,P1441,Q522508
Q12379,P1441,Q54936079
Q12379,P1441,Q854479
Q12379,P1441,Q838707
Q12379,P1441,Q853143
Q12379,P1441,Q1052131
Q12379,P1441,Q1061560
Q12379,P1441,Q870981
Q12379,P1441,Q1063119
Q12379,P1441,Q216995
Q12379,P1441,Q854487
Q12379,P1441,Q1045765
Q12379,P1441,Q639619
Q12379,P1441,Q170489
Q12379,P1441,Q843131
Q12379,P1441,Q6507722
Q12379,P1441,Q1205676
Q12379,P1441,Q1141627
Q12379,P1441,Q1202544
Q12379,P1441,Q1139375
Q12379,P1441,Q13233160
Q12379,P1441,Q20730405
Q12379,P1441,Q20482250
Q12379,P1441,Q20128243
Q12379,P1441,Q4779680
Q12379,P1441,Q2079919
Q12379,P1441,Q1797666
Q12379,P1441,Q1797550
Q12379,P1441,Q2517563
Q12379,P1441,Q1621156
Q12379,P1441,Q1198580
Q12379,P1441,Q2457285
Q12379,P1441,Q2601198
Q12379,P1441,Q936272
Q12379,P1441,Q8047230
Q12379,P1441,Q743187
Q12379,P1441,Q1205293
Q12379,P1441,Q17157196
Q12379,P1441,Q608920
Q12379,P1441,Q769042
Q12379,P1441,Q1205277
Q12379,P1441,Q1211015
Q12379,P1441,Q1206280
Q12379,P1441,Q509177
Q12379,P1441,Q13063856
Q12379,P1441,Q24706266
Q12379,P1441,Q39878955
Q12379,P1441,Q2215664
Q12379,P1441,Q919688
Q12379,P1441,Q2409390
Q12379,P1441,Q1142888
Q12379,P1441,Q1046604
Q12379,P1441,Q2068675
Q12379,P1441,Q5721431
Q12379,P1441,Q858564
Q12379,P1441,Q1117024
Q12379,P1441,Q13427106
Q12379,P1441,Q2575214
Q12379,P1441,Q9029138
Q12379,P1441,Q1898865
Q12379,P1441,Q1758447
Q12379,P1441,Q2746192
Q12379,P1441,Q2086466
Q12379,P1441,Q5998711
Q12379,P1441,Q28127139
Q12379,P1441,Q2706730
Q12379,P1441,Q1535629
Q12379,P1441,Q984029
Q12379,P1441,Q631331
Q12379,P1441,Q301555
Q12379,P1441,Q1050298
Q12379,P1441,Q558621
Q12379,P1441,Q1506526
Q12379,P1441,Q56809272
Q12379,P1441,Q13426947
Q12379,P1441,Q17164955
Q12379,P1441,Q26831232
Q12379,P1441,Q596392
Q12379,P1441,Q2540072
Q12379,P1441,Q1368183
Q12379,P106,Q252924
Q12379,P735,Q3362622
Q12379,P3373,Q210593
Q12379,P3091,Q214174
Q12379,P4584,Q12384
Q12379,P172,Q50001
Q12379,P175,Q703384
Q12379,P175,Q55946272
Q12379,P5800,Q215972
Q12379,P5800,Q245204
Q12379,P460,Q19819839
Q12379,P1340,Q17122834
Q12379,P1884,Q2367101
Q12379,P1080,Q20203549
Q12379,P7047,Q845864
Q12379,P7047,Q536138
Q12379,P7047,Q1057701
Q12379,P7047,Q2291541
Q12379,P7047,Q625320
Q12379,P3828,Q6147804
Q12379,P3828,Q1077396
Q12379,P3828,Q22676
Q12379,P3828,Q169031
Q12379,P1889,Q177131
Q12379,P725,Q703384
Q12379,P361,Q53481826
Q12379,P1165,Q6034670
Q349366,P31,Q4167410
Q1515076,P31,Q4167410
Q1515076,P1889,Q2037279
Q1515076,P1889,Q43380441
Q21507833,P31,Q101352
Q21507833,P1889,Q518083
Q21507833,P282,Q8229
Q21488341,P31,Q101352
Q21488341,P1889,Q347444
Q21488341,P1889,Q28439854
Q21488341,P282,Q8229
Q21488341,P460,Q16802270
Q21488341,P460,Q16861163
Q21488341,P460,Q37567895
Q224280,P31,Q4167410
Q1902676,P31,Q4167410
Q1902676,P460,Q400796
Q2344093,P31,Q4167410
Q2344093,P1889,Q18650470
Q248019,P31,Q4167410
Q217469,P31,Q4167410
Q217469,P460,Q24718061
Q56541114,P31,Q101352
Q56541114,P1889,Q166858
Q248026,P31,Q4167410
Q248026,P1889,Q15630117
Q248026,P1889,Q13581093
Q248026,P1889,Q27323317
Q4801582,P31,Q12308941
Q4801582,P460,Q18075656
Q4801582,P460,Q1778168
Q4801582,P460,Q714052
Q4801582,P460,Q19860319
Q4801582,P460,Q18079402
Q4801582,P460,Q18079405
Q4801582,P460,Q40204814
Q4801582,P460,Q43464169
Q4801582,P1750,Q2817
Q4801582,P1750,Q2498
Q4801582,P1889,Q16277479
Q4801582,P282,Q8229
Q4801582,P407,Q9072
Q4801582,P407,Q7026
Q4801582,P1343,Q151
Q194369,P31,Q4498974
Q194369,P118,Q1215892
Q194369,P910,Q6393222
Q194369,P641,Q41466
Q194369,P17,Q30
Q194369,P166,Q1133502
Q194369,P166,Q1133502
Q194369,P166,Q1133502
Q194369,P166,Q922116
Q194369,P166,Q922116
Q194369,P166,Q922116
Q194369,P115,Q807966
Q3881452,P31,Q12308941
Q3881452,P460,Q16511262
Q3881452,P460,Q18089653
Q3881452,P460,Q10608165
Q3881452,P460,Q21061132
Q3881452,P460,Q21061151
Q3881452,P460,Q1743980
Q3881452,P460,Q2021323
Q3881452,P460,Q28911391
Q3881452,P460,Q28911352
Q3881452,P1889,Q1927382
Q3881452,P282,Q8229
Q3881452,P407,Q7411
Q3881452,P5323,Q21644845
Q3881452,P1343,Q151
Q10029,P155,Q14423
Q10029,P156,Q14425
Q10029,P361,Q8216
Q10029,P31,Q19793459
Q10029,P4878,Q41690
Q10029,P1889,Q30747906
Q10029,P910,Q86106312
Q10978,P1582,Q30046
Q10978,P1582,Q191019
Q10978,P1582,Q20634
Q10978,P910,Q6143761
Q10978,P462,Q23445
Q10978,P462,Q3142
Q10978,P462,Q3133
Q10978,P462,Q3257809
Q10978,P279,Q13184
Q10978,P2959,Q27131430
Q10978,P1889,Q18909646
Q10978,P1889,Q21552830
Q10978,P1889,Q191019
Q10978,P5008,Q5460604
Q10978,P5008,Q99671171
Q10978,P1343,Q4086271
Q10978,P1343,Q602358
Q10978,P1343,Q19180675
Q10978,P1343,Q4173137
Q10978,P1343,Q1768721
Q10978,P361,Q1209756
Q32879,P31,Q4167410
Q32879,P1889,Q37298180
Q32879,P460,Q8253478
Q919869,P31,Q4167410
Q919869,P1889,Q16871412
Q919869,P1889,Q54869709
Q260924,P54,Q131206
Q260924,P54,Q530764
Q260924,P54,Q204627
Q260924,P21,Q6581097
Q260924,P31,Q5
Q260924,P27,Q16
Q260924,P106,Q11774891
Q260924,P19,Q642900
Q260924,P735,Q19826563
Q260924,P641,Q41466
Q260924,P413,Q1317534
Q260924,P413,Q172964
Q260924,P647,Q530764
Q260924,P1532,Q16
Q260924,P734,Q66741610
Q419285,P31,Q4167410
Q419285,P460,Q7446548
Q446263,P31,Q4167410
Q446263,P1889,Q18043422
Q40152,P910,Q7163380
Q40152,P105,Q36602
Q40152,P171,Q340867
Q40152,P31,Q16521
Q40152,P1343,Q2657718
Q40152,P1343,Q1768721
Q40152,P527,Q1073
Q40152,P2283,Q492
Q40152,P2283,Q192627
Q40152,P2283,Q46627
Q40152,P2283,Q223557
Q40152,P2283,Q504699
Q40152,P1889,Q17118835
Q451014,P31,Q4167410
Q451014,P1889,Q36972982
Q2566015,P910,Q8396040
Q2566015,P31,Q561068
Q2566015,P127,Q17085515
Q2566015,P17,Q30
Q2566015,P159,Q755149
Q21511584,P31,Q101352
Q21511584,P1889,Q1900737
Q21511584,P282,Q8229
Q21511584,P407,Q20923490
Q1157843,P21,Q6581097
Q1157843,P54,Q131206
Q1157843,P54,Q192083
Q1157843,P54,Q207735
Q1157843,P54,Q576406
Q1157843,P31,Q5
Q1157843,P19,Q172
Q1157843,P27,Q16
Q1157843,P106,Q11774891
Q1157843,P735,Q3701009
Q1157843,P641,Q41466
Q1157843,P413,Q2583758
Q1157843,P1532,Q16
Q1157843,P423,Q10927615
Q1157843,P647,Q576406
Q1157843,P166,Q726480
Q1157843,P166,Q1136687
Q1157843,P118,Q1215892
Q1157843,P734,Q66741599
Q1157843,P509,Q189588
Q1157843,P1196,Q3739104
Q1157843,P20,Q34183
Q178651,P910,Q8552003
Q178651,P279,Q3030248
Q178651,P279,Q15621286
Q178651,P1151,Q28555919
Q178651,P31,Q483394
Q56539900,P31,Q101352
Q56539900,P1889,Q4299154
Q409045,P31,Q4167410
Q409045,P1889,Q16884103
Q409045,P1889,Q27229604
Q4995000,P31,Q4167410
Q4995000,P1889,Q16282815
Q4995000,P1889,Q18585594
Q4995000,P1889,Q27263334
Q4995000,P1889,Q27322696
Q4995000,P1889,Q3627558
Q4995000,P1889,Q20095630
Q4995000,P1889,Q2508214
Q406580,P31,Q4167410
Q1948,P1151,Q10966144
Q1948,P17,Q16
Q1948,P36,Q689727
Q1948,P36,Q2135
Q1948,P47,Q1989
Q1948,P47,Q1904
Q1948,P47,Q2023
Q1948,P47,Q1207
Q1948,P47,Q1527
Q1948,P47,Q2007
Q1948,P47,Q1117425
Q1948,P47,Q603676
Q1948,P163,Q512175
Q1948,P421,Q2086913
Q1948,P421,Q28146160
Q1948,P131,Q16
Q1948,P910,Q6577761
Q1948,P6,Q178944
Q1948,P6,Q2924976
Q1948,P31,Q11828004
Q1948,P31,Q3750285
Q1948,P194,Q15150769
Q1948,P1464,Q8062686
Q1948,P1465,Q8365541
Q1948,P1740,Q8458154
Q1948,P1792,Q7116720
Q1948,P1313,Q3401758
Q1948,P457,Q1890465
Q1948,P208,Q5419817
Q1948,P1343,Q302556
Q1948,P1343,Q602358
Q1948,P1365,Q2007
Q1948,P1365,Q603676
Q1948,P1365,Q738395
Q1948,P1365,Q5283393
Q1948,P1365,Q5283474
Q1948,P1365,Q18100240
Q1948,P2633,Q5535183
Q1948,P37,Q1860
Q1948,P610,Q3321683
Q1948,P1589,Q3040
Q1948,P2238,Q200724
Q1948,P2238,Q2447861
Q1948,P2238,Q1462862
Q1948,P2238,Q149341
Q1948,P2238,Q16882220
Q1948,P2238,Q744
Q1948,P2238,Q663311
Q1948,P2238,Q131460
Q1948,P807,Q738395
Q1948,P35,Q9682
Q1948,P1906,Q14931511
Q1948,P5125,Q7112349
Q1948,P237,Q1633922
Q1948,P2184,Q3137720
Q1948,P206,Q3040
Q1948,P1791,Q8328670
Q1948,P832,Q27631
Q1948,P1830,Q635546
Q1948,P2936,Q33385
Q1948,P2936,Q1751432
Q1948,P2936,Q3474222
Q1948,P2936,Q7060356
Q1948,P2936,Q56494
Q1948,P2936,Q56696
Q1948,P2936,Q150
Q1948,P2936,Q27692
Q1948,P138,Q22541896
Q1948,P30,Q49
Q1948,P38,Q1104069
Q1948,P122,Q3043547
Q1948,P7867,Q84084674
Q403164,P31,Q4167410
Q403164,P1889,Q42749188
Q656365,P31,Q853725
Q656365,P910,Q6642305
Q656365,P1269,Q6958747
Q656365,P1552,Q685744
Q656365,P1552,Q675059
Q656365,P1552,Q629411
Q656365,P1552,Q1500858
Q656365,P1552,Q1054723
Q656365,P1552,Q2992308
Q656365,P1552,Q7434443
Q656365,P1424,Q13406437
Q656365,P1889,Q192581
Q656365,P1889,Q12004616
Q656365,P279,Q8148
Q2260344,P31,Q4167410
Q2260344,P1889,Q28045878
Q297889,P31,Q4167410
Q297889,P460,Q61776950
Q297889,P460,Q303239
Q297889,P460,Q61776972
Q297889,P460,Q61777022
Q297889,P460,Q61777054
Q297889,P460,Q424461
Q297889,P460,Q97452283
Q297889,P460,Q97452316
Q297889,P460,Q97452334
Q297889,P1889,Q25338947
Q16243705,P31,Q5398426
Q16243705,P136,Q40831
Q16243705,P136,Q22812458
Q16243705,P495,Q30
Q16243705,P161,Q455702
Q16243705,P449,Q248713
Q16243705,P170,Q6835627
Q16243705,P1431,Q6835627
Q16243705,P750,Q2737435
Q16243705,P364,Q1860
Q1816874,P31,Q4167410
Q1816874,P1889,Q21492460
Q1425316,P31,Q4830453
Q1425316,P31,Q6881511
Q1425316,P31,Q94532151
Q1425316,P910,Q8707371
Q1425316,P112,Q106736
Q1425316,P414,Q13677
Q1425316,P159,Q16555
Q1425316,P1454,Q891723
Q1425316,P17,Q30
Q1425316,P355,Q29002337
Q1425316,P355,Q29002338
Q1425316,P355,Q29002339
Q1425316,P355,Q30338171
Q1425316,P355,Q30338173
Q1425316,P355,Q30338174
Q1425316,P355,Q30343763
Q1425316,P355,Q39411201
Q1425316,P355,Q77078255
Q1425316,P361,Q242345
Q1425316,P452,Q862571
Q205186,P279,Q189329
Q205186,P527,Q8091
Q205186,P527,Q9453
Q205186,P527,Q81009
Q205186,P156,Q273822
Q296531,P31,Q4167410
Q296531,P1889,Q16860306
Q295345,P54,Q204627
Q295345,P54,Q1329981
Q295345,P54,Q787888
Q295345,P54,Q1543732
Q295345,P54,Q188984
Q295345,P54,Q192083
Q295345,P54,Q192081
Q295345,P54,Q193643
Q295345,P54,Q754410
Q295345,P54,Q194121
Q295345,P54,Q208652
Q295345,P54,Q1148654
Q295345,P54,Q204623
Q295345,P54,Q194126
Q295345,P21,Q6581097
Q295345,P27,Q33946
Q295345,P27,Q213
Q295345,P31,Q5
Q295345,P19,Q155993
Q295345,P106,Q11774891
Q295345,P166,Q1141859
Q295345,P166,Q4896750
Q295345,P166,Q207219
Q295345,P166,Q832447
Q295345,P166,Q678383
Q295345,P166,Q705707
Q295345,P166,Q705707
Q295345,P166,Q705707
Q295345,P166,Q705707
Q295345,P166,Q705707
Q295345,P166,Q795029
Q295345,P166,Q60560976
Q295345,P166,Q60560976
Q295345,P166,Q60560976
Q295345,P166,Q1357311
Q295345,P166,Q63872497
Q295345,P166,Q1141859
Q295345,P1344,Q9672
Q295345,P1344,Q9674
Q295345,P1344,Q9678
Q295345,P1344,Q9664
Q295345,P1344,Q9668
Q295345,P1344,Q699885
Q295345,P1344,Q1316681
Q295345,P1344,Q688858
Q295345,P1344,Q1031978
Q295345,P1344,Q1316044
Q295345,P1344,Q246803
Q295345,P1344,Q1316177
Q295345,P1344,Q935264
Q295345,P1344,Q726191
Q295345,P1344,Q1186533
Q295345,P1344,Q3350482
Q295345,P1344,Q6401633
Q295345,P1344,Q4401
Q295345,P1344,Q946600
Q295345,P735,Q19818088
Q295345,P641,Q41466
Q295345,P413,Q18451027
Q295345,P647,Q193643
Q295345,P551,Q155993
Q295345,P1411,Q4896750
Q295345,P1411,Q4896750
Q295345,P1411,Q4896750
Q295345,P1532,Q33946
Q295345,P1532,Q213
Q295345,P423,Q10927615
Q295345,P140,Q3333484
Q295345,P103,Q9056
Q295345,P1412,Q9056
Q295345,P1412,Q1860
Q295345,P1830,Q1543732
Q295345,P734,Q56546776
Q295345,P118,Q1215892
Q295345,P22,Q62476275
Q295345,P25,Q66360782
Q295345,P1038,Q66360789
Q295345,P1038,Q66360806
Q295345,P1343,Q67311526
Q485446,P31,Q16748888
Q485446,P461,Q484954
Q485446,P361,Q9357054
Q485446,P361,Q77468620
Q485446,P361,Q20991093
Q485446,P1343,Q602358
Q485446,P1343,Q19180675
Q485446,P1343,Q4173137
Q485446,P1343,Q19190511
Q100,P1151,Q11150593
Q100,P910,Q8307877
Q100,P17,Q30
Q100,P17,Q2079909
Q100,P31,Q1549591
Q100,P31,Q21518270
Q100,P31,Q1093829
Q100,P131,Q54072
Q100,P163,Q5456707
Q100,P194,Q4947808
Q100,P190,Q34600
Q100,P190,Q6602
Q100,P190,Q1492
Q100,P190,Q4970
Q100,P190,Q617
Q100,P190,Q1919098
Q100,P190,Q1867
Q100,P190,Q243293
Q100,P190,Q41621
Q100,P190,Q1524
Q100,P190,Q34820
Q100,P190,Q311975
Q100,P190,Q2844
Q100,P1464,Q9223645
Q100,P1465,Q9217749
Q100,P1740,Q13323660
Q100,P138,Q311975
Q100,P1792,Q7115475
Q100,P421,Q941023
Q100,P421,Q5390
Q100,P421,Q5762
Q100,P1376,Q771
Q100,P1376,Q54072
Q100,P112,Q720766
Q100,P6,Q15126384
Q100,P6,Q941404
Q100,P206,Q794927
Q100,P206,Q1332459
Q100,P206,Q1758000
Q100,P206,Q894564
Q100,P47,Q49143
Q100,P47,Q49142
Q100,P47,Q49111
Q100,P47,Q49199
Q100,P47,Q54170
Q100,P47,Q54154
Q100,P47,Q54156
Q100,P47,Q54151
Q100,P47,Q54172
Q100,P47,Q49196
Q100,P47,Q1758615
Q100,P47,Q739428
Q100,P47,Q990957
Q100,P47,Q1664345
Q100,P361,Q1190137
Q100,P361,Q88098234
Q100,P361,Q88098344
Q100,P361,Q88098527
Q100,P361,Q88098567
Q100,P361,Q88098606
Q100,P361,Q88098625
Q100,P361,Q88098664
Q100,P361,Q88098698
Q100,P361,Q88099036
Q100,P361,Q88097495
Q100,P361,Q88097546
Q100,P361,Q88097600
Q100,P361,Q88097651
Q100,P361,Q88097660
Q100,P361,Q88097711
Q100,P361,Q88097757
Q100,P361,Q88098175
Q100,P361,Q88207003
Q100,P361,Q88207005
Q100,P361,Q88207029
Q100,P361,Q55622370
Q100,P361,Q88207080
Q100,P361,Q88207104
Q100,P361,Q89657972
Q100,P361,Q89658414
Q100,P5125,Q48843524
Q100,P1791,Q15076397
Q100,P1313,Q1837807
Q100,P1830,Q27963431
Q100,P706,Q902346
Q100,P1889,Q311975
Q100,P30,Q49
Q100,P2184,Q3136655
Q100,P527,Q1335396
Q100,P793,Q1129089
Q100,P793,Q815128
Q100,P793,Q19024
Q100,P610,Q4883939
Q100,P1589,Q125465
Q100,P1343,Q19180675
Q100,P1343,Q602358
Q100,P1343,Q3181656
Q100,P7867,Q84055346
Q100,P8402,Q97130637
Q100,P8744,Q100868081
Q37453489,P31,Q101352
Q37453489,P282,Q8229
Q37453489,P5323,Q92953148
Q3256242,P31,Q4167410
Q176,P1456,Q3247234
Q176,P1456,Q3250874
Q176,P1456,Q378616
Q176,P1365,Q2935756
Q176,P1365,Q2574114
Q176,P1365,Q1121436
Q176,P457,Q868884
Q176,P36,Q2145
Q176,P47,Q759
Q176,P47,Q724
Q176,P47,Q1965
Q176,P47,Q2003
Q176,P47,Q1384
Q176,P47,Q16551
Q176,P47,Q1904
Q176,P47,Q738395
Q176,P47,Q2007
Q176,P47,Q38610
Q176,P47,Q2023
Q176,P37,Q150
Q176,P131,Q16
Q176,P17,Q16
Q176,P30,Q49
Q176,P150,Q809729
Q176,P150,Q615914
Q176,P150,Q680780
Q176,P150,Q510572
Q176,P150,Q1122368
Q176,P150,Q1474984
Q176,P150,Q222948
Q176,P150,Q321529
Q176,P150,Q1124109
Q176,P150,Q927561
Q176,P150,Q728139
Q176,P150,Q1068386
Q176,P150,Q141810
Q176,P150,Q692825
Q176,P150,Q2304022
Q176,P150,Q931679
Q176,P163,Q392167
Q176,P237,Q427048
Q176,P6,Q256249
Q176,P6,Q3379654
Q176,P6,Q381007
Q176,P6,Q3085147
Q176,P6,Q660646
Q176,P6,Q718520
Q176,P6,Q718349
Q176,P6,Q179925
Q176,P6,Q718571
Q176,P6,Q718557
Q176,P6,Q532280
Q176,P6,Q608672
Q176,P6,Q513514
Q176,P6,Q648593
Q176,P6,Q1479431
Q176,P6,Q750977
Q176,P6,Q764557
Q176,P6,Q642503
Q176,P6,Q380370
Q176,P6,Q113941
Q176,P6,Q2594246
Q176,P6,Q2857198
Q176,P6,Q1685649
Q176,P6,Q3014239
Q176,P6,Q3166184
Q176,P6,Q650980
Q176,P6,Q964801
Q176,P6,Q3014237
Q176,P6,Q1393455
Q176,P6,Q1873388
Q176,P6,Q574359
Q176,P6,Q48966
Q176,P910,Q8261183
Q176,P31,Q11828004
Q176,P31,Q3750285
Q176,P194,Q15150880
Q176,P1151,Q14614968
Q176,P190,Q8686
Q176,P190,Q120730
Q176,P1464,Q8081598
Q176,P1465,Q9676864
Q176,P1740,Q7522970
Q176,P1792,Q8954318
Q176,P1313,Q2911019
Q176,P208,Q2993943
Q176,P2184,Q375513
Q176,P2238,Q170177
Q176,P2238,Q1499241
Q176,P2238,Q164844
Q176,P2238,Q211568
Q176,P421,Q941023
Q176,P2633,Q2575182
Q176,P610,Q3321804
Q176,P1589,Q788
Q176,P35,Q9682
Q176,P1906,Q14931511
Q176,P1546,Q2445697
Q176,P206,Q68467
Q176,P206,Q134750
Q176,P1889,Q2145
Q176,P5125,Q7112423
Q176,P1791,Q8328742
Q176,P832,Q3187072
Q176,P832,Q2427163
Q176,P832,Q5433098
Q176,P832,Q27631
Q176,P832,Q2916311
Q176,P2936,Q17502788
Q176,P2936,Q1704302
Q176,P2936,Q56590
Q176,P2936,Q13193
Q176,P2936,Q13321
Q176,P2936,Q150
Q176,P2936,Q28092
Q176,P2936,Q13339
Q176,P2936,Q13351
Q176,P2936,Q4126517
Q176,P2936,Q12953464
Q176,P138,Q2145
Q176,P1343,Q602358
Q176,P1299,Q63986106
Q176,P38,Q1104069
Q176,P807,Q1121436
Q176,P122,Q3043547
Q176,P7867,Q84111761
Q176,P8402,Q97125332
Q176,P2596,Q3007454
Q176,P8744,Q2077423
Q574491,P1995,Q2861470
Q574491,P279,Q1322382
Q574491,P279,Q770709
Q574491,P279,Q100751718
Q574491,P1889,Q939378
Q574491,P1889,Q4391416
Q574491,P1343,Q4532138
Q18350602,P31,Q482994
Q18350602,P175,Q1721488
Q18350602,P155,Q7558432
Q18350602,P156,Q18379669
Q18350602,P136,Q49451
Q1064904,P279,Q481609
Q1064904,P279,Q193078
Q1064904,P1995,Q2861470
Q1064904,P1343,Q2041543
Q1064904,P1889,Q193078
Q1064904,P1424,Q20342766
Q196751,P361,Q187939
Q196751,P910,Q8436482
Q196751,P279,Q18511800
Q196751,P31,Q1408288
Q3112866,P31,Q55983715
Q178190,P910,Q9694596
Q178190,P1995,Q7867
Q178190,P1995,Q9418
Q178190,P279,Q544006
Q178190,P279,Q1201835
Q178190,P279,Q55788492
Q178190,P279,Q200779
Q178190,P2176,Q409672
Q178190,P2176,Q422244
Q178190,P2176,Q407617
Q178190,P2176,Q408471
Q178190,P2176,Q58713
Q178190,P2176,Q898407
Q178190,P2176,Q201872
Q178190,P2176,Q408535
Q178190,P2176,Q411932
Q178190,P2176,Q411188
Q178190,P2176,Q412443
Q178190,P2176,Q423757
Q178190,P2176,Q58713
Q178190,P2176,Q409236
Q178190,P2176,Q408265
Q178190,P31,Q12136
Q178190,P1889,Q231578
Q178190,P1552,Q266332
Q178190,P1552,Q1671614
Q178190,P780,Q266332
Q178190,P780,Q6048309
Q178190,P780,Q154430
Q178190,P780,Q1671614
Q178190,P1424,Q14467510
Q178190,P924,Q183257
Q178190,P924,Q5421633
Q178190,P924,Q12140
Q178190,P828,Q24238356
Q178190,P5008,Q4099686
Q5780945,P910,Q8824000
Q5780945,P460,Q21169160
Q5780945,P1889,Q21055630
Q5780945,P279,Q282250
Q5780945,P1343,Q101314624
Q355585,P31,Q4167410
Q355585,P1889,Q17125065
Q6120474,P31,Q4167410
Q6120474,P1889,Q37015912
Q11268384,P31,Q4167410
Q11268384,P1889,Q21146263
Q11268384,P1889,Q37084872
Q10285,P31,Q7362268
Q10285,P31,Q839954
Q10285,P31,Q570116
Q10285,P31,Q42898444
Q10285,P31,Q483110
Q10285,P31,Q14752696
Q10285,P366,Q1216498
Q10285,P366,Q188040
Q10285,P366,Q570116
Q10285,P17,Q38
Q10285,P186,Q187156
Q10285,P186,Q484924
Q10285,P186,Q22657
Q10285,P361,Q523026
Q10285,P1343,Q302556
Q10285,P1343,Q3181656
Q10285,P2596,Q1747689
Q10285,P149,Q223750
Q10285,P5008,Q5460604
Q10285,P5023,Q53540617
Q10285,P910,Q55329104
Q10285,P131,Q550592
Q10285,P131,Q220
Q10285,P1435,Q26971668
Q10285,P7561,Q86114943
Q2483021,P31,Q2695280
Q1533430,P641,Q5372
Q842,P1464,Q8066832
Q842,P610,Q1261915
Q842,P31,Q3624078
Q842,P31,Q6256
Q842,P31,Q12759805
Q842,P30,Q48
Q842,P37,Q13955
Q842,P35,Q12250314
Q842,P78,Q43132
Q842,P38,Q272290
Q842,P36,Q3826
Q842,P163,Q165550
Q842,P6,Q57331
Q842,P150,Q792550
Q842,P150,Q1468596
Q842,P150,Q4703564
Q842,P150,Q4703565
Q842,P150,Q852039
Q842,P150,Q958518
Q842,P150,Q4501876
Q842,P150,Q4501894
Q842,P150,Q1207752
Q842,P150,Q544762
Q842,P150,Q372144
Q842,P463,Q1065
Q842,P463,Q7172
Q842,P463,Q7825
Q842,P463,Q47543
Q842,P463,Q191384
Q842,P463,Q827525
Q842,P463,Q656801
Q842,P463,Q1043527
Q842,P463,Q899770
Q842,P463,Q4783148
Q842,P463,Q1137381
Q842,P463,Q624307
Q842,P463,Q217172
Q842,P463,Q472311
Q842,P463,Q4783192
Q842,P463,Q689859
Q842,P463,Q216996
Q842,P463,Q392739
Q842,P463,Q201054
Q842,P463,Q12183902
Q842,P463,Q842490
Q842,P463,Q17495
Q842,P463,Q605326
Q842,P463,Q177773
Q842,P463,Q8475
Q842,P463,Q233611
Q842,P463,Q7809
Q842,P463,Q5611262
Q842,P463,Q376150
Q842,P463,Q162656
Q842,P463,Q170424
Q842,P463,Q7817
Q842,P85,Q634111
Q842,P910,Q7085289
Q842,P47,Q851
Q842,P47,Q805
Q842,P47,Q878
Q842,P237,Q207285
Q842,P17,Q842
Q842,P1465,Q18644449
Q842,P421,Q6779
Q842,P1740,Q16779885
Q842,P1792,Q7074596
Q842,P1589,Q957114
Q842,P1622,Q14565199
Q842,P2633,Q1503746
Q842,P530,Q805
Q842,P530,Q851
Q842,P530,Q403
Q842,P530,Q833
Q842,P530,Q843
Q842,P530,Q865
Q842,P530,Q878
Q842,P530,Q159
Q842,P530,Q902
Q842,P530,Q183
Q842,P530,Q423
Q842,P2853,Q1378312
Q842,P2853,Q1528507
Q842,P2852,Q4676624
Q842,P2852,Q1061257
Q842,P1343,Q20078554
Q842,P1343,Q19180675
Q842,P1343,Q602358
Q842,P1343,Q19190511
Q842,P2959,Q21287531
Q842,P1151,Q10815243
Q842,P122,Q184558
Q842,P1313,Q28478447
Q842,P361,Q7204
Q842,P361,Q66458647
Q842,P194,Q5176472
Q842,P208,Q5015541
Q842,P1906,Q28478447
Q842,P2184,Q1505216
Q842,P1552,Q47185282
Q842,P5125,Q7112399
Q842,P1304,Q3488501
Q842,P1365,Q2342282
Q842,P706,Q31945
Q842,P2936,Q56467
Q842,P2936,Q2586893
Q842,P2936,Q56571
Q842,P2936,Q56565
Q842,P2936,Q1860
Q842,P2936,Q56630
Q842,P2936,Q36158
Q842,P2936,Q13361
Q842,P2936,Q33299
Q842,P2936,Q33423
Q842,P2936,Q33402
Q842,P2936,Q33445
Q842,P2596,Q245626
Q842,P7867,Q83991873
Q842,P1889,Q157734
Q842,P8402,Q97097275
Q2089608,P17,Q155
Q2089608,P131,Q40123
Q2089608,P31,Q3184121
Q2123241,P31,Q101352
Q2123241,P1889,Q352500
Q2123241,P407,Q1860
Q2123241,P460,Q16881737
Q2123241,P460,Q21510769
Q2123241,P460,Q21506664
Q2123241,P460,Q25374231
Q2123241,P282,Q8229
Q2663273,P461,Q1186677
Q5010335,P31,Q4167410
Q1184041,P31,Q4167410
Q1184041,P1889,Q37549222
Q7296761,P31,Q4167410
Q10917278,P31,Q4167410
Q1061122,P31,Q1075106
Q1061122,P910,Q8883666
Q1061122,P17,Q30
Q1061122,P131,Q771
Q1061122,P159,Q100
Q1061122,P355,Q7895715
Q1061122,P355,Q15142
Q1061122,P355,Q15144
Q1061122,P355,Q4118040
Q1061122,P355,Q15143
Q1061122,P355,Q6784220
Q1061122,P3876,Q8883691
Q1061122,P4195,Q8883698
Q15402295,P31,Q4167410
Q247345,P31,Q4167410
Q247345,P460,Q10564078
Q247345,P460,Q1328014
Q247345,P460,Q525436
Q247345,P460,Q597441
Q247345,P460,Q1106738
Q247345,P460,Q5169361
Q247345,P460,Q219208
Q247345,P460,Q232469
Q247345,P460,Q10564087
Q247345,P460,Q15614764
Q247345,P1889,Q16256892
Q247345,P1889,Q1587003
Q247345,P1889,Q5628958
Q446997,P31,Q4167410
Q2001413,P17,Q145
Q2001413,P131,Q21695028
Q2001413,P31,Q3957
Q2001413,P31,Q1115575
Q2001413,P421,Q6574
Q2001413,P460,Q24665308
Q2001413,P910,Q41503081
Q2001413,P7959,Q163
Q6132400,P31,Q4167410
Q602012,P31,Q9143
Q602012,P138,Q357019
Q602012,P275,Q10513445
Q602012,P178,Q7598
Q602012,P287,Q7613510
Q602012,P3966,Q79872
Q4880231,P31,Q4167410
Q4880231,P1889,Q37536926
Q4854749,P31,Q4167410
Q439630,P31,Q82799
Q439630,P527,Q19826563
Q439630,P527,Q23569212
Q439630,P1889,Q16461729
Q1104185,P910,Q28960565
Q1104185,P279,Q133500
Q1104185,P31,Q28640
Q24639,P190,Q38283
Q24639,P190,Q1874
Q24639,P190,Q23436
Q24639,P190,Q16572
Q24639,P190,Q65
Q24639,P190,Q8678
Q24639,P190,Q9899
Q24639,P190,Q51103
Q24639,P190,Q159273
Q24639,P190,Q60453
Q24639,P190,Q612
Q24639,P1151,Q11244128
Q24639,P131,Q1061069
Q24639,P17,Q16
Q24639,P6,Q3195160
Q24639,P31,Q1549591
Q24639,P31,Q60458065
Q24639,P31,Q902814
Q24639,P138,Q205485
Q24639,P30,Q49
Q24639,P421,Q2204
Q24639,P163,Q1426496
Q24639,P910,Q6989066
Q24639,P1464,Q9227882
Q24639,P1465,Q9220269
Q24639,P1740,Q6989145
Q24639,P1792,Q6901748
Q24639,P47,Q991329
Q24639,P47,Q244025
Q24639,P2184,Q5867097
Q24639,P194,Q47489643
Q24639,P1313,Q24255207
Q24639,P206,Q269710
Q24639,P112,Q472946
Q24639,P1830,Q820763
Q24639,P1830,Q832644
Q24639,P1830,Q839071
Q24639,P1830,Q7435590
Q24639,P1830,Q7914183
Q24639,P1441,Q2385
Q24639,P7867,Q84096887
Q24639,P8402,Q97014281
Q24639,P8744,Q5333802
Q21500615,P31,Q101352
Q21500615,P1889,Q16833386
Q21500615,P282,Q8229
Q5159621,P31,Q4167410
Q1132131,P279,Q9332
Q1132131,P461,Q2166722
Q1132131,P1889,Q16687903
Q1132131,P1687,P945
Q1132131,P460,Q2721121
Q1132131,P460,Q2119376
Q1132131,P361,Q77468620
Q1132131,P31,Q9415
Q1132131,P1269,Q9418
Q1132131,P1343,Q101314624
Q1077857,P460,Q6063277
Q1077857,P460,Q1792372
Q1077857,P279,Q844569
Q1077857,P279,Q1792372
Q1077857,P138,Q12044659
Q1077857,P1343,Q2041543
Q1207827,P31,Q4167410
Q1207827,P1889,Q37498340
Q441621,P31,Q4167410
Q441621,P1889,Q37501321
Q7930659,P31,Q4830453
Q7930659,P159,Q23197
Q7930659,P452,Q11707
Q1151752,P279,Q6666023
Q1151752,P910,Q50320630
Q3887403,P31,Q4167410
Q3887403,P1889,Q37108495
Q7695777,P31,Q4167410
Q2251595,P31,Q9332
Q2251595,P31,Q1914636
Q2251595,P31,Q4167410
Q2251595,P361,Q2526135
Q2251595,P527,Q28553669
Q2251595,P527,Q28553760
Q2251595,P461,Q1174599
Q2251595,P279,Q1717246
Q2251595,P1889,Q19798609
Q391028,P131,Q1974
Q391028,P17,Q16
Q391028,P31,Q62078547
Q391028,P31,Q45400320
Q391028,P910,Q6989231
Q391028,P3876,Q6989236
Q391028,P463,Q5275906
Q391028,P463,Q4810036
Q391028,P463,Q647039
Q391028,P463,Q5059850
Q391028,P463,Q5137944
Q391028,P355,Q45137240
Q391028,P355,Q45132591
Q391028,P355,Q24190740
Q391028,P355,Q4853480
Q391028,P355,Q36874973
Q391028,P355,Q55361973
Q391028,P355,Q7863800
Q391028,P749,Q30281216
Q391028,P4195,Q6989253
Q391028,P1416,Q4810015
Q391028,P2959,Q56393539
Q391028,P1830,Q7916161
Q391028,P1830,Q16247338
Q391028,P1830,Q5006612
Q391028,P1830,Q5011917
Q391028,P1830,Q7799103
Q391028,P1343,Q73357989
Q218260,P31,Q4167410
Q218260,P1889,Q21448738
Q218260,P1889,Q3246744
Q218292,P31,Q4167410
Q218292,P1889,Q16882160
Q250075,P31,Q4167410
Q5183407,P31,Q4167410
Q5183407,P1889,Q16865848
Q1266946,P279,Q27318
Q1266946,P279,Q7725634
Q1266946,P279,Q55915575
Q1266946,P921,Q42240
Q1266946,P1269,Q136822
Q1266946,P1889,Q642659
Q1266946,P1889,Q1385450
Q1266946,P1889,Q187685
Q1266946,P1889,Q1907875
Q1266946,P1889,Q30749496
Q1266946,P31,Q483394
Q1266946,P910,Q15206881
Q1004645,P31,Q1317494
Q1004645,P641,Q41466
Q1004645,P279,Q61054219
Q1004645,P910,Q13359730
Q152247,P910,Q32778037
Q152247,P279,Q331769
Q152247,P279,Q327968
Q152247,P361,Q77468620
Q152247,P2283,Q76469
Q346430,P31,Q4167410
Q346430,P1889,Q50198652
Q5450354,P31,Q4167410
Q193888,P279,Q15830292
Q193888,P279,Q80151
Q193888,P1343,Q2657718
Q193888,P1343,Q602358
Q359765,P31,Q4167410
Q344909,P31,Q4167410
Q344909,P1889,Q13553905
Q344909,P1889,Q47439557
Q486802,P31,Q3523867
Q486802,P1687,P5520
Q486802,P279,Q107715
Q334422,P105,Q34740
Q334422,P171,Q1076176
Q334422,P31,Q16521
Q334422,P910,Q14954993
Q334422,P910,Q15006196
Q6533679,P31,Q4167410
Q6533679,P1889,Q37498267
Q6703629,P31,Q4167410
Q6703629,P460,Q98076745
Q2541816,P31,Q4167410
Q2541816,P1889,Q16282576
Q2541816,P1889,Q16979123
Q1994782,P279,Q56055115
Q1994782,P466,Q144
Q3858303,P279,Q3240539
Q3858303,P279,Q905726
Q3858303,P279,Q2695280
Q3858303,P279,Q83267
Q3858303,P1542,Q44619
Q3858303,P527,Q707125
Q912093,P31,Q4167410
Q912093,P1889,Q4677161
Q912093,P1889,Q37474401
Q912093,P460,Q1686849
Q912093,P460,Q56312559
Q7653593,P17,Q30
Q7653593,P131,Q113017
Q7653593,P31,Q17343829
Q7653593,P421,Q3134980
Q1481253,P31,Q12308941
Q1481253,P1750,Q2501
Q1481253,P1750,Q2501
Q1481253,P407,Q12330003
Q1481253,P407,Q9043
Q1481253,P407,Q9027
Q1481253,P282,Q8229
Q1481253,P1889,Q1480308
Q1481253,P1889,Q21763536
Q1481253,P460,Q2588576
Q1481253,P460,Q21400601
Q1481253,P460,Q12009049
Q1481253,P460,Q16833196
Q1481253,P460,Q16422176
Q1481253,P460,Q98861962
Q1481253,P460,Q2473763
Q1481253,P460,Q19968151
Q1481253,P460,Q3840849
Q1481253,P460,Q96656408
Q1481253,P1343,Q151
Q3309433,P31,Q2393196
Q30525718,P31,Q101352
Q30525718,P1889,Q944281
Q30525718,P282,Q8229
Q30525718,P407,Q652
Q14516546,P1560,Q1096053
Q14516546,P1533,Q181502
Q14516546,P460,Q18040364
Q14516546,P460,Q18040588
Q14516546,P460,Q1156469
Q14516546,P460,Q18375359
Q14516546,P460,Q5220046
Q14516546,P460,Q17190118
Q14516546,P460,Q781477
Q14516546,P460,Q18978306
Q14516546,P460,Q40203849
Q14516546,P460,Q18978307
Q14516546,P460,Q5219507
Q14516546,P460,Q53787734
Q14516546,P460,Q53787906
Q14516546,P460,Q2487038
Q14516546,P460,Q17863942
Q14516546,P460,Q11896337
Q14516546,P460,Q79098966
Q14516546,P460,Q87239743
Q14516546,P460,Q98480250
Q14516546,P31,Q12308941
Q14516546,P407,Q9288
Q14516546,P407,Q150
Q14516546,P407,Q809
Q14516546,P407,Q1860
Q14516546,P407,Q13955
Q14516546,P407,Q7411
Q14516546,P407,Q1321
Q14516546,P1750,Q2363
Q14516546,P1889,Q224154
Q14516546,P1889,Q4172095
Q14516546,P282,Q8229
Q14516546,P361,Q53844284
Q14516546,P5323,Q21644845
Q14516546,P5323,Q21142040
Q14516546,P5323,Q39131224
Q21448862,P31,Q101352
Q21448862,P1889,Q406014
Q21448862,P282,Q8229
Q21448862,P407,Q150
Q21448862,P407,Q1860
Q21450651,P31,Q101352
Q21450651,P1889,Q531162
Q21450651,P282,Q8229
Q21450651,P407,Q1860
Q1441349,P31,Q4167410
Q1441349,P460,Q399758
Q1441349,P460,Q6502613
Q1441349,P460,Q2598403
Q1441349,P460,Q3360258
Q1441349,P460,Q10498479
Q1441349,P460,Q227292
Q1441349,P460,Q12728565
Q1441349,P460,Q2416416
Q1441349,P460,Q2778762
Q1441349,P460,Q12788825
Q1441349,P460,Q219022
Q1441349,P460,Q252067
Q1441349,P460,Q364066
Q1441349,P460,Q397681
Q1441349,P460,Q424029
Q1441349,P460,Q584189
Q1441349,P460,Q1450800
Q1441349,P460,Q1440516
Q1441349,P460,Q10285563
Q1441349,P1889,Q1441346
Q1441349,P1889,Q15208210
Q1441349,P1889,Q68721284
Q5877412,P31,Q4167410
Q5877412,P1889,Q27206047
Q1699018,P31,Q11455398
Q1699018,P31,Q101352
Q1699018,P460,Q1326577
Q1699018,P460,Q21452143
Q1699018,P460,Q1698999
Q1699018,P460,Q6217182
Q1699018,P460,Q180158
Q1699018,P460,Q21507306
Q1699018,P460,Q1449206
Q1699018,P407,Q9027
Q1699018,P282,Q8229
Q436152,P31,Q4167410
Q436152,P1889,Q16871253
Q49676808,P31,Q4167410
Q49676808,P1889,Q1805789
Q1953798,P31,Q101352
Q1953798,P2354,Q20007714
Q1953798,P407,Q1860
Q1953798,P407,Q9142
Q1953798,P1889,Q224903
Q1953798,P1889,Q21071756
Q1953798,P282,Q8229
Q1953798,P460,Q37292484
Q2014260,P31,Q4167410
Q228083,P31,Q4167410
Q228083,P1889,Q19813143
Q228083,P1889,Q5070535
Q228083,P910,Q61785928
Q21448660,P31,Q101352
Q21448660,P1889,Q390950
Q21448660,P282,Q8229
Q21492224,P31,Q11455398
Q21492224,P31,Q101352
Q21492224,P1889,Q1532278
Q21492224,P407,Q9027
Q21492224,P282,Q8229
Q21492224,P460,Q2219079
Q21492224,P460,Q21450098
Q158120,P105,Q34740
Q158120,P427,Q164237
Q158120,P171,Q43238
Q158120,P31,Q16521
Q158120,P910,Q6198366
Q158120,P1343,Q16387823
Q397635,P31,Q4167410
Q397635,P1889,Q27869273
Q12044791,P31,Q101352
Q12044791,P1889,Q1907003
Q12044791,P460,Q21492623
Q12044791,P460,Q18070772
Q12044791,P460,Q18627533
Q12044791,P460,Q15897998
Q12044791,P460,Q20727004
Q12044791,P460,Q36896040
Q12044791,P460,Q37241772
Q12044791,P460,Q37235059
Q12044791,P460,Q37449535
Q12044791,P460,Q37495563
Q12044791,P460,Q37503018
Q12044791,P460,Q37548344
Q12044791,P460,Q37556804
Q12044791,P460,Q37565463
Q12044791,P460,Q37465894
Q12044791,P460,Q37575717
Q12044791,P460,Q37520663
Q12044791,P460,Q37537104
Q12044791,P460,Q37487662
Q12044791,P460,Q25365889
Q12044791,P460,Q30129022
Q12044791,P282,Q8229
Q12044791,P5323,Q81945591
Q2186,P26,Q1402198
Q2186,P361,Q2197
Q2186,P25,Q219936
Q2186,P22,Q112
Q2186,P21,Q6581097
Q2186,P31,Q64520857
Q2186,P31,Q13002315
Q2186,P19,Q335070
Q2186,P20,Q220
Q2186,P3373,Q1242632
Q2186,P40,Q21188702
Q2186,P40,Q4055896
Q2186,P1343,Q30059240
Q2186,P1343,Q867541
Q2186,P1343,Q602358
Q2186,P1343,Q19180675
Q2186,P1343,Q4173137
Q2186,P1343,Q1138524
Q2186,P910,Q32348413
Q2186,P101,Q815962
Q2186,P106,Q97667506
Q2186,P106,Q98103687
Q2186,P39,Q116
Q2186,P27,Q1747689
Q2186,P2348,Q201038
Q7579655,P910,Q8797278
Q7579655,P127,Q644289
Q7579655,P17,Q16
Q5304779,P31,Q4167410
Q6128,P279,Q7802
Q6128,P527,Q134152
Q6128,P1479,Q647574
Q6128,P910,Q18995583
Q6128,P1889,Q134152
Q221602,P31,Q476028
Q221602,P115,Q1138684
Q221602,P118,Q202243
Q221602,P286,Q33044098
Q221602,P910,Q8982689
Q221602,P641,Q2736
Q221602,P1344,Q2055556
Q221602,P17,Q34
Q221602,P361,Q2363882
Q221602,P488,Q28054046
Q221602,P159,Q1754
Q221602,P6112,Q7726243
Q202243,P31,Q15991303
Q202243,P910,Q7485533
Q202243,P279,Q3270632
Q202243,P641,Q2736
Q202243,P2500,Q692009
Q202243,P17,Q34
Q202243,P664,Q455428
Q202243,P1424,Q6278177
Q202243,P2094,Q31930761
Q202243,P527,Q943196
Q202243,P527,Q264547
Q202243,P527,Q944982
Q202243,P527,Q944992
Q202243,P527,Q945029
Q202243,P527,Q516803
Q202243,P527,Q378068
Q202243,P527,Q1061461
Q202243,P527,Q639767
Q202243,P527,Q761564
Q202243,P527,Q1061455
Q202243,P527,Q630639
Q202243,P527,Q952757
Q202243,P527,Q1061733
Q202243,P527,Q1061701
Q202243,P527,Q591232
Q202243,P527,Q250188
Q202243,P527,Q254864
Q202243,P527,Q1062012
Q202243,P527,Q943227
Q202243,P527,Q1061697
Q202243,P527,Q1061613
Q202243,P527,Q1061758
Q202243,P527,Q1061620
Q202243,P527,Q1061774
Q202243,P527,Q1061789
Q202243,P527,Q612425
Q202243,P527,Q762158
Q202243,P527,Q1061710
Q202243,P527,Q528504
Q202243,P527,Q1061799
Q202243,P527,Q1061605
Q202243,P527,Q1061430
Q202243,P527,Q921129
Q202243,P527,Q386264
Q202243,P527,Q1061597
Q202243,P527,Q955650
Q202243,P527,Q630443
Q202243,P527,Q599818
Q202243,P527,Q1061766
Q202243,P527,Q1061468
Q202243,P527,Q781793
Q202243,P527,Q1061489
Q202243,P527,Q1061808
Q202243,P527,Q527222
Q202243,P527,Q1061741
Q202243,P527,Q661366
Q202243,P527,Q1061748
Q202243,P527,Q1061724
Q202243,P527,Q1061719
Q202243,P527,Q526824
Q202243,P527,Q119176
Q202243,P527,Q426046
Q202243,P527,Q648320
Q202243,P527,Q959452
Q202243,P527,Q630908
Q202243,P527,Q1061692
Q202243,P527,Q1061593
Q202243,P527,Q6185247
Q202243,P527,Q278726
Q202243,P527,Q510895
Q202243,P527,Q1061481
Q202243,P527,Q740633
Q202243,P527,Q940885
Q202243,P527,Q1061442
Q202243,P527,Q532503
Q202243,P527,Q608982
Q202243,P527,Q376312
Q202243,P527,Q1061628
Q202243,P527,Q339792
Q202243,P527,Q1061435
Q202243,P527,Q947765
Q202243,P527,Q1082277
Q202243,P527,Q120343
Q202243,P527,Q1061495
Q202243,P527,Q1061447
Q202243,P527,Q1061781
Q202243,P527,Q222914
Q202243,P527,Q683576
Q202243,P527,Q933234
Q202243,P527,Q581759
Q202243,P527,Q374042
Q202243,P527,Q145191
Q202243,P527,Q1439567
Q202243,P527,Q1067496
Q202243,P527,Q255554
Q202243,P527,Q667968
Q202243,P527,Q116522
Q202243,P527,Q1439557
Q202243,P527,Q15123498
Q202243,P527,Q18208572
Q202243,P527,Q21286604
Q202243,P527,Q27791802
Q202243,P527,Q42308241
Q202243,P527,Q58875375
Q202243,P527,Q73386476
Q202243,P527,Q99294512
Q490500,P31,Q12308941
Q490500,P460,Q18042461
Q490500,P460,Q51394
Q490500,P460,Q18091406
Q490500,P460,Q18177306
Q490500,P460,Q16274896
Q490500,P460,Q16154196
Q490500,P460,Q15899814
Q490500,P460,Q14941830
Q490500,P460,Q15732892
Q490500,P460,Q15783372
Q490500,P460,Q13257568
Q490500,P460,Q7092236
Q490500,P460,Q4926263
Q490500,P460,Q6298851
Q490500,P460,Q8843357
Q490500,P460,Q1369927
Q490500,P460,Q492347
Q490500,P460,Q609564
Q490500,P460,Q20630723
Q490500,P460,Q22138690
Q490500,P460,Q19967735
Q490500,P460,Q19688258
Q490500,P460,Q19803435
Q490500,P460,Q20523907
Q490500,P460,Q22808327
Q490500,P460,Q28044955
Q490500,P1533,Q20983965
Q490500,P407,Q397
Q490500,P1889,Q20984030
Q490500,P282,Q8229
Q2817217,P31,Q101352
Q2817217,P31,Q11455398
Q2817217,P2354,Q20007406
Q2817217,P407,Q9027
Q2817217,P460,Q1848748
Q2817217,P460,Q21501893
Q2817217,P460,Q21488923
Q2817217,P460,Q41806760
Q2817217,P1889,Q6408395
Q2817217,P1889,Q4754266
Q2817217,P282,Q8229
Q2927217,P31,Q4167410
Q2927217,P1889,Q21905927
Q2927217,P1889,Q18943612
Q2927217,P1889,Q25114528
Q2927217,P460,Q15790074
Q416665,P31,Q4167410
Q416665,P1889,Q26447214
Q416665,P1889,Q12787492
Q416665,P1889,Q360953
Q166487,P31,Q4167410
Q226928,P31,Q4167410
Q226928,P1889,Q98180741
Q1003260,P17,Q34
Q1003260,P131,Q509651
Q1003260,P910,Q15132253
Q1003260,P31,Q12813115
Q1003260,P1464,Q14566884
Q1003260,P1376,Q509651
Q1003260,P3096,Q26711668
Q1003260,P421,Q25989
Q1003260,P421,Q6655
Q1003260,P421,Q6723
Q19760064,P31,Q12308941
Q19760064,P1750,Q2883
Q19760064,P1750,Q2992
Q19760064,P460,Q948418
Q19760064,P460,Q18220847
Q19760064,P460,Q18228390
Q19760064,P460,Q18226374
Q19760064,P460,Q18226308
Q19760064,P460,Q19967529
Q19760064,P460,Q24068639
Q19760064,P407,Q9027
Q19760064,P407,Q7411
Q19760064,P282,Q8229
Q19760064,P5323,Q21644845
Q19760064,P1343,Q151
Q237175,P31,Q4167410
Q237175,P1889,Q37242227
Q1772243,P17,Q20
Q1772243,P131,Q499779
Q1772243,P131,Q110431
Q1772243,P31,Q15092344
Q1772243,P31,Q1306755
Q1772243,P1889,Q19380924
Q1772243,P1376,Q499779
Q3290377,P31,Q4167410
Q3290377,P1889,Q17520946
Q3290377,P1889,Q1894550
Q3290377,P460,Q21334681
Q3290377,P460,Q17516274
Q3290377,P460,Q230575
Q3290377,P460,Q234452
Q3290377,P460,Q397013
Q3290377,P460,Q122718
Q3290377,P460,Q765293
Q3290377,P460,Q6016699
Q411329,P31,Q4167410
Q411329,P460,Q22148477
Q3880088,P31,Q4167410
Q613489,P31,Q4167410
Q613489,P1889,Q16282450
Q5618545,P31,Q4830453
Q5618545,P159,Q746801
Q5618545,P1889,Q2518944
Q1078214,P279,Q646964
Q1078214,P279,Q1088
Q1078214,P279,Q3133
Q1078214,P31,Q1075
Q1078214,P31,Q56053097
Q1078214,P138,Q25700
Q3240570,P279,Q1355652
Q37732,P910,Q7164495
Q37732,P31,Q11862829
Q37732,P31,Q4671286
Q37732,P1343,Q2657718
Q37732,P2578,Q2725376
Q37732,P1424,Q10963921
Q37732,P279,Q34749
Q37732,P279,Q1071
Q37732,P1889,Q2725376
Q621325,P31,Q4167410
Q3177899,P279,Q1368898
Q3177899,P279,Q15855160
Q3177899,P31,Q31629
Q3177899,P910,Q8308736
Q3177899,P2283,Q635982
Q3177899,P3095,Q4951095
Q3177899,P1889,Q172809
Q3177899,P1299,Q94797
Q3177899,P1299,Q100769730
Q1501153,P31,Q4167410
Q1501153,P1889,Q20995917
Q56246527,P31,Q101352
Q56246527,P1889,Q1811435
Q56246527,P282,Q8229
Q398098,P31,Q4167410
Q485537,P361,Q1541064
Q485537,P910,Q9526835
Q485537,P828,Q2151963
Q485537,P279,Q1293220
Q7821507,P31,Q4167410
Q949144,P31,Q4167410
Q40953,P31,Q23847174
Q40953,P31,Q223393
Q40953,P31,Q98088085
Q40953,P279,Q1914636
Q40953,P279,Q451967
Q40953,P279,Q234460
Q40953,P1343,Q4086271
Q40953,P1343,Q602358
Q40953,P1343,Q4173137
Q40953,P1343,Q19190511
Q40953,P910,Q5831389
Q40953,P527,Q173445
Q40953,P527,Q8866546
Q40953,P361,Q9174
Q1212470,P31,Q4167410
Q1212470,P1889,Q36932765
Q1117238,P31,Q4167410
Q1117238,P1889,Q21492950
Q29445,P910,Q8569043
Q29445,P190,Q959
Q29445,P190,Q2058
Q29445,P190,Q249995
Q29445,P190,Q203738
Q29445,P31,Q1093829
Q29445,P31,Q21518270
Q29445,P31,Q3301053
Q29445,P17,Q30
Q29445,P131,Q56404707
Q29445,P1464,Q18009994
Q29445,P1465,Q18009997
Q29445,P1376,Q797
Q29445,P206,Q1495538
Q29445,P47,Q1430348
Q29445,P47,Q512981
Q29445,P47,Q500827
Q29445,P421,Q3238805
Q29445,P421,Q2183
Q29445,P421,Q2204
Q29445,P1792,Q8737893
Q29445,P112,Q2741961
Q29445,P138,Q2741961
Q29445,P1889,Q502222
Q29445,P1456,Q6976470
Q29445,P361,Q84766558
Q360168,P31,Q4167410
Q360168,P1889,Q16865305
Q256721,P31,Q4167410
Q256721,P1889,Q16359986
Q1976531,P17,Q145
Q1976531,P279,Q39816
Q1976531,P910,Q28605028
Q3253281,P460,Q3177968
Q3253281,P279,Q337567
Q3253281,P2579,Q165838
Q3253281,P1424,Q16715482
Q3253281,P910,Q8774431
Q3253281,P1343,Q4532138
Q3253281,P1343,Q1768721
Q233555,P31,Q4167410
Q233555,P1889,Q16281700
Q233555,P1889,Q16883681
Q365680,P910,Q8271741
Q365680,P279,Q1520311
Q365680,P460,Q81672
Q365680,P1889,Q2911369
Q1221457,P31,Q4167410
Q225644,P31,Q4167410
Q2292793,P31,Q4167410
Q21504865,P31,Q101352
Q21504865,P1889,Q751644
Q21504865,P282,Q8229
Q21504865,P407,Q1321
Q21504865,P460,Q36883296
Q253073,P54,Q206381
Q253073,P54,Q206297
Q253073,P54,Q576406
Q253073,P54,Q192751
Q253073,P54,Q1357204
Q253073,P21,Q6581097
Q253073,P31,Q5
Q253073,P27,Q33
Q253073,P106,Q11774891
Q253073,P19,Q1757
Q253073,P1344,Q9672
Q253073,P1344,Q9674
Q253073,P1344,Q9678
Q253073,P1344,Q9660
Q253073,P1344,Q9664
Q253073,P1344,Q9668
Q253073,P735,Q2643676
Q253073,P735,Q971212
Q253073,P166,Q211872
Q253073,P166,Q795029
Q253073,P166,Q726480
Q253073,P166,Q826079
Q253073,P166,Q1136687
Q253073,P641,Q41466
Q253073,P413,Q2827965
Q253073,P647,Q576406
Q253073,P423,Q10927630
Q253073,P1532,Q33
Q253073,P25,Q55761821
Q253073,P26,Q60614473
Q253073,P734,Q61702883
Q253073,P118,Q1215892
Q2643676,P31,Q12308941
Q2643676,P407,Q1412
Q2643676,P282,Q8229
Q2643676,P460,Q1509245
Q396663,P31,Q4167410
Q396663,P1889,Q37265694
Q11030,P910,Q7077035
Q11030,P279,Q1914636
Q11030,P279,Q1047113
Q11030,P527,Q42240
Q11030,P527,Q3972943
Q11030,P2184,Q1517385
Q11030,P1151,Q14453602
Q11030,P5008,Q5460604
Q11030,P5125,Q7112670
Q11030,P3095,Q1930187
Q11030,P3095,Q30972982
Q11030,P31,Q268592
Q11030,P31,Q8148
Q11030,P31,Q11862829
Q11030,P1424,Q14358809
Q11030,P1552,Q4894405
Q11030,P1056,Q10870555
Q842063,P144,Q1141032
Q842063,P31,Q1344
Q842063,P86,Q194436
Q842063,P87,Q723648
Q842063,P87,Q610921
Q842063,P136,Q785479
Q842063,P407,Q150
Q842063,P4647,Q872222
Q842063,P6216,Q19652
Q842063,P674,Q55002599
Q842063,P674,Q55002600
Q842063,P674,Q55002589
Q842063,P674,Q55002595
Q842063,P674,Q55002586
Q842063,P674,Q55002604
Q842063,P674,Q55002592
Q842063,P674,Q55002606
Q842063,P674,Q55002605
Q842063,P674,Q55002607
Q842063,P674,Q63537417
Q842063,P674,Q55002587
Q842063,P747,Q61951176
Q224831,P31,Q4167410
Q224831,P1889,Q2798180
Q2334350,P31,Q4167410
Q2334350,P1889,Q20997978
Q699529,P31,Q4830453
Q699529,P31,Q6881511
Q699529,P112,Q5128973
Q699529,P159,Q205537
Q699529,P1454,Q134161
Q699529,P127,Q504998
Q699529,P749,Q504998
Q699529,P1830,Q5289839
Q699529,P1830,Q19753095
Q699529,P452,Q213376
Q699529,P17,Q142
Q699529,P1056,Q134862
Q1904,P1365,Q14923076
Q1904,P1365,Q2007
Q1904,P1365,Q1121436
Q1904,P1365,Q18100240
Q1904,P1151,Q14616007
Q1904,P17,Q16
Q1904,P36,Q172
Q1904,P47,Q1384
Q1904,P47,Q1400
Q1904,P47,Q1397
Q1904,P47,Q1166
Q1904,P47,Q1537
Q1904,P47,Q1527
Q1904,P47,Q1948
Q1904,P47,Q176
Q1904,P47,Q738395
Q1904,P47,Q2007
Q1904,P47,Q603676
Q1904,P47,Q2023
Q1904,P194,Q6593026
Q1904,P131,Q16
Q1904,P163,Q1165949
Q1904,P421,Q941023
Q1904,P421,Q2086913
Q1904,P421,Q4742700
Q1904,P910,Q6577689
Q1904,P6,Q3786221
Q1904,P6,Q5300478
Q1904,P138,Q1062
Q1904,P31,Q11828004
Q1904,P1464,Q6449649
Q1904,P1465,Q8365609
Q1904,P1740,Q7522871
Q1904,P1792,Q9075333
Q1904,P1313,Q2560704
Q1904,P457,Q868884
Q1904,P208,Q2993844
Q1904,P1343,Q302556
Q1904,P1456,Q926702
Q1904,P1456,Q3250838
Q1904,P2633,Q5535216
Q1904,P37,Q1860
Q1904,P610,Q1514665
Q1904,P1589,Q3040
Q1904,P1791,Q60908667
Q1904,P35,Q9682
Q1904,P1906,Q6544432
Q1904,P5125,Q16153609
Q1904,P237,Q1110507
Q1904,P2184,Q1516561
Q1904,P30,Q49
Q1904,P206,Q3040
Q1904,P206,Q7347
Q1904,P832,Q27631
Q1904,P832,Q956699
Q1904,P1830,Q845263
Q1904,P2936,Q133678
Q1904,P2936,Q1751432
Q1904,P2936,Q857858
Q1904,P2936,Q3446671
Q1904,P2936,Q1077450
Q1904,P2936,Q5061548
Q1904,P2936,Q7060356
Q1904,P2936,Q5330342
Q1904,P2936,Q56494
Q1904,P2936,Q56547
Q1904,P2936,Q36944
Q1904,P2936,Q13193
Q1904,P2936,Q150
Q1904,P2936,Q28092
Q1904,P2936,Q13339
Q1904,P2936,Q32967
Q1904,P2936,Q1860
Q1904,P2936,Q7850
Q1904,P2936,Q652
Q1904,P38,Q1104069
Q1904,P122,Q3043547
Q1904,P807,Q1121436
Q1904,P7867,Q84109371
Q1904,P8402,Q96993919
Q1904,P8402,Q97062468
Q25322,P31,Q2418896
Q25322,P31,Q8514
Q25322,P1151,Q14614548
Q25322,P910,Q8261338
Q25322,P361,Q60670
Q25322,P1343,Q602358
Q712377,P31,Q4167410
Q712377,P1889,Q97021276
Q454234,P460,Q225197
Q454234,P460,Q29432869
Q454234,P31,Q4167410
Q454234,P1889,Q37487286
Q412637,P31,Q4167410
Q412637,P1889,Q29440824
Q885313,P31,Q4167410
Q885313,P1889,Q16860126
Q249981,P31,Q4167410
Q249981,P1889,Q16860232
Q257683,P31,Q4167410
Q9394,P31,Q55983715
Q9394,P910,Q9121386
Q9394,P1889,Q14635041
Q9394,P1889,Q33543756
Q9394,P1889,Q63941258
Q9394,P1889,Q25851
Q9394,P279,Q25900
Q9394,P1672,Q3556748
Q9394,P1343,Q1768721
Q566898,P31,Q4167410
Q566898,P1889,Q16534289
Q566898,P1889,Q37572830
Q202280,P31,Q4167410
Q202280,P1889,Q36940740
Q350490,P31,Q4167410
Q1068756,P31,Q4167410
Q195,P279,Q5159627
Q195,P279,Q1365365
Q195,P279,Q27642822
Q195,P279,Q25403900
Q195,P910,Q8945127
Q195,P527,Q11002
Q195,P527,Q208008
Q195,P186,Q1721876
Q195,P186,Q11002
Q195,P186,Q251106
Q195,P495,Q27611
Q195,P5008,Q5460604
Q195,P5125,Q7112581
Q195,P1343,Q3181656
Q195,P1343,Q63284758
Q37123367,P31,Q101352
Q37123367,P282,Q8229
Q37123367,P5323,Q92953148
Q1723368,P279,Q180516
Q1723368,P279,Q14745
Q19824099,P31,Q3409032
Q19824099,P31,Q4167410
Q19824099,P460,Q1166973
Q19824099,P460,Q55384378
Q19824099,P1889,Q1166710
Q19824099,P407,Q1860
Q19824099,P282,Q8229
Q216774,P31,Q151885
Q216774,P910,Q7134412
Q216774,P1343,Q678259
Q216774,P1343,Q2657718
Q216774,P1343,Q1768721
Q216774,P1889,Q33056011
Q216774,P1889,Q54895076
Q216774,P1889,Q229182
Q216774,P460,Q24075297
Q937,P1412,Q1860
Q937,P1412,Q188
Q937,P1321,Q72
Q937,P20,Q138518
Q937,P19,Q3012
Q937,P22,Q88665
Q937,P69,Q11942
Q937,P69,Q1876751
Q937,P69,Q435651
Q937,P69,Q206702
Q937,P40,Q123371
Q937,P40,Q118253
Q937,P40,Q468357
Q937,P103,Q188
Q937,P27,Q43287
Q937,P27,Q39
Q937,P27,Q28513
Q937,P27,Q41304
Q937,P27,Q30
Q937,P27,Q7318
Q937,P166,Q808424
Q937,P166,Q38104
Q937,P166,Q753072
Q937,P166,Q1711648
Q937,P166,Q1419938
Q937,P166,Q317038
Q937,P166,Q3141777
Q937,P166,Q28003
Q937,P166,Q15056034
Q937,P166,Q1522873
Q937,P166,Q25287226
Q937,P166,Q28861731
Q937,P166,Q42309226
Q937,P166,Q156478
Q937,P166,Q50621171
Q937,P166,Q14906020
Q937,P166,Q63315195
Q937,P26,Q68761
Q937,P26,Q76346
Q937,P106,Q19350898
Q937,P106,Q16389557
Q937,P106,Q205375
Q937,P106,Q3745071
Q937,P106,Q1231865
Q937,P106,Q1622272
Q937,P106,Q169470
Q937,P106,Q15980158
Q937,P106,Q4964182
Q937,P106,Q36180
Q937,P106,Q37226
Q937,P106,Q901
Q937,P106,Q170790
Q937,P106,Q2896489
Q937,P463,Q123885
Q937,P463,Q329464
Q937,P463,Q543804
Q937,P463,Q338432
Q937,P463,Q466089
Q937,P463,Q684415
Q937,P463,Q414188
Q937,P463,Q2370801
Q937,P463,Q188771
Q937,P463,Q191583
Q937,P463,Q253439
Q937,P463,Q463303
Q937,P463,Q4397938
Q937,P463,Q2095524
Q937,P463,Q3603946
Q937,P463,Q2497232
Q937,P463,Q2945826
Q937,P463,Q270794
Q937,P463,Q270794
Q937,P485,Q675617
Q937,P485,Q22095877
Q937,P485,Q39934978
Q937,P485,Q14708020
Q937,P910,Q7213562
Q937,P31,Q5
Q937,P184,Q4175282
Q937,P184,Q97154
Q937,P184,Q116635
Q937,P1066,Q116635
Q937,P735,Q577011
Q937,P1343,Q17329836
Q937,P1343,Q17378135
Q937,P1343,Q51955019
Q937,P1343,Q67311526
Q937,P1343,Q15987490
Q937,P1343,Q99413897
Q937,P108,Q685539
Q937,P108,Q31519
Q937,P108,Q206702
Q937,P108,Q1729754
Q937,P108,Q11942
Q937,P108,Q708038
Q937,P108,Q21578
Q937,P108,Q156598
Q937,P108,Q659080
Q937,P108,Q819187
Q937,P108,Q152087
Q937,P108,Q329464
Q937,P108,Q70
Q937,P108,Q635642
Q937,P108,Q168756
Q937,P108,Q156598
Q937,P937,Q70
Q937,P937,Q1085
Q937,P937,Q72
Q937,P937,Q64
Q937,P937,Q464344
Q937,P937,Q138518
Q937,P551,Q1309294
Q937,P551,Q390003
Q937,P551,Q183
Q937,P551,Q1726
Q937,P551,Q138518
Q937,P734,Q16834800
Q937,P802,Q87554
Q937,P172,Q7325
Q937,P172,Q34069
Q937,P119,Q902624
Q937,P2959,Q21200226
Q937,P2959,Q25696257
Q937,P1411,Q38104
Q937,P1411,Q38104
Q937,P1411,Q38104
Q937,P1411,Q38104
Q937,P1411,Q38104
Q937,P1411,Q38104
Q937,P1411,Q38104
Q937,P1411,Q38104
Q937,P1411,Q38104
Q937,P1411,Q38104
Q937,P1411,Q38104
Q937,P3373,Q216738
Q937,P101,Q18362
Q937,P800,Q11455
Q937,P800,Q11452
Q937,P800,Q83213
Q937,P800,Q43514
Q937,P800,Q56100717
Q937,P800,Q35875
Q937,P800,Q122894
Q937,P800,Q273711
Q937,P800,Q944
Q937,P800,Q1080745
Q937,P509,Q2256736
Q937,P512,Q19693354
Q937,P512,Q752297
Q937,P737,Q991
Q937,P737,Q57246
Q937,P737,Q35802
Q937,P737,Q1001
Q937,P737,Q38193
Q937,P737,Q41688
Q937,P737,Q19185
Q937,P737,Q935
Q937,P737,Q7322195
Q937,P737,Q37160
Q937,P737,Q25820
Q937,P737,Q42299
Q937,P737,Q57193
Q937,P737,Q9095
Q937,P737,Q200639
Q937,P737,Q310794
Q937,P737,Q355245
Q937,P737,Q93996
Q937,P5008,Q5460604
Q937,P5008,Q103505599
Q937,P5125,Q48835067
Q937,P140,Q7066
Q937,P140,Q288928
Q937,P140,Q9268
Q937,P5021,Q1051792
Q937,P21,Q6581097
Q937,P1441,Q26963166
Q937,P803,Q25339110
Q937,P803,Q414528
Q937,P803,Q121594
Q937,P102,Q328195
Q937,P1344,Q127050
Q937,P1344,Q63430342
Q937,P1344,Q65930519
Q937,P6886,Q1860
Q937,P25,Q4357787
Q937,P1196,Q3739104
Q937,P1038,Q55594631
Q937,P1038,Q68761
Q937,P1424,Q8092556
Q937,P39,Q121594
Q41760,P910,Q13359892
Q41760,P1343,Q2657718
Q41760,P1343,Q602358
Q41760,P279,Q21106344
Q41760,P31,Q2996394
Q41760,P31,Q1039303
Q41760,P2579,Q5444386
Q201149,P190,Q373813
Q201149,P17,Q145
Q201149,P131,Q22
Q201149,P910,Q8449014
Q201149,P31,Q15060255
Q201149,P31,Q34763
Q201149,P31,Q2138167
Q201149,P31,Q7309443
Q201149,P31,Q202435
Q201149,P1740,Q8458091
Q201149,P1343,Q678259
Q201149,P1343,Q602358
Q201149,P1343,Q4532138
Q201149,P1343,Q3181656
Q201149,P1792,Q8721379
Q201149,P1465,Q25894554
Q201149,P1464,Q25894560
Q201149,P36,Q943351
Q201149,P361,Q14942321
Q201149,P7867,Q84025175
Q201149,P1889,Q67479974
Q201149,P7959,Q67479974
Q201149,P797,Q28530258
Q16783449,P31,Q4167410
Q16783449,P1889,Q37069817
Q205985,P279,Q178885
Q205985,P910,Q8493268
Q205985,P1889,Q16561297
Q205985,P1889,Q12481405
Q205985,P31,Q190
Q205985,P301,Q94401472
Q205985,P461,Q6058157
Q411226,P31,Q4167410
Q61442413,P31,Q4167410
Q341678,P31,Q4167410
Q341678,P1889,Q408753
Q1546,P1151,Q11160770
Q1546,P17,Q30
Q1546,P36,Q39709
Q1546,P47,Q1527
Q1546,P47,Q1537
Q1546,P47,Q1204
Q1546,P47,Q1581
Q1546,P47,Q1553
Q1546,P47,Q1211
Q1546,P37,Q1860
Q1546,P163,Q492541
Q1546,P421,Q5385
Q1546,P421,Q2086913
Q1546,P421,Q15406405
Q1546,P6,Q39609
Q1546,P6,Q6409269
Q1546,P131,Q30
Q1546,P910,Q6808510
Q1546,P31,Q35657
Q1546,P194,Q6064424
Q1546,P1464,Q8042673
Q1546,P1465,Q8365505
Q1546,P1740,Q7523025
Q1546,P1791,Q8328623
Q1546,P1792,Q7116993
Q1546,P1313,Q20801664
Q1546,P1343,Q2657718
Q1546,P1343,Q602358
Q1546,P1343,Q19180675
Q1546,P1343,Q602358
Q1546,P1343,Q20078554
Q1546,P610,Q1591692
Q1546,P1589,Q1497
Q1546,P1589,Q492787
Q1546,P150,Q115316
Q1546,P150,Q110768
Q1546,P150,Q111859
Q1546,P150,Q111921
Q1546,P150,Q111913
Q1546,P150,Q111886
Q1546,P150,Q156628
Q1546,P150,Q111235
Q1546,P150,Q113763
Q1546,P150,Q115396
Q1546,P150,Q111957
Q1546,P150,Q113783
Q1546,P150,Q111530
Q1546,P150,Q430113
Q1546,P150,Q156468
Q1546,P150,Q156475
Q1546,P150,Q111946
Q1546,P150,Q111876
Q1546,P150,Q113805
Q1546,P150,Q115298
Q1546,P150,Q156488
Q1546,P150,Q113815
Q1546,P150,Q111936
Q1546,P150,Q113823
Q1546,P150,Q110680
Q1546,P150,Q113748
Q1546,P150,Q156634
Q1546,P150,Q115281
Q1546,P150,Q115386
Q1546,P150,Q112069
Q1546,P150,Q113756
Q1546,P150,Q110482
Q1546,P150,Q486184
Q1546,P150,Q486143
Q1546,P150,Q486174
Q1546,P150,Q486123
Q1546,P150,Q488566
Q1546,P150,Q486139
Q1546,P150,Q486352
Q1546,P150,Q486160
Q1546,P150,Q485448
Q1546,P150,Q485484
Q1546,P150,Q485729
Q1546,P150,Q178281
Q1546,P150,Q156647
Q1546,P150,Q485455
Q1546,P150,Q156642
Q1546,P150,Q486000
Q1546,P150,Q485780
Q1546,P150,Q485736
Q1546,P150,Q183135
Q1546,P150,Q485746
Q1546,P150,Q485974
Q1546,P150,Q485926
Q1546,P150,Q113201
Q1546,P150,Q485787
Q1546,P150,Q485741
Q1546,P150,Q486011
Q1546,P150,Q485804
Q1546,P150,Q485791
Q1546,P150,Q115404
Q1546,P150,Q485922
Q1546,P150,Q485452
Q1546,P150,Q485980
Q1546,P150,Q485720
Q1546,P150,Q485715
Q1546,P150,Q485478
Q1546,P150,Q485984
Q1546,P150,Q485969
Q1546,P150,Q491390
Q1546,P150,Q491436
Q1546,P150,Q485795
Q1546,P150,Q240621
Q1546,P150,Q485799
Q1546,P150,Q485710
Q1546,P150,Q485950
Q1546,P150,Q485808
Q1546,P150,Q487677
Q1546,P150,Q485470
Q1546,P150,Q485752
Q1546,P150,Q156639
Q1546,P150,Q485474
Q1546,P150,Q485491
Q1546,P150,Q486118
Q1546,P150,Q485364
Q1546,P150,Q119372
Q1546,P150,Q176068
Q1546,P150,Q485944
Q1546,P150,Q182644
Q1546,P150,Q485467
Q1546,P150,Q112737
Q1546,P150,Q386189
Q1546,P150,Q485460
Q1546,P150,Q485726
Q1546,P150,Q249638
Q1546,P150,Q485361
Q1546,P150,Q486006
Q1546,P150,Q485463
Q1546,P150,Q491452
Q1546,P2184,Q5864963
Q1546,P190,Q132720
Q1546,P361,Q186545
Q1546,P361,Q578170
Q1546,P2633,Q52312619
Q1546,P138,Q1517496
Q1546,P5125,Q7112299
Q1546,P209,Q1768233
Q1546,P208,Q53709982
Q1546,P457,Q55425718
Q1546,P2238,Q27075861
Q1546,P2936,Q1957108
Q1546,P2936,Q2380124
Q1546,P2936,Q2917968
Q1546,P2936,Q22711
Q1546,P2936,Q12714767
Q1546,P7867,Q84068119
Q1546,P418,Q253475
Q1546,P8402,Q97152482
Q1546,P1441,Q47468233
Q1546,P8744,Q100782109
Q6167976,P407,Q1860
Q6167976,P407,Q7411
Q6167976,P1533,Q26972056
Q6167976,P460,Q27529041
Q6167976,P460,Q2630093
Q6167976,P460,Q6124288
Q6167976,P460,Q84161657
Q6167976,P282,Q8229
Q6167976,P31,Q12308941
Q6167976,P5323,Q21644845
Q225000,P31,Q4167410
Q960614,P54,Q208652
Q960614,P54,Q188984
Q960614,P54,Q192083
Q960614,P54,Q203384
Q960614,P21,Q6581097
Q960614,P31,Q5
Q960614,P19,Q92561
Q960614,P27,Q16
Q960614,P106,Q11774891
Q960614,P735,Q12788459
Q960614,P1344,Q9660
Q960614,P1344,Q9668
Q960614,P1344,Q9664
Q960614,P641,Q41466
Q960614,P413,Q2583758
Q960614,P647,Q530764
Q960614,P1532,Q16
Q960614,P423,Q10927630
Q960614,P361,Q2039041
Q960614,P166,Q678383
Q960614,P166,Q60560976
Q960614,P166,Q18128982
Q960614,P166,Q1136687
Q960614,P118,Q1215892
Q960614,P734,Q37292967
Q960614,P3373,Q729142
Q6230,P131,Q7923
Q6230,P17,Q183
Q6230,P910,Q8988716
Q6230,P31,Q20738811
Q6230,P1343,Q302556
Q6230,P47,Q6239
Q6230,P47,Q6234
Q6230,P47,Q2112
Q6230,P47,Q6218
Q6230,P47,Q6224
Q6230,P47,Q6228
Q6230,P47,Q5966
Q6230,P47,Q5970
Q6230,P47,Q5973
Q6230,P36,Q3922
Q6230,P150,Q242953
Q6230,P6,Q21073063
Q6230,P463,Q627637
Q6230,P463,Q1768108
Q6230,P463,Q896216
Q6230,P1792,Q8740474
Q6230,P1830,Q1783138
Q6230,P190,Q7550
Q6230,P190,Q4115712
Q6230,P7867,Q84083962
Q6230,P8744,Q100868431
Q3988156,P31,Q4167410
Q3988156,P460,Q361576
Q3988156,P460,Q398599
Q3988156,P460,Q3276930
Q3988156,P460,Q347837
Q3988156,P1889,Q1658894
Q3988156,P1889,Q15855449
Q397013,P31,Q4167410
Q397013,P1889,Q17520955
Q397013,P1889,Q18608538
Q397013,P460,Q3290377
Q397013,P460,Q21334681
Q397013,P460,Q17516274
Q397013,P460,Q230575
Q397013,P460,Q234452
Q397013,P460,Q122718
Q397013,P460,Q765293
Q397013,P460,Q742321
Q397013,P460,Q6016699
Q304444,P31,Q4830453
Q304444,P31,Q24649023
Q304444,P31,Q6881511
Q304444,P127,Q15678788
Q304444,P159,Q30
Q304444,P452,Q1422683
Q304444,P1454,Q783794
Q41692,P31,Q42621
Q41692,P910,Q15101982
Q41692,P279,Q7377
Q41692,P279,Q56242815
Q41692,P1343,Q4086271
Q41692,P1343,Q1970746
Q41692,P1343,Q30059240
Q41692,P1343,Q602358
Q41692,P1343,Q19190511
Q41692,P1343,Q19180675
Q41692,P1343,Q4173137
Q41692,P1343,Q1768721
Q41692,P171,Q27022
Q41692,P1531,Q19707
Q41692,P1531,Q26644764
Q177108,P31,Q4167410
Q177108,P1889,Q16877935
Q1649,P17,Q30
Q1649,P47,Q1439
Q1649,P47,Q1522
Q1649,P47,Q1261
Q1649,P47,Q1558
Q1649,P47,Q1581
Q1649,P47,Q1612
Q1649,P36,Q34863
Q1649,P37,Q1860
Q1649,P163,Q258262
Q1649,P131,Q30
Q1649,P910,Q6563035
Q1649,P31,Q35657
Q1649,P194,Q583952
Q1649,P1151,Q14616003
Q1649,P1464,Q8066619
Q1649,P1465,Q8365607
Q1649,P1740,Q7522824
Q1649,P1791,Q8328722
Q1649,P1792,Q6824197
Q1649,P1343,Q302556
Q1649,P1343,Q2657718
Q1649,P1343,Q19190511
Q1649,P1313,Q2550683
Q1649,P610,Q880398
Q1649,P2633,Q5535211
Q1649,P6,Q257237
Q1649,P6,Q58322517
Q1649,P421,Q5385
Q1649,P421,Q15406405
Q1649,P1589,Q6651668
Q1649,P1365,Q2017330
Q1649,P1365,Q868245
Q1649,P2184,Q4572407
Q1649,P190,Q120730
Q1649,P150,Q111968
Q1649,P150,Q267164
Q1649,P150,Q346959
Q1649,P150,Q483857
Q1649,P150,Q484590
Q1649,P150,Q484596
Q1649,P150,Q484600
Q1649,P150,Q484603
Q1649,P150,Q484616
Q1649,P150,Q484729
Q1649,P150,Q484752
Q1649,P150,Q485001
Q1649,P150,Q485006
Q1649,P150,Q485013
Q1649,P150,Q485017
Q1649,P150,Q485024
Q1649,P150,Q485030
Q1649,P150,Q485038
Q1649,P150,Q485042
Q1649,P150,Q485044
Q1649,P150,Q485047
Q1649,P150,Q486614
Q1649,P150,Q486621
Q1649,P150,Q486626
Q1649,P150,Q486651
Q1649,P150,Q489306
Q1649,P150,Q489312
Q1649,P150,Q489318
Q1649,P150,Q489324
Q1649,P150,Q489327
Q1649,P150,Q489332
Q1649,P150,Q489447
Q1649,P150,Q489457
Q1649,P150,Q489463
Q1649,P150,Q489468
Q1649,P150,Q489471
Q1649,P150,Q489477
Q1649,P150,Q489481
Q1649,P150,Q489486
Q1649,P150,Q490690
Q1649,P150,Q490716
Q1649,P150,Q490722
Q1649,P150,Q490727
Q1649,P150,Q490745
Q1649,P150,Q490796
Q1649,P150,Q490799
Q1649,P150,Q491590
Q1649,P150,Q491616
Q1649,P150,Q491623
Q1649,P150,Q491633
Q1649,P150,Q491646
Q1649,P150,Q495479
Q1649,P150,Q495564
Q1649,P150,Q495570
Q1649,P150,Q495581
Q1649,P150,Q495839
Q1649,P150,Q495845
Q1649,P150,Q495851
Q1649,P150,Q495856
Q1649,P150,Q495862
Q1649,P150,Q495867
Q1649,P150,Q495873
Q1649,P150,Q495880
Q1649,P150,Q495885
Q1649,P150,Q495891
Q1649,P150,Q495899
Q1649,P150,Q495906
Q1649,P150,Q495912
Q1649,P150,Q495918
Q1649,P150,Q495925
Q1649,P150,Q495930
Q1649,P150,Q495937
Q1649,P150,Q495944
Q1649,P150,Q495951
Q1649,P150,Q495958
Q1649,P150,Q497854
Q1649,P150,Q848649
Q1649,P5125,Q7112398
Q1649,P208,Q5589284
Q1649,P457,Q5164221
Q1649,P209,Q16973018
Q1649,P209,Q7082395
Q1649,P1546,Q1568715
Q1649,P361,Q578170
Q1649,P138,Q2017330
Q1649,P2238,Q1189983
Q1649,P2936,Q1185119
Q1649,P2936,Q523014
Q1649,P2936,Q3412974
Q1649,P2936,Q2454881
Q1649,P2936,Q2600085
Q1649,P2936,Q2669206
Q1649,P2936,Q2917968
Q1649,P2936,Q3549180
Q1649,P2936,Q3111838
Q1649,P2936,Q3192772
Q1649,P2936,Q56523
Q1649,P2936,Q56627
Q1649,P2936,Q56631
Q1649,P2936,Q56749
Q1649,P2936,Q56513
Q1649,P2936,Q56737
Q1649,P2936,Q56751
Q1649,P2936,Q56756
Q1649,P2936,Q22711
Q1649,P2936,Q27861
Q1649,P2936,Q13368
Q1649,P2936,Q32972
Q1649,P2936,Q33192
Q1649,P2936,Q33388
Q1649,P2936,Q34204
Q1649,P2936,Q12714767
Q1649,P2936,Q20162127
Q1649,P7867,Q84064047
Q1649,P418,Q143455
Q1649,P8402,Q97143395
Q1649,P8744,Q21020960
Q345631,P31,Q4167410
Q452410,P31,Q4167410
Q413177,P31,Q4167410
Q413177,P1889,Q37047426
Q356214,P31,Q4167410
Q1773,P190,Q1867
Q1773,P190,Q6454
Q1773,P190,Q25410
Q1773,P190,Q35493
Q1773,P190,Q1520
Q1773,P190,Q24879
Q1773,P190,Q189133
Q1773,P190,Q1770
Q1773,P190,Q42307965
Q1773,P190,Q1899
Q1773,P190,Q2044
Q1773,P190,Q211907
Q1773,P190,Q11959
Q1773,P190,Q727
Q1773,P190,Q45797
Q1773,P190,Q1479
Q1773,P190,Q48320
Q1773,P190,Q649
Q1773,P190,Q16557
Q1773,P190,Q2280
Q1773,P190,Q956
Q1773,P190,Q2861
Q1773,P190,Q656
Q1773,P190,Q2887
Q1773,P190,Q506250
Q1773,P190,Q42622
Q1773,P190,Q216
Q1773,P190,Q270
Q1773,P190,Q16635
Q1773,P190,Q1026270
Q1773,P190,Q9899
Q1773,P190,Q180233
Q1773,P190,Q504676
Q1773,P190,Q300856
Q1773,P190,Q4115712
Q1773,P190,Q1953
Q1773,P190,Q30988
Q1773,P17,Q211
Q1773,P17,Q15180
Q1773,P17,Q156031
Q1773,P17,Q15180
Q1773,P17,Q211
Q1773,P17,Q376778
Q1773,P17,Q2305208
Q1773,P17,Q139319
Q1773,P17,Q34266
Q1773,P17,Q186096
Q1773,P17,Q215443
Q1773,P17,Q172107
Q1773,P17,Q12548
Q1773,P17,Q2458532
Q1773,P6,Q63146277
Q1773,P31,Q5119
Q1773,P31,Q15127838
Q1773,P31,Q707813
Q1773,P31,Q1549591
Q1773,P31,Q486972
Q1773,P194,Q2089528
Q1773,P131,Q211
Q1773,P131,Q192180
Q1773,P131,Q192180
Q1773,P131,Q211
Q1773,P131,Q1419584
Q1773,P131,Q18520073
Q1773,P131,Q2552845
Q1773,P131,Q739032
Q1773,P131,Q1352878
Q1773,P131,Q4124689
Q1773,P131,Q15471939
Q1773,P910,Q8662803
Q1773,P1464,Q9226726
Q1773,P1465,Q9913970
Q1773,P1792,Q6983564
Q1773,P47,Q178382
Q1773,P47,Q2079353
Q1773,P47,Q2232018
Q1773,P47,Q2451375
Q1773,P47,Q2268947
Q1773,P47,Q2140753
Q1773,P47,Q2299214
Q1773,P47,Q2171669
Q1773,P47,Q2453125
Q1773,P1376,Q211
Q1773,P1376,Q1064825
Q1773,P1376,Q1419584
Q1773,P1376,Q2552845
Q1773,P1456,Q20566030
Q1773,P1456,Q20566035
Q1773,P1456,Q20566041
Q1773,P1456,Q20566047
Q1773,P1456,Q20566050
Q1773,P1456,Q20566055
Q1773,P1456,Q20566182
Q1773,P206,Q174731
Q1773,P206,Q8197
Q1773,P237,Q1479737
Q1773,P163,Q4487638
Q1773,P2184,Q2584128
Q1773,P421,Q1109976
Q1773,P421,Q190252
Q1773,P166,Q129372
Q1773,P1791,Q7977778
Q1773,P30,Q46
Q1773,P1343,Q602358
Q1773,P1343,Q4173137
Q1773,P1343,Q19180675
Q1773,P1343,Q867541
Q1773,P112,Q60952
Q1773,P2936,Q9078
Q1773,P2936,Q7737
Q1773,P1441,Q2385
Q1773,P793,Q7510345
Q1773,P793,Q447901
Q1773,P793,Q815200
Q1773,P793,Q71062021
Q1773,P793,Q595785
Q1773,P7867,Q84042188
Q1452250,P105,Q34740
Q1452250,P31,Q16521
Q1452250,P171,Q2557158
Q1452250,P910,Q7276182
Q224580,P31,Q4167410
Q7654240,P31,Q4167410
Q7654240,P1889,Q19901687
Q7654240,P1889,Q37252038
Q744877,P31,Q4167410
Q744877,P1889,Q3817554
Q744877,P1889,Q27891147
Q43,P1151,Q13365978
Q43,P5125,Q7112494
Q43,P38,Q172872
Q43,P38,Q14961002
Q43,P172,Q84072
Q43,P172,Q12223
Q43,P1792,Q7031845
Q43,P1792,Q9077925
Q43,P2852,Q1061257
Q43,P2852,Q25648823
Q43,P2852,Q25648862
Q43,P2852,Q25743529
Q43,P2853,Q1123613
Q43,P2853,Q1378312
Q43,P2633,Q217035
Q43,P1313,Q2430415
Q43,P1313,Q1922067
Q43,P17,Q43
Q43,P2959,Q20571352
Q43,P2959,Q27131980
Q43,P122,Q7270
Q43,P1552,Q47185145
Q43,P530,Q16
Q43,P530,Q38
Q43,P530,Q155
Q43,P530,Q159
Q43,P530,Q183
Q43,P530,Q711
Q43,P530,Q408
Q43,P530,Q805
Q43,P530,Q41
Q43,P530,Q801
Q43,P530,Q212
Q43,P530,Q851
Q43,P530,Q159583
Q43,P530,Q148
Q43,P530,Q30
Q43,P530,Q55
Q43,P530,Q219
Q43,P530,Q15180
Q43,P530,Q399
Q43,P530,Q858
Q43,P530,Q298
Q43,P530,Q227
Q43,P530,Q221
Q43,P530,Q142
Q43,P530,Q889
Q43,P530,Q31354462
Q43,P530,Q79
Q43,P530,Q796
Q43,P530,Q414
Q43,P530,Q40
Q43,P530,Q222
Q43,P530,Q262
Q43,P530,Q31
Q43,P530,Q225
Q43,P530,Q33
Q43,P530,Q224
Q43,P530,Q35
Q43,P530,Q115
Q43,P530,Q230
Q43,P530,Q252
Q43,P530,Q29
Q43,P530,Q232
Q43,P530,Q1246
Q43,P530,Q817
Q43,P530,Q219060
Q43,P530,Q664
Q43,P530,Q843
Q43,P530,Q39
Q43,P530,Q1045
Q43,P530,Q218
Q43,P530,Q863
Q43,P530,Q36
Q43,P530,Q948
Q43,P530,Q1049
Q43,P530,Q258
Q43,P530,Q1028
Q43,P530,Q233
Q43,P530,Q833
Q43,P530,Q96
Q43,P530,Q928
Q43,P530,Q865
Q43,P530,Q878
Q43,P530,Q145
Q43,P530,Q794
Q43,P530,Q34
Q43,P530,Q668
Q43,P530,Q403
Q43,P530,Q902
Q43,P530,Q17
Q43,P530,Q28
Q43,P530,Q423
Q43,P194,Q274918
Q43,P2184,Q190876
Q43,P37,Q256
Q43,P1365,Q12560
Q43,P30,Q48
Q43,P30,Q46
Q43,P36,Q3640
Q43,P237,Q199855
Q43,P5008,Q5460604
Q43,P910,Q1411579
Q43,P35,Q39259
Q43,P35,Q42852
Q43,P35,Q165487
Q43,P35,Q151729
Q43,P35,Q151735
Q43,P35,Q183297
Q43,P35,Q5152
Q43,P35,Q1076524
Q43,P35,Q159161
Q43,P35,Q12812897
Q43,P35,Q158500
Q43,P35,Q4544707
Q43,P35,Q216983
Q43,P35,Q313357
Q43,P35,Q343514
Q43,P35,Q180280
Q43,P35,Q462737
Q43,P1791,Q7978516
Q43,P6,Q58198
Q43,P6,Q39259
Q43,P6,Q863496
Q43,P6,Q42852
Q43,P6,Q192634
Q43,P6,Q366692
Q43,P6,Q243550
Q43,P6,Q208377
Q43,P6,Q151729
Q43,P6,Q1348747
Q43,P6,Q558287
Q43,P6,Q180280
Q43,P6,Q375687
Q43,P6,Q39259
Q43,P463,Q41550
Q43,P463,Q8908
Q43,P463,Q7825
Q43,P463,Q19771
Q43,P463,Q380340
Q43,P463,Q1065
Q43,P463,Q7184
Q43,P463,Q81299
Q43,P463,Q191384
Q43,P463,Q827525
Q43,P463,Q656801
Q43,P463,Q1043527
Q43,P463,Q899770
Q43,P463,Q340195
Q43,P463,Q188822
Q43,P463,Q782942
Q43,P463,Q47543
Q43,P463,Q1377612
Q43,P463,Q384535
Q43,P463,Q663492
Q43,P463,Q1928989
Q43,P463,Q1072120
Q43,P463,Q8475
Q43,P463,Q1480793
Q43,P463,Q842490
Q43,P463,Q3866537
Q43,P463,Q233611
Q43,P463,Q826700
Q43,P463,Q7809
Q43,P463,Q5611262
Q43,P463,Q17495
Q43,P463,Q376150
Q43,P463,Q170424
Q43,P463,Q7817
Q43,P5658,Q14565199
Q43,P706,Q46
Q43,P706,Q48
Q43,P1740,Q6839556
Q43,P208,Q12812333
Q43,P1830,Q170495
Q43,P1830,Q221122
Q43,P1830,Q499967
Q43,P1830,Q556417
Q43,P1830,Q573852
Q43,P1830,Q1531422
Q43,P1830,Q1643115
Q43,P1830,Q1721042
Q43,P1830,Q18324962
Q43,P1830,Q28220824
Q43,P1830,Q30621554
Q43,P1830,Q40894456
Q43,P1830,Q6092391
Q43,P1830,Q56884
Q43,P421,Q6760
Q43,P1465,Q7335864
Q43,P85,Q344452
Q43,P1906,Q1922067
Q43,P78,Q41104
Q43,P47,Q41
Q43,P47,Q219
Q43,P47,Q858
Q43,P47,Q796
Q43,P47,Q399
Q43,P47,Q794
Q43,P47,Q230
Q43,P47,Q227
Q43,P47,Q7172
Q43,P47,Q131083
Q43,P47,Q15180
Q43,P47,Q147909
Q43,P47,Q146720
Q43,P47,Q146872
Q43,P47,Q146880
Q43,P47,Q26234937
Q43,P47,Q146885
Q43,P47,Q170468
Q43,P47,Q458
Q43,P47,Q212
Q43,P47,Q229
Q43,P47,Q23681
Q43,P31,Q3624078
Q43,P31,Q1323642
Q43,P31,Q51576574
Q43,P31,Q6256
Q43,P610,Q72303
Q43,P1464,Q7463360
Q43,P1622,Q14565199
Q43,P1589,Q166
Q43,P150,Q40549
Q43,P150,Q43924
Q43,P150,Q45220
Q43,P150,Q80051
Q43,P150,Q80036
Q43,P150,Q2297724
Q43,P150,Q40249
Q43,P150,Q43745
Q43,P150,Q79846
Q43,P150,Q47117
Q43,P150,Q46763
Q43,P150,Q79760
Q43,P150,Q83239
Q43,P150,Q82089
Q43,P150,Q80088
Q43,P150,Q43690
Q43,P150,Q272662
Q43,P150,Q47813
Q43,P150,Q272947
Q43,P150,Q82096
Q43,P150,Q83081
Q43,P150,Q432391
Q43,P150,Q83102
Q43,P150,Q483091
Q43,P150,Q483173
Q43,P150,Q376797
Q43,P150,Q483053
Q43,P150,Q483154
Q43,P150,Q482779
Q43,P150,Q482788
Q43,P150,Q93209
Q43,P150,Q83274
Q43,P150,Q268043
Q43,P150,Q132637
Q43,P150,Q534799
Q43,P150,Q344490
Q43,P150,Q83077
Q43,P150,Q483191
Q43,P150,Q483472
Q43,P150,Q131597
Q43,P150,Q134187
Q43,P150,Q83965
Q43,P150,Q81551
Q43,P150,Q126874
Q43,P150,Q131384
Q43,P150,Q130553
Q43,P150,Q482834
Q43,P150,Q131293
Q43,P150,Q123934
Q43,P150,Q131387
Q43,P150,Q430693
Q43,P150,Q155219
Q43,P150,Q483180
Q43,P150,Q483481
Q43,P150,Q83069
Q43,P150,Q483040
Q43,P150,Q482825
Q43,P150,Q134413
Q43,P150,Q483100
Q43,P150,Q129387
Q43,P150,Q483195
Q43,P150,Q388995
Q43,P150,Q620742
Q43,P150,Q388469
Q43,P150,Q483078
Q43,P150,Q80550
Q43,P150,Q75445
Q43,P150,Q219956
Q43,P150,Q83073
Q43,P150,Q483063
Q43,P150,Q482975
Q43,P150,Q484392
Q43,P150,Q80370
Q43,P150,Q647378
Q43,P150,Q83342
Q43,P150,Q79840
Q43,P150,Q125506
Q43,P150,Q483083
Q43,P150,Q483168
Q43,P150,Q128978
Q43,P150,Q281206
Q43,P163,Q81952
Q43,P1343,Q602358
Q43,P1343,Q19180675
Q43,P1343,Q4173137
Q43,P6104,Q13341450
Q43,P206,Q4918
Q43,P206,Q166
Q43,P206,Q34575
Q43,P1304,Q580829
Q43,P2936,Q256
Q43,P2936,Q36163
Q43,P2936,Q180945
Q43,P2936,Q1160372
Q43,P2936,Q2360396
Q43,P2936,Q56577
Q43,P2936,Q35394
Q43,P2936,Q7918
Q43,P2936,Q8108
Q43,P2936,Q36748
Q43,P2936,Q36931
Q43,P2936,Q36885
Q43,P2936,Q10199
Q43,P2936,Q33290
Q43,P2936,Q33538
Q43,P2936,Q34040
Q43,P2936,Q3449805
Q43,P2936,Q6023868
Q43,P2936,Q22809485
Q43,P361,Q7204
Q43,P361,Q865479
Q43,P361,Q23522
Q43,P361,Q27293
Q43,P1424,Q17586314
Q43,P2596,Q1082380
Q43,P7867,Q8607509
Q43,P2354,Q6645011
Q43,P1889,Q1315785
Q43,P8744,Q431095
Q405469,P31,Q4167410
Q405469,P1889,Q16889574
Q405469,P460,Q28341375
Q168955,P21,Q6581097
Q168955,P54,Q205973
Q168955,P54,Q192081
Q168955,P54,Q188984
Q168955,P54,Q201864
Q168955,P31,Q5
Q168955,P106,Q11774891
Q168955,P19,Q27001
Q168955,P27,Q214
Q168955,P641,Q41466
Q168955,P413,Q2827965
Q168955,P647,Q192081
Q168955,P1344,Q9664
Q168955,P423,Q10927615
Q168955,P166,Q51764740
Q168955,P166,Q51764740
Q168955,P166,Q51766724
Q168955,P166,Q51797506
Q168955,P166,Q60330692
Q168955,P166,Q61667372
Q168955,P118,Q1215892
Q19002866,P31,Q12308941
Q19002866,P460,Q19002857
Q19002866,P460,Q18337978
Q19002866,P460,Q19803702
Q19002866,P460,Q19812227
Q19002866,P460,Q19803788
Q19002866,P460,Q21694209
Q19002866,P460,Q19803710
Q19002866,P460,Q19803670
Q19002866,P460,Q1225817
Q19002866,P460,Q5255203
Q19002866,P460,Q7328085
Q19002866,P460,Q903664
Q19002866,P460,Q19938101
Q19002866,P460,Q28039110
Q19002866,P460,Q19412371
Q19002866,P460,Q5285802
Q19002866,P460,Q64138855
Q19002866,P460,Q65501579
Q19002866,P407,Q7737
Q19002866,P282,Q8209
Q19002866,P1889,Q1177348
Q19002866,P1889,Q8561350
Q19002866,P1560,Q67642770
Q1223922,P31,Q4167410
Q1223922,P1889,Q5486169
Q1223922,P1889,Q37222353
Q1223922,P1889,Q30442370
Q1223922,P460,Q4320659
Q1223922,P460,Q16878084
Q1223922,P460,Q31187489
Q1223922,P460,Q179400
Q1223922,P460,Q439486
Q1223922,P460,Q1318858
Q1223922,P460,Q10336869
Q1223922,P460,Q1473808
Q1223922,P460,Q1986772
Q1223922,P460,Q1984830
Q1223922,P460,Q1904115
Q1223922,P460,Q7029180
Q1223922,P460,Q29436396
Q1242655,P407,Q7737
Q1242655,P407,Q7918
Q1242655,P407,Q9091
Q1242655,P460,Q4925623
Q1242655,P460,Q15731728
Q1242655,P460,Q2045089
Q1242655,P460,Q15731774
Q1242655,P460,Q429542
Q1242655,P460,Q2064754
Q1242655,P460,Q2064096
Q1242655,P460,Q1500197
Q1242655,P460,Q2106710
Q1242655,P460,Q2065177
Q1242655,P460,Q2063876
Q1242655,P460,Q2045138
Q1242655,P460,Q15732803
Q1242655,P460,Q1521055
Q1242655,P460,Q15732792
Q1242655,P460,Q18385147
Q1242655,P460,Q19816823
Q1242655,P460,Q43082565
Q1242655,P31,Q12308941
Q1242655,P1533,Q15732736
Q1242655,P1889,Q1223500
Q1242655,P282,Q8209
Q1242655,P1560,Q847179
Q1242655,P2976,Q79389114
Q1242655,P1343,Q2041543
Q368528,P21,Q6581097
Q368528,P54,Q530764
Q368528,P54,Q203384
Q368528,P54,Q192890
Q368528,P54,Q1356417
Q368528,P54,Q1232297
Q368528,P31,Q5
Q368528,P19,Q1754
Q368528,P27,Q34
Q368528,P106,Q11774891
Q368528,P735,Q12370008
Q368528,P1344,Q528984
Q368528,P1344,Q737595
Q368528,P1344,Q740203
Q368528,P1344,Q9664
Q368528,P1344,Q9668
Q368528,P1344,Q9672
Q368528,P641,Q41466
Q368528,P413,Q2583758
Q368528,P647,Q530764
Q368528,P423,Q10927630
Q368528,P734,Q32788815
Q368528,P166,Q1550433
Q368528,P166,Q1136687
Q368528,P118,Q1215892
Q636271,P31,Q4167410
Q636271,P1889,Q27890969
Q19689546,P31,Q12308941
Q19689546,P460,Q19413355
Q19689546,P460,Q20024985
Q19689546,P460,Q17524272
Q19689546,P460,Q18069547
Q19689546,P460,Q18632293
Q19689546,P460,Q19914325
Q19689546,P460,Q20087932
Q19689546,P460,Q20087941
Q19689546,P460,Q9370489
Q19689546,P460,Q1662483
Q19689546,P460,Q7911208
Q19689546,P460,Q34998346
Q19689546,P1889,Q1336321
Q19689546,P1889,Q7961736
Q19689546,P1889,Q17377642
Q19689546,P282,Q8209
Q19689546,P407,Q7737
Q19689546,P1533,Q37537186
Q21493465,P31,Q101352
Q21493465,P1889,Q2514107
Q21493465,P460,Q7913143
Q21493465,P282,Q8229
Q56244540,P31,Q101352
Q56244540,P1889,Q1544203
Q56244540,P282,Q8229
Q56244540,P1552,Q89410507
Q5288032,P31,Q4167410
Q5288032,P1889,Q37523263
Q840407,P279,Q60539479
Q840407,P1343,Q20743760
Q840407,P1343,Q602358
Q840407,P1343,Q63284758
Q840407,P361,Q77468620
Q840407,P31,Q9415
Q840407,P1269,Q9418
Q840407,P1552,Q487
Q17221,P31,Q4164871
Q17221,P31,Q28640
Q17221,P910,Q6343855
Q17221,P279,Q11997597
Q17221,P279,Q255274
Q17221,P425,Q43669498
Q17221,P1889,Q3398872
Q20436,P131,Q16240
Q20436,P47,Q20478
Q20436,P47,Q20529
Q20436,P47,Q20604
Q20436,P47,Q20708
Q20436,P47,Q20144
Q20436,P47,Q20491
Q20436,P47,Q94976
Q20436,P47,Q20559
Q20436,P47,Q94986
Q20436,P17,Q38
Q20436,P421,Q6655
Q20436,P421,Q6723
Q20436,P910,Q8462733
Q20436,P31,Q747074
Q20436,P190,Q53265
Q20436,P190,Q211572
Q20436,P190,Q851492
Q20436,P1464,Q9224711
Q20436,P1465,Q9218372
Q20436,P1792,Q9237394
Q20436,P36,Q30025769
Q20436,P166,Q48624307
Q20436,P1830,Q668629
Q218212,P31,Q4167410
Q218212,P1889,Q23023859
Q7366038,P31,Q4167410
Q7366038,P1889,Q37439366
Q227167,P31,Q4167410
Q227167,P1889,Q16882796
Q2135,P1151,Q15614810
Q2135,P6,Q18378925
Q2135,P17,Q16
Q2135,P131,Q8025735
Q2135,P421,Q5385
Q2135,P163,Q2919871
Q2135,P190,Q41843
Q2135,P190,Q30002
Q2135,P190,Q42144
Q2135,P190,Q36036
Q2135,P190,Q1461
Q2135,P190,Q231645
Q2135,P190,Q1764
Q2135,P190,Q245023
Q2135,P190,Q162279
Q2135,P190,Q924849
Q2135,P190,Q914055
Q2135,P190,Q13664
Q2135,P190,Q36091
Q2135,P910,Q6991420
Q2135,P31,Q21507383
Q2135,P31,Q1549591
Q2135,P31,Q515
Q2135,P1464,Q8049201
Q2135,P1465,Q9220400
Q2135,P1740,Q6991445
Q2135,P1792,Q6991351
Q2135,P1376,Q1948
Q2135,P1343,Q2657718
Q2135,P1343,Q20078554
Q2135,P1343,Q602358
Q2135,P47,Q393324
Q2135,P361,Q1948
Q2135,P194,Q47489645
Q2135,P1313,Q47490035
Q2135,P1830,Q8025786
Q2135,P1830,Q8025787
Q2135,P1830,Q8025785
Q2135,P1830,Q8025790
Q2135,P1830,Q8025791
Q2135,P1830,Q8025788
Q2135,P1830,Q8025789
Q2135,P1830,Q8025794
Q2135,P1830,Q8025795
Q2135,P1830,Q8025792
Q2135,P1830,Q8025793
Q2135,P1830,Q8025798
Q2135,P1830,Q8025799
Q2135,P1830,Q8025796
Q2135,P1830,Q8025802
Q2135,P1830,Q8025803
Q2135,P1830,Q8025800
Q2135,P1830,Q8025801
Q2135,P1830,Q8025806
Q2135,P1830,Q8025807
Q2135,P1830,Q8025804
Q2135,P1830,Q8025805
Q2135,P1830,Q8025811
Q2135,P1830,Q8025808
Q2135,P1830,Q8025809
Q2135,P1830,Q15108048
Q2135,P1830,Q16632352
Q2135,P1830,Q24279425
Q2135,P237,Q931911
Q2135,P138,Q3272
Q2135,P7867,Q84069770
Q2135,P485,Q87478702
Q2135,P30,Q49
Q2135,P1889,Q27985640
Q2135,P8402,Q97147427
Q2135,P8744,Q100867588
Q469978,P21,Q6581072
Q469978,P31,Q5
Q469978,P20,Q507251
Q469978,P411,Q43115
Q469978,P19,Q677911
Q469978,P2348,Q2886278
Q469978,P841,Q2284
Q469978,P27,Q1747689
Q348897,P31,Q4167410
Q348897,P1889,Q16479702
Q348897,P1889,Q4806014
Q348897,P1889,Q43912070
Q348897,P460,Q10419648
Q4819693,P31,Q101352
Q4819693,P282,Q8229
Q20095,P910,Q9042758
Q20095,P131,Q16299
Q20095,P47,Q39505
Q20095,P47,Q39627
Q20095,P47,Q40727
Q20095,P47,Q39508
Q20095,P47,Q39028
Q20095,P47,Q40175
Q20095,P417,Q133704
Q20095,P421,Q6655
Q20095,P421,Q6723
Q20095,P17,Q38
Q20095,P31,Q747074
Q20095,P1465,Q18753899
Q20095,P36,Q30022561
Q165503,P1343,Q678259
Q165503,P1343,Q20078554
Q165503,P1343,Q19180675
Q165503,P1343,Q602358
Q165503,P910,Q6194872
Q165503,P460,Q1338119
Q165503,P31,Q355567
Q165503,P31,Q4164871
Q165503,P31,Q3320743
Q165503,P1889,Q63412894
Q165503,P361,Q223573
Q165503,P279,Q16744001
Q165503,P279,Q3320743
Q436830,P31,Q4167410
Q436830,P1889,Q16479546
Q811561,P31,Q101352
Q811561,P1889,Q646448
Q811561,P282,Q8229
Q811561,P460,Q97314019
Q1369648,P54,Q206381
Q1369648,P54,Q194116
Q1369648,P54,Q576406
Q1369648,P54,Q82534
Q1369648,P54,Q413568
Q1369648,P54,Q1160302
Q1369648,P54,Q853056
Q1369648,P21,Q6581097
Q1369648,P31,Q5
Q1369648,P106,Q11774891
Q1369648,P1344,Q9660
Q1369648,P735,Q12902079
Q1369648,P27,Q15180
Q1369648,P641,Q41466
Q1369648,P413,Q2304909
Q1369648,P19,Q955468
Q1369648,P423,Q10927615
Q1369648,P166,Q9387384
Q1369648,P647,Q576406
Q1369648,P734,Q21452540
Q1369648,P118,Q1215892
Q4882388,P31,Q101352
Q4882388,P1889,Q22226966
Q4882388,P282,Q8229
Q21450839,P31,Q101352
Q21450839,P31,Q4167410
Q21450839,P1889,Q37534061
Q21450839,P282,Q8229
Q243067,P31,Q4167410
Q243067,P1889,Q20726713
Q12763364,P31,Q4167410
Q12763364,P1889,Q37043795
Q21501496,P31,Q101352
Q21501496,P1889,Q894169
Q21501496,P282,Q8229
Q21482854,P31,Q101352
Q21482854,P1889,Q895252
Q21482854,P282,Q8229
Q421054,P31,Q4167410
Q421054,P1889,Q16865199
Q421054,P1889,Q47035614
Q329737,P31,Q2207288
Q329737,P31,Q28640
Q329737,P417,Q128538
Q329737,P417,Q43982
Q329737,P910,Q8330676
Q329737,P279,Q2588761
Q329737,P425,Q29545091
Q55548718,P31,Q4167410
Q55548718,P1889,Q762634
Q357440,P31,Q4167410
Q357440,P1889,Q16865388
Q357440,P1889,Q5044030
Q228846,P31,Q4167410
Q228846,P1889,Q16275176
Q228846,P1889,Q15079696
Q21447155,P31,Q101352
Q21447155,P1889,Q222917
Q21447155,P282,Q8229
Q96476674,P31,Q101352
Q425021,P31,Q4167410
Q425021,P1889,Q16865667
Q425021,P460,Q442470
Q21492953,P31,Q101352
Q21492953,P1889,Q1123447
Q21492953,P282,Q8229
Q1136576,P31,Q4167410
Q1136576,P1889,Q16865797
Q1137817,P31,Q101352
Q1137817,P407,Q1860
Q1137817,P282,Q8229
Q450879,P31,Q4167410
Q450879,P1889,Q18316322
Q450879,P1889,Q40386
Q450879,P1889,Q44438141
Q248968,P31,Q4167410
Q248968,P1889,Q1158580
Q248968,P460,Q226752
Q248968,P460,Q348730
Q248968,P460,Q1157433
Q21507868,P31,Q101352
Q21507868,P1889,Q1157472
Q21507868,P282,Q8229
Q21507868,P460,Q20856616
Q21507868,P460,Q33038335
Q21507868,P460,Q33038336
Q21507868,P460,Q33038337
Q5210835,P31,Q101352
Q5210835,P1889,Q1157893
Q5210835,P282,Q8229
Q5212930,P31,Q101352
Q5212930,P1889,Q1158893
Q1237399,P31,Q4167410
Q1237399,P1889,Q21449688
Q411627,P31,Q4167410
Q411627,P1889,Q628471
Q411627,P1889,Q17372466
Q411627,P460,Q188125
Q218812,P31,Q4167410
Q218812,P1889,Q16869662
Q218812,P1889,Q3715128
Q21491502,P31,Q101352
Q21491502,P1889,Q1260724
Q21491502,P282,Q8229
Q420175,P31,Q22808320
Q420175,P1889,Q16869838
Q1422411,P31,Q4167410
Q1422411,P1889,Q21510562
Q235919,P31,Q4167410
Q235919,P1889,Q1940938
Q235919,P1889,Q16869946
Q235919,P460,Q15710636
Q398791,P31,Q4167410
Q398791,P1889,Q16466739
Q398791,P1889,Q1158144
Q243914,P31,Q4167410
Q243914,P1889,Q19887989
Q243914,P1889,Q19914619
Q243914,P1889,Q62139772
Q21476736,P31,Q101352
Q21476736,P1889,Q944122
Q21476736,P282,Q8229
Q21476736,P460,Q29536035
Q21476736,P460,Q16869986
Q132390,P1343,Q2657718
Q132390,P279,Q712378
Q132390,P361,Q152
Q132390,P361,Q10908
Q132390,P366,Q4782808
Q355039,P31,Q4167410
Q355039,P1889,Q30528418
Q355866,P31,Q4167410
Q355866,P1889,Q18549501
Q355866,P1889,Q37545569
Q355866,P460,Q22152834
Q7486798,P31,Q101352
Q7486798,P1889,Q545933
Q7486798,P282,Q8229
Q7486798,P460,Q76422720
Q7486798,P460,Q76425685
Q350174,P31,Q4167410
Q350174,P1889,Q37498541
Q350174,P1889,Q91371155
Q21510531,P31,Q101352
Q21510531,P1889,Q1415697
Q21510531,P282,Q8229
Q236004,P31,Q4167410
Q236004,P1889,Q21482559
Q21507806,P31,Q101352
Q21507806,P31,Q98775491
Q21507806,P1889,Q1601239
Q21507806,P282,Q8229
Q21507806,P460,Q96228746
Q21507806,P460,Q1158284
Q21507806,P407,Q188
Q21493066,P31,Q101352
Q21493066,P1889,Q1624700
Q21493066,P407,Q9056
Q21493066,P407,Q9058
Q21493066,P282,Q8229
Q21493066,P5323,Q81945591
Q16785058,P31,Q4167410
Q16785058,P1889,Q19902446
Q21450319,P31,Q101352
Q21450319,P1889,Q1682898
Q21450319,P282,Q8229
Q1485394,P31,Q4167410
Q1485394,P1889,Q14436586
Q1485394,P1889,Q37522547
Q404947,P31,Q4167410
Q404947,P460,Q353012
Q404947,P460,Q1216428
Q404947,P460,Q348255
Q404947,P1889,Q29048799
Q1552618,P31,Q4167410
Q1552618,P1889,Q16290447
Q21507412,P31,Q101352
Q21507412,P1889,Q1081053
Q21507412,P282,Q8229
Q21507412,P460,Q48703032
Q4226805,P31,Q101352
Q4226805,P1889,Q1785792
Q4226805,P460,Q21449119
Q4226805,P460,Q19798314
Q4226805,P282,Q8209
Q4226805,P407,Q7737
Q4226805,P5278,Q37562504
Q159656,P910,Q8576735
Q159656,P31,Q8436
Q159656,P1889,Q4242268
Q159656,P1889,Q679201
Q159656,P1830,Q703194
Q159656,P495,Q183
Q159656,P361,Q6571804
Q1621950,P21,Q6581097
Q1621950,P54,Q194121
Q1621950,P54,Q194116
Q1621950,P54,Q205973
Q1621950,P54,Q203008
Q1621950,P54,Q203384
Q1621950,P54,Q1240798
Q1621950,P19,Q340
Q1621950,P31,Q5
Q1621950,P106,Q11774891
Q1621950,P27,Q16
Q1621950,P735,Q361309
Q1621950,P166,Q211872
Q1621950,P641,Q41466
Q1621950,P647,Q194121
Q1621950,P1532,Q16
Q1621950,P423,Q10927615
Q1621950,P118,Q1215892
Q1621950,P734,Q63439129
Q1621950,P413,Q543457
Q1232750,P54,Q194121
Q1232750,P54,Q1357204
Q1232750,P54,Q36932
Q1232750,P54,Q82534
Q1232750,P54,Q413568
Q1232750,P54,Q1422185
Q1232750,P21,Q6581097
Q1232750,P31,Q5
Q1232750,P19,Q133825
Q1232750,P106,Q11774891
Q1232750,P166,Q592296
Q1232750,P27,Q159
Q1232750,P641,Q41466
Q1232750,P413,Q2827965
Q1232750,P423,Q10927615
Q1232750,P647,Q194121
Q1232750,P118,Q1215892
Q1232750,P735,Q19002866
Q6489671,P31,Q101352
Q6489671,P282,Q8229
Q413944,P31,Q4167410
Q413944,P1889,Q20997154
Q237697,P31,Q4167410
Q237697,P1889,Q16871988
Q446292,P31,Q4167410
Q446292,P1889,Q37558353
Q472247,P31,Q4167410
Q472247,P1889,Q37564979
Q23304038,P31,Q101352
Q23304038,P1889,Q305527
Q23304038,P407,Q150
Q23304038,P460,Q17595543
Q23304038,P460,Q21509340
Q23304038,P460,Q17616336
Q23304038,P460,Q17616323
Q23304038,P460,Q21509818
Q23304038,P460,Q764600
Q23304038,P460,Q21509802
Q23304038,P460,Q21491957
Q23304038,P460,Q24707465
Q23304038,P460,Q16871743
Q23304038,P460,Q19856748
Q23304038,P460,Q16869913
Q23304038,P460,Q25276876
Q23304038,P460,Q17616334
Q23304038,P460,Q21450735
Q23304038,P282,Q8229
Q434200,P21,Q6581097
Q434200,P54,Q194116
Q434200,P54,Q682307
Q434200,P54,Q682307
Q434200,P31,Q5
Q434200,P19,Q25412
Q434200,P27,Q34
Q434200,P106,Q11774891
Q434200,P1344,Q9672
Q434200,P1344,Q9674
Q434200,P1344,Q9664
Q434200,P1344,Q9668
Q434200,P166,Q211872
Q434200,P166,Q176834
Q434200,P166,Q752423
Q434200,P166,Q752423
Q434200,P166,Q752423
Q434200,P166,Q752423
Q434200,P166,Q752423
Q434200,P166,Q752423
Q434200,P166,Q752423
Q434200,P166,Q1136687
Q434200,P735,Q1985726
Q434200,P641,Q41466
Q434200,P413,Q2304909
Q434200,P647,Q194116
Q434200,P734,Q27881916
Q434200,P423,Q10927615
Q434200,P118,Q1215892
Q1877257,P31,Q4167410
Q1877257,P1889,Q28149717
Q1882985,P31,Q15731356
Q1882985,P279,Q3395974
Q21452086,P31,Q101352
Q21452086,P1889,Q3299606
Q21452086,P282,Q8229
Q932128,P31,Q101352
Q932128,P31,Q56219051
Q932128,P1889,Q21386693
Q932128,P460,Q21506751
Q932128,P460,Q52004657
Q932128,P460,Q63978307
Q932128,P282,Q8229
Q402517,P31,Q4167410
Q402517,P1889,Q16877018
Q438405,P31,Q4167410
Q438405,P1889,Q16877377
Q28800754,P31,Q101352
Q28800754,P31,Q829026
Q28800754,P1889,Q1952233
Q28800754,P282,Q8229
Q28800754,P407,Q188
Q28800754,P407,Q7411
Q28800754,P1552,Q89410507
Q28800754,P460,Q8157228
Q28800754,P460,Q15042884
Q224657,P31,Q4167410
Q224657,P1889,Q1308329
Q224657,P1889,Q19802961
Q224657,P1889,Q62067286
Q224657,P460,Q401635
Q224657,P460,Q62067265
Q21487502,P31,Q101352
Q21487502,P1889,Q263240
Q21487502,P282,Q8229
Q21487502,P407,Q1860
Q1796759,P31,Q101352
Q1796759,P460,Q20757876
Q1796759,P282,Q8229
Q693585,P54,Q208652
Q693585,P54,Q194126
Q693585,P54,Q204623
Q693585,P54,Q192081
Q693585,P54,Q203384
Q693585,P21,Q6581097
Q693585,P31,Q5
Q693585,P19,Q211867
Q693585,P27,Q16
Q693585,P106,Q11774891
Q693585,P106,Q17682262
Q693585,P735,Q17862013
Q693585,P1344,Q9664
Q693585,P1344,Q9668
Q693585,P166,Q211872
Q693585,P166,Q726480
Q693585,P166,Q176834
Q693585,P166,Q250753
Q693585,P166,Q18128982
Q693585,P166,Q1136687
Q693585,P641,Q41466
Q693585,P641,Q185851
Q693585,P413,Q2583758
Q693585,P647,Q194126
Q693585,P1532,Q16
Q693585,P423,Q10927615
Q693585,P69,Q49115
Q693585,P118,Q1215892
Q693585,P734,Q67176154
Q16880496,P31,Q82799
Q16880496,P527,Q19968248
Q16880496,P527,Q20900701
Q371270,P31,Q11455398
Q371270,P31,Q101352
Q371270,P282,Q8229
Q18029644,P1533,Q2791874
Q18029644,P460,Q18030266
Q18029644,P460,Q18339792
Q18029644,P460,Q18546250
Q18029644,P460,Q19851031
Q18029644,P460,Q645699
Q18029644,P460,Q20011870
Q18029644,P460,Q1465588
Q18029644,P31,Q12308941
Q18029644,P1750,Q2994
Q18029644,P1750,Q2504
Q18029644,P1560,Q18339796
Q18029644,P1889,Q228535
Q18029644,P282,Q8229
Q18029644,P407,Q1412
Q18029644,P407,Q7411
Q18029644,P407,Q188
Q18029644,P5323,Q21644845
Q18029644,P5323,Q21142040
Q18029644,P361,Q99434232
Q130767,P31,Q4167410
Q130767,P1889,Q2792882
Q229105,P31,Q4167410
Q229105,P1889,Q2065931
Q3388463,P31,Q4167410
Q3388463,P1889,Q21491848
Q21454179,P31,Q101352
Q21454179,P1889,Q2106763
Q21454179,P282,Q8229
Q31046554,P31,Q101352
Q31046554,P1889,Q589060
Q31046554,P282,Q8229
Q31046554,P407,Q1860
Q31046554,P460,Q30668909
Q31046554,P460,Q1537839
Q31046554,P460,Q37533144
Q56243708,P31,Q101352
Q56243708,P1889,Q2109783
Q56243708,P282,Q8229
Q7246925,P31,Q4167410
Q7246925,P1889,Q28194471
Q742,P910,Q10021330
Q742,P106,Q214917
Q742,P106,Q49757
Q742,P106,Q333634
Q742,P106,Q482980
Q742,P106,Q8178443
Q742,P106,Q201788
Q742,P106,Q36180
Q742,P20,Q90
Q742,P19,Q454511
Q742,P27,Q70972
Q742,P31,Q5
Q742,P463,Q161806
Q742,P463,Q337526
Q742,P735,Q7521081
Q742,P800,Q512807
Q742,P800,Q969098
Q742,P800,Q754687
Q742,P800,Q3213141
Q742,P800,Q2834224
Q742,P800,Q583392
Q742,P800,Q1196012
Q742,P800,Q793366
Q742,P800,Q788676
Q742,P800,Q740134
Q742,P800,Q903424
Q742,P800,Q746818
Q742,P103,Q150
Q742,P1412,Q397
Q742,P1412,Q150
Q742,P40,Q29346115
Q742,P40,Q1227748
Q742,P1343,Q302556
Q742,P1343,Q19180675
Q742,P1343,Q602358
Q742,P1343,Q17378135
Q742,P1343,Q2657718
Q742,P1343,Q867541
Q742,P1343,Q51955019
Q742,P1343,Q67311526
Q742,P119,Q583251
Q742,P69,Q471980
Q742,P135,Q170292
Q742,P136,Q80930
Q742,P136,Q40831
Q742,P734,Q25368020
Q742,P172,Q121842
Q742,P509,Q623031
Q742,P1066,Q2421111
Q742,P1066,Q719942
Q742,P1066,Q1096867
Q742,P1066,Q3172486
Q742,P1196,Q3739104
Q742,P21,Q6581097
Q742,P6379,Q214867
Q742,P26,Q62920536
Q742,P6886,Q397
Q742,P6886,Q150
Q742,P39,Q70495963
Q742,P7763,Q71887839
Q1230589,P31,Q4167410
Q1230589,P1889,Q21502068
Q4705655,P131,Q1324436
Q4705655,P17,Q20
Q4705655,P31,Q486972
Q4705655,P31,Q123705
Q4705655,P910,Q13405402
Q4705655,P361,Q25804
Q21446762,P31,Q101352
Q21446762,P31,Q333021
Q21446762,P31,Q98775491
Q21446762,P1889,Q302100
Q21446762,P282,Q8229
Q21446762,P5323,Q81945591
Q21446762,P407,Q188
Q451756,P31,Q4167410
Q451756,P1889,Q37512000
Q451756,P1889,Q51844734
Q42966227,P31,Q101352
Q42966227,P282,Q8229
Q42966227,P1889,Q1902712
Q42966227,P407,Q150
Q973444,P54,Q206381
Q973444,P54,Q209636
Q973444,P54,Q203008
Q973444,P54,Q192083
Q973444,P54,Q206312
Q973444,P21,Q6581097
Q973444,P31,Q5
Q973444,P19,Q100
Q973444,P27,Q30
Q973444,P106,Q11774891
Q973444,P735,Q1514341
Q973444,P1344,Q9668
Q973444,P1344,Q9664
Q973444,P641,Q41466
Q973444,P413,Q2583758
Q973444,P647,Q209636
Q973444,P423,Q10927630
Q973444,P1532,Q30
Q973444,P69,Q7711540
Q973444,P118,Q1215892
Q973444,P102,Q29468
Q401128,P31,Q4167410
Q401128,P1889,Q16882319
Q401128,P460,Q30059948
Q218032,P31,Q4167410
Q218032,P1889,Q1158262
Q218032,P1889,Q14816494
Q218032,P460,Q7381270
Q23581106,P31,Q101352
Q23581106,P1889,Q349253
Q23581106,P282,Q8229
Q23581106,P460,Q34677385
Q21493738,P31,Q101352
Q21493738,P1889,Q2228016
Q21493738,P282,Q8229
Q21491207,P31,Q101352
Q21491207,P1889,Q1719109
Q21491207,P282,Q8229
Q2269439,P31,Q4167410
Q2269439,P1889,Q21507644
Q1287543,P31,Q4167410
Q1287543,P1889,Q7491146
Q1287543,P1889,Q29999799
Q1287543,P910,Q32764619
Q413222,P31,Q4167410
Q413222,P1889,Q27429821
Q413222,P1889,Q28125222
Q413222,P1889,Q16739933
Q413222,P1889,Q16961999
Q413222,P460,Q454662
Q413222,P460,Q295983
Q413222,P460,Q1904111
Q56245328,P31,Q101352
Q56245328,P1889,Q1416422
Q16520872,P31,Q101352
Q16520872,P407,Q9056
Q16520872,P407,Q9058
Q16520872,P1889,Q392855
Q16520872,P282,Q8229
Q16520872,P460,Q15208160
Q16520872,P5323,Q81945591
Q16517449,P31,Q101352
Q16517449,P407,Q9056
Q16517449,P407,Q9058
Q16517449,P1889,Q1301577
Q16517449,P282,Q8229
Q16517449,P5323,Q81945591
Q16517449,P1552,Q89410507
Q21491341,P31,Q101352
Q21491341,P1889,Q409372
Q21491341,P282,Q8229
Q21491341,P460,Q16884059
Q453772,P31,Q4167410
Q453772,P1889,Q16884059
Q133557,P31,Q4167410
Q133557,P1889,Q21487154
Q218224,P31,Q4167410
Q218224,P1889,Q3981665
Q218224,P1889,Q15080511
Q218224,P460,Q2397813
Q56541168,P31,Q101352
Q56541168,P1889,Q1341077
Q56541168,P1889,Q103718513
Q226298,P31,Q4167410
Q226298,P1889,Q4010125
Q226298,P1889,Q16766446
Q2552739,P31,Q4167410
Q2552739,P1889,Q37569500
Q233193,P31,Q101352
Q233193,P407,Q1860
Q233193,P1889,Q17057934
Q233193,P282,Q8229
Q233193,P460,Q37564353
Q8073799,P31,Q4167410
Q8073799,P1889,Q36963469
Q195895,P31,Q22808320
Q195895,P1889,Q176991
Q226620,P31,Q4167410
Q864897,P279,Q500834
Q864897,P1889,Q868291
Q864897,P31,Q61685689
Q12644761,P31,Q4164871
Q12644761,P31,Q28640
Q12644761,P425,Q202030
Q48739587,P910,Q48968785
Q48739587,P452,Q11033
Q48739587,P31,Q4830453
Q48739587,P31,Q2401749
Q48739587,P1056,Q184452
Q48739587,P112,Q11963448
Q49008,P279,Q50706
Q49008,P279,Q240651
Q49008,P910,Q7028426
Q49008,P1552,Q50708
Q49008,P461,Q50707
Q49008,P1889,Q47370614
Q49008,P2354,Q225987
Q49008,P913,Q9946
Q49008,P31,Q47460393
Q776077,P31,Q4167410
Q776077,P1889,Q21504894
Q423571,P31,Q4167410
Q191058,P31,Q4167410
Q191058,P1889,Q37030981
Q191058,P910,Q8806312
Q228821,P31,Q4167410
Q3433953,P31,Q179805
Q3433953,P910,Q32400330
Q3433953,P279,Q2466570
Q357525,P31,Q4167410
Q457334,P31,Q6609748
Q457334,P31,Q515
Q457334,P237,Q5138477
Q457334,P17,Q16
Q457334,P131,Q1147110
Q457334,P910,Q7000994
Q457334,P138,Q3435942
Q457334,P190,Q75634
Q457334,P190,Q129610
Q457334,P1464,Q24229002
Q457334,P47,Q4747262
Q457334,P47,Q264075
Q457334,P1792,Q6991741
Q457334,P361,Q14234648
Q457334,P421,Q2085376
Q457334,P7867,Q84077627
Q1712140,P910,Q8659903
Q1712140,P1343,Q2657718
Q1712140,P1343,Q602358
Q1712140,P1343,Q19180675
Q1712140,P1343,Q1970746
Q1712140,P1343,Q4173137
Q1712140,P279,Q9332
Q1712140,P1889,Q54894712
Q12117,P279,Q2643145
Q12117,P279,Q2995529
Q12117,P910,Q7038205
Q12117,P1889,Q749997
Q12117,P5008,Q5460604
Q12117,P1343,Q1768721
Q168432,P279,Q15688633
Q168432,P279,Q65088317
Q168432,P1343,Q1138524
Q168432,P1343,Q30059240
Q168432,P1343,Q63284758
Q168432,P31,Q15688633
Q168432,P527,Q50182669
Q168432,P527,Q4243098
Q168432,P910,Q7806874
Q239346,P31,Q21199
Q239346,P31,Q13366104
Q239346,P31,Q1486643
Q239346,P31,Q50707
Q239346,P5236,Q200
Q239346,P5236,Q201
Q239346,P5236,Q203
Q4034953,P31,Q4167410
Q4034953,P1889,Q210395
Q4034953,P1889,Q60715676
Q4034953,P1889,Q93591301
Q4034953,P1889,Q4878471
Q4034953,P1889,Q93634241
Q6419670,P31,Q4167410
Q23148,P31,Q67376938
Q23148,P17,Q145
Q23148,P17,Q174193
Q23148,P17,Q161885
Q23148,P17,Q179876
Q23148,P17,Q313136
Q23148,P17,Q145
Q23148,P910,Q7216543
Q23148,P1464,Q8059218
Q23148,P1465,Q9683010
Q23148,P1740,Q19363075
Q23148,P1792,Q7115602
Q23148,P1343,Q2657718
Q23148,P1343,Q602358
Q23148,P1343,Q3181656
Q23148,P47,Q67393660
Q23148,P150,Q22338583
Q23148,P150,Q180209
Q23148,P2633,Q5535138
Q23148,P1435,Q174945
Q23148,P5125,Q20979640
Q23148,P1791,Q8328554
Q23148,P163,Q1919103
Q23148,P36,Q180803
Q23148,P2936,Q25289
Q23148,P361,Q21
Q23148,P7867,Q8607340
Q23148,P1889,Q22338583
Q23148,P1889,Q67393189
Q23148,P7959,Q23148
Q23148,P1151,Q11162079
Q23148,P8744,Q5333660
Q2003,P1151,Q10992090
Q2003,P17,Q16
Q2003,P47,Q176
Q2003,P47,Q2023
Q2003,P47,Q2007
Q2003,P36,Q2082
Q2003,P194,Q15150636
Q2003,P163,Q636719
Q2003,P131,Q16
Q2003,P421,Q2420151
Q2003,P910,Q6581525
Q2003,P31,Q11828004
Q2003,P31,Q3750285
Q2003,P6,Q7816723
Q2003,P6,Q17004109
Q2003,P6,Q98098468
Q2003,P1464,Q8081647
Q2003,P1465,Q8365585
Q2003,P1740,Q8458169
Q2003,P1792,Q7116494
Q2003,P1313,Q7240356
Q2003,P208,Q5419822
Q2003,P1343,Q302556
Q2003,P1365,Q38610
Q2003,P1456,Q742416
Q2003,P1456,Q3250828
Q2003,P2633,Q5535206
Q2003,P37,Q1860
Q2003,P610,Q3321804
Q2003,P1589,Q788
Q2003,P35,Q9682
Q2003,P1906,Q14931511
Q2003,P5125,Q37483487
Q2003,P237,Q581070
Q2003,P1791,Q8328703
Q2003,P832,Q3400710
Q2003,P832,Q5281906
Q2003,P832,Q212829
Q2003,P832,Q181817
Q2003,P832,Q5433098
Q2003,P832,Q2916311
Q2003,P2936,Q28070
Q2003,P2936,Q27990
Q2003,P1299,Q71990338
Q2003,P2184,Q3136824
Q2003,P30,Q49
Q2003,P206,Q97
Q2003,P206,Q184189
Q2003,P206,Q169523
Q2003,P38,Q1104069
Q2003,P122,Q3043547
Q2003,P7867,Q83981580
Q2003,P8744,Q101584259
Q254250,P31,Q4167410
Q2975393,P1889,Q1083365
Q2975393,P31,Q12812139
Q2975393,P361,Q21201
Q2975393,P461,Q2443212
Q2975393,P407,Q1860
Q2975393,P279,Q215627
Q417693,P31,Q4167410
Q417693,P1889,Q18180180
Q417693,P1889,Q27887847
Q225762,P31,Q4167410
Q225762,P460,Q8202262
Q225762,P460,Q880449
Q225762,P1889,Q170176
Q225762,P1889,Q2905571
Q2308809,P910,Q25304073
Q2308809,P1382,Q1530412
Q2308809,P1382,Q65560351
Q2308809,P1552,Q4993710
Q2308809,P1537,Q29253
Q2308809,P6477,Q2574811
Q2308809,P828,Q80837
Q2308809,P279,Q483247
Q2308809,P279,Q16887380
Q7234516,P31,Q4167410
Q4018995,P31,Q11879590
Q4018995,P460,Q1714536
Q4018995,P460,Q17522189
Q4018995,P460,Q16276103
Q4018995,P460,Q17522188
Q4018995,P460,Q95921232
Q4018995,P1889,Q435322
Q4018995,P282,Q8229
Q4018995,P407,Q7411
Q4018995,P5323,Q21644845
Q4018995,P1343,Q151
Q1184551,P31,Q4167410
Q49247,P17,Q30
Q49247,P31,Q1093829
Q49247,P31,Q1549591
Q49247,P31,Q13218391
Q49247,P131,Q5925
Q49247,P910,Q8249949
Q49247,P190,Q204249
Q49247,P190,Q14318
Q49247,P1464,Q8043451
Q49247,P47,Q494723
Q49247,P47,Q49244
Q49247,P421,Q2204
Q49247,P1792,Q7118683
Q49247,P1465,Q18204944
Q49247,P6,Q16933842
Q49247,P1830,Q531897
Q49247,P1830,Q774138
Q49247,P1830,Q4750891
Q49247,P7867,Q84087691
Q21491699,P31,Q101352
Q21491699,P1889,Q3099403
Q21491699,P282,Q8229
Q8058633,P31,Q4167410
Q809969,P31,Q4167410
Q246376,P31,Q4167410
Q246376,P1889,Q5439459
Q562942,P31,Q4167410
Q188074,P31,Q4167410
Q188074,P1889,Q37489045
Q752118,P461,Q581459
Q752118,P1889,Q1412160
Q752118,P1889,Q485000
Q752118,P1889,Q3961308
Q752118,P1889,Q23014678
Q752118,P279,Q205555
Q752118,P361,Q77468620
Q752118,P31,Q9415
Q752118,P1269,Q9418
Q752118,P1343,Q602358
Q752118,P1343,Q19180675
Q752118,P1343,Q1970746
Q973740,P910,Q8128455
Q973740,P31,Q2235308
Q973740,P366,Q42767
Q973740,P1889,Q28563508
Q973740,P279,Q11446
Q18733,P279,Q781413
Q18733,P279,Q57699905
Q18733,P1269,Q3267244
Q18733,P361,Q492
Q18733,P460,Q3267244
Q18733,P1889,Q816826
Q18733,P1479,Q104093790
Q407320,P31,Q4167410
Q40152,P910,Q7163380
Q40152,P105,Q36602
Q40152,P171,Q340867
Q40152,P31,Q16521
Q40152,P1343,Q2657718
Q40152,P1343,Q1768721
Q40152,P527,Q1073
Q40152,P2283,Q492
Q40152,P2283,Q192627
Q40152,P2283,Q46627
Q40152,P2283,Q223557
Q40152,P2283,Q504699
Q40152,P1889,Q17118835
Q7261548,P31,Q4167410
Q7261548,P1889,Q16861621
Q1547182,P31,Q4167410
Q18040452,P31,Q11879590
Q18040452,P460,Q18040379
Q18040452,P460,Q18040501
Q18040452,P460,Q18040681
Q18040452,P460,Q1096053
Q18040452,P1889,Q1163840
Q18040452,P407,Q13955
Q18040452,P407,Q7411
Q18040452,P282,Q8229
Q18040452,P1533,Q37323026
Q18040452,P5323,Q21644845
Q18040452,P1343,Q151
Q187880,P31,Q11610935
Q187880,P127,Q45792
Q187880,P495,Q25
Q187880,P1343,Q3181656
Q1494501,P31,Q4167410
Q1494501,P1889,Q19801888
Q1494501,P1889,Q16870126
Q1494501,P460,Q227277
Q1494501,P460,Q353645
Q1494501,P460,Q1215159
Q3786450,P31,Q4167410
Q342565,P31,Q4167410
Q342565,P460,Q28942841
Q1184192,P31,Q4167410
Q1184192,P1889,Q19860327
Q1184192,P1889,Q37018207
Q1184192,P460,Q360175
Q1184192,P460,Q448482
Q1184192,P460,Q6322178
Q1184192,P460,Q16263432
Q2110960,P31,Q4167410
Q2110960,P1889,Q27988939
Q2110960,P1889,Q51954513
Q2110960,P460,Q417661
Q1135775,P31,Q545779
Q1135775,P31,Q217438
Q37144211,P31,Q101352
Q37144211,P282,Q8229
Q37144211,P5323,Q92953148
Q1172703,P279,Q28555911
Q241079,P31,Q4167410
Q14315547,P31,Q4167410
Q47544298,P31,Q82799
Q47544298,P527,Q11903501
Q47544298,P527,Q47544304
Q394359,P31,Q4167410
Q7340837,P31,Q82799
Q7340837,P527,Q19819744
Q7340837,P527,Q27642537
Q7340837,P1889,Q1422475
Q296001,P279,Q260899
Q296001,P279,Q204794
Q1215892,P641,Q41466
Q1215892,P31,Q15991290
Q1215892,P31,Q75179296
Q1215892,P17,Q30
Q1215892,P17,Q16
Q1215892,P910,Q8796634
Q1215892,P159,Q60
Q1215892,P1687,P3522
Q1215892,P1151,Q17280763
Q1215892,P1424,Q6623414
Q1215892,P1424,Q12981430
Q1215892,P1424,Q10640502
Q1215892,P4794,Q124
Q1215892,P527,Q834457
Q1215892,P527,Q834536
Q1215892,P1037,Q383983
Q1215892,P276,Q16
Q1215892,P276,Q30
Q1933706,P31,Q12308941
Q1933706,P407,Q1412
Q1933706,P460,Q15620350
Q1933706,P460,Q19810348
Q1933706,P460,Q16279459
Q1933706,P460,Q1277327
Q1933706,P460,Q1624251
Q1933706,P460,Q1930213
Q1933706,P460,Q4927524
Q1933706,P460,Q14626626
Q1933706,P460,Q15621024
Q1933706,P460,Q15621289
Q1933706,P460,Q15620173
Q1933706,P460,Q15620843
Q1933706,P460,Q21408170
Q1933706,P460,Q18066465
Q1933706,P460,Q20088020
Q1933706,P460,Q18563993
Q1933706,P460,Q6835978
Q1933706,P460,Q17560622
Q1933706,P460,Q18620536
Q1933706,P460,Q19968168
Q1933706,P460,Q15620295
Q1933706,P460,Q1371520
Q1933706,P460,Q6845358
Q1933706,P460,Q21572622
Q1933706,P460,Q18057651
Q1933706,P460,Q19968177
Q1933706,P460,Q15620341
Q1933706,P460,Q13137127
Q1933706,P282,Q8229
Q1933706,P1533,Q48885400
Q1933706,P1889,Q67909550
Q388336,P31,Q4167410
Q388336,P1889,Q16291787
Q188655,P279,Q81529494
Q188655,P279,Q10818030
Q188655,P279,Q3194888
Q188655,P279,Q10426
Q188655,P1343,Q2041543
Q188655,P495,Q38
Q188655,P527,Q191768
Q188655,P910,Q8356528
Q3199915,P910,Q7305498
Q3199915,P279,Q750215
Q3199915,P279,Q1190554
Q3199915,P279,Q132821
Q3199915,P460,Q750215
Q3199915,P1889,Q177716
Q3199915,P1889,Q41397
Q3199915,P2354,Q1276694
Q3199915,P1424,Q22708306
Q246231,P31,Q4167410
Q246231,P1889,Q22062007
Q246231,P1889,Q27179450
Q295778,P31,Q4167410
Q295778,P1889,Q9182324
Q295778,P910,Q61690138
Q1818899,P910,Q7961431
Q1818899,P279,Q11900058
Q1818899,P460,Q937283
Q1818899,P31,Q12737077
Q1818899,P1889,Q186626
Q1818899,P1889,Q50329651
Q164950,P279,Q13417114
Q164950,P279,Q1642895
Q164950,P910,Q5609739
Q164950,P1424,Q11063144
Q164950,P2354,Q4433567
Q164950,P1889,Q1156073
Q171004,P105,Q68947
Q171004,P171,Q36341
Q171004,P31,Q16521
Q171004,P910,Q55271529
Q1801134,P31,Q4167410
Q1801134,P1889,Q37007996
Q397535,P31,Q4167410
Q422350,P31,Q4167410
Q422350,P1889,Q151499
Q422350,P1889,Q28944433
Q1898080,P910,Q29569692
Q1898080,P1889,Q2492922
Q1898080,P31,Q12737077
Q28521,P105,Q34740
Q28521,P31,Q16521
Q28521,P171,Q27888
Q28521,P910,Q7155001
Q40,P1151,Q6441852
Q40,P5125,Q7112193
Q40,P38,Q4916
Q40,P38,Q208730
Q40,P38,Q155009
Q40,P38,Q208730
Q40,P172,Q237534
Q40,P172,Q236807
Q40,P172,Q672394
Q40,P172,Q42884
Q40,P1792,Q3919802
Q40,P2852,Q1061257
Q40,P2852,Q25648812
Q40,P2852,Q25648813
Q40,P2852,Q25648814
Q40,P2853,Q1378312
Q40,P2853,Q1123613
Q40,P2633,Q216981
Q40,P1313,Q1006398
Q40,P17,Q40
Q40,P2959,Q13179133
Q40,P122,Q5440547
Q40,P122,Q49890
Q40,P832,Q196627
Q40,P832,Q132001
Q40,P832,Q209663
Q40,P832,Q47499
Q40,P832,Q51638
Q40,P832,Q2512993
Q40,P832,Q152395
Q40,P832,Q162691
Q40,P832,Q875766
Q40,P832,Q3538509
Q40,P832,Q587
Q40,P832,Q19809
Q40,P832,Q1366863
Q40,P1552,Q3174312
Q40,P1552,Q7174
Q40,P206,Q4127
Q40,P206,Q6396
Q40,P206,Q584
Q40,P206,Q1653
Q40,P206,Q14369
Q40,P206,Q152661
Q40,P206,Q660208
Q40,P206,Q179251
Q40,P530,Q38
Q40,P530,Q142
Q40,P530,Q183
Q40,P530,Q347
Q40,P530,Q403
Q40,P530,Q408
Q40,P530,Q114
Q40,P530,Q212
Q40,P530,Q851
Q40,P530,Q159
Q40,P530,Q801
Q40,P530,Q224
Q40,P530,Q148
Q40,P530,Q36704
Q40,P530,Q1246
Q40,P530,Q16
Q40,P530,Q213
Q40,P530,Q214
Q40,P530,Q217
Q40,P530,Q230
Q40,P530,Q252
Q40,P530,Q28
Q40,P530,Q298
Q40,P530,Q35
Q40,P530,Q37
Q40,P530,Q39
Q40,P530,Q43
Q40,P530,Q739
Q40,P530,Q77
Q40,P530,Q843
Q40,P530,Q865
Q40,P530,Q881
Q40,P530,Q96
Q40,P530,Q884
Q40,P530,Q221
Q40,P530,Q17
Q40,P530,Q668
Q40,P530,Q41
Q40,P530,Q902
Q40,P530,Q423
Q40,P194,Q4817650
Q40,P2184,Q187830
Q40,P37,Q188
Q40,P37,Q36668
Q40,P1365,Q28513
Q40,P30,Q46
Q40,P36,Q1741
Q40,P237,Q160322
Q40,P4330,Q1442339
Q40,P910,Q1455420
Q40,P35,Q11753
Q40,P35,Q78490
Q40,P35,Q1260
Q40,P35,Q72856
Q40,P35,Q13014
Q40,P35,Q72898
Q40,P35,Q84204
Q40,P35,Q11726
Q40,P35,Q84263
Q40,P35,Q84475
Q40,P35,Q78869
Q40,P1791,Q9534329
Q40,P6,Q53282
Q40,P6,Q260037
Q40,P6,Q2125645
Q40,P6,Q78538
Q40,P6,Q158123
Q40,P6,Q84190
Q40,P6,Q44517
Q40,P6,Q241131
Q40,P6,Q29008
Q40,P6,Q78539
Q40,P6,Q11715
Q40,P6,Q11726
Q40,P6,Q18135060
Q40,P6,Q2262885
Q40,P6,Q45808771
Q40,P6,Q916162
Q40,P6,Q2262885
Q40,P463,Q1065
Q40,P463,Q41550
Q40,P463,Q81299
Q40,P463,Q458
Q40,P463,Q8908
Q40,P463,Q7825
Q40,P463,Q151991
Q40,P463,Q191384
Q40,P463,Q827525
Q40,P463,Q656801
Q40,P463,Q1043527
Q40,P463,Q899770
Q40,P463,Q340195
Q40,P463,Q188822
Q40,P463,Q782942
Q40,P463,Q1377612
Q40,P463,Q663492
Q40,P463,Q1072120
Q40,P463,Q8475
Q40,P463,Q1480793
Q40,P463,Q842490
Q40,P463,Q3866537
Q40,P463,Q826700
Q40,P463,Q7809
Q40,P463,Q5611262
Q40,P463,Q17495
Q40,P463,Q376150
Q40,P463,Q1969730
Q40,P463,Q45177
Q40,P463,Q170424
Q40,P463,Q7817
Q40,P1740,Q7523251
Q40,P208,Q695599
Q40,P1830,Q126393
Q40,P1830,Q301429
Q40,P1830,Q360607
Q40,P1830,Q679292
Q40,P1830,Q686431
Q40,P1830,Q697173
Q40,P1830,Q699474
Q40,P1830,Q877023
Q40,P1830,Q1006417
Q40,P1830,Q1521129
Q40,P1830,Q14544558
Q40,P1830,Q18890986
Q40,P1830,Q303404
Q40,P421,Q25989
Q40,P421,Q6655
Q40,P421,Q6723
Q40,P421,Q28148658
Q40,P1465,Q7335821
Q40,P85,Q126658
Q40,P1906,Q475658
Q40,P361,Q27509
Q40,P78,Q37715
Q40,P47,Q38
Q40,P47,Q347
Q40,P47,Q39
Q40,P47,Q213
Q40,P47,Q28
Q40,P47,Q214
Q40,P47,Q215
Q40,P47,Q183
Q40,P47,Q33946
Q40,P47,Q83286
Q40,P47,Q1277557
Q40,P47,Q36704
Q40,P47,Q713750
Q40,P31,Q3624078
Q40,P31,Q7270
Q40,P31,Q4209223
Q40,P31,Q123480
Q40,P31,Q6256
Q40,P31,Q7275
Q40,P610,Q3388
Q40,P1464,Q7463291
Q40,P1622,Q14565199
Q40,P5008,Q5460604
Q40,P1589,Q6396
Q40,P150,Q43210
Q40,P150,Q37985
Q40,P150,Q42497
Q40,P150,Q41967
Q40,P150,Q43325
Q40,P150,Q41358
Q40,P150,Q42880
Q40,P150,Q38981
Q40,P150,Q1741
Q40,P138,Q684
Q40,P138,Q510604
Q40,P163,Q46835
Q40,P2936,Q188
Q40,P2936,Q6654
Q40,P2936,Q35357
Q40,P2936,Q9063
Q40,P2936,Q9067
Q40,P2936,Q36668
Q40,P2936,Q306626
Q40,P2936,Q387066
Q40,P2936,Q680517
Q40,P2936,Q131339
Q40,P2936,Q29540
Q40,P6104,Q11343046
Q40,P1304,Q670723
Q40,P2596,Q303649
Q40,P7867,Q8607306
Q40,P209,Q873868
Q40,P8402,Q63429697
Q40,P8744,Q8085
Q34095,P527,Q753
Q34095,P527,Q1096
Q34095,P279,Q518350
Q34095,P279,Q21685333
Q34095,P910,Q7457823
Q34095,P1343,Q1138524
Q34095,P1343,Q602358
Q34095,P1889,Q39782
Q131647,P279,Q838948
Q131647,P279,Q28886448
Q131647,P279,Q18536132
Q131647,P279,Q618779
Q131647,P1343,Q678259
Q131647,P1343,Q2657718
Q131647,P910,Q9215074
Q131647,P460,Q11796413
Q131647,P1889,Q57082336
Q131647,P1889,Q38593919
Q131647,P31,Q31931265
Q131647,P31,Q618779
Q131647,P1424,Q5894777
Q131647,P2579,Q92300887
Q20,P1792,Q6992836
Q20,P2852,Q1061257
Q20,P2852,Q25648823
Q20,P2852,Q25648804
Q20,P2853,Q1378312
Q20,P2853,Q1123613
Q20,P1313,Q2334076
Q20,P832,Q196627
Q20,P832,Q106333
Q20,P832,Q40317
Q20,P832,Q1512337
Q20,P832,Q209663
Q20,P832,Q47499
Q20,P832,Q974845
Q20,P832,Q51638
Q20,P832,Q3446130
Q20,P832,Q2512993
Q20,P832,Q2703710
Q20,P832,Q15113728
Q20,P530,Q16
Q20,P530,Q38
Q20,P530,Q408
Q20,P530,Q183
Q20,P530,Q801
Q20,P530,Q34
Q20,P530,Q30
Q20,P530,Q403
Q20,P530,Q212
Q20,P530,Q851
Q20,P530,Q159
Q20,P530,Q33946
Q20,P530,Q96
Q20,P530,Q1049
Q20,P530,Q145
Q20,P530,Q15180
Q20,P530,Q889
Q20,P530,Q224
Q20,P530,Q229
Q20,P530,Q35
Q20,P530,Q974
Q20,P530,Q33
Q20,P530,Q142
Q20,P530,Q189
Q20,P530,Q1246
Q20,P530,Q711
Q20,P530,Q664
Q20,P530,Q833
Q20,P530,Q837
Q20,P530,Q218
Q20,P530,Q458
Q20,P530,Q843
Q20,P530,Q865
Q20,P530,Q148
Q20,P530,Q41
Q20,P530,Q423
Q20,P530,Q739
Q20,P530,Q28
Q20,P2184,Q210725
Q20,P206,Q47545
Q20,P206,Q45823
Q20,P206,Q1693
Q20,P206,Q1695
Q20,P36,Q585
Q20,P35,Q57287
Q20,P35,Q154912
Q20,P35,Q154927
Q20,P1791,Q8328719
Q20,P463,Q7184
Q20,P463,Q41550
Q20,P463,Q8908
Q20,P463,Q8932
Q20,P463,Q42262
Q20,P463,Q146165
Q20,P463,Q7825
Q20,P463,Q674182
Q20,P463,Q1998131
Q20,P463,Q166546
Q20,P463,Q1065
Q20,P463,Q789769
Q20,P463,Q81299
Q20,P463,Q340195
Q20,P463,Q188822
Q20,P463,Q309195
Q20,P463,Q1128401
Q20,P463,Q610886
Q20,P463,Q191384
Q20,P463,Q827525
Q20,P463,Q656801
Q20,P463,Q1043527
Q20,P463,Q899770
Q20,P463,Q782942
Q20,P463,Q1377612
Q20,P463,Q663492
Q20,P463,Q1928989
Q20,P463,Q1072120
Q20,P463,Q8475
Q20,P463,Q1480793
Q20,P463,Q842490
Q20,P463,Q3866537
Q20,P463,Q1579424
Q20,P463,Q233611
Q20,P463,Q826700
Q20,P463,Q7809
Q20,P463,Q5611262
Q20,P463,Q83356
Q20,P463,Q17495
Q20,P463,Q376150
Q20,P463,Q1969730
Q20,P463,Q45177
Q20,P463,Q170424
Q20,P463,Q7817
Q20,P463,Q4426190
Q20,P5658,Q14565199
Q20,P1464,Q9506850
Q20,P1465,Q7335854
Q20,P1906,Q1294765
Q20,P361,Q21195
Q20,P361,Q52062
Q20,P361,Q73169
Q20,P361,Q604496
Q20,P361,Q46
Q20,P2579,Q922219
Q20,P47,Q34
Q20,P47,Q33
Q20,P47,Q159
Q20,P47,Q35
Q20,P47,Q458
Q20,P527,Q1585051
Q20,P457,Q642673
Q20,P138,Q659
Q20,P138,Q34442
Q20,P163,Q83149
Q20,P6104,Q11034018
Q20,P1151,Q8253880
Q20,P5125,Q7112395
Q20,P38,Q132643
Q20,P2633,Q725371
Q20,P17,Q20
Q20,P2959,Q27103362
Q20,P2959,Q30277414
Q20,P2959,Q42294404
Q20,P2959,Q42311018
Q20,P2959,Q55442118
Q20,P122,Q41614
Q20,P122,Q188759
Q20,P194,Q109016
Q20,P131,Q62589
Q20,P131,Q62651
Q20,P131,Q62623
Q20,P37,Q25167
Q20,P37,Q56463
Q20,P37,Q25164
Q20,P37,Q9043
Q20,P30,Q46
Q20,P30,Q51
Q20,P237,Q86881
Q20,P1552,Q3174312
Q20,P1304,Q970769
Q20,P910,Q7130670
Q20,P6,Q291644
Q20,P6,Q57665
Q20,P6,Q207655
Q20,P6,Q57665
Q20,P6,Q207655
Q20,P6,Q209611
Q20,P6,Q133009
Q20,P6,Q133009
Q20,P6,Q133009
Q20,P6,Q317405
Q20,P6,Q337295
Q20,P6,Q463758
Q20,P6,Q311421
Q20,P6,Q683650
Q20,P6,Q326587
Q20,P6,Q326587
Q20,P6,Q317412
Q20,P6,Q380659
Q20,P6,Q164346
Q20,P6,Q164346
Q20,P6,Q164346
Q20,P6,Q164346
Q20,P6,Q337301
Q20,P6,Q355258
Q20,P6,Q317659
Q20,P1740,Q7140344
Q20,P208,Q1770849
Q20,P85,Q133198
Q20,P209,Q1574420
Q20,P78,Q41060
Q20,P31,Q3624078
Q20,P31,Q6256
Q20,P31,Q41614
Q20,P610,Q203942
Q20,P1622,Q14565199
Q20,P1589,Q47545
Q20,P421,Q6655
Q20,P421,Q6723
Q20,P421,Q6574
Q20,P421,Q25989
Q20,P421,Q5412119
Q20,P150,Q50615
Q20,P150,Q585
Q20,P150,Q50614
Q20,P150,Q50619
Q20,P150,Q50616
Q20,P150,Q50617
Q20,P150,Q2254
Q20,P150,Q50618
Q20,P150,Q50623
Q20,P150,Q50621
Q20,P150,Q50624
Q20,P150,Q50625
Q20,P150,Q50626
Q20,P150,Q50627
Q20,P150,Q50628
Q20,P150,Q50629
Q20,P150,Q50630
Q20,P150,Q50631
Q20,P150,Q50632
Q20,P150,Q25231
Q20,P150,Q14056
Q20,P150,Q2001466
Q20,P150,Q23408
Q20,P150,Q127676
Q20,P150,Q56407178
Q20,P150,Q56404886
Q20,P150,Q56405721
Q20,P150,Q2729021
Q20,P150,Q56407177
Q20,P150,Q52600648
Q20,P1343,Q302556
Q20,P1343,Q602358
Q20,P1343,Q234535
Q20,P1343,Q19180675
Q20,P1343,Q4173137
Q20,P1343,Q4114391
Q20,P1343,Q19190511
Q20,P1830,Q14375801
Q20,P2936,Q1781613
Q20,P2936,Q165795
Q20,P2936,Q3177352
Q20,P2936,Q56415
Q20,P2936,Q9043
Q20,P2936,Q13293
Q20,P2936,Q33947
Q20,P2596,Q2663442
Q20,P7867,Q8607433
Q20,P8402,Q97013549
Q20,P8402,Q97025893
Q20,P8744,Q1379783
Q864897,P279,Q500834
Q864897,P1889,Q868291
Q864897,P31,Q61685689
Q778665,P361,Q319676
Q778665,P1687,P2881
Q778665,P1687,P2882
Q159,P1622,Q14565199
Q159,P1151,Q8252645
Q159,P1465,Q6926403
Q159,P1456,Q7382189
Q159,P31,Q3624078
Q159,P31,Q859563
Q159,P31,Q4209223
Q159,P31,Q619610
Q159,P31,Q185145
Q159,P31,Q6256
Q159,P31,Q1323642
Q159,P31,Q63791824
Q159,P1304,Q806651
Q159,P37,Q7737
Q159,P37,Q27567
Q159,P37,Q27776
Q159,P37,Q1991779
Q159,P37,Q13389
Q159,P37,Q33120
Q159,P37,Q33509
Q159,P37,Q33522
Q159,P37,Q33634
Q159,P37,Q33714
Q159,P37,Q36126
Q159,P37,Q33357
Q159,P37,Q973685
Q159,P37,Q13343
Q159,P37,Q33871
Q159,P37,Q33968
Q159,P37,Q25285
Q159,P37,Q34119
Q159,P37,Q13238
Q159,P37,Q8798
Q159,P37,Q33575
Q159,P37,Q33350
Q159,P37,Q33348
Q159,P37,Q29952
Q159,P37,Q34299
Q159,P37,Q29561
Q159,P37,Q36498
Q159,P37,Q9292
Q159,P37,Q32332
Q159,P37,Q36209
Q159,P37,Q36206
Q159,P37,Q31746
Q159,P37,Q33871
Q159,P37,Q36757
Q159,P37,Q34079
Q159,P37,Q56489
Q159,P37,Q36853
Q159,P47,Q227
Q159,P47,Q184
Q159,P47,Q148
Q159,P47,Q191
Q159,P47,Q33
Q159,P47,Q230
Q159,P47,Q232
Q159,P47,Q211
Q159,P47,Q37
Q159,P47,Q423
Q159,P47,Q20
Q159,P47,Q31354462
Q159,P47,Q17
Q159,P47,Q30
Q159,P47,Q212
Q159,P47,Q711
Q159,P47,Q36
Q159,P47,Q23427
Q159,P47,Q16746854
Q159,P47,Q16150196
Q159,P47,Q458
Q159,P38,Q41044
Q159,P38,Q615640
Q159,P85,Q1225991
Q159,P85,Q2058180
Q159,P78,Q36541
Q159,P78,Q200439
Q159,P78,Q16524723
Q159,P78,Q48369
Q159,P122,Q188759
Q159,P122,Q512187
Q159,P122,Q49890
Q159,P122,Q1075404
Q159,P163,Q16611
Q159,P208,Q1140115
Q159,P208,Q218295
Q159,P208,Q4426204
Q159,P209,Q584759
Q159,P209,Q2622450
Q159,P209,Q2389170
Q159,P237,Q165508
Q159,P237,Q1054702
Q159,P150,Q3734
Q159,P150,Q5971
Q159,P150,Q5710
Q159,P150,Q6809
Q159,P150,Q5118
Q159,P150,Q5219
Q159,P150,Q5267
Q159,P150,Q3953
Q159,P150,Q5328
Q159,P150,Q1914
Q159,P150,Q2073
Q159,P150,Q5207
Q159,P150,Q5446
Q159,P150,Q5340
Q159,P150,Q6605
Q159,P150,Q5237
Q159,P150,Q5481
Q159,P150,Q960
Q159,P150,Q5422
Q159,P150,Q6543
Q159,P150,Q5187
Q159,P150,Q5466
Q159,P150,Q15966495
Q159,P150,Q5942
Q159,P150,Q3680
Q159,P150,Q6563
Q159,P150,Q4341
Q159,P150,Q7788
Q159,P150,Q6886
Q159,P150,Q3941
Q159,P150,Q1875
Q159,P150,Q3329
Q159,P150,Q2810
Q159,P150,Q2702
Q159,P150,Q3819
Q159,P150,Q2015
Q159,P150,Q3447
Q159,P150,Q2654
Q159,P150,Q6585
Q159,P150,Q1749
Q159,P150,Q2842
Q159,P150,Q7948
Q159,P150,Q6076
Q159,P150,Q5387
Q159,P150,Q2596
Q159,P150,Q5741
Q159,P150,Q3178
Q159,P150,Q2191
Q159,P150,Q3510
Q159,P150,Q7971
Q159,P150,Q1697
Q159,P150,Q1759
Q159,P150,Q2246
Q159,P150,Q2240
Q159,P150,Q5851
Q159,P150,Q5835
Q159,P150,Q5338
Q159,P150,Q3129
Q159,P150,Q5545
Q159,P150,Q5400
Q159,P150,Q2218
Q159,P150,Q3573
Q159,P150,Q2753
Q159,P150,Q1727
Q159,P150,Q5334
Q159,P150,Q7797
Q159,P150,Q5462
Q159,P150,Q2347
Q159,P150,Q3550
Q159,P150,Q2292
Q159,P150,Q5884
Q159,P150,Q2792
Q159,P150,Q5824
Q159,P150,Q5634
Q159,P150,Q5714
Q159,P150,Q6838
Q159,P150,Q2448
Q159,P150,Q649
Q159,P150,Q656
Q159,P150,Q7525
Q159,P150,Q7730
Q159,P150,Q2164
Q159,P150,Q6320
Q159,P150,Q7984
Q159,P150,Q6407
Q159,P150,Q846866
Q159,P150,Q622876
Q159,P150,Q216301
Q159,P150,Q214262
Q159,P150,Q208308
Q159,P150,Q17094638
Q159,P150,Q207737
Q159,P150,Q182902
Q159,P150,Q190229
Q159,P361,Q302045
Q159,P92,Q4340680
Q159,P92,Q2812213
Q159,P92,Q652062
Q159,P92,Q2812224
Q159,P92,Q4231536
Q159,P92,Q2465592
Q159,P421,Q842320
Q159,P421,Q2350893
Q159,P421,Q2332010
Q159,P421,Q1322118
Q159,P421,Q2351310
Q159,P421,Q2347353
Q159,P421,Q2351250
Q159,P421,Q2620414
Q159,P421,Q190252
Q159,P421,Q632994
Q159,P421,Q18392530
Q159,P421,Q385504
Q159,P421,Q2356448
Q159,P421,Q6723
Q159,P421,Q7105
Q159,P155,Q2184
Q159,P30,Q46
Q159,P30,Q48
Q159,P36,Q649
Q159,P36,Q656
Q159,P832,Q163708
Q159,P832,Q38964
Q159,P832,Q47499
Q159,P832,Q270706
Q159,P832,Q1432329
Q159,P832,Q1355116
Q159,P832,Q196627
Q159,P910,Q1411008
Q159,P35,Q7747
Q159,P35,Q23530
Q159,P35,Q34453
Q159,P35,Q7747
Q159,P194,Q457869
Q159,P194,Q2358985
Q159,P610,Q43105
Q159,P807,Q15180
Q159,P138,Q1108445
Q159,P530,Q30
Q159,P530,Q148
Q159,P530,Q183
Q159,P530,Q403
Q159,P530,Q668
Q159,P530,Q17
Q159,P530,Q881
Q159,P530,Q717
Q159,P530,Q241
Q159,P530,Q79
Q159,P530,Q43
Q159,P530,Q16
Q159,P530,Q155
Q159,P530,Q38
Q159,P530,Q142
Q159,P530,Q414
Q159,P530,Q801
Q159,P530,Q953
Q159,P530,Q1011
Q159,P530,Q711
Q159,P530,Q408
Q159,P530,Q23427
Q159,P530,Q31354462
Q159,P530,Q805
Q159,P530,Q227
Q159,P530,Q27
Q159,P530,Q212
Q159,P530,Q252
Q159,P530,Q458
Q159,P530,Q858
Q159,P530,Q884
Q159,P530,Q184
Q159,P530,Q159583
Q159,P530,Q423
Q159,P530,Q20
Q159,P530,Q96
Q159,P530,Q41
Q159,P530,Q843
Q159,P530,Q211
Q159,P530,Q1019
Q159,P530,Q40
Q159,P530,Q902
Q159,P530,Q219
Q159,P530,Q399
Q159,P530,Q712
Q159,P530,Q863
Q159,P530,Q36
Q159,P530,Q7172
Q159,P530,Q238
Q159,P530,Q954
Q159,P530,Q686
Q159,P530,Q265
Q159,P530,Q77
Q159,P530,Q145
Q159,P530,Q878
Q159,P530,Q1036
Q159,P530,Q874
Q159,P530,Q948
Q159,P530,Q754
Q159,P530,Q869
Q159,P530,Q924
Q159,P530,Q865
Q159,P530,Q39
Q159,P530,Q34
Q159,P530,Q1050
Q159,P530,Q1049
Q159,P530,Q854
Q159,P530,Q29
Q159,P530,Q958
Q159,P530,Q258
Q159,P530,Q215
Q159,P530,Q214
Q159,P530,Q334
Q159,P530,Q1042
Q159,P530,Q1041
Q159,P530,Q189
Q159,P530,Q222
Q159,P530,Q32
Q159,P530,Q28
Q159,P530,Q262
Q159,P530,Q813
Q159,P530,Q31
Q159,P530,Q1033
Q159,P530,Q1013
Q159,P530,Q1028
Q159,P530,Q796
Q159,P530,Q889
Q159,P530,Q736
Q159,P530,Q697
Q159,P530,Q1030
Q159,P530,Q750
Q159,P530,Q917
Q159,P530,Q800
Q159,P530,Q783
Q159,P530,Q1016
Q159,P530,Q963
Q159,P530,Q232
Q159,P530,Q921
Q159,P530,Q819
Q159,P530,Q811
Q159,P530,Q733
Q159,P530,Q774
Q159,P530,Q664
Q159,P530,Q804
Q159,P530,Q218
Q159,P530,Q115
Q159,P530,Q916
Q159,P530,Q398
Q159,P530,Q236
Q159,P530,Q965
Q159,P530,Q928
Q159,P530,Q962
Q159,P530,Q836
Q159,P530,Q424
Q159,P530,Q298
Q159,P530,Q974
Q159,P530,Q574
Q159,P530,Q739
Q159,P530,Q734
Q159,P530,Q117
Q159,P530,Q1007
Q159,P530,Q1008
Q159,P530,Q233
Q159,P530,Q114
Q159,P530,Q822
Q159,P530,Q1029
Q159,P530,Q912
Q159,P530,Q1025
Q159,P530,Q37
Q159,P530,Q217
Q159,P530,Q817
Q159,P530,Q235
Q159,P530,Q837
Q159,P530,Q45
Q159,P530,Q221
Q159,P530,Q971
Q159,P530,Q419
Q159,P530,Q219060
Q159,P530,Q842
Q159,P530,Q833
Q159,P530,Q55
Q159,P530,Q983
Q159,P530,Q1005
Q159,P530,Q229
Q159,P530,Q225
Q159,P530,Q1027
Q159,P530,Q35
Q159,P530,Q826
Q159,P1464,Q7234909
Q159,P1740,Q7237248
Q159,P1791,Q7146986
Q159,P1792,Q9076545
Q159,P1343,Q302556
Q159,P1343,Q4173137
Q159,P1343,Q19180675
Q159,P1343,Q602358
Q159,P1343,Q455
Q159,P1343,Q867541
Q159,P2184,Q161414
Q159,P1589,Q5484
Q159,P2633,Q1048240
Q159,P2853,Q1123613
Q159,P2853,Q1378312
Q159,P2852,Q1061257
Q159,P2852,Q24233148
Q159,P2852,Q25648899
Q159,P2852,Q25648900
Q159,P2852,Q25648794
Q159,P2852,Q25648798
Q159,P2852,Q25648811
Q159,P2959,Q42721651
Q159,P793,Q15920546
Q159,P793,Q4157877
Q159,P793,Q4157875
Q159,P793,Q1142572
Q159,P793,Q29269
Q159,P793,Q702362
Q159,P793,Q10428014
Q159,P1313,Q842386
Q159,P1313,Q56917671
Q159,P1906,Q218295
Q159,P2936,Q7737
Q159,P2936,Q33251
Q159,P2936,Q1776032
Q159,P2936,Q6399808
Q159,P2936,Q3906614
Q159,P2936,Q56495
Q159,P2936,Q33751
Q159,P2936,Q973685
Q159,P2936,Q332792
Q159,P2936,Q1991779
Q159,P2936,Q1977419
Q159,P2936,Q2640863
Q159,P2936,Q5222637
Q159,P2936,Q4418344
Q159,P2936,Q56425
Q159,P2936,Q56423
Q159,P2936,Q56489
Q159,P2936,Q35241
Q159,P2936,Q1412
Q159,P2936,Q56567
Q159,P2936,Q56564
Q159,P2936,Q56545
Q159,P2936,Q56560
Q159,P2936,Q56515
Q159,P2936,Q56636
Q159,P2936,Q56638
Q159,P2936,Q35499
Q159,P2936,Q35991
Q159,P2936,Q36126
Q159,P2936,Q56959
Q159,P2936,Q36452
Q159,P2936,Q36209
Q159,P2936,Q36206
Q159,P2936,Q36199
Q159,P2936,Q36464
Q159,P2936,Q36498
Q159,P2936,Q36584
Q159,P2936,Q36743
Q159,P2936,Q36656
Q159,P2936,Q36757
Q159,P2936,Q56319
Q159,P2936,Q13303
Q159,P2936,Q13271
Q159,P2936,Q13238
Q159,P2936,Q56318
Q159,P2936,Q13235
Q159,P2936,Q13239
Q159,P2936,Q56311
Q159,P2936,Q36848
Q159,P2936,Q36853
Q159,P2936,Q13210
Q159,P2936,Q36860
Q159,P2936,Q27776
Q159,P2936,Q28156
Q159,P2936,Q27963
Q159,P2936,Q27993
Q159,P2936,Q13343
Q159,P2936,Q28213
Q159,P2936,Q32747
Q159,P2936,Q32332
Q159,P2936,Q25285
Q159,P2936,Q27567
Q159,P2936,Q13389
Q159,P2936,Q29561
Q159,P2936,Q33170
Q159,P2936,Q33120
Q159,P2936,Q33125
Q159,P2936,Q32858
Q159,P2936,Q32878
Q159,P2936,Q33054
Q159,P2936,Q31746
Q159,P2936,Q29952
Q159,P2936,Q33348
Q159,P2936,Q33350
Q159,P2936,Q33283
Q159,P2936,Q29960
Q159,P2936,Q33522
Q159,P2936,Q33714
Q159,P2936,Q33634
Q159,P2936,Q33575
Q159,P2936,Q33485
Q159,P2936,Q33650
Q159,P2936,Q33563
Q159,P2936,Q33557
Q159,P2936,Q33656
Q159,P2936,Q33559
Q159,P2936,Q33676
Q159,P2936,Q33509
Q159,P2936,Q33624
Q159,P2936,Q33871
Q159,P2936,Q33928
Q159,P2936,Q33918
Q159,P2936,Q34008
Q159,P2936,Q33968
Q159,P2936,Q33759
Q159,P2936,Q34119
Q159,P2936,Q34139
Q159,P2936,Q34114
Q159,P2936,Q34033
Q159,P2936,Q34079
Q159,P2936,Q34849
Q159,P2936,Q34299
Q159,P2936,Q747153
Q159,P2936,Q791623
Q159,P2936,Q16116629
Q159,P2936,Q25559411
Q159,P2936,Q30249597
Q159,P2936,Q34915
Q159,P172,Q49542
Q159,P172,Q35565
Q159,P172,Q44806
Q159,P172,Q253410
Q159,P172,Q31230
Q159,P706,Q5401
Q159,P5008,Q5460604
Q159,P5125,Q16056530
Q159,P463,Q1065
Q159,P463,Q7809
Q159,P463,Q8475
Q159,P463,Q7779
Q159,P463,Q37470
Q159,P463,Q81299
Q159,P463,Q380340
Q159,P463,Q191384
Q159,P463,Q827525
Q159,P463,Q1043527
Q159,P463,Q656801
Q159,P463,Q1072120
Q159,P463,Q8908
Q159,P463,Q166110
Q159,P463,Q485207
Q159,P463,Q674182
Q159,P463,Q37143
Q159,P463,Q170481
Q159,P463,Q19771
Q159,P463,Q2297670
Q159,P463,Q243630
Q159,P463,Q7825
Q159,P463,Q789769
Q159,P463,Q7886981
Q159,P463,Q189062
Q159,P463,Q318693
Q159,P463,Q1928989
Q159,P463,Q1480793
Q159,P463,Q842490
Q159,P463,Q233611
Q159,P463,Q5611262
Q159,P463,Q17495
Q159,P463,Q376150
Q159,P463,Q162656
Q159,P463,Q170424
Q159,P463,Q7817
Q159,P463,Q1702783
Q159,P463,Q4426190
Q159,P6,Q34453
Q159,P6,Q82695
Q159,P6,Q190884
Q159,P6,Q313915
Q159,P6,Q190884
Q159,P6,Q270529
Q159,P6,Q313989
Q159,P6,Q7747
Q159,P6,Q62551
Q159,P6,Q317667
Q159,P6,Q150080
Q159,P6,Q147425
Q159,P6,Q7747
Q159,P6,Q147425
Q159,P6,Q23530
Q159,P6,Q4298520
Q159,P5658,Q14565199
Q159,P1365,Q2184
Q159,P3075,Q7882536
Q159,P3075,Q60995
Q159,P2579,Q375470
Q159,P1889,Q186096
Q159,P1889,Q34266
Q159,P206,Q545
Q159,P206,Q98
Q159,P206,Q788
Q159,P206,Q166
Q159,P6104,Q10803886
Q159,P1344,Q169401
Q159,P1344,Q1209169
Q159,P2596,Q1976715
Q159,P7867,Q8607473
Q159,P8402,Q96997760
Q159,P8744,Q461731
Q159,P17,Q159
Q39,P1151,Q3247839
Q39,P1546,Q2717243
Q39,P5125,Q7112470
Q39,P1740,Q7140379
Q39,P1792,Q3919882
Q39,P2852,Q1061257
Q39,P2852,Q4547615
Q39,P2852,Q11185210
Q39,P2852,Q25648814
Q39,P2852,Q26258266
Q39,P2852,Q25648888
Q39,P2852,Q25648913
Q39,P2853,Q1378312
Q39,P2853,Q2335530
Q39,P457,Q662637
Q39,P457,Q30921
Q39,P2633,Q215941
Q39,P17,Q39
Q39,P2959,Q20829665
Q39,P122,Q2523556
Q39,P122,Q512187
Q39,P832,Q38087
Q39,P1552,Q3174312
Q39,P530,Q16
Q39,P530,Q38
Q39,P530,Q183
Q39,P530,Q408
Q39,P530,Q347
Q39,P530,Q252
Q39,P530,Q403
Q39,P530,Q184
Q39,P530,Q801
Q39,P530,Q145
Q39,P530,Q142
Q39,P530,Q1016
Q39,P530,Q414
Q39,P530,Q40
Q39,P530,Q35
Q39,P530,Q159583
Q39,P530,Q1246
Q39,P530,Q217
Q39,P530,Q843
Q39,P530,Q854
Q39,P530,Q218
Q39,P530,Q258
Q39,P530,Q928
Q39,P530,Q833
Q39,P530,Q79
Q39,P530,Q96
Q39,P530,Q43
Q39,P530,Q458
Q39,P530,Q77
Q39,P530,Q865
Q39,P530,Q30
Q39,P530,Q794
Q39,P530,Q227
Q39,P530,Q399
Q39,P530,Q148
Q39,P530,Q41
Q39,P530,Q884
Q39,P530,Q159
Q39,P530,Q28
Q39,P530,Q423
Q39,P194,Q684719
Q39,P421,Q25989
Q39,P421,Q6655
Q39,P421,Q6723
Q39,P421,Q16919450
Q39,P2184,Q208761
Q39,P37,Q188
Q39,P37,Q652
Q39,P37,Q150
Q39,P37,Q13199
Q39,P30,Q46
Q39,P36,Q70
Q39,P237,Q189560
Q39,P209,Q676553
Q39,P208,Q30917
Q39,P910,Q1456250
Q39,P35,Q30917
Q39,P1791,Q8328800
Q39,P463,Q1065
Q39,P463,Q41550
Q39,P463,Q8908
Q39,P463,Q42262
Q39,P463,Q7825
Q39,P463,Q166546
Q39,P463,Q151991
Q39,P463,Q81299
Q39,P463,Q191384
Q39,P463,Q827525
Q39,P463,Q656801
Q39,P463,Q1043527
Q39,P463,Q899770
Q39,P463,Q340195
Q39,P463,Q188822
Q39,P463,Q782942
Q39,P463,Q1377612
Q39,P463,Q663492
Q39,P463,Q1072120
Q39,P463,Q8475
Q39,P463,Q1480793
Q39,P463,Q842490
Q39,P463,Q826700
Q39,P463,Q7809
Q39,P463,Q5611262
Q39,P463,Q17495
Q39,P463,Q376150
Q39,P463,Q1969730
Q39,P463,Q134102
Q39,P463,Q45177
Q39,P463,Q162656
Q39,P463,Q170424
Q39,P463,Q7817
Q39,P5658,Q13196750
Q39,P5658,Q14565199
Q39,P706,Q27509
Q39,P1465,Q6334741
Q39,P38,Q25344
Q39,P85,Q182536
Q39,P1906,Q11811941
Q39,P78,Q39676
Q39,P78,Q20577158
Q39,P47,Q40
Q39,P47,Q347
Q39,P47,Q183
Q39,P47,Q142
Q39,P47,Q38
Q39,P47,Q28513
Q39,P47,Q713750
Q39,P47,Q131964
Q39,P47,Q458
Q39,P31,Q7275
Q39,P31,Q123480
Q39,P31,Q170156
Q39,P31,Q687554
Q39,P31,Q43702
Q39,P31,Q206696
Q39,P31,Q3624078
Q39,P610,Q3403
Q39,P1464,Q7463350
Q39,P1622,Q14565199
Q39,P6,Q123939
Q39,P5008,Q5460604
Q39,P1589,Q14379
Q39,P150,Q12079
Q39,P150,Q12094
Q39,P150,Q11972
Q39,P150,Q12146
Q39,P150,Q12172
Q39,P150,Q11911
Q39,P150,Q12640
Q39,P150,Q11917
Q39,P150,Q11922
Q39,P150,Q11925
Q39,P150,Q12755
Q39,P150,Q12121
Q39,P150,Q12738
Q39,P150,Q12592
Q39,P150,Q12573
Q39,P150,Q12746
Q39,P150,Q12697
Q39,P150,Q12433
Q39,P150,Q11929
Q39,P150,Q12724
Q39,P150,Q12713
Q39,P150,Q12404
Q39,P150,Q834
Q39,P150,Q12771
Q39,P150,Q11933
Q39,P150,Q11943
Q39,P138,Q12433
Q39,P163,Q124020
Q39,P163,Q97752545
Q39,P1343,Q602358
Q39,P1343,Q19180675
Q39,P1343,Q4173137
Q39,P6104,Q6872806
Q39,P1304,Q597394
Q39,P2283,Q1279357
Q39,P2936,Q387066
Q39,P2936,Q131339
Q39,P2936,Q680517
Q39,P2936,Q35150
Q39,P2936,Q652
Q39,P2936,Q13199
Q39,P2936,Q15087
Q39,P2936,Q188
Q39,P2936,Q150
Q39,P2936,Q33754
Q39,P2936,Q12953483
Q39,P2936,Q12953479
Q39,P1889,Q507459
Q39,P2596,Q689645
Q39,P7867,Q8607496
Q39,P7867,Q8694407
Q39,P8402,Q63430264
Q39,P361,Q46
Q622747,P31,Q694589
Q622747,P361,Q4839616
Q622747,P910,Q8245926
Q622747,P641,Q41323
Q2277525,P31,Q4167410
Q2277525,P1889,Q19802965
Q2277525,P1889,Q16872852
Q30502217,P31,Q4167410
Q30502217,P1889,Q30669924
Q30502217,P460,Q407546
Q6576471,P31,Q13406463
Q6576471,P360,Q27875987
Q6576471,P282,Q8229
Q4928254,P460,Q4111945
Q4928254,P460,Q16741111
Q4928254,P460,Q16741113
Q4928254,P460,Q18220129
Q4928254,P460,Q18402209
Q4928254,P460,Q16282458
Q4928254,P460,Q16291179
Q4928254,P460,Q20000643
Q4928254,P460,Q21061294
Q4928254,P460,Q21069411
Q4928254,P460,Q19825033
Q4928254,P460,Q1566865
Q4928254,P460,Q7932140
Q4928254,P460,Q30572540
Q4928254,P460,Q56641726
Q4928254,P31,Q12308941
Q4928254,P31,Q202444
Q4928254,P1750,Q2275
Q4928254,P1533,Q2526475
Q4928254,P407,Q9091
Q4928254,P407,Q150
Q4928254,P407,Q9035
Q4928254,P407,Q9027
Q4928254,P407,Q1860
Q4928254,P407,Q7411
Q4928254,P1889,Q7215788
Q4928254,P282,Q8229
Q4928254,P5323,Q21644845
Q4928254,P1560,Q19776536
Q4354,P1889,Q4113790
Q4354,P31,Q82794
Q4354,P1269,Q12831143
Q4354,P1269,Q2516517
Q38859,P105,Q7432
Q38859,P171,Q148818
Q38859,P31,Q16521
Q38859,P4000,Q11009
Q38859,P279,Q207123
Q38859,P910,Q55330451
Q38859,P1672,Q65522654
Q38859,P1343,Q1768721
Q208961,P21,Q6581097
Q208961,P106,Q11900058
Q208961,P106,Q36180
Q208961,P106,Q250867
Q208961,P31,Q5
Q208961,P411,Q43115
Q208961,P411,Q3464126
Q208961,P19,Q213358
Q208961,P27,Q302980
Q208961,P735,Q8471184
Q208961,P1343,Q15987216
Q208961,P1343,Q602358
Q208961,P1343,Q19180675
Q208961,P1343,Q3181656
Q208961,P140,Q5043
Q208961,P20,Q4066569
Q208961,P463,Q2128679
Q208961,P910,Q9094856
Q208961,P841,Q2574
Q208961,P39,Q43412
Q1158489,P460,Q18182616
Q1158489,P460,Q48778823
Q1158489,P31,Q12308941
Q1158489,P1750,Q3019
Q1158489,P1750,Q2986
Q1158489,P1889,Q343280
Q1158489,P1533,Q16871638
Q1158489,P282,Q8229
Q1158489,P407,Q188
Q1158489,P2354,Q3834593
Q17520995,P31,Q147276
Q17520995,P31,Q82799
Q17520995,P527,Q12787162
Q17520995,P527,Q19817852
Q17520995,P407,Q1860
Q17520995,P282,Q8229
Q17520995,P1889,Q248140
Q1494768,P31,Q4167410
Q1494768,P1889,Q15039706
Q1494768,P1889,Q37533381
Q3105990,P17,Q36
Q3105990,P131,Q556220
Q3105990,P31,Q3558970
Q3105990,P421,Q6655
Q3105990,P421,Q6723
Q24740967,P31,Q101352
Q24740967,P1889,Q1501294
Q24740967,P282,Q8229
Q224711,P31,Q4167410
Q224711,P1889,Q2782533
Q224711,P1889,Q2782528
Q1554559,P31,Q4167410
Q1554559,P1889,Q18070769
Q1554559,P1889,Q15727189
Q1554559,P460,Q3379107
Q1554559,P460,Q12901485
Q1554559,P460,Q1172675
Q1554559,P460,Q1607055
Q1554559,P460,Q15727136
Q1554559,P460,Q15727197
Q1554559,P460,Q11681852
Q21502366,P31,Q101352
Q21502366,P1889,Q270846
Q21502366,P282,Q8229
Q21502366,P460,Q27888703
Q239924,P31,Q4167410
Q239924,P1889,Q5401576
Q239924,P1889,Q15237641
Q239924,P1889,Q35663473
Q239924,P1889,Q62054042
Q239924,P460,Q20531847
Q239924,P460,Q2519783
Q239924,P460,Q16277395
Q239924,P460,Q3531566
Q239924,P460,Q247046
Q239924,P460,Q412640
Q239924,P460,Q599425
Q239924,P460,Q585215
Q239924,P460,Q578690
Q411929,P31,Q4167410
Q778612,P279,Q1705284
Q778612,P1889,Q12769393
Q230446,P31,Q4167410
Q230446,P1889,Q20830196
Q230446,P1889,Q36887895
Q295491,P31,Q4167410
Q295491,P460,Q3720335
Q295491,P1889,Q1523785
Q295491,P1889,Q16870185
Q295491,P1889,Q20017794
Q21497504,P31,Q101352
Q21497504,P1889,Q5923580
Q21497504,P282,Q8229
Q21497504,P5323,Q81945591
Q1158495,P31,Q82799
Q1158495,P527,Q19810348
Q1158495,P527,Q16578428
Q1158495,P527,Q21506829
Q1158495,P1889,Q346178
Q1158495,P407,Q1412
Q1158495,P460,Q1196473
Q6967216,P31,Q101352
Q6967216,P282,Q8229
Q6967216,P460,Q2006455
Q6967216,P1552,Q89410507
Q21449008,P31,Q101352
Q21449008,P1889,Q143241
Q21449008,P407,Q1860
Q21449008,P282,Q8229
Q21449008,P460,Q37054828
Q21449008,P460,Q37459022
Q21449008,P1552,Q89410507
Q5995412,P31,Q4167410
Q5995412,P1889,Q12050368
Q4448690,P31,Q101352
Q4448690,P1889,Q1339666
Q4448690,P460,Q28444862
Q4448690,P460,Q45373051
Q4448690,P407,Q9027
Q4448690,P282,Q8229
Q36312,P1151,Q15614047
Q36312,P163,Q2668687
Q36312,P31,Q515
Q36312,P31,Q55440238
Q36312,P31,Q1549591
Q36312,P31,Q1637706
Q36312,P6,Q2588612
Q36312,P190,Q16556
Q36312,P190,Q20921
Q36312,P190,Q219574
Q36312,P190,Q11194
Q36312,P190,Q304848
Q36312,P190,Q66485
Q36312,P190,Q2145
Q36312,P190,Q1914736
Q36312,P17,Q16
Q36312,P421,Q2212
Q36312,P131,Q1951
Q36312,P131,Q2007
Q36312,P910,Q6987142
Q36312,P138,Q5019595
Q36312,P1464,Q9223819
Q36312,P1465,Q9217853
Q36312,P1792,Q6987295
Q36312,P1740,Q19889714
Q36312,P47,Q408537
Q36312,P194,Q4145705
Q36312,P361,Q578452
Q36312,P1313,Q4434908
Q36312,P1791,Q32381919
Q36312,P206,Q895385
Q36312,P1830,Q1140083
Q36312,P1830,Q5123611
Q36312,P1830,Q7679567
Q36312,P1830,Q16825253
Q36312,P1830,Q16850480
Q36312,P1343,Q3181656
Q36312,P7867,Q84026708
Q36312,P8744,Q100865535
Q16516561,P31,Q101352
Q16516561,P407,Q9056
Q16516561,P1889,Q1955320
Q16516561,P282,Q8229
Q16516561,P5323,Q81945591
Q580407,P31,Q4167410
Q580407,P1889,Q1026394
Q228144,P31,Q4167410
Q228144,P1889,Q15262570
Q228144,P1889,Q6695722
Q228144,P460,Q9025499
Q228144,P460,Q224094
Q228144,P460,Q237776
Q228144,P460,Q417711
Q228144,P460,Q775673
Q228144,P460,Q1573038
Q228144,P460,Q1872252
Q347296,P31,Q4167410
Q347296,P1889,Q22131953
Q347296,P1889,Q16279320
Q407555,P31,Q4167410
Q407555,P1889,Q37154849
Q350067,P31,Q4167410
Q350067,P1889,Q27897089
Q5265816,P31,Q4167410
Q27020041,P1889,Q1539532
Q27020041,P1889,Q623109
Q27020041,P279,Q20852192
Q27020041,P279,Q13406554
Q27020041,P279,Q23807345
Q27020041,P1963,P641
Q27020041,P1963,P3450
Q27020041,P1963,P2348
Q27020041,P1963,P393
Q27020041,P361,Q18608583
Q27020041,P1424,Q10489628
Q27020041,P1424,Q26115261
Q27020041,P1424,Q26115673
Q27020041,P1424,Q12981788
Q27020041,P1424,Q20322011
Q27020041,P1424,Q26118922
Q27020041,P1424,Q26119652
Q27020041,P1424,Q7878872
Q27020041,P1424,Q26120435
Q27020041,P1424,Q26120472
Q27020041,P1424,Q26120482
Q27020041,P1424,Q25890815
Q27020041,P1687,P3450
Q27020041,P1687,P2348
Q27020041,P1687,P4794
Q27020041,P1687,P6118
Q27020041,P2670,Q16510064
Q27020041,P2670,Q51031626
Q27020041,P910,Q7195369
Q27020041,P5869,Q52151351
Q27020041,P31,Q61685689
Q27020041,P460,Q10666337
Q1018199,P31,Q4167410
Q1018199,P1889,Q21507068
Q230575,P31,Q4167410
Q230575,P1889,Q4642
Q230575,P1889,Q24428260
Q230575,P1889,Q6757977
Q230575,P1889,Q57774868
Q230575,P460,Q17516274
Q230575,P460,Q234452
Q230575,P460,Q397013
Q230575,P460,Q122718
Q230575,P460,Q765293
Q230575,P460,Q6016699
Q230575,P460,Q3290377
Q230575,P460,Q21334681
Q743317,P31,Q12308941
Q743317,P460,Q4927100
Q743317,P460,Q650375
Q743317,P460,Q2345254
Q743317,P460,Q3497808
Q743317,P460,Q3501543
Q743317,P460,Q4562923
Q743317,P460,Q7606581
Q743317,P460,Q12803506
Q743317,P460,Q15727889
Q743317,P460,Q15727905
Q743317,P460,Q15727960
Q743317,P460,Q15727982
Q743317,P460,Q15728196
Q743317,P460,Q17496752
Q743317,P460,Q17496811
Q743317,P460,Q17501985
Q743317,P460,Q18180827
Q743317,P460,Q17496543
Q743317,P460,Q2343050
Q743317,P460,Q18336566
Q743317,P460,Q17496650
Q743317,P460,Q18338316
Q743317,P460,Q18650470
Q743317,P460,Q18607899
Q743317,P460,Q4927128
Q743317,P460,Q12803520
Q743317,P460,Q1370812
Q743317,P460,Q17496674
Q743317,P460,Q16281970
Q743317,P460,Q17496699
Q743317,P460,Q18132297
Q743317,P460,Q18219763
Q743317,P460,Q19998723
Q743317,P460,Q16281744
Q743317,P460,Q25917918
Q743317,P1750,Q2761
Q743317,P407,Q9027
Q743317,P282,Q8229
Q743317,P1533,Q37557228
Q66016,P527,Q103975
Q66016,P527,Q103968
Q66016,P527,Q104413
Q66016,P527,Q104012
Q66016,P527,Q103992
Q66016,P527,Q104425
Q66016,P527,Q104042
Q66016,P527,Q108019
Q66016,P527,Q104002
Q66016,P910,Q9029864
Q66016,P25,Q102884
Q66016,P279,Q22989102
Q66016,P31,Q28061975
Q66016,P1049,Q34726
Q66016,P1343,Q30059240
Q66016,P1343,Q602358
Q66016,P1343,Q602358
Q66016,P1343,Q19180675
Q66016,P1343,Q27680201
Q66016,P22,Q34201
Q66016,P1424,Q99194769
Q16560,P279,Q7743
Q16560,P279,Q41176
Q16560,P910,Q7151820
Q16560,P1343,Q2041543
Q16560,P1343,Q602358
Q16560,P1343,Q4086271
Q16560,P1343,Q1768721
Q16560,P2354,Q861564
Q16560,P527,Q2244647
Q14915018,P279,Q2548752
Q14915018,P1424,Q14444638
Q14915018,P361,Q77468620
Q1412160,P279,Q9415
Q1412160,P1889,Q752118
Q1412160,P1889,Q33056250
Q1412160,P1269,Q182263
Q1412160,P1269,Q9418
Q1412160,P361,Q77468620
Q1412160,P31,Q9415
Q416317,P31,Q4167410
Q416317,P1889,Q36903724
Q416317,P1889,Q100894576
Q416317,P1889,Q100894852
Q416317,P1889,Q86260169
Q416317,P460,Q100894632
Q416317,P460,Q100894652
Q4925437,P31,Q4167410
Q350133,P31,Q4167410
Q350133,P1889,Q16275030
Q350133,P1889,Q37494495
Q1196907,P31,Q4167410
Q1196907,P1889,Q37061264
Q418703,P31,Q4167410
Q451048,P21,Q6581097
Q451048,P54,Q1103168
Q451048,P54,Q290940
Q451048,P54,Q1045524
Q451048,P54,Q930725
Q451048,P54,Q1274296
Q451048,P54,Q1675351
Q451048,P54,Q331589
Q451048,P54,Q732929
Q451048,P54,Q1274296
Q451048,P54,Q936187
Q451048,P106,Q937857
Q451048,P31,Q5
Q451048,P27,Q155
Q451048,P19,Q8678
Q451048,P641,Q2736
Q451048,P413,Q193592
Q451048,P1532,Q155
Q13416643,P31,Q4167410
Q13416643,P1889,Q7041317
Q13416643,P1889,Q37536144
Q13416643,P460,Q1554553
Q13416643,P460,Q10861923
Q13416643,P460,Q7044908
Q13416643,P460,Q59464926
Q295555,P31,Q4167410
Q295555,P1889,Q1675463
Q295555,P1889,Q1158185
Q295555,P460,Q1524110
Q353995,P31,Q4167410
Q353995,P1889,Q1550030
Q1762022,P31,Q12308941
Q1762022,P31,Q1130279
Q1762022,P460,Q4925477
Q1762022,P460,Q475210
Q1762022,P460,Q632842
Q1762022,P460,Q830350
Q1762022,P460,Q1159009
Q1762022,P460,Q1158906
Q1762022,P460,Q1671988
Q1762022,P460,Q1715025
Q1762022,P460,Q2117521
Q1762022,P460,Q2449962
Q1762022,P460,Q1676756
Q1762022,P460,Q1627330
Q1762022,P460,Q1715043
Q1762022,P460,Q3481828
Q1762022,P460,Q3571821
Q1762022,P460,Q7521081
Q1762022,P460,Q7533488
Q1762022,P460,Q7331879
Q1762022,P460,Q10303410
Q1762022,P460,Q12173670
Q1762022,P460,Q10989273
Q1762022,P460,Q11122389
Q1762022,P460,Q13501137
Q1762022,P460,Q13564380
Q1762022,P460,Q15075907
Q1762022,P460,Q15733003
Q1762022,P460,Q16652258
Q1762022,P460,Q17493832
Q1762022,P460,Q16916120
Q1762022,P460,Q16916178
Q1762022,P460,Q17125945
Q1762022,P460,Q18057623
Q1762022,P460,Q18638754
Q1762022,P460,Q18336315
Q1762022,P460,Q19967521
Q1762022,P460,Q19801202
Q1762022,P460,Q19830574
Q1762022,P460,Q23821304
Q1762022,P460,Q5254911
Q1762022,P460,Q1522259
Q1762022,P460,Q18393856
Q1762022,P460,Q19819816
Q1762022,P460,Q18196476
Q1762022,P460,Q16276296
Q1762022,P460,Q931093
Q1762022,P460,Q21104340
Q1762022,P460,Q19688630
Q1762022,P460,Q16566853
Q1762022,P460,Q17343739
Q1762022,P460,Q26771806
Q1762022,P460,Q19800591
Q1762022,P460,Q20001865
Q1762022,P460,Q1691019
Q1762022,P460,Q27739500
Q1762022,P460,Q2262123
Q1762022,P460,Q19636846
Q1762022,P460,Q20001675
Q1762022,P460,Q19968456
Q1762022,P460,Q18171082
Q1762022,P460,Q686532
Q1762022,P460,Q20735430
Q1762022,P460,Q19914600
Q1762022,P460,Q28044436
Q1762022,P460,Q6275679
Q1762022,P1889,Q414438
Q1762022,P282,Q8229
Q1762022,P1533,Q37221781
Q1762022,P407,Q7411
Q1762022,P407,Q1860
Q1762022,P5323,Q21644845
Q1762022,P1343,Q151
Q448361,P31,Q101352
Q448361,P1889,Q66057964
Q448361,P282,Q8229
Q739746,P21,Q6581097
Q739746,P54,Q194116
Q739746,P54,Q203384
Q739746,P54,Q995337
Q739746,P54,Q59583
Q739746,P31,Q5
Q739746,P19,Q83232
Q739746,P27,Q34
Q739746,P106,Q11774891
Q739746,P106,Q43845
Q739746,P1344,Q9660
Q739746,P735,Q3491357
Q739746,P641,Q41466
Q739746,P413,Q2304909
Q739746,P1532,Q34
Q739746,P423,Q10927615
Q739746,P734,Q46876441
Q739746,P3373,Q4355302
Q739746,P40,Q26211841
Q739746,P118,Q1215892
Q739746,P166,Q1136687
Q2455789,P31,Q4167410
Q2455789,P1889,Q56244586
Q1098715,P31,Q4167410
Q1098715,P1889,Q18171082
Q23350,P31,Q49008
Q23350,P31,Q186875
Q23350,P31,Q21199
Q23350,P31,Q13366129
Q23350,P31,Q190899
Q23350,P31,Q14390354
Q23350,P31,Q967999
Q23350,P31,Q1990975
Q23350,P31,Q951293
Q23350,P31,Q1318413
Q23350,P31,Q12786684
Q23350,P31,Q10338607
Q23350,P910,Q19799139
Q23350,P5236,Q23350
Q23350,P2959,Q56639969
Q23350,P2959,Q60455131
Q23350,P2959,Q89813185
Q23350,P2959,Q89813562
Q23350,P461,Q10728830
Q23350,P1889,Q28469717
Q23350,P1889,Q17954706
Q23350,P1343,Q602358
Q21507445,P31,Q101352
Q21507445,P1889,Q1115544
Q21507445,P282,Q8229
Q91165,P279,Q81917
Q91165,P1343,Q2041543
Q91165,P361,Q57821
Q91165,P910,Q9671767
Q21497446,P31,Q101352
Q21497446,P1889,Q2112867
Q21497446,P282,Q8229
Q249655,P31,Q4167410
Q249655,P1889,Q7626248
Q249655,P1889,Q23041619
Q249655,P1889,Q2801971
Q846664,P910,Q7487071
Q846664,P31,Q55983715
Q846664,P279,Q48428
Q846664,P1343,Q1768721
Q51724,P279,Q14623646
Q51724,P279,Q7970798
Q51724,P910,Q8564955
Q51724,P1080,Q19786052
Q51724,P520,Q19873
Q51724,P520,Q1093766
Q51724,P31,Q24577840
Q51724,P31,Q17364638
Q51724,P138,Q629917
Q51724,P8345,Q462
Q678410,P358,Q3650721
Q678410,P31,Q215380
Q678410,P138,Q79762
Q678410,P910,Q8608330
Q678410,P136,Q49451
Q678410,P136,Q217467
Q678410,P136,Q1051843
Q678410,P740,Q213474
Q678410,P264,Q3629023
Q678410,P264,Q193023
Q678410,P264,Q603117
Q678410,P264,Q2265719
Q678410,P264,Q264137
Q678410,P264,Q1347984
Q678410,P264,Q513712
Q678410,P264,Q523563
Q678410,P264,Q1392321
Q678410,P527,Q935245
Q678410,P527,Q317441
Q678410,P527,Q463454
Q678410,P527,Q554312
Q678410,P527,Q529281
Q678410,P527,Q724463
Q678410,P1424,Q10624252
Q678410,P6365,Q8608334
Q678410,P495,Q145
Q678410,P737,Q2306
Q1804908,P31,Q22808320
Q1804908,P1889,Q16102227
Q1804908,P460,Q16871759
Q1804908,P1343,Q602358
Q2096,P190,Q42956
Q2096,P190,Q23197
Q2096,P190,Q42131
Q2096,P190,Q192508
Q2096,P190,Q141844
Q2096,P190,Q16559
Q2096,P1151,Q11243416
Q2096,P17,Q16
Q2096,P194,Q5339025
Q2096,P237,Q5138442
Q2096,P131,Q1951
Q2096,P131,Q2007
Q2096,P131,Q738395
Q2096,P131,Q5283390
Q2096,P910,Q6986389
Q2096,P31,Q21507383
Q2096,P31,Q515
Q2096,P31,Q55440238
Q2096,P31,Q1549591
Q2096,P138,Q1997321
Q2096,P1464,Q8079923
Q2096,P1465,Q9218295
Q2096,P1740,Q6986499
Q2096,P1792,Q6986600
Q2096,P1376,Q1951
Q2096,P1343,Q2657718
Q2096,P47,Q939127
Q2096,P47,Q3476253
Q2096,P47,Q253903
Q2096,P47,Q7628998
Q2096,P47,Q1007407
Q2096,P47,Q1768240
Q2096,P47,Q6512776
Q2096,P47,Q1743865
Q2096,P47,Q7138563
Q2096,P47,Q4673623
Q2096,P47,Q7619585
Q2096,P47,Q652085
Q2096,P47,Q2105198
Q2096,P610,Q26715053
Q2096,P610,Q19461304
Q2096,P421,Q5385
Q2096,P421,Q2212
Q2096,P421,Q3134980
Q2096,P361,Q1133254
Q2096,P1313,Q21094906
Q2096,P206,Q2237
Q2096,P206,Q6858292
Q2096,P206,Q4905945
Q2096,P206,Q4923183
Q2096,P206,Q19878837
Q2096,P206,Q7996176
Q2096,P206,Q18326186
Q2096,P206,Q22618073
Q2096,P163,Q2902319
Q2096,P1830,Q4884859
Q2096,P1830,Q5063185
Q2096,P1830,Q5118152
Q2096,P1830,Q5126912
Q2096,P1830,Q5127504
Q2096,P1830,Q5145762
Q2096,P1830,Q5161317
Q2096,P1830,Q5172111
Q2096,P1830,Q5339024
Q2096,P1830,Q5339036
Q2096,P1830,Q5339055
Q2096,P1830,Q5595436
Q2096,P1830,Q6721872
Q2096,P1830,Q6952276
Q2096,P1830,Q7566491
Q2096,P1830,Q7570795
Q2096,P1830,Q7596463
Q2096,P1830,Q7697921
Q2096,P1830,Q7894488
Q2096,P1830,Q14171015
Q2096,P1830,Q14171026
Q2096,P1830,Q14171036
Q2096,P1830,Q14171048
Q2096,P1830,Q14192070
Q2096,P1830,Q28971242
Q2096,P1830,Q28971243
Q2096,P1830,Q28971246
Q2096,P1830,Q28971247
Q2096,P1830,Q28971244
Q2096,P1830,Q28971245
Q2096,P1830,Q28971248
Q2096,P1830,Q28971249
Q2096,P1830,Q29561303
Q2096,P1830,Q29561393
Q2096,P1830,Q30644713
Q2096,P1830,Q130381
Q2096,P1830,Q1139489
Q2096,P1830,Q6858447
Q2096,P1830,Q6944087
Q2096,P1830,Q5471114
Q2096,P2184,Q16822754
Q2096,P2184,Q7805717
Q2096,P2564,Q589326
Q2096,P6,Q5292823
Q2096,P7867,Q84057900
Q2096,P8402,Q97312712
Q2096,P1589,Q2237
Q2096,P8744,Q100866727
Q2096,P1889,Q1997321
Q4690701,P31,Q41298
Q4690701,P495,Q21
Q4690701,P407,Q1860
Q4690701,P123,Q1814982
Q4690701,P921,Q36649
Q4690701,P6379,Q239303
Q4690701,P8875,Q371467
Q58557494,P31,Q4167410
Q43845,P910,Q6996817
Q43845,P279,Q702269
Q43845,P6186,Q6963619
Q43845,P31,Q28640
Q43845,P31,Q12737077
Q43845,P1889,Q1049924
Q43845,P460,Q11330574
Q43845,P1343,Q1768721
Q142,P2746,Q167296
Q142,P2746,Q167296
Q142,P2746,Q167296
Q142,P2746,Q167296
Q142,P2746,Q167296
Q142,P2746,Q134862
Q142,P2746,Q134862
Q142,P2746,Q134862
Q142,P2746,Q134862
Q142,P2746,Q134862
Q142,P1792,Q9070972
Q142,P2852,Q1061257
Q142,P2852,Q25648869
Q142,P2852,Q25648842
Q142,P2852,Q25648843
Q142,P2852,Q2945964
Q142,P2853,Q1378312
Q142,P2853,Q2335536
Q142,P1313,Q1587677
Q142,P1313,Q3409212
Q142,P832,Q209663
Q142,P832,Q622365
Q142,P832,Q51638
Q142,P832,Q2512993
Q142,P832,Q326724
Q142,P832,Q162691
Q142,P832,Q587
Q142,P832,Q6597183
Q142,P832,Q19809
Q142,P832,Q47499
Q142,P832,Q196627
Q142,P832,Q40317
Q142,P530,Q222
Q142,P530,Q228
Q142,P530,Q40
Q142,P530,Q399
Q142,P530,Q801
Q142,P530,Q403
Q142,P530,Q159
Q142,P530,Q183
Q142,P530,Q27
Q142,P530,Q145
Q142,P530,Q17
Q142,P530,Q32
Q142,P530,Q38
Q142,P530,Q155
Q142,P530,Q1011
Q142,P530,Q711
Q142,P530,Q408
Q142,P530,Q30
Q142,P530,Q884
Q142,P530,Q212
Q142,P530,Q851
Q142,P530,Q184
Q142,P530,Q159583
Q142,P530,Q790
Q142,P530,Q977
Q142,P530,Q33
Q142,P530,Q219
Q142,P530,Q1045
Q142,P530,Q218
Q142,P530,Q794
Q142,P530,Q796
Q142,P530,Q230
Q142,P530,Q878
Q142,P530,Q424
Q142,P530,Q1000
Q142,P530,Q1016
Q142,P530,Q1025
Q142,P530,Q1027
Q142,P530,Q1028
Q142,P530,Q1032
Q142,P530,Q1037
Q142,P530,Q1246
Q142,P530,Q16
Q142,P530,Q262
Q142,P530,Q31
Q142,P530,Q414
Q142,P530,Q739
Q142,P530,Q35
Q142,P530,Q916
Q142,P530,Q244
Q142,P530,Q657
Q142,P530,Q79
Q142,P530,Q971
Q142,P530,Q921
Q142,P530,Q967
Q142,P530,Q298
Q142,P530,Q170588
Q142,P530,Q20
Q142,P530,Q235
Q142,P530,Q252
Q142,P530,Q29
Q142,P530,Q334
Q142,P530,Q36
Q142,P530,Q39
Q142,P530,Q419
Q142,P530,Q43
Q142,P530,Q664
Q142,P530,Q686
Q142,P530,Q691
Q142,P530,Q717
Q142,P530,Q730
Q142,P530,Q754
Q142,P530,Q77
Q142,P530,Q822
Q142,P530,Q833
Q142,P530,Q836
Q142,P530,Q843
Q142,P530,Q858
Q142,P530,Q865
Q142,P530,Q869
Q142,P530,Q874
Q142,P530,Q881
Q142,P530,Q948
Q142,P530,Q96
Q142,P530,Q668
Q142,P530,Q41
Q142,P530,Q712
Q142,P530,Q902
Q142,P530,Q258
Q142,P530,Q227
Q142,P530,Q205047
Q142,P530,Q1011
Q142,P530,Q1009
Q142,P530,Q28
Q142,P2184,Q7778
Q142,P36,Q90
Q142,P36,Q183910
Q142,P36,Q93351
Q142,P36,Q3561
Q142,P36,Q84
Q142,P36,Q3844
Q142,P36,Q1479
Q142,P36,Q288
Q142,P36,Q621
Q142,P36,Q621
Q142,P1791,Q8328624
Q142,P463,Q458
Q142,P463,Q1065
Q142,P463,Q134102
Q142,P463,Q41550
Q142,P463,Q8908
Q142,P463,Q37143
Q142,P463,Q42262
Q142,P463,Q7825
Q142,P463,Q141720
Q142,P463,Q19771
Q142,P463,Q7184
Q142,P463,Q37470
Q142,P463,Q151991
Q142,P463,Q81299
Q142,P463,Q42944
Q142,P463,Q189062
Q142,P463,Q1331152
Q142,P463,Q191384
Q142,P463,Q827525
Q142,P463,Q656801
Q142,P463,Q1043527
Q142,P463,Q899770
Q142,P463,Q340195
Q142,P463,Q188822
Q142,P463,Q782942
Q142,P463,Q161549
Q142,P463,Q1377612
Q142,P463,Q663492
Q142,P463,Q38130
Q142,P463,Q1928989
Q142,P463,Q1072120
Q142,P463,Q277252
Q142,P463,Q8475
Q142,P463,Q1480793
Q142,P463,Q842490
Q142,P463,Q3866537
Q142,P463,Q521227
Q142,P463,Q233611
Q142,P463,Q826700
Q142,P463,Q7809
Q142,P463,Q5611262
Q142,P463,Q17495
Q142,P463,Q376150
Q142,P463,Q52847
Q142,P463,Q1969730
Q142,P463,Q45177
Q142,P463,Q162656
Q142,P463,Q170424
Q142,P463,Q7817
Q142,P5658,Q13196750
Q142,P5658,Q14565199
Q142,P421,Q6655
Q142,P421,Q5412120
Q142,P421,Q6723
Q142,P421,Q25989
Q142,P421,Q207020
Q142,P421,Q5762
Q142,P421,Q6513
Q142,P421,Q6513
Q142,P421,Q6779
Q142,P421,Q6760
Q142,P421,Q2163
Q142,P421,Q7069
Q142,P421,Q7105
Q142,P421,Q6536
Q142,P421,Q6513
Q142,P1465,Q8366463
Q142,P1906,Q191954
Q142,P47,Q29
Q142,P47,Q228
Q142,P47,Q31
Q142,P47,Q32
Q142,P47,Q183
Q142,P47,Q39
Q142,P47,Q38
Q142,P47,Q235
Q142,P47,Q155
Q142,P47,Q730
Q142,P47,Q29999
Q142,P47,Q26273
Q142,P47,Q145
Q142,P47,Q13116
Q142,P47,Q25227
Q142,P47,Q3456417
Q142,P47,Q717
Q142,P47,Q153943
Q142,P47,Q713750
Q142,P47,Q4018
Q142,P418,Q3114823
Q142,P138,Q43482
Q142,P163,Q43192
Q142,P6104,Q10816832
Q142,P1151,Q3247097
Q142,P912,Q1525
Q142,P1546,Q251583
Q142,P1546,Q3489443
Q142,P1546,Q251583
Q142,P5125,Q4261422
Q142,P38,Q4916
Q142,P38,Q214393
Q142,P38,Q184172
Q142,P38,Q2670039
Q142,P166,Q3381638
Q142,P166,Q47004555
Q142,P2633,Q200533
Q142,P2959,Q13202722
Q142,P2959,Q9731409
Q142,P2959,Q30277422
Q142,P2959,Q30301467
Q142,P2959,Q30301471
Q142,P2959,Q55442079
Q142,P122,Q49890
Q142,P122,Q179164
Q142,P122,Q188961
Q142,P209,Q1138599
Q142,P209,Q769657
Q142,P209,Q1137614
Q142,P209,Q1127218
Q142,P209,Q1513561
Q142,P194,Q632552
Q142,P194,Q193582
Q142,P194,Q215987
Q142,P194,Q2993145
Q142,P37,Q150
Q142,P30,Q46
Q142,P30,Q15
Q142,P30,Q828
Q142,P30,Q538
Q142,P30,Q51
Q142,P237,Q165432
Q142,P1552,Q3174312
Q142,P208,Q1450662
Q142,P910,Q8249
Q142,P6,Q10287
Q142,P6,Q7711
Q142,P6,Q560890
Q142,P6,Q3579995
Q142,P6,Q101410
Q142,P6,Q3171170
Q142,P1343,Q302556
Q142,P1343,Q19538713
Q142,P1343,Q602358
Q142,P1343,Q19180675
Q142,P1343,Q4173137
Q142,P1343,Q4532138
Q142,P1343,Q867541
Q142,P1343,Q3181656
Q142,P1740,Q6271005
Q142,P85,Q41180
Q142,P85,Q41180
Q142,P85,Q41180
Q142,P85,Q41180
Q142,P78,Q37271
Q142,P78,Q933693
Q142,P78,Q47819
Q142,P78,Q46775
Q142,P78,Q44932
Q142,P78,Q132639
Q142,P78,Q133434
Q142,P78,Q4545466
Q142,P31,Q3624078
Q142,P31,Q20181813
Q142,P31,Q51576574
Q142,P31,Q7270
Q142,P31,Q6256
Q142,P3403,Q5478259
Q142,P610,Q583
Q142,P610,Q30480
Q142,P1464,Q7463334
Q142,P1622,Q14565199
Q142,P35,Q3052772
Q142,P35,Q157
Q142,P35,Q329
Q142,P35,Q2105
Q142,P35,Q2038
Q142,P35,Q2124
Q142,P35,Q12950
Q142,P35,Q2185
Q142,P35,Q12950
Q142,P35,Q2042
Q142,P35,Q158768
Q142,P35,Q158772
Q142,P5008,Q5460604
Q142,P1589,Q3591700
Q142,P150,Q1142
Q142,P150,Q16961
Q142,P150,Q1152
Q142,P150,Q1179
Q142,P150,Q16954
Q142,P150,Q1173
Q142,P150,Q12130
Q142,P150,Q13947
Q142,P150,Q14103
Q142,P150,Q14112
Q142,P150,Q16394
Q142,P150,Q13917
Q142,P150,Q1190
Q142,P150,Q17005
Q142,P150,Q1137
Q142,P150,Q16393
Q142,P150,Q16987
Q142,P150,Q16994
Q142,P150,Q13950
Q142,P150,Q17009
Q142,P150,Q15104
Q142,P150,Q463
Q142,P150,Q17012
Q142,P150,Q3769
Q142,P150,Q17054
Q142,P150,Q17063
Q142,P150,Q17070
Q142,P150,Q30971
Q142,P150,Q129003
Q142,P150,Q33788
Q142,P150,Q25362
Q142,P150,Q126125
Q142,P150,Q34617
Q142,P150,Q35555
Q142,P150,Q18677983
Q142,P150,Q18678082
Q142,P150,Q18338206
Q142,P150,Q18578267
Q142,P150,Q18678265
Q142,P150,Q18677767
Q142,P150,Q18677875
Q142,P150,Q161258
Q142,P150,Q43309861
Q142,P150,Q43311297
Q142,P2936,Q3083196
Q142,P6379,Q1464509
Q142,P527,Q1050483
Q142,P1365,Q3559284
Q142,P1365,Q3446152
Q142,P206,Q34640
Q142,P206,Q97
Q142,P206,Q1693
Q142,P206,Q4918
Q142,P2579,Q3082422
Q142,P2596,Q1985804
Q142,P1344,Q766437
Q142,P7867,Q8607368
Q142,P457,Q832508
Q142,P190,Q499493
Q142,P361,Q27496
Q142,P361,Q1849394
Q142,P17,Q142
Q142,P8402,Q3016893
Q142,P8744,Q8057
Q183,P1792,Q3919754
Q183,P2852,Q1061257
Q183,P2852,Q25648823
Q183,P2853,Q1123613
Q183,P2853,Q1378312
Q183,P1313,Q4970706
Q183,P417,Q45581
Q183,P832,Q157582
Q183,P832,Q2544
Q183,P832,Q40317
Q183,P832,Q19809
Q183,P832,Q51638
Q183,P832,Q209663
Q183,P832,Q15113728
Q183,P832,Q196627
Q183,P530,Q30
Q183,P530,Q155
Q183,P530,Q801
Q183,P530,Q142
Q183,P530,Q145
Q183,P530,Q38
Q183,P530,Q39
Q183,P530,Q40
Q183,P530,Q32
Q183,P530,Q347
Q183,P530,Q31
Q183,P530,Q55
Q183,P530,Q36
Q183,P530,Q213
Q183,P530,Q35
Q183,P530,Q20
Q183,P530,Q34
Q183,P530,Q33
Q183,P530,Q159
Q183,P530,Q214
Q183,P530,Q215
Q183,P530,Q28
Q183,P530,Q224
Q183,P530,Q403
Q183,P530,Q41
Q183,P530,Q218
Q183,P530,Q219
Q183,P530,Q45
Q183,P530,Q29
Q183,P530,Q27
Q183,P530,Q222
Q183,P530,Q189
Q183,P530,Q212
Q183,P530,Q43
Q183,P530,Q230
Q183,P530,Q227
Q183,P530,Q810
Q183,P530,Q851
Q183,P530,Q878
Q183,P530,Q796
Q183,P530,Q794
Q183,P530,Q843
Q183,P530,Q668
Q183,P530,Q232
Q183,P530,Q265
Q183,P530,Q889
Q183,P530,Q148
Q183,P530,Q711
Q183,P530,Q884
Q183,P530,Q423
Q183,P530,Q17
Q183,P530,Q881
Q183,P530,Q252
Q183,P530,Q869
Q183,P530,Q902
Q183,P530,Q408
Q183,P530,Q664
Q183,P530,Q334
Q183,P530,Q833
Q183,P530,Q79
Q183,P530,Q1016
Q183,P530,Q262
Q183,P530,Q948
Q183,P530,Q1028
Q183,P530,Q912
Q183,P530,Q657
Q183,P530,Q1049
Q183,P530,Q958
Q183,P530,Q115
Q183,P530,Q986
Q183,P530,Q1045
Q183,P530,Q114
Q183,P530,Q974
Q183,P530,Q971
Q183,P530,Q929
Q183,P530,Q1009
Q183,P530,Q1032
Q183,P530,Q1033
Q183,P530,Q1008
Q183,P530,Q1006
Q183,P530,Q1007
Q183,P530,Q1041
Q183,P530,Q1005
Q183,P530,Q965
Q183,P530,Q962
Q183,P530,Q945
Q183,P530,Q117
Q183,P530,Q1000
Q183,P530,Q983
Q183,P530,Q1036
Q183,P530,Q924
Q183,P530,Q1037
Q183,P530,Q967
Q183,P530,Q953
Q183,P530,Q916
Q183,P530,Q1030
Q183,P530,Q963
Q183,P530,Q954
Q183,P530,Q1029
Q183,P530,Q1019
Q183,P530,Q258
Q183,P530,Q16
Q183,P530,Q96
Q183,P530,Q242
Q183,P530,Q774
Q183,P530,Q783
Q183,P530,Q241
Q183,P530,Q811
Q183,P530,Q800
Q183,P530,Q804
Q183,P530,Q786
Q183,P530,Q739
Q183,P530,Q717
Q183,P530,Q734
Q183,P530,Q730
Q183,P530,Q736
Q183,P530,Q419
Q183,P530,Q750
Q183,P530,Q733
Q183,P530,Q77
Q183,P530,Q414
Q183,P530,Q298
Q183,P530,Q16957
Q183,P530,Q228
Q183,P530,Q159583
Q183,P530,Q217
Q183,P530,Q225
Q183,P530,Q235
Q183,P530,Q229
Q183,P530,Q233
Q183,P530,Q184
Q183,P530,Q238
Q183,P530,Q917
Q183,P530,Q1011
Q183,P530,Q1013
Q183,P530,Q837
Q183,P530,Q865
Q183,P530,Q928
Q183,P530,Q236
Q183,P530,Q1246
Q183,P530,Q399
Q183,P530,Q244
Q183,P530,Q191
Q183,P530,Q921
Q183,P530,Q424
Q183,P530,Q398
Q183,P530,Q778
Q183,P530,Q977
Q183,P530,Q792
Q183,P530,Q712
Q183,P530,Q790
Q183,P530,Q36704
Q183,P530,Q766
Q183,P530,Q846
Q183,P530,Q813
Q183,P530,Q817
Q183,P530,Q211
Q183,P530,Q37
Q183,P530,Q1014
Q183,P530,Q819
Q183,P530,Q836
Q183,P530,Q702
Q183,P530,Q221
Q183,P530,Q1025
Q183,P530,Q1027
Q183,P530,Q709
Q183,P530,Q1020
Q183,P530,Q826
Q183,P530,Q697
Q183,P530,Q574
Q183,P530,Q842
Q183,P530,Q695
Q183,P530,Q691
Q183,P530,Q1050
Q183,P530,Q858
Q183,P530,Q854
Q183,P530,Q1044
Q183,P530,Q683
Q183,P530,Q685
Q183,P530,Q15180
Q183,P530,Q33946
Q183,P530,Q863
Q183,P530,Q678
Q183,P530,Q754
Q183,P530,Q874
Q183,P530,Q686
Q183,P530,Q1039
Q183,P530,Q822
Q183,P530,Q805
Q183,P530,Q29999
Q183,P530,Q16957
Q183,P2184,Q122131
Q183,P206,Q545
Q183,P206,Q1693
Q183,P36,Q586
Q183,P36,Q64
Q183,P1791,Q9385337
Q183,P463,Q7825
Q183,P463,Q458
Q183,P463,Q7184
Q183,P463,Q41550
Q183,P463,Q8908
Q183,P463,Q37143
Q183,P463,Q42262
Q183,P463,Q7825
Q183,P463,Q141720
Q183,P463,Q566397
Q183,P463,Q789769
Q183,P463,Q2595976
Q183,P463,Q1065
Q183,P463,Q1667341
Q183,P463,Q699466
Q183,P463,Q208645
Q183,P463,Q194284
Q183,P463,Q8919
Q183,P463,Q186444
Q183,P463,Q1067802
Q183,P463,Q182814
Q183,P463,Q183191
Q183,P463,Q376150
Q183,P463,Q7809
Q183,P463,Q7817
Q183,P463,Q7164
Q183,P463,Q17495
Q183,P463,Q217398
Q183,P463,Q177773
Q183,P463,Q54129
Q183,P463,Q82151
Q183,P463,Q125761
Q183,P463,Q201054
Q183,P463,Q7804
Q183,P463,Q386120
Q183,P463,Q689859
Q183,P463,Q170424
Q183,P463,Q61923
Q183,P463,Q41984
Q183,P463,Q356694
Q183,P463,Q842490
Q183,P463,Q1069706
Q183,P463,Q331520
Q183,P463,Q19771
Q183,P463,Q189946
Q183,P463,Q151991
Q183,P463,Q81299
Q183,P463,Q191384
Q183,P463,Q827525
Q183,P463,Q656801
Q183,P463,Q1043527
Q183,P463,Q899770
Q183,P463,Q340195
Q183,P463,Q384535
Q183,P463,Q188822
Q183,P463,Q782942
Q183,P463,Q3772571
Q183,P463,Q161549
Q183,P463,Q1377612
Q183,P463,Q663492
Q183,P463,Q1928989
Q183,P463,Q1072120
Q183,P463,Q8475
Q183,P463,Q1480793
Q183,P463,Q3866537
Q183,P463,Q521227
Q183,P463,Q233611
Q183,P463,Q826700
Q183,P463,Q5611262
Q183,P463,Q1969730
Q183,P463,Q8268
Q183,P463,Q1654951
Q183,P463,Q45177
Q183,P463,Q1065
Q183,P5658,Q14565199
Q183,P421,Q56640598
Q183,P421,Q6655
Q183,P421,Q6723
Q183,P421,Q5412096
Q183,P1465,Q6430198
Q183,P1906,Q25223
Q183,P47,Q35
Q183,P47,Q36
Q183,P47,Q39
Q183,P47,Q142
Q183,P47,Q32
Q183,P47,Q31
Q183,P47,Q55
Q183,P47,Q40
Q183,P47,Q213
Q183,P47,Q33946
Q183,P47,Q16957
Q183,P47,Q310293
Q183,P47,Q29999
Q183,P47,Q756617
Q183,P138,Q62646
Q183,P138,Q132990
Q183,P138,Q101985
Q183,P138,Q38872
Q183,P138,Q291495
Q183,P138,Q473741
Q183,P138,Q671776
Q183,P163,Q48160
Q183,P6104,Q6871603
Q183,P1151,Q3802786
Q183,P5125,Q7112271
Q183,P38,Q4916
Q183,P38,Q16068
Q183,P172,Q42884
Q183,P172,Q84072
Q183,P2633,Q154124
Q183,P2959,Q23653930
Q183,P2959,Q20825355
Q183,P2959,Q27868447
Q183,P2959,Q25681485
Q183,P2959,Q30277432
Q183,P2959,Q53673262
Q183,P122,Q5440547
Q183,P793,Q56045
Q183,P793,Q512451
Q183,P793,Q1201
Q183,P793,Q2307326
Q183,P793,Q274811
Q183,P793,Q5086
Q183,P793,Q672112
Q183,P793,Q2595976
Q183,P793,Q159644
Q183,P793,Q8438
Q183,P793,Q56039
Q183,P793,Q242352
Q183,P793,Q182865
Q183,P194,Q146138
Q183,P194,Q154797
Q183,P37,Q188
Q183,P1365,Q713750
Q183,P1365,Q16957
Q183,P1365,Q1206012
Q183,P1365,Q1206012
Q183,P1365,Q569998
Q183,P30,Q46
Q183,P237,Q133018
Q183,P5008,Q5460604
Q183,P5008,Q54439832
Q183,P1552,Q3174312
Q183,P485,Q685753
Q183,P485,Q639860
Q183,P1889,Q1350565
Q183,P910,Q1410828
Q183,P6,Q567
Q183,P6,Q2530
Q183,P6,Q2518
Q183,P6,Q2516
Q183,P6,Q2571
Q183,P6,Q2514
Q183,P6,Q2512
Q183,P6,Q2496
Q183,P6,Q2492
Q183,P706,Q27509
Q183,P1740,Q7237249
Q183,P208,Q1005903
Q183,P208,Q313827
Q183,P85,Q44042
Q183,P209,Q56025
Q183,P78,Q37251
Q183,P31,Q3624078
Q183,P31,Q43702
Q183,P31,Q7270
Q183,P31,Q619610
Q183,P31,Q4209223
Q183,P31,Q63791824
Q183,P31,Q6256
Q183,P3403,Q1350565
Q183,P610,Q3375
Q183,P1464,Q7463306
Q183,P1622,Q14565199
Q183,P35,Q2538
Q183,P35,Q2540
Q183,P35,Q2542
Q183,P35,Q2551
Q183,P35,Q2563
Q183,P35,Q2567
Q183,P35,Q2569
Q183,P35,Q2571
Q183,P35,Q2573
Q183,P35,Q2582
Q183,P35,Q2594
Q183,P35,Q76658
Q183,P1589,Q514001
Q183,P150,Q985
Q183,P150,Q980
Q183,P150,Q64
Q183,P150,Q1209
Q183,P150,Q1055
Q183,P150,Q1196
Q183,P150,Q1197
Q183,P150,Q1198
Q183,P150,Q1200
Q183,P150,Q1201
Q183,P150,Q1202
Q183,P150,Q1206
Q183,P150,Q1194
Q183,P150,Q1205
Q183,P150,Q1208
Q183,P150,Q1199
Q183,P1343,Q2041543
Q183,P1343,Q4114391
Q183,P1343,Q602358
Q183,P1343,Q4173137
Q183,P1343,Q19180675
Q183,P1343,Q1419983
Q183,P17,Q183
Q183,P2936,Q327274
Q183,P2936,Q387066
Q183,P2936,Q32145
Q183,P2936,Q27154
Q183,P2936,Q1365342
Q183,P2936,Q131339
Q183,P2936,Q149208
Q183,P2936,Q699284
Q183,P2936,Q497345
Q183,P2936,Q505655
Q183,P2936,Q9051
Q183,P2936,Q9035
Q183,P2936,Q13286
Q183,P2936,Q13248
Q183,P2936,Q23014
Q183,P2936,Q188
Q183,P2936,Q28224
Q183,P2936,Q25433
Q183,P2936,Q33282
Q183,P2936,Q6593714
Q183,P1344,Q838116
Q183,P2596,Q1979615
Q183,P4614,Q12046593
Q183,P4614,Q9210293
Q183,P4614,Q1434368
Q183,P4614,Q12046596
Q183,P4614,Q29017011
Q183,P7867,Q8607377
Q183,P361,Q27496
Q183,P361,Q27509
Q183,P8402,Q59273239
Q183,P8402,Q61171716
Q183,P8744,Q8046
Q38,P1151,Q10631821
Q38,P5125,Q7112307
Q38,P38,Q4916
Q38,P38,Q204992
Q38,P1792,Q3919890
Q38,P2852,Q1061257
Q38,P2852,Q25648804
Q38,P2852,Q25648805
Q38,P2852,Q11185210
Q38,P2853,Q1378312
Q38,P2853,Q1123613
Q38,P2853,Q1520890
Q38,P2633,Q216989
Q38,P1313,Q796897
Q38,P417,Q676555
Q38,P417,Q229190
Q38,P17,Q38
Q38,P2959,Q20820609
Q38,P2959,Q30277415
Q38,P122,Q4198907
Q38,P832,Q196627
Q38,P832,Q132001
Q38,P832,Q209663
Q38,P832,Q2851732
Q38,P832,Q47499
Q38,P832,Q802461
Q38,P832,Q1262719
Q38,P832,Q587
Q38,P832,Q19809
Q38,P832,Q1366863
Q38,P832,Q3538509
Q38,P832,Q21196
Q38,P1552,Q3174312
Q38,P30,Q46
Q38,P30,Q15
Q38,P530,Q222
Q38,P530,Q228
Q38,P530,Q184
Q38,P530,Q31
Q38,P530,Q225
Q38,P530,Q219
Q38,P530,Q224
Q38,P530,Q229
Q38,P530,Q213
Q38,P530,Q35
Q38,P530,Q191
Q38,P530,Q33
Q38,P530,Q142
Q38,P530,Q183
Q38,P530,Q41
Q38,P530,Q159583
Q38,P530,Q28
Q38,P530,Q189
Q38,P530,Q27
Q38,P530,Q1246
Q38,P530,Q211
Q38,P530,Q347
Q38,P530,Q37
Q38,P530,Q32
Q38,P530,Q233
Q38,P530,Q217
Q38,P530,Q235
Q38,P530,Q236
Q38,P530,Q55
Q38,P530,Q20
Q38,P530,Q36
Q38,P530,Q221
Q38,P530,Q45
Q38,P530,Q218
Q38,P530,Q159
Q38,P530,Q238
Q38,P530,Q403
Q38,P530,Q214
Q38,P530,Q215
Q38,P530,Q29
Q38,P530,Q34
Q38,P530,Q39
Q38,P530,Q212
Q38,P530,Q145
Q38,P530,Q414
Q38,P530,Q16
Q38,P530,Q298
Q38,P530,Q96
Q38,P530,Q733
Q38,P530,Q419
Q38,P530,Q30
Q38,P530,Q77
Q38,P530,Q79
Q38,P530,Q794
Q38,P530,Q796
Q38,P530,Q801
Q38,P530,Q114
Q38,P530,Q822
Q38,P530,Q1016
Q38,P530,Q1045
Q38,P530,Q258
Q38,P530,Q948
Q38,P530,Q43
Q38,P530,Q889
Q38,P530,Q399
Q38,P530,Q408
Q38,P530,Q227
Q38,P530,Q230
Q38,P530,Q668
Q38,P530,Q252
Q38,P530,Q17
Q38,P530,Q664
Q38,P530,Q843
Q38,P530,Q148
Q38,P530,Q884
Q38,P530,Q869
Q38,P530,Q881
Q38,P530,Q40
Q38,P530,Q928
Q38,P530,Q423
Q38,P530,Q739
Q38,P530,Q155
Q38,P530,Q805
Q38,P530,Q36704
Q38,P530,Q115
Q38,P530,Q865
Q38,P530,Q902
Q38,P1906,Q332711
Q38,P194,Q1117578
Q38,P2184,Q7791
Q38,P1365,Q172579
Q38,P1365,Q9092331
Q38,P206,Q13924
Q38,P206,Q38882
Q38,P206,Q37495
Q38,P206,Q42820
Q38,P206,Q4918
Q38,P36,Q220
Q38,P36,Q2044
Q38,P36,Q495
Q38,P237,Q199432
Q38,P5008,Q5460604
Q38,P5008,Q54439832
Q38,P208,Q3773971
Q38,P910,Q1410903
Q38,P35,Q1224
Q38,P35,Q1228
Q38,P35,Q1230
Q38,P35,Q1233
Q38,P35,Q1235
Q38,P35,Q1238
Q38,P35,Q1240
Q38,P35,Q1241
Q38,P35,Q1242
Q38,P35,Q1245
Q38,P35,Q153832
Q38,P35,Q1220
Q38,P35,Q3956186
Q38,P155,Q172579
Q38,P1791,Q8328654
Q38,P6,Q1071031
Q38,P6,Q47563
Q38,P6,Q674957
Q38,P6,Q47904
Q38,P6,Q11860
Q38,P6,Q38484
Q38,P6,Q11860
Q38,P6,Q11860
Q38,P6,Q202209
Q38,P6,Q47602
Q38,P6,Q47602
Q38,P6,Q38484
Q38,P6,Q208100
Q38,P6,Q11860
Q38,P6,Q1224
Q38,P6,Q202209
Q38,P6,Q50005
Q38,P6,Q50005
Q38,P6,Q316226
Q38,P6,Q336259
Q38,P6,Q273228
Q38,P6,Q192818
Q38,P6,Q192818
Q38,P6,Q273228
Q38,P6,Q332709
Q38,P6,Q332709
Q38,P6,Q434786
Q38,P6,Q1230
Q38,P6,Q1230
Q38,P6,Q50005
Q38,P6,Q50005
Q38,P6,Q50005
Q38,P6,Q171834
Q38,P6,Q171834
Q38,P6,Q316288
Q38,P6,Q316288
Q38,P6,Q50005
Q38,P6,Q50005
Q38,P6,Q312058
Q38,P6,Q316288
Q38,P6,Q316288
Q38,P6,Q316288
Q38,P6,Q1235
Q38,P6,Q171834
Q38,P6,Q171834
Q38,P6,Q171834
Q38,P6,Q1235
Q38,P6,Q273228
Q38,P6,Q273228
Q38,P6,Q314004
Q38,P6,Q1240
Q38,P6,Q273228
Q38,P6,Q366104
Q38,P6,Q1240
Q38,P6,Q367342
Q38,P6,Q273228
Q38,P6,Q320963
Q38,P6,Q153832
Q38,P6,Q153832
Q38,P6,Q153832
Q38,P6,Q153832
Q38,P6,Q153832
Q38,P6,Q153832
Q38,P6,Q153832
Q38,P6,Q53844829
Q38,P463,Q1065
Q38,P463,Q8908
Q38,P463,Q7184
Q38,P463,Q37143
Q38,P463,Q19771
Q38,P463,Q8475
Q38,P463,Q340195
Q38,P463,Q188822
Q38,P463,Q42262
Q38,P463,Q782942
Q38,P463,Q309195
Q38,P463,Q1374456
Q38,P463,Q488981
Q38,P463,Q42944
Q38,P463,Q82151
Q38,P463,Q1411881
Q38,P463,Q1153087
Q38,P463,Q41984
Q38,P463,Q848633
Q38,P463,Q125761
Q38,P463,Q47488
Q38,P463,Q827525
Q38,P463,Q826700
Q38,P463,Q656801
Q38,P463,Q689859
Q38,P463,Q233611
Q38,P463,Q54129
Q38,P463,Q201054
Q38,P463,Q1666759
Q38,P463,Q7804
Q38,P463,Q472311
Q38,P463,Q376150
Q38,P463,Q176815
Q38,P463,Q1043527
Q38,P463,Q1480793
Q38,P463,Q81299
Q38,P463,Q842490
Q38,P463,Q1045198
Q38,P463,Q182000
Q38,P463,Q7809
Q38,P463,Q132551
Q38,P463,Q386120
Q38,P463,Q699036
Q38,P463,Q17495
Q38,P463,Q189946
Q38,P463,Q161549
Q38,P463,Q7817
Q38,P463,Q177773
Q38,P463,Q170424
Q38,P463,Q61923
Q38,P463,Q7825
Q38,P463,Q192177
Q38,P463,Q41550
Q38,P463,Q458
Q38,P463,Q605326
Q38,P463,Q151991
Q38,P463,Q191384
Q38,P463,Q899770
Q38,P463,Q3772571
Q38,P463,Q663492
Q38,P463,Q7178
Q38,P463,Q18816843
Q38,P463,Q1377612
Q38,P463,Q1928989
Q38,P463,Q1072120
Q38,P463,Q141720
Q38,P463,Q3866537
Q38,P463,Q521227
Q38,P463,Q7809
Q38,P463,Q5611262
Q38,P463,Q52847
Q38,P463,Q1969730
Q38,P463,Q45177
Q38,P463,Q123209
Q38,P5658,Q13196750
Q38,P706,Q27449
Q38,P706,Q72499
Q38,P1740,Q7140608
Q38,P421,Q6655
Q38,P421,Q6723
Q38,P421,Q5412122
Q38,P1465,Q6334620
Q38,P85,Q187
Q38,P209,Q1135541
Q38,P361,Q46
Q38,P78,Q39155
Q38,P47,Q238
Q38,P47,Q237
Q38,P47,Q142
Q38,P47,Q39
Q38,P47,Q36704
Q38,P47,Q40
Q38,P47,Q215
Q38,P47,Q233
Q38,P47,Q13924
Q38,P31,Q3624078
Q38,P31,Q619610
Q38,P31,Q179164
Q38,P31,Q7270
Q38,P31,Q51576574
Q38,P31,Q6256
Q38,P610,Q583
Q38,P1464,Q9229082
Q38,P1622,Q14565199
Q38,P1589,Q3687778
Q38,P37,Q652
Q38,P150,Q1284
Q38,P150,Q1452
Q38,P150,Q1458
Q38,P150,Q1438
Q38,P150,Q1263
Q38,P150,Q1250
Q38,P150,Q1282
Q38,P150,Q1256
Q38,P150,Q1210
Q38,P150,Q1279
Q38,P150,Q1443
Q38,P150,Q1216
Q38,P150,Q1447
Q38,P150,Q1462
Q38,P150,Q1460
Q38,P150,Q1273
Q38,P150,Q1237
Q38,P150,Q1280
Q38,P150,Q1222
Q38,P150,Q1243
Q38,P163,Q42876
Q38,P1343,Q2657718
Q38,P1343,Q4086271
Q38,P1343,Q602358
Q38,P1343,Q4114391
Q38,P1343,Q4173137
Q38,P1343,Q19180675
Q38,P1343,Q867541
Q38,P92,Q719967
Q38,P6104,Q6876022
Q38,P2936,Q652
Q38,P2936,Q1057898
Q38,P2936,Q1075302
Q38,P2936,Q36254
Q38,P2936,Q1641543
Q38,P2936,Q612220
Q38,P2936,Q680517
Q38,P2936,Q268130
Q38,P2936,Q845441
Q38,P2936,Q777974
Q38,P2936,Q375619
Q38,P2936,Q1145414
Q38,P2936,Q35348
Q38,P2936,Q35754
Q38,P2936,Q36106
Q38,P2936,Q9063
Q38,P2936,Q36202
Q38,P2936,Q37053
Q38,P2936,Q14185
Q38,P2936,Q15087
Q38,P2936,Q15085
Q38,P2936,Q188
Q38,P2936,Q150
Q38,P2936,Q32724
Q38,P2936,Q33111
Q38,P2936,Q33441
Q38,P2936,Q33976
Q38,P2936,Q33845
Q38,P2936,Q33973
Q38,P2936,Q33754
Q38,P2596,Q1992919
Q38,P7867,Q8607398
Q38,P8402,Q97013442
Q38,P8744,Q720060
Q7270,P279,Q7174
Q7270,P279,Q5589178
Q7270,P1343,Q2041543
Q7270,P31,Q183039
Q7270,P5008,Q5460604
Q7270,P461,Q22676587
Q949869,P21,Q6581097
Q949869,P54,Q201857
Q949869,P54,Q192083
Q949869,P54,Q207735
Q949869,P54,Q36930
Q949869,P31,Q5
Q949869,P19,Q1930
Q949869,P27,Q16
Q949869,P106,Q11774891
Q949869,P1344,Q9664
Q949869,P166,Q211872
Q949869,P166,Q785207
Q949869,P166,Q785207
Q949869,P735,Q19819742
Q949869,P641,Q41466
Q949869,P413,Q2583758
Q949869,P647,Q207735
Q949869,P1532,Q16
Q949869,P423,Q10927615
Q949869,P69,Q4815630
Q949869,P69,Q270222
Q949869,P118,Q1215892
Q949869,P734,Q63453795
Q253109,P31,Q4167410
Q253109,P1889,Q19376950
Q253109,P1889,Q1333594
Q253109,P1889,Q19819757
Q253109,P1889,Q40103790
Q253109,P460,Q15823121
Q20164,P31,Q12308941
Q20164,P460,Q18061657
Q20164,P460,Q12902079
Q20164,P460,Q18946707
Q20164,P460,Q13415966
Q20164,P460,Q18946741
Q20164,P460,Q18131014
Q20164,P460,Q2273214
Q20164,P460,Q18950520
Q20164,P460,Q7659466
Q20164,P460,Q967816
Q20164,P460,Q20188306
Q20164,P460,Q25768251
Q20164,P460,Q18946921
Q20164,P460,Q48778901
Q20164,P1889,Q16297013
Q20164,P282,Q8229
Q20164,P1343,Q1138524
Q20164,P407,Q397
Q193337,P105,Q7432
Q193337,P141,Q11394
Q193337,P171,Q508474
Q193337,P31,Q16521
Q193337,P183,Q664
Q193337,P910,Q55274540
Q806880,P31,Q2560056
Q806880,P361,Q587743
Q806880,P279,Q340169
Q806880,P910,Q28982188
Q403963,P31,Q4167410
Q403963,P1889,Q37473947
Q1071,P1151,Q3271988
Q1071,P279,Q34749
Q1071,P279,Q8008
Q1071,P910,Q1457673
Q1071,P31,Q11862829
Q1071,P31,Q4671286
Q1071,P1343,Q1194350
Q1071,P1343,Q602358
Q1071,P1687,P2633
Q1071,P2578,Q2221906
Q1071,P1424,Q8083477
Q1071,P5008,Q5460604
Q1071,P3095,Q901402
Q1071,P2184,Q911070
Q1071,P2579,Q911070
Q1071,P1889,Q1194350
Q19801215,P31,Q4167410
Q19801215,P460,Q74864066
Q19801215,P1889,Q83375353
Q254250,P31,Q4167410
Q9371,P279,Q24060765
Q9371,P279,Q3529455
Q9371,P279,Q66545290
Q9371,P910,Q9022146
Q9371,P1343,Q19558994
Q9371,P2286,Q707326
Q9371,P2289,Q3091615
Q9371,P927,Q682466
Q9371,P31,Q4936952
Q9371,P361,Q1059
Q9371,P4843,Q14863422
Q154242,P910,Q7216539
Q154242,P31,Q151885
Q154242,P461,Q2165236
Q154242,P461,Q35120
Q154242,P279,Q19829125
Q154242,P1889,Q40984492
Q154242,P1557,Q226183
Q154242,P361,Q77468620
Q154242,P1343,Q2041543
Q4931411,P31,Q4167410
Q16865472,P31,Q101352
Q16865472,P282,Q8229
Q13380598,P31,Q4167410
Q13380598,P1889,Q37299381
Q6553583,P31,Q4167410
Q6553583,P1889,Q37267953
Q1678810,P31,Q4167410
Q1678810,P1889,Q16277266
Q1678810,P1889,Q37460572
Q294710,P31,Q4167410
Q294710,P1889,Q11892012
Q294710,P1889,Q27157511
Q594002,P31,Q4167410
Q594002,P1889,Q21504571
Q222977,P31,Q4167410
Q222977,P1889,Q37117616
Q408442,P31,Q4167410
Q408442,P1889,Q14626626
Q408442,P1889,Q12036851
Q408442,P1889,Q1196473
Q408442,P1889,Q1930213
Q408442,P1889,Q3308632
Q408442,P460,Q2739929
Q408442,P460,Q12270186
Q408442,P460,Q15621289
Q408442,P460,Q346178
Q408442,P460,Q5390831
Q408442,P460,Q28089457
Q408442,P460,Q5999184
Q408442,P460,Q1932578
Q408442,P460,Q1931031
Q408442,P460,Q1930374
Q408442,P460,Q1939479
Q408442,P460,Q15621101
Q117389,P31,Q4167410
Q27106112,P31,Q101352
Q27106112,P1889,Q965751
Q27106112,P1889,Q794732
Q27106112,P282,Q8229
Q27106112,P460,Q20719307
Q27106112,P460,Q1158446
Q27106112,P407,Q20923490
Q2642029,P277,Q5288
Q2642029,P31,Q341
Q2642029,P31,Q28937412
Q2642029,P31,Q9143
Q2642029,P31,Q4826135
Q2642029,P275,Q19652
Q2642029,P306,Q14658
Q2642029,P306,Q1406
Q2642029,P178,Q3035822
Q615752,P31,Q4167410
Q21484605,P31,Q101352
Q21484605,P1889,Q1184754
Q21484605,P282,Q8229
Q422170,P31,Q4167410
Q45190,P279,Q206615
Q45190,P279,Q863583
Q45190,P910,Q8351658
Q45190,P31,Q131790
Q45190,P31,Q2908004
Q45190,P1343,Q2657718
Q45190,P1552,Q216678
Q45190,P186,Q23757
Q45190,P186,Q42302
Q45190,P1889,Q22657
Q221641,P910,Q8723509
Q221641,P495,Q15180
Q221641,P279,Q392399
Q221641,P1343,Q48060532
Q132851,P910,Q8843706
Q132851,P1343,Q2041543
Q132851,P1343,Q3181656
Q132851,P31,Q4226220
Q132851,P6186,Q59690478
Q132851,P1269,Q89648406
Q132851,P279,Q337902
Q132851,P3730,Q842486
Q132851,P3729,Q23023949
Q867988,P31,Q4167410
Q867988,P1889,Q37519299
Q21492720,P31,Q101352
Q21492720,P1889,Q810486
Q21492720,P282,Q8229
Q816871,P910,Q5831993
Q816871,P3095,Q15977971
Q816871,P3095,Q56604560
Q816871,P279,Q739302
Q816871,P279,Q6958747
Q816871,P279,Q2207288
Q816871,P1343,Q602358
Q816871,P1343,Q19180675
Q816871,P1343,Q1768721
Q816871,P31,Q268592
Q816871,P1889,Q1609891
Q292862,P31,Q4167410
Q292862,P1889,Q1628776
Q292862,P1889,Q36955372
Q1139327,P279,Q52948
Q1139327,P910,Q8663917
Q1139327,P3095,Q64025582
Q454,P279,Q3505845
Q454,P279,Q19829125
Q454,P461,Q198
Q454,P910,Q7158150
Q454,P5008,Q5460604
Q454,P2959,Q94701131
Q454,P1151,Q96077045
Q702269,P279,Q5
Q702269,P461,Q455595
Q702269,P1552,Q12047083
Q702269,P1889,Q956664
Q702269,P1889,Q18993376
Q702269,P1889,Q64512396
Q702269,P31,Q12737077
Q702269,P425,Q28640
Q702269,P425,Q12047083
Q702269,P1382,Q2588761
Q702269,P1382,Q1391344
Q702269,P460,Q1391344
Q340285,P460,Q18086783
Q340285,P460,Q67193700
Q340285,P460,Q67193835
Q340285,P460,Q67194789
Q340285,P460,Q19731049
Q340285,P31,Q12308941
Q340285,P138,Q41746
Q340285,P1889,Q1184684
Q340285,P2354,Q16162181
Q340285,P1533,Q27104240
Q340285,P282,Q8229
Q340285,P1343,Q151
Q7604,P106,Q170790
Q7604,P106,Q169470
Q7604,P106,Q1622272
Q7604,P106,Q36180
Q7604,P106,Q16031530
Q7604,P106,Q11063
Q7604,P19,Q78
Q7604,P20,Q656
Q7604,P69,Q372608
Q7604,P40,Q556346
Q7604,P40,Q4530045
Q7604,P40,Q63877366
Q7604,P101,Q7754
Q7604,P101,Q12479
Q7604,P101,Q474200
Q7604,P101,Q216861
Q7604,P101,Q333
Q7604,P101,Q41217
Q7604,P101,Q28575007
Q7604,P101,Q184631
Q7604,P101,Q14620
Q7604,P101,Q395
Q7604,P101,Q193544
Q7604,P27,Q435583
Q7604,P27,Q34266
Q7604,P27,Q27306
Q7604,P31,Q5
Q7604,P910,Q7487007
Q7604,P734,Q15844600
Q7604,P1050,Q10874
Q7604,P509,Q1368943
Q7604,P463,Q329464
Q7604,P463,Q191583
Q7604,P463,Q4345832
Q7604,P463,Q188771
Q7604,P463,Q463303
Q7604,P463,Q123885
Q7604,P463,Q2822396
Q7604,P140,Q23540
Q7604,P551,Q78
Q7604,P551,Q656
Q7604,P551,Q656
Q7604,P1412,Q397
Q7604,P1412,Q188
Q7604,P1412,Q150
Q7604,P1412,Q7737
Q7604,P735,Q18226374
Q7604,P1343,Q19180675
Q7604,P1343,Q1960551
Q7604,P1343,Q602358
Q7604,P1343,Q17378135
Q7604,P1343,Q27680201
Q7604,P1343,Q867541
Q7604,P1343,Q20089963
Q7604,P1343,Q590208
Q7604,P1343,Q51955019
Q7604,P1343,Q67311526
Q7604,P1343,Q63284758
Q7604,P1343,Q3181656
Q7604,P937,Q656
Q7604,P937,Q64
Q7604,P184,Q227897
Q7604,P1196,Q3739104
Q7604,P737,Q75655
Q7604,P737,Q39599
Q7604,P737,Q164374
Q7604,P802,Q4141818
Q7604,P802,Q4201322
Q7604,P802,Q4235955
Q7604,P802,Q447071
Q7604,P802,Q4400039
Q7604,P802,Q115664
Q7604,P802,Q556346
Q7604,P802,Q80222
Q7604,P119,Q2972631
Q7604,P119,Q2972463
Q7604,P800,Q193910
Q7604,P800,Q681406
Q7604,P800,Q1423818
Q7604,P800,Q1096450
Q7604,P800,Q516403
Q7604,P800,Q875744
Q7604,P800,Q1196465
Q7604,P800,Q190026
Q7604,P800,Q204819
Q7604,P800,Q1149225
Q7604,P800,Q184871
Q7604,P800,Q3526990
Q7604,P800,Q190573
Q7604,P800,Q1060321
Q7604,P800,Q273023
Q7604,P800,Q3342996
Q7604,P800,Q2501020
Q7604,P800,Q214533
Q7604,P800,Q379380
Q7604,P800,Q624580
Q7604,P26,Q37187641
Q7604,P26,Q37186749
Q7604,P5008,Q5460604
Q7604,P5008,Q103505599
Q7604,P108,Q4345832
Q7604,P108,Q329464
Q7604,P108,Q27621
Q7604,P512,Q752297
Q7604,P21,Q6581097
Q7604,P6886,Q188
Q7604,P6886,Q397
Q7604,P6886,Q150
Q7604,P1066,Q227897
Q7604,P166,Q52382875
Q7604,P166,Q15631401
Q7604,P7763,Q71887839
Q779,P1151,Q11038941
Q779,P17,Q30
Q779,P47,Q771
Q779,P47,Q1387
Q779,P47,Q1384
Q779,P36,Q33486
Q779,P163,Q752573
Q779,P131,Q30
Q779,P910,Q6808884
Q779,P31,Q35657
Q779,P194,Q5161534
Q779,P150,Q54231
Q779,P150,Q54236
Q779,P150,Q54235
Q779,P150,Q54238
Q779,P150,Q54234
Q779,P150,Q54240
Q779,P150,Q54246
Q779,P150,Q54251
Q779,P1464,Q8058940
Q779,P1465,Q8365408
Q779,P1740,Q7140701
Q779,P1791,Q8328552
Q779,P1792,Q7234406
Q779,P421,Q941023
Q779,P421,Q28146035
Q779,P1313,Q887090
Q779,P1343,Q2657718
Q779,P1343,Q602358
Q779,P1343,Q19180675
Q779,P1343,Q4173137
Q779,P1343,Q3181656
Q779,P1365,Q951500
Q779,P6,Q714269
Q779,P6,Q1973878
Q779,P610,Q1950492
Q779,P1589,Q867460
Q779,P2184,Q11302322
Q779,P2633,Q21282887
Q779,P138,Q379648
Q779,P5125,Q7112236
Q779,P457,Q5164171
Q779,P209,Q5161630
Q779,P208,Q53709967
Q779,P361,Q578170
Q779,P2238,Q460967
Q779,P2936,Q3319130
Q779,P2936,Q3336118
Q779,P206,Q97
Q779,P7867,Q84089879
Q779,P418,Q953665
Q779,P8402,Q97069865
Q779,P30,Q49
Q779,P8744,Q85758531
Q354577,P31,Q4167410
Q354577,P1889,Q21684055
Q354577,P460,Q1048274
Q21507541,P31,Q101352
Q21507541,P1889,Q404456
Q21507541,P460,Q16865780
Q21507541,P282,Q8229
Q368568,P54,Q208652
Q368568,P54,Q194116
Q368568,P54,Q902512
Q368568,P21,Q6581097
Q368568,P106,Q11774891
Q368568,P31,Q5
Q368568,P19,Q853552
Q368568,P27,Q30
Q368568,P735,Q361309
Q368568,P1344,Q9672
Q368568,P1344,Q9668
Q368568,P166,Q211872
Q368568,P166,Q1136687
Q368568,P641,Q41466
Q368568,P413,Q2583758
Q368568,P647,Q902512
Q368568,P1532,Q30
Q368568,P423,Q10927615
Q368568,P118,Q1215892
Q566945,P31,Q4167410
Q566945,P1889,Q18670418
Q566945,P1889,Q27892758
Q5300137,P31,Q4167410
Q400402,P31,Q4167410
Q351810,P279,Q188869
Q7961154,P31,Q4167410
Q15078788,P279,Q11033
Q15078788,P910,Q6288345
Q15078788,P2670,Q209588
Q15078788,P2670,Q184452
Q15078788,P2670,Q175122
Q15078788,P2184,Q572818
Q15078788,P6104,Q60005978
Q15078788,P1424,Q6730352
Q15078788,P1552,Q67181652
Q15078788,P31,Q81941037
Q2335811,P31,Q4167410
Q657,P138,Q125309
Q657,P30,Q15
Q657,P36,Q3659
Q657,P31,Q3624078
Q657,P31,Q123480
Q657,P31,Q6256
Q657,P47,Q1009
Q657,P47,Q1016
Q657,P47,Q1032
Q657,P47,Q1033
Q657,P47,Q1049
Q657,P47,Q929
Q657,P47,Q7172
Q657,P35,Q57350
Q657,P37,Q150
Q657,P37,Q13955
Q657,P38,Q847739
Q657,P78,Q43081
Q657,P85,Q213733
Q657,P163,Q165811
Q657,P6,Q4710950
Q657,P6,Q57350
Q657,P150,Q1050621
Q657,P150,Q180414
Q657,P150,Q1139666
Q657,P150,Q843975
Q657,P150,Q748093
Q657,P150,Q175706
Q657,P150,Q1042437
Q657,P150,Q849841
Q657,P150,Q867869
Q657,P150,Q305257
Q657,P150,Q597410
Q657,P150,Q911421
Q657,P150,Q910393
Q657,P150,Q177799
Q657,P150,Q841338
Q657,P150,Q385584
Q657,P150,Q1149611
Q657,P150,Q867856
Q657,P150,Q737711
Q657,P150,Q860813
Q657,P150,Q3659
Q657,P150,Q167514
Q657,P463,Q1065
Q657,P463,Q7159
Q657,P463,Q7825
Q657,P463,Q47543
Q657,P463,Q191384
Q657,P463,Q827525
Q657,P463,Q656801
Q657,P463,Q1043527
Q657,P463,Q899770
Q657,P463,Q340195
Q657,P463,Q294278
Q657,P463,Q189972
Q657,P463,Q2029901
Q657,P463,Q8475
Q657,P463,Q842490
Q657,P463,Q7809
Q657,P463,Q3348506
Q657,P463,Q17495
Q657,P463,Q376150
Q657,P463,Q134102
Q657,P463,Q162656
Q657,P463,Q170424
Q657,P463,Q7817
Q657,P463,Q189966
Q657,P910,Q6985875
Q657,P237,Q188084
Q657,P17,Q657
Q657,P610,Q257441
Q657,P1465,Q8365401
Q657,P1464,Q8078513
Q657,P421,Q6655
Q657,P1740,Q10208890
Q657,P1792,Q6994677
Q657,P530,Q183
Q657,P530,Q865
Q657,P530,Q1016
Q657,P530,Q1033
Q657,P530,Q1049
Q657,P530,Q142
Q657,P530,Q218
Q657,P530,Q30
Q657,P530,Q148
Q657,P530,Q458
Q657,P530,Q423
Q657,P1151,Q14615199
Q657,P1589,Q619802
Q657,P206,Q125309
Q657,P1622,Q14565199
Q657,P2633,Q1999024
Q657,P2853,Q60740126
Q657,P2853,Q2335536
Q657,P2853,Q1123613
Q657,P2853,Q1378312
Q657,P194,Q1599346
Q657,P2184,Q754192
Q657,P1313,Q20849513
Q657,P1313,Q28003132
Q657,P208,Q5589195
Q657,P1906,Q28003132
Q657,P1552,Q47185282
Q657,P706,Q66065
Q657,P5125,Q7112225
Q657,P2852,Q25648842
Q657,P2852,Q25648843
Q657,P2852,Q60061550
Q657,P361,Q22583595
Q657,P2936,Q56497
Q657,P2936,Q150
Q657,P2936,Q289816
Q657,P2936,Q641720
Q657,P2936,Q641748
Q657,P2936,Q641737
Q657,P2936,Q797249
Q657,P2936,Q863721
Q657,P2936,Q713643
Q657,P2936,Q760732
Q657,P2936,Q713654
Q657,P2936,Q863726
Q657,P2936,Q713633
Q657,P2936,Q759995
Q657,P2936,Q317636
Q657,P2936,Q942591
Q657,P2936,Q289832
Q657,P2936,Q317642
Q657,P2936,Q1641493
Q657,P2936,Q759770
Q657,P2936,Q3440448
Q657,P2936,Q3440473
Q657,P2936,Q3440398
Q657,P2936,Q3440403
Q657,P2936,Q2372207
Q657,P2936,Q3440437
Q657,P2936,Q3440427
Q657,P2936,Q3440422
Q657,P2936,Q3437645
Q657,P2936,Q3441210
Q657,P2936,Q3441303
Q657,P2936,Q3441225
Q657,P2936,Q3441310
Q657,P2936,Q3441333
Q657,P2936,Q3441237
Q657,P2936,Q3449082
Q657,P2936,Q3441359
Q657,P2936,Q3441370
Q657,P2936,Q3440501
Q657,P2936,Q3440518
Q657,P2936,Q3441365
Q657,P2936,Q3502255
Q657,P2936,Q3502264
Q657,P2936,Q3502224
Q657,P2936,Q3502273
Q657,P2936,Q3502347
Q657,P2936,Q5209890
Q657,P2936,Q3504186
Q657,P2936,Q3033565
Q657,P2936,Q3912770
Q657,P2936,Q3914455
Q657,P2936,Q3121045
Q657,P2936,Q3913334
Q657,P2936,Q3914885
Q657,P2936,Q5617176
Q657,P2936,Q3140491
Q657,P2936,Q7514020
Q657,P2936,Q3915316
Q657,P2936,Q3915361
Q657,P2936,Q3915384
Q657,P2936,Q3123566
Q657,P2936,Q3123545
Q657,P2936,Q3915446
Q657,P2936,Q3280670
Q657,P2936,Q6445233
Q657,P2936,Q6474528
Q657,P2936,Q6748872
Q657,P2936,Q6705910
Q657,P2936,Q6737666
Q657,P2936,Q35163
Q657,P2936,Q56475
Q657,P2936,Q56467
Q657,P2936,Q35244
Q657,P2936,Q56557
Q657,P2936,Q56668
Q657,P2936,Q56614
Q657,P2936,Q56895
Q657,P2936,Q56840
Q657,P2936,Q56850
Q657,P2936,Q35521
Q657,P2936,Q57001
Q657,P2936,Q35685
Q657,P2936,Q35681
Q657,P2936,Q35707
Q657,P2936,Q35860
Q657,P2936,Q36032
Q657,P2936,Q56796
Q657,P2936,Q35265
Q657,P2936,Q36241
Q657,P2936,Q36321
Q657,P2936,Q36374
Q657,P2936,Q36639
Q657,P2936,Q36646
Q657,P2936,Q56251
Q657,P2936,Q56249
Q657,P2936,Q56256
Q657,P2936,Q56250
Q657,P2936,Q37007
Q657,P2936,Q56328
Q657,P2936,Q56359
Q657,P2936,Q56283
Q657,P2936,Q56285
Q657,P2936,Q56287
Q657,P2936,Q56302
Q657,P2936,Q56282
Q657,P2936,Q56264
Q657,P2936,Q56259
Q657,P2936,Q56269
Q657,P2936,Q56258
Q657,P2936,Q56261
Q657,P2936,Q28335
Q657,P2936,Q32928
Q657,P2936,Q33364
Q657,P2936,Q33360
Q657,P2936,Q33448
Q657,P2936,Q33436
Q657,P2936,Q33662
Q657,P2936,Q33954
Q657,P2936,Q34903
Q657,P2936,Q759984
Q657,P2936,Q759992
Q657,P2936,Q713659
Q657,P2936,Q8829831
Q657,P2936,Q10322099
Q657,P2936,Q11003859
Q657,P2936,Q15637215
Q657,P2936,Q34776
Q657,P2936,Q56253
Q657,P2936,Q56793
Q657,P2936,Q56625
Q657,P2936,Q56893
Q657,P2936,Q35038
Q657,P2936,Q13955
Q657,P2596,Q3141032
Q657,P7867,Q83990642
Q657,P190,Q269644
Q362099,P31,Q4167410
Q362099,P1889,Q37569411
Q517250,P31,Q4167410
Q400314,P31,Q4167410
Q122718,P31,Q4167410
Q122718,P1889,Q17520952
Q122718,P1889,Q17516263
Q122718,P460,Q3290377
Q122718,P460,Q21334681
Q122718,P460,Q17516274
Q122718,P460,Q230575
Q122718,P460,Q234452
Q122718,P460,Q397013
Q122718,P460,Q765293
Q122718,P460,Q6016699
Q1672943,P31,Q4167410
Q436993,P31,Q4167410
Q243681,P31,Q4167410
Q243681,P1889,Q14627081
Q243681,P1889,Q1826011
Q1882435,P31,Q4167410
Q1882435,P1889,Q20679907
Q1882435,P1889,Q29960616
Q1882435,P1889,Q64349020
Q1882435,P460,Q253972
Q1882435,P460,Q1882926
Q1182691,P31,Q4167410
Q15645384,P31,Q25403900
Q15645384,P31,Q506139
Q15645384,P1582,Q161098
Q15645384,P1582,Q158767
Q15645384,P1582,Q167339
Q15645384,P1582,Q618324
Q15645384,P1542,Q4413030
Q15645384,P1542,Q1367782
Q15645384,P910,Q7242511
Q15645384,P1343,Q2657718
Q15645384,P1343,Q4086271
Q15645384,P1343,Q1970746
Q15645384,P1343,Q602358
Q15645384,P1343,Q19180675
Q15645384,P279,Q12117
Q15645384,P279,Q2095
Q15645384,P5008,Q5460604
Q15645384,P1424,Q7963158
Q250846,P31,Q4167410
Q8789,P31,Q336
Q8789,P910,Q6121277
Q8789,P361,Q1430062
Q8789,P527,Q471906
Q8789,P2184,Q467928
Q8789,P1343,Q47482102
Q8789,P5125,Q620009
Q8789,P279,Q365674
Q8789,P793,Q18387876
Q338451,P279,Q508295
Q338451,P1889,Q1367345
Q836610,P910,Q6684443
Q836610,P279,Q4488757
Q836610,P279,Q165950
Q836610,P1269,Q72584473
Q5607897,P366,Q418
Q5607897,P279,Q733553
Q5607897,P527,Q56486737
Q5607897,P527,Q1639936
Q7188,P910,Q54070
Q7188,P1343,Q2657718
Q7188,P1557,Q25107
Q7188,P527,Q35535
Q7188,P5008,Q5460604
Q7188,P5125,Q25113003
Q7188,P1963,P6
Q7188,P1963,P527
Q7188,P1963,P17
Q7188,P1963,P571
Q7188,P1963,P576
Q7188,P1963,P279
Q7188,P1963,P3842
Q7188,P1963,P1313
Q7188,P1963,P355
Q7188,P2388,Q2285706
Q7188,P1889,Q6199
Q7188,P1889,Q188670
Q7188,P1889,Q192424
Q7188,P279,Q1125239
Q7188,P461,Q192852
Q7188,P361,Q35798
Q7188,P1552,Q1307214
Q26825,P31,Q5
Q26825,P19,Q5843680
Q26825,P20,Q602564
Q26825,P910,Q7422995
Q26825,P106,Q201788
Q26825,P106,Q82955
Q26825,P106,Q36180
Q26825,P1343,Q20743760
Q26825,P1343,Q19180675
Q26825,P1343,Q602358
Q26825,P1343,Q30059240
Q26825,P1343,Q46002746
Q26825,P1343,Q51955019
Q26825,P1343,Q867541
Q26825,P1343,Q3181656
Q26825,P1412,Q35497
Q26825,P27,Q5843680
Q26825,P551,Q5843680
Q26825,P551,Q156882
Q26825,P551,Q602564
Q26825,P172,Q539051
Q26825,P172,Q1123411
Q26825,P800,Q746583
Q26825,P21,Q6581097
Q26825,P6886,Q35497
Q26825,P1889,Q11925546
Q26825,P1889,Q20003033
Q26825,P1889,Q12877692
Q26825,P1889,Q18603907
Q26825,P735,Q91016546
Q26825,P7763,Q71887839
Q451433,P31,Q4167410
Q451433,P1889,Q37465859
Q28510,P31,Q1413287
Q28478941,P31,Q4167410
Q105985,P31,Q2324993
Q105985,P910,Q9916645
Q105985,P1269,Q15811980
Q105985,P1269,Q79896
Q105985,P279,Q12359039
Q105985,P361,Q2478386
Q105985,P1343,Q55872361
Q105985,P1687,P209
Q105985,P3095,Q16533
Q105985,P3095,Q329455
Q1270054,P31,Q4167410
Q21492391,P31,Q101352
Q21492391,P1889,Q1537175
Q21492391,P1889,Q65541510
Q21492391,P282,Q8209
Q21492391,P407,Q7918
Q21492391,P407,Q33348
Q21492391,P407,Q7737
Q21492391,P407,Q8798
Q5419252,P461,Q12498580
Q5419252,P361,Q77468620
Q346395,P31,Q4167410
Q346395,P1889,Q29550722
Q346395,P1889,Q27920067
Q346395,P1889,Q54327154
Q10494940,P31,Q4167410
Q220623,P31,Q1047698
Q141090,P279,Q5375490
Q141090,P910,Q7019674
Q141090,P361,Q8789
Q141090,P366,Q23647168
Q141090,P366,Q165950
Q141090,P366,Q501700
Q141090,P366,Q1503443
Q141090,P366,Q839180
Q141090,P366,Q192532
Q141090,P366,Q212108
Q141090,P366,Q461671
Q141090,P366,Q7444868
Q141090,P1269,Q78908682
Q141090,P461,Q59164233
Q1162538,P279,Q37760959
Q1162538,P279,Q234460
Q1162538,P461,Q1589480
Q1162538,P361,Q3314629
Q1162538,P1889,Q1145976
Q1162538,P1889,Q86920
Q219239,P279,Q1057179
Q219239,P279,Q41689629
Q219239,P279,Q12139612
Q219239,P279,Q12139612
Q219239,P921,Q746549
Q219239,P527,Q1665268
Q219239,P527,Q25403900
Q219239,P1056,Q746549
Q219239,P2670,Q25403900
Q219239,P910,Q10072884
Q219239,P1963,P1476
Q219239,P1963,P1680
Q219239,P1963,P123
Q219239,P1963,P407
Q219239,P1963,P2047
Q219239,P1963,P1056
Q219239,P1963,P7252
Q219239,P1963,P953
Q219239,P1963,P4543
Q7926427,P31,Q5
Q7926427,P19,Q884
Q7926427,P172,Q276879
Q7926427,P21,Q6581097
Q7926427,P27,Q884
Q7926427,P735,Q539581
Q7926427,P106,Q21178131
Q7926427,P106,Q1028181
Q7926427,P106,Q1281618
Q7926427,P106,Q36180
Q7926427,P551,Q589182
Q3724127,P31,Q4167410
Q7598669,P31,Q4167410
Q397392,P31,Q4167410
Q397392,P460,Q1180919
Q397392,P460,Q356021
Q397392,P460,Q16276834
Q397392,P460,Q530096
Q397392,P460,Q16282755
Q397392,P1889,Q3992946
Q397392,P1889,Q356021
Q397392,P1889,Q530096
Q397392,P1889,Q16282755
Q184418,P279,Q56612128
Q184418,P361,Q201676
Q184418,P910,Q8386374
Q184418,P1343,Q4086271
Q184418,P1343,Q1970746
Q184418,P1343,Q1768721
Q184418,P1557,Q4
Q184418,P366,Q201676
Q184418,P186,Q287
Q184418,P186,Q758
Q184418,P186,Q11426
Q184418,P527,Q2224850
Q350395,P31,Q4167410
Q3037153,P31,Q4167410
Q3037153,P1889,Q2647244
Q3037153,P1889,Q37536464
Q3037153,P460,Q18249641
Q7389153,P31,Q4167410
Q4821052,P31,Q5
Q4821052,P19,Q2865
Q4821052,P1050,Q11081
Q4821052,P21,Q6581072
Q4821052,P735,Q28053272
Q4821052,P27,Q183
Q4821052,P20,Q1794
Q4821052,P509,Q183134
Q13516686,P910,Q8431708
Q13516686,P31,Q151885
Q13516686,P1687,P2402
Q13516686,P1889,Q18089644
Q13516686,P279,Q240673
Q1931511,P1995,Q2861470
Q1931511,P279,Q600571
Q1931511,P279,Q156537
Q410669,P31,Q4167410
Q410669,P1889,Q36906278
Q7247548,P31,Q4167410
Q2123581,P31,Q4167410
Q98124977,P31,Q4167410
Q98124977,P1889,Q36912477
Q98124977,P1889,Q98124704
Q98124977,P460,Q98124804
Q98124977,P460,Q98124814
Q98124977,P460,Q98124839
Q98124977,P460,Q21935480
Q98124977,P460,Q21935484
Q98124977,P460,Q294394
Q235142,P31,Q4167410
Q297753,P31,Q4167410
Q249606,P31,Q4167410
Q249606,P1889,Q2519633
Q249606,P1889,Q5272610
Q249606,P460,Q358343
Q249606,P460,Q386277
Q249606,P460,Q436495
Q249606,P460,Q437244
Q249606,P460,Q5262639
Q3540864,P31,Q12136
Q3540864,P689,Q1530280
Q3540864,P279,Q1441305
Q3540864,P279,Q169872
Q3540864,P279,Q99860490
Q420632,P31,Q82799
Q420632,P527,Q20155939
Q420632,P527,Q21492113
Q420632,P1889,Q16769331
Q416569,P31,Q4167410
Q1067529,P910,Q8834638
Q1067529,P279,Q320769
Q1713,P279,Q121769
Q1713,P1687,P2860
Q1713,P1687,P1683
Q1713,P461,Q2492572
Q1713,P1889,Q206287
Q1713,P1889,Q1774089
Q1713,P460,Q10358455
Q192620,P910,Q7724538
Q192620,P279,Q1862087
Q192620,P279,Q73168492
Q192620,P1889,Q37525500
Q80895,P279,Q6073630
Q80895,P279,Q752673
Q80895,P910,Q5902663
Q80895,P1343,Q2657718
Q80895,P1343,Q2041543
Q80895,P3095,Q212948
Q80895,P3095,Q20642011
Q80895,P1889,Q5586480
Q80895,P1433,Q15892777
Q80895,P5008,Q99671171
Q327018,P279,Q4929239
Q327018,P910,Q8551804
Q327018,P1343,Q2657718
Q233394,P910,Q9413370
Q233394,P31,Q26763979
Q332142,P910,Q7837155
Q332142,P1343,Q2657718
Q332142,P279,Q186361
Q332142,P279,Q707125
Q332142,P279,Q2695280
Q332142,P1889,Q1949683
Q544847,P169,Q18634617
Q544847,P112,Q6075105
Q544847,P112,Q505358
Q544847,P910,Q8613999
Q544847,P414,Q82059
Q544847,P361,Q242345
Q544847,P31,Q891723
Q544847,P488,Q4805143
Q544847,P17,Q30
Q544847,P159,Q16552
Q544847,P355,Q21122254
Q544847,P355,Q28974281
Q544847,P355,Q30338539
Q544847,P740,Q16552
Q544847,P1454,Q891723
Q544847,P1056,Q1546066
Q544847,P1056,Q1193262
Q544847,P1056,Q863516
Q544847,P1056,Q7397
Q544847,P1056,Q3966
Q544847,P452,Q2986369
Q544847,P1830,Q1083858
Q544847,P1830,Q7997980
Q544847,P463,Q1361045
Q544847,P463,Q67904121
Q544847,P463,Q15731702
Q544847,P463,Q7389502
Q191797,P910,Q7352099
Q191797,P1343,Q21002838
Q191797,P1343,Q2041543
Q191797,P1889,Q3606850
Q191797,P1889,Q1754990
Q191797,P279,Q4026292
Q191797,P279,Q25395884
Q191797,P1552,Q1754990
Q191797,P828,Q1754990
Q1642590,P361,Q77468620
Q2159498,P31,Q101352
Q2159498,P407,Q188
Q2159498,P282,Q8229
Q187436,P910,Q8311154
Q187436,P279,Q83267
Q187436,P279,Q366
Q187436,P279,Q23009552
Q187436,P1343,Q2041543
Q187436,P2283,Q20662590
Q897511,P910,Q9649598
Q897511,P3095,Q1647775
Q897511,P279,Q1430062
Q342257,P31,Q4167410
Q16796162,P31,Q4167410
Q4839228,P31,Q4167410
Q342173,P31,Q4167410
Q342173,P1889,Q37458127
Q976521,P279,Q245962
Q976521,P279,Q58778
Q976521,P361,Q8789
Q976521,P31,Q96116695
Q121194,P910,Q7216264
Q121194,P31,Q47913
Q121194,P17,Q30
Q121194,P159,Q509549
Q121194,P488,Q29630813
Q121194,P2388,Q5280575
Q121194,P749,Q11209
Q121194,P101,Q836610
Q121194,P1365,Q680822
Q121194,P1056,Q7397
Q121194,P1830,Q3737306
Q121194,P1830,Q7784249
Q121194,P1830,Q13420597
Q121194,P1830,Q13873996
Q121194,P1830,Q14150139
Q121194,P1830,Q17617019
Q295573,P31,Q4167410
Q295573,P1889,Q21289095
Q295573,P1889,Q17018250
Q295573,P460,Q250985
Q295573,P460,Q417237
Q295573,P460,Q1175872
Q295573,P460,Q1490519
Q399060,P31,Q4167410
Q399060,P1889,Q37572610
Q564125,P31,Q4167410
Q564125,P1889,Q16290531
Q564125,P1889,Q19798309
Q564125,P1889,Q37002142
Q564125,P460,Q3980423
Q564125,P460,Q483298
Q8789,P31,Q336
Q8789,P910,Q6121277
Q8789,P361,Q1430062
Q8789,P527,Q471906
Q8789,P2184,Q467928
Q8789,P1343,Q47482102
Q8789,P5125,Q620009
Q8789,P279,Q365674
Q8789,P793,Q18387876
Q193518,P910,Q7153713
Q193518,P1343,Q2657718
Q193518,P279,Q1190554
Q193518,P279,Q83267
Q908562,P279,Q1327500
Q908562,P279,Q163829
Q908562,P366,Q3270773
Q359023,P31,Q4167410
Q320769,P279,Q1914636
Q141090,P279,Q205663
Q141090,P910,Q7019674
Q141090,P361,Q8789
Q141090,P366,Q23647168
Q141090,P366,Q165950
Q141090,P366,Q501700
Q141090,P366,Q1503443
Q141090,P366,Q839180
Q141090,P366,Q192532
Q141090,P366,Q212108
Q141090,P366,Q461671
Q141090,P366,Q7444868
Q141090,P1269,Q78908682
Q255189,P279,Q182545
Q255189,P1343,Q2041543
Q255189,P1343,Q27680201
Q255189,P1343,Q19180675
Q255189,P1343,Q602358
Q255189,P1889,Q206287
Q255189,P1889,Q2051796
Q255189,P31,Q182545
Q291,P31,Q483394
Q291,P910,Q7161914
Q291,P1151,Q11052852
Q291,P1424,Q19822711
Q291,P1424,Q13379779
Q291,P279,Q1260632
Q291,P279,Q17537576
Q291,P1889,Q181001
Q291,P1343,Q2041543
Q291,P1343,Q4532138
Q2632802,P31,Q4167410
Q229316,P31,Q4167410
Q226399,P31,Q4167410
Q226399,P1889,Q18760841
Q226399,P1889,Q37510982
Q226399,P1889,Q221580
Q226399,P460,Q20779342
Q175854,P279,Q544006
Q175854,P279,Q44619
Q175854,P1995,Q7867
Q175854,P1995,Q9418
Q175854,P910,Q7215428
Q175854,P1542,Q44619
Q175854,P461,Q20489809
Q175854,P924,Q183257
Q175854,P5008,Q4099686
Q175854,P1889,Q11976924
Q358827,P31,Q4167410
Q4928046,P31,Q184439
Q2296401,P279,Q11024
Q2312127,P31,Q4167410
Q42138,P1687,P27
Q42138,P361,Q7275
Q42138,P910,Q9533563
Q42138,P31,Q930933
Q42138,P31,Q33104069
Q42138,P1343,Q678259
Q42138,P1343,Q20743760
Q42138,P1343,Q21002838
Q42138,P1343,Q2041543
Q42138,P1343,Q602358
Q42138,P279,Q60844538
Q42138,P1269,Q7275
Q42138,P1889,Q5583088
Q42138,P1889,Q837313
Q170028,P910,Q7216269
Q170028,P279,Q11024
Q170028,P279,Q600571
Q170028,P1343,Q2041543
Q170028,P1343,Q101314624
Q170028,P1889,Q33056942
Q170028,P1889,Q29485
Q170028,P2283,Q690194
Q170028,P2283,Q4925193
Q170028,P460,Q5282225
Q170028,P1552,Q706622
Q170028,P461,Q337349
Q443367,P31,Q4167410
Q443367,P1889,Q12798330
Q443367,P1889,Q16280496
Q721931,P279,Q811430
Q721931,P366,Q9158768
Q42008,P910,Q8782771
Q42008,P1343,Q2657718
Q42008,P1343,Q2041543
Q42008,P279,Q7748
Q42008,P279,Q1207505
Q1269627,P279,Q1150070
Q1269627,P910,Q15961085
Q275038,P1343,Q678259
Q275038,P1343,Q2041543
Q275038,P1343,Q19538713
Q275038,P1343,Q1970746
Q275038,P1343,Q602358
Q275038,P1343,Q19180675
Q275038,P1343,Q4114391
Q275038,P1343,Q1768721
Q275038,P279,Q186361
Q1138445,P31,Q4167410
Q1138445,P1889,Q37529486
Q16738558,P31,Q4167410
Q5166129,P31,Q1207505
Q5166129,P1552,Q1139554
Q5166129,P279,Q21255975
Q5166129,P1542,Q21255975
Q5166129,P1542,Q47496130
Q5166129,P1382,Q1367353
Q6037286,P31,Q4167410
Q1503443,P910,Q7483891
Q1503443,P31,Q100195948
Q1503443,P461,Q1683540
Q1503443,P2283,Q170028
Q1503443,P2283,Q100171002
Q1503443,P279,Q100171002
Q1503443,P460,Q2476929
Q5262624,P31,Q4167410
Q1921813,P31,Q4167410
Q1921813,P1889,Q21449175
Q627945,P910,Q9696014
Q627945,P31,Q184759
Q627945,P155,Q5009716
Q175003,P31,Q4167410
Q1229994,P910,Q7362933
Q1229994,P1880,Q556298
Q1229994,P1880,Q7395139
Q1229994,P1995,Q7867
Q1229994,P1995,Q9418
Q1229994,P1995,Q183257
Q1229994,P1343,Q2041543
Q1229994,P279,Q2903417
Q1229994,P1889,Q2606101
Q1229994,P1889,Q28914244
Q1229994,P1542,Q57756307
Q187616,P910,Q6578042
Q187616,P1343,Q2657718
Q187616,P1343,Q2041543
Q187616,P1343,Q19190511
Q187616,P1343,Q20078554
Q187616,P279,Q16842191
Q187616,P1889,Q239829
Q531581,P31,Q4167410
Q344577,P31,Q4167410
Q344577,P1889,Q16421853
Q1060330,P910,Q32076081
Q16293060,P31,Q101352
Q16293060,P407,Q1860
Q16293060,P407,Q150
Q16293060,P1889,Q295582
Q16293060,P1889,Q2171616
Q16293060,P282,Q8229
Q16293060,P460,Q16882025
Q16293060,P460,Q21482842
Q16293060,P460,Q47764314
Q7504128,P31,Q4167410
Q20793164,P910,Q8264398
Q20793164,P1343,Q4114391
Q20793164,P279,Q16798631
Q20793164,P361,Q677346
Q6186,P910,Q7216548
Q6186,P31,Q12909644
Q6186,P31,Q49447
Q6186,P31,Q1641112
Q6186,P1343,Q302556
Q6186,P1343,Q20751032
Q6186,P1343,Q2657718
Q6186,P1343,Q602358
Q6186,P1343,Q19180675
Q6186,P1343,Q2041543
Q6186,P1343,Q3181656
Q6186,P1151,Q8419000
Q6186,P461,Q182121
Q6186,P5008,Q5460604
Q6186,P6364,Q3142
Q6186,P1889,Q2705134
Q6186,P1382,Q95982276
Q6186,P1382,Q95982718
Q6186,P1382,Q95982895
Q406442,P31,Q4167410
Q291,P31,Q483394
Q291,P910,Q7161914
Q291,P1151,Q11052852
Q291,P1424,Q19822711
Q291,P1424,Q13379779
Q291,P279,Q1260632
Q291,P279,Q17537576
Q291,P1889,Q181001
Q291,P1343,Q2041543
Q291,P1343,Q4532138
Q291,P2579,Q97360329
Q96,P2959,Q27103592
Q96,P2959,Q26258142
Q96,P2959,Q27131825
Q96,P2959,Q27131827
Q96,P30,Q49
Q96,P5125,Q16191907
Q96,P122,Q512187
Q96,P17,Q96
Q96,P1906,Q628004
Q96,P237,Q170867
Q96,P1589,Q2004295
Q96,P5008,Q5460604
Q96,P5008,Q54439832
Q96,P361,Q12585
Q96,P361,Q49
Q96,P361,Q653884
Q96,P361,Q865479
Q96,P38,Q4730
Q96,P610,Q238147
Q96,P1465,Q8196390
Q96,P1464,Q8063258
Q96,P1344,Q184425
Q96,P1344,Q2720495
Q96,P1344,Q5653519
Q96,P2853,Q24288454
Q96,P2853,Q24288456
Q96,P1792,Q7031250
Q96,P1313,Q628004
Q96,P1151,Q7336325
Q96,P463,Q1065
Q96,P463,Q41550
Q96,P463,Q7825
Q96,P463,Q19771
Q96,P463,Q170481
Q96,P463,Q181574
Q96,P463,Q827525
Q96,P463,Q607301
Q96,P463,Q1153087
Q96,P463,Q191384
Q96,P463,Q1931500
Q96,P463,Q656801
Q96,P463,Q7178
Q96,P463,Q182000
Q96,P463,Q40970
Q96,P463,Q47488
Q96,P463,Q1071706
Q96,P463,Q82151
Q96,P463,Q1069175
Q96,P463,Q689859
Q96,P463,Q971612
Q96,P463,Q943105
Q96,P463,Q8475
Q96,P463,Q4264
Q96,P463,Q83201
Q96,P463,Q125761
Q96,P463,Q123759
Q96,P463,Q469076
Q96,P463,Q32874
Q96,P463,Q1045401
Q96,P463,Q233611
Q96,P463,Q41984
Q96,P463,Q472311
Q96,P463,Q48192
Q96,P463,Q309195
Q96,P463,Q1043527
Q96,P463,Q3369762
Q96,P463,Q782942
Q96,P463,Q3772571
Q96,P463,Q190008
Q96,P463,Q1480793
Q96,P463,Q842490
Q96,P463,Q7809
Q96,P463,Q5611262
Q96,P463,Q17495
Q96,P463,Q376150
Q96,P463,Q170424
Q96,P463,Q7817
Q96,P1343,Q4114391
Q96,P1343,Q602358
Q96,P1343,Q19180675
Q96,P1343,Q4173137
Q96,P910,Q1411384
Q96,P6104,Q16917942
Q96,P35,Q318508
Q96,P35,Q296741
Q96,P35,Q57269
Q96,P37,Q1321
Q96,P37,Q13300
Q96,P37,Q13354
Q96,P37,Q1661395
Q96,P1740,Q6296767
Q96,P85,Q200742
Q96,P78,Q40979
Q96,P2184,Q212763
Q96,P1622,Q14565199
Q96,P1830,Q2418266
Q96,P1830,Q18644163
Q96,P2633,Q580061
Q96,P36,Q1489
Q96,P1791,Q8328675
Q96,P31,Q3624078
Q96,P31,Q6256
Q96,P5658,Q14565199
Q96,P208,Q5440529
Q96,P793,Q68750
Q96,P793,Q214426
Q96,P1552,Q47185145
Q96,P172,Q6011515
Q96,P172,Q3314452
Q96,P421,Q2086913
Q96,P421,Q3134980
Q96,P421,Q847142
Q96,P421,Q941023
Q96,P47,Q774
Q96,P47,Q242
Q96,P47,Q30
Q96,P6,Q318508
Q96,P6,Q296741
Q96,P6,Q57269
Q96,P150,Q1489
Q96,P150,Q79952
Q96,P150,Q58731
Q96,P150,Q46508
Q96,P150,Q80908
Q96,P150,Q60123
Q96,P150,Q655
Q96,P150,Q53079
Q96,P150,Q61309
Q96,P150,Q79918
Q96,P150,Q46475
Q96,P150,Q60158
Q96,P150,Q80903
Q96,P150,Q13160
Q96,P150,Q82112
Q96,P150,Q79861
Q96,P150,Q66117
Q96,P150,Q79920
Q96,P150,Q15282
Q96,P150,Q34110
Q96,P150,Q79923
Q96,P150,Q79754
Q96,P150,Q80245
Q96,P150,Q78980
Q96,P150,Q80252
Q96,P150,Q46422
Q96,P150,Q80914
Q96,P150,Q80007
Q96,P150,Q82681
Q96,P150,Q60130
Q96,P150,Q60176
Q96,P150,Q80269
Q96,P2852,Q533806
Q96,P163,Q122462
Q96,P166,Q3381638
Q96,P194,Q1484825
Q96,P530,Q38
Q96,P530,Q155
Q96,P530,Q183
Q96,P530,Q408
Q96,P530,Q212
Q96,P530,Q851
Q96,P530,Q159583
Q96,P530,Q159
Q96,P530,Q30
Q96,P530,Q801
Q96,P530,Q20
Q96,P530,Q1028
Q96,P530,Q1033
Q96,P530,Q1041
Q96,P530,Q219060
Q96,P530,Q145
Q96,P530,Q170588
Q96,P530,Q215
Q96,P530,Q218
Q96,P530,Q29
Q96,P530,Q334
Q96,P530,Q34
Q96,P530,Q36
Q96,P530,Q39
Q96,P530,Q40362
Q96,P530,Q419
Q96,P530,Q43
Q96,P530,Q458
Q96,P530,Q55
Q96,P530,Q717
Q96,P530,Q730
Q96,P530,Q733
Q96,P530,Q77
Q96,P530,Q804
Q96,P530,Q811
Q96,P530,Q843
Q96,P530,Q865
Q96,P530,Q869
Q96,P530,Q878
Q96,P530,Q881
Q96,P530,Q924
Q96,P530,Q928
Q96,P530,Q739
Q96,P530,Q774
Q96,P530,Q142
Q96,P530,Q189
Q96,P530,Q414
Q96,P530,Q31
Q96,P530,Q16
Q96,P530,Q35
Q96,P530,Q28
Q96,P530,Q79
Q96,P530,Q33
Q96,P530,Q241
Q96,P530,Q252
Q96,P530,Q833
Q96,P530,Q17
Q96,P530,Q736
Q96,P530,Q213
Q96,P530,Q792
Q96,P530,Q783
Q96,P530,Q242
Q96,P530,Q750
Q96,P530,Q790
Q96,P530,Q399
Q96,P530,Q40
Q96,P530,Q822
Q96,P530,Q800
Q96,P530,Q115
Q96,P530,Q227
Q96,P530,Q734
Q96,P530,Q230
Q96,P530,Q786
Q96,P530,Q916
Q96,P530,Q114
Q96,P530,Q889
Q96,P530,Q232
Q96,P530,Q766
Q96,P530,Q219
Q96,P530,Q1008
Q96,P530,Q817
Q96,P530,Q191
Q96,P530,Q810
Q96,P530,Q884
Q96,P530,Q403
Q96,P530,Q148
Q96,P530,Q41
Q96,P530,Q668
Q96,P530,Q902
Q96,P530,Q262
Q96,P530,Q664
Q96,P530,Q258
Q96,P530,Q298
Q96,P530,Q224
Q96,P530,Q27
Q96,P530,Q423
Q96,P1304,Q806208
Q96,P2936,Q1321
Q96,P2936,Q3317290
Q96,P2936,Q27867
Q96,P2936,Q3317286
Q96,P2936,Q12953454
Q96,P2936,Q12641754
Q96,P2936,Q12953760
Q96,P2936,Q12953756
Q96,P2936,Q15615651
Q96,P2936,Q12954031
Q96,P2936,Q15616384
Q96,P2936,Q12953757
Q96,P2936,Q12954017
Q96,P2936,Q20090009
Q96,P2936,Q20527242
Q96,P2936,Q12953453
Q96,P2936,Q1941682
Q96,P2936,Q603106
Q96,P2936,Q2304583
Q96,P2936,Q323325
Q96,P2936,Q2379405
Q96,P2936,Q2393095
Q96,P2936,Q6798223
Q96,P2936,Q3450252
Q96,P2936,Q6884125
Q96,P2936,Q4811888
Q96,P2936,Q4831570
Q96,P2936,Q5061727
Q96,P2936,Q5017997
Q96,P2936,Q6881813
Q96,P2936,Q5100113
Q96,P2936,Q5099289
Q96,P2936,Q5096050
Q96,P2936,Q5100110
Q96,P2936,Q5100112
Q96,P2936,Q5100111
Q96,P2936,Q8074100
Q96,P2936,Q3501942
Q96,P2936,Q2579500
Q96,P2936,Q7070686
Q96,P2936,Q5180100
Q96,P2936,Q7070684
Q96,P2936,Q5103425
Q96,P2936,Q5101757
Q96,P2936,Q5138605
Q96,P2936,Q5138603
Q96,P2936,Q2896217
Q96,P2936,Q7116610
Q96,P2936,Q7116691
Q96,P2936,Q7196415
Q96,P2936,Q2964262
Q96,P2936,Q2964457
Q96,P2936,Q2964450
Q96,P2936,Q5367223
Q96,P2936,Q7271642
Q96,P2936,Q7271823
Q96,P2936,Q3574815
Q96,P2936,Q3574818
Q96,P2936,Q7171675
Q96,P2936,Q7179700
Q96,P2936,Q5350733
Q96,P2936,Q7271640
Q96,P2936,Q10974017
Q96,P2936,Q7076643
Q96,P2936,Q3053288
Q96,P2936,Q5449202
Q96,P2936,Q5758709
Q96,P2936,Q5626813
Q96,P2936,Q5908722
Q96,P2936,Q5908707
Q96,P2936,Q5908687
Q96,P2936,Q7511556
Q96,P2936,Q7414970
Q96,P2936,Q5614751
Q96,P2936,Q7419277
Q96,P2936,Q7414598
Q96,P2936,Q7413841
Q96,P2936,Q5614980
Q96,P2936,Q7420514
Q96,P2936,Q3086050
Q96,P2936,Q6047309
Q96,P2936,Q7514027
Q96,P2936,Q6101163
Q96,P2936,Q6047326
Q96,P2936,Q6101049
Q96,P2936,Q6088873
Q96,P2936,Q7572000
Q96,P2936,Q3915551
Q96,P2936,Q3915525
Q96,P2936,Q3915511
Q96,P2936,Q3182593
Q96,P2936,Q6101171
Q96,P2936,Q7570345
Q96,P2936,Q7572001
Q96,P2936,Q7672849
Q96,P2936,Q3915427
Q96,P2936,Q7550388
Q96,P2936,Q3915999
Q96,P2936,Q7692927
Q96,P2936,Q7692795
Q96,P2936,Q7708357
Q96,P2936,Q7698191
Q96,P2936,Q7334628
Q96,P2936,Q7802959
Q96,P2936,Q7413392
Q96,P2936,Q7687853
Q96,P2936,Q7802050
Q96,P2936,Q12182838
Q96,P2936,Q7800805
Q96,P2936,Q7673668
Q96,P2936,Q7413220
Q96,P2936,Q7413390
Q96,P2936,Q3027471
Q96,P2936,Q7802048
Q96,P2936,Q7810697
Q96,P2936,Q7810685
Q96,P2936,Q4740613
Q96,P2936,Q7828400
Q96,P2936,Q7828390
Q96,P2936,Q4709425
Q96,P2936,Q4734726
Q96,P2936,Q7857069
Q96,P2936,Q4800819
Q96,P2936,Q7901979
Q96,P2936,Q6468420
Q96,P2936,Q6468403
Q96,P2936,Q3307204
Q96,P2936,Q14916912
Q96,P2936,Q3364475
Q96,P2936,Q6509365
Q96,P2936,Q6488084
Q96,P2936,Q8042823
Q96,P2936,Q8042887
Q96,P2936,Q8042924
Q96,P2936,Q8047534
Q96,P2936,Q8050301
Q96,P2936,Q8050300
Q96,P2936,Q8044353
Q96,P2936,Q8054817
Q96,P2936,Q3388544
Q96,P2936,Q6694268
Q96,P2936,Q13581718
Q96,P2936,Q8063756
Q96,P2936,Q8063754
Q96,P2936,Q8063390
Q96,P2936,Q8066220
Q96,P2936,Q35179
Q96,P2936,Q56451
Q96,P2936,Q35175
Q96,P2936,Q56455
Q96,P2936,Q56460
Q96,P2936,Q12953721
Q96,P2936,Q13510225
Q96,P2936,Q13583508
Q96,P2936,Q12953724
Q96,P2936,Q13541830
Q96,P2936,Q12953723
Q96,P2936,Q13583505
Q96,P2936,Q13583581
Q96,P2936,Q13541831
Q96,P2936,Q13459953
Q96,P2936,Q13583504
Q96,P2936,Q13583510
Q96,P2936,Q12953706
Q96,P2936,Q8050392
Q96,P2936,Q12953726
Q96,P2936,Q35233
Q96,P2936,Q56706
Q96,P2936,Q35573
Q96,P2936,Q35575
Q96,P2936,Q35766
Q96,P2936,Q36228
Q96,P2936,Q56729
Q96,P2936,Q56730
Q96,P2936,Q56726
Q96,P2936,Q56728
Q96,P2936,Q36583
Q96,P2936,Q36686
Q96,P2936,Q56349
Q96,P2936,Q56329
Q96,P2936,Q56330
Q96,P2936,Q56343
Q96,P2936,Q36762
Q96,P2936,Q36803
Q96,P2936,Q13214
Q96,P2936,Q36809
Q96,P2936,Q36808
Q96,P2936,Q33044
Q96,P2936,Q13354
Q96,P2936,Q33393
Q96,P2936,Q33467
Q96,P2936,Q34191
Q96,P2936,Q34281
Q96,P2936,Q2454915
Q96,P2936,Q2514044
Q96,P2936,Q2262283
Q96,P2936,Q2678840
Q96,P2936,Q2073277
Q96,P2936,Q2194290
Q96,P2936,Q2963735
Q96,P2936,Q3361762
Q96,P2936,Q3361763
Q96,P2936,Q3361765
Q96,P2936,Q3518245
Q96,P2936,Q4358289
Q96,P2936,Q4632950
Q96,P2936,Q3539587
Q96,P2936,Q10751739
Q96,P2936,Q12643657
Q96,P2936,Q12645368
Q96,P2936,Q12641692
Q96,P2936,Q12633013
Q96,P2936,Q12642078
Q96,P2936,Q12645448
Q96,P2936,Q12645553
Q96,P2936,Q12953437
Q96,P2936,Q12953435
Q96,P2936,Q12953443
Q96,P2936,Q12953442
Q96,P2936,Q12953731
Q96,P2936,Q12953730
Q96,P2936,Q12953718
Q96,P2936,Q12953566
Q96,P2936,Q12953734
Q96,P2936,Q12953568
Q96,P2936,Q12953819
Q96,P2936,Q12953738
Q96,P2936,Q12953729
Q96,P2936,Q12953704
Q96,P2936,Q12953705
Q96,P2936,Q12953741
Q96,P2936,Q12953739
Q96,P2936,Q12953719
Q96,P2936,Q12953740
Q96,P2936,Q2011413
Q96,P2936,Q12953733
Q96,P2936,Q12953722
Q96,P2936,Q12953754
Q96,P2936,Q12953727
Q96,P2936,Q15616395
Q96,P2936,Q12953909
Q96,P2936,Q13154149
Q96,P2936,Q12953934
Q96,P2936,Q12953935
Q96,P2936,Q12954000
Q96,P2936,Q14697894
Q96,P2936,Q12954015
Q96,P2936,Q12953989
Q96,P2936,Q15616302
Q96,P2936,Q15615591
Q96,P2936,Q12953917
Q96,P2936,Q12954011
Q96,P2936,Q16114351
Q96,P2936,Q16115449
Q96,P2936,Q15705753
Q96,P2936,Q16115511
Q96,P2936,Q20162127
Q96,P2936,Q23755688
Q96,P2936,Q23755711
Q96,P2936,Q25559715
Q96,P2936,Q25559721
Q96,P2936,Q25559729
Q96,P2936,Q25562736
Q96,P2936,Q25559589
Q96,P2936,Q25559585
Q96,P2936,Q25559730
Q96,P2936,Q25559732
Q96,P2936,Q25559598
Q96,P2936,Q25559582
Q96,P2936,Q25559587
Q96,P2936,Q25559590
Q96,P2936,Q25559716
Q96,P2936,Q25559575
Q96,P2936,Q25559728
Q96,P2936,Q25559602
Q96,P2936,Q31157882
Q96,P2936,Q32861734
Q96,P2936,Q32093046
Q96,P2936,Q32093049
Q96,P2936,Q42365630
Q96,P2936,Q42411307
Q96,P2936,Q42365276
Q96,P2936,Q56199161
Q96,P2936,Q53482453
Q96,P2936,Q60611109
Q96,P2936,Q57419690
Q96,P2936,Q63278779
Q96,P2936,Q63284326
Q96,P2936,Q34923
Q96,P2936,Q36230
Q96,P457,Q2170072
Q96,P2596,Q2317008
Q96,P7867,Q8607420
Q96,P190,Q201117
Q96,P8402,Q97014287
Q96,P8402,Q97062868
Q96,P8744,Q876431
Q96,P1365,Q671658
Q517,P69,Q273480
Q517,P106,Q82955
Q517,P106,Q372436
Q517,P106,Q189290
Q517,P106,Q10732476
Q517,P106,Q39018
Q517,P735,Q240790
Q517,P735,Q19882955
Q517,P735,Q17522194
Q517,P22,Q151869
Q517,P25,Q151995
Q517,P26,Q171480
Q517,P26,Q157491
Q517,P40,Q7723
Q517,P40,Q1390993
Q517,P40,Q435375
Q517,P40,Q1332164
Q517,P40,Q90227
Q517,P19,Q40104
Q517,P20,Q578060
Q517,P119,Q4992220
Q517,P27,Q142
Q517,P39,Q5373953
Q517,P39,Q683337
Q517,P39,Q5373953
Q517,P39,Q1131971
Q517,P39,Q271148
Q517,P166,Q976544
Q517,P166,Q84020
Q517,P166,Q15117228
Q517,P166,Q15972369
Q517,P166,Q10514065
Q517,P166,Q1126563
Q517,P166,Q20856048
Q517,P166,Q56376732
Q517,P451,Q237931
Q517,P451,Q3372720
Q517,P451,Q1337332
Q517,P451,Q723610
Q517,P451,Q445543
Q517,P910,Q8795970
Q517,P53,Q112581
Q517,P1050,Q41571
Q517,P509,Q189588
Q517,P463,Q188771
Q517,P1038,Q205779
Q517,P1038,Q62024
Q517,P1038,Q155545
Q517,P551,Q34497
Q517,P607,Q78994
Q517,P1343,Q17378135
Q517,P1343,Q2657718
Q517,P1343,Q2041543
Q517,P1343,Q602358
Q517,P1343,Q19180675
Q517,P1343,Q4173137
Q517,P1343,Q907660
Q517,P1343,Q4114391
Q517,P1343,Q51955019
Q517,P1343,Q867541
Q517,P1343,Q19190511
Q517,P1343,Q99413897
Q517,P1412,Q150
Q517,P1196,Q3739104
Q517,P3091,Q3561686
Q517,P3091,Q176271
Q517,P3091,Q3204197
Q517,P3373,Q151083
Q517,P3373,Q7729
Q517,P3373,Q152782
Q517,P3373,Q152785
Q517,P3373,Q7726
Q517,P3373,Q151098
Q517,P3373,Q151087
Q517,P172,Q121842
Q517,P140,Q1841
Q517,P140,Q620629
Q517,P734,Q24530160
Q517,P5008,Q5460604
Q517,P1424,Q15305126
Q517,P410,Q152956
Q517,P21,Q6581097
Q517,P31,Q5
Q517,P793,Q620965
Q517,P793,Q973118
Q517,P1344,Q6534
Q517,P6886,Q150
Q517,P485,Q14708020
Q517,P6379,Q17153751
Q517,P6379,Q2042754
Q517,P6379,Q2191118
Q517,P7763,Q71887839
Q517,P7763,Q71887839
Q4895508,P279,Q2221906
Q4895508,P279,Q718893
Q4895508,P279,Q1503302
Q4895508,P361,Q718893
Q4895508,P1343,Q65109596
Q4895508,P910,Q8292933
Q7833767,P31,Q4830453
Q7833767,P452,Q880371
Q7833767,P159,Q1342
Q897511,P910,Q9649598
Q897511,P3095,Q1647775
Q897511,P279,Q1430062
Q14761450,P279,Q4175034
Q14761450,P31,Q4164871
Q14761450,P361,Q2495862
Q168639,P279,Q39546
Q168639,P279,Q12511
Q168639,P910,Q8579842
Q168639,P2670,Q3289701
Q865588,P279,Q16334295
Q865588,P279,Q1752346
Q865588,P910,Q7020080
Q865588,P1889,Q12008699
Q865588,P1056,Q88802020
Q865588,P460,Q55657615
Q420125,P31,Q4167410
Q420125,P1889,Q35933114
Q411779,P31,Q4167410
Q411779,P1889,Q16871826
Q621922,P31,Q60539481
Q621922,P1889,Q1230187
Q621922,P461,Q659974
Q252000,P279,Q124490
Q252000,P279,Q1975478
Q11199,P31,Q3241972
Q27786609,P31,Q4167410
Q28859056,P31,Q4167410
Q188804,P279,Q18511800
Q188804,P461,Q6452866
Q18550,P279,Q1788992
Q18550,P452,Q46952
Q18550,P910,Q7485127
Q18550,P1343,Q2657718
Q18550,P1557,Q46952
Q18550,P1889,Q192424
Q18550,P1889,Q6729478
Q18550,P248,Q2943152
Q18550,P3095,Q1404030
Q23751947,P31,Q11455398
Q23751947,P31,Q101352
Q23751947,P407,Q9035
Q23751947,P1889,Q607125
Q23751947,P282,Q8229
Q23751947,P460,Q27094683
Q23751947,P460,Q47529843
Q23751947,P460,Q54640396
Q23751947,P460,Q55215437
Q23751947,P1552,Q89410507
Q5190563,P910,Q6992294
Q5190563,P460,Q15781385
Q5190563,P1889,Q15781385
Q5190563,P1269,Q1553864
Q5190563,P1269,Q1274115
Q5190563,P279,Q1274115
Q186361,P461,Q618779
Q186361,P910,Q7216203
Q186361,P361,Q227809
Q186361,P361,Q146491
Q186361,P1963,P1343
Q186361,P1889,Q22108769
Q186361,P1889,Q2588510
Q186361,P1889,Q2992411
Q186361,P279,Q4026292
Q186361,P279,Q2995644
Q186361,P1343,Q19190511
Q186361,P1343,Q20078554
Q14761450,P279,Q4175034
Q14761450,P31,Q4164871
Q14761450,P361,Q2495862
Q363570,P31,Q4167410
Q1142292,P31,Q5633421
Q1142292,P31,Q737498
Q1142292,P123,Q880582
Q1142292,P407,Q1860
Q1142292,P495,Q145
Q1142292,P495,Q30
Q1142292,P291,Q30
Q1142292,P8875,Q371467
Q1142292,P8875,Q104047209
Q21449600,P31,Q101352
Q21449600,P1889,Q460351
Q21449600,P282,Q8229
Q21449600,P460,Q37478260
Q342849,P31,Q4167410
Q359443,P31,Q4167410
Q1790733,P1889,Q6440544
Q1790733,P460,Q15978181
Q1753225,P279,Q1069371
Q1753225,P279,Q207125
Q1275509,P31,Q5
Q1275509,P21,Q6581097
Q1275509,P106,Q116
Q1275509,P1365,Q557735
Q940525,P31,Q4167410
Q940525,P1343,Q2041543
Q6806971,P31,Q4167410
Q343963,P31,Q4167410
Q343963,P1889,Q16865756
Q252000,P279,Q124490
Q252000,P279,Q1975478
Q337349,P1343,Q2657718
Q337349,P31,Q157811
Q337349,P527,Q1615266
Q337349,P527,Q666985
Q337349,P527,Q771773
Q337349,P1382,Q1530061
Q337349,P1382,Q1683540
Q337349,P279,Q19829125
Q337349,P1537,Q659974
Q337349,P461,Q170028
Q337349,P1889,Q28884688
Q1683540,P31,Q30028999
Q1683540,P31,Q2393196
Q1683540,P461,Q1503443
Q1683540,P279,Q211364
Q1683540,P279,Q19829125
Q1683540,P1382,Q337349
Q6206,P31,Q1641112
Q6206,P31,Q179805
Q6206,P31,Q12909644
Q6206,P910,Q6584912
Q6206,P1343,Q21002838
Q6206,P1343,Q2657718
Q6206,P461,Q389647
Q6206,P2184,Q3183163
Q6206,P5008,Q5460604
Q6206,P279,Q273005
Q6206,P2283,Q1780322
Q6206,P1424,Q6329076
Q6206,P1424,Q6688953
Q6206,P7378,Q7264
Q410966,P31,Q4167410
Q410966,P1889,Q21148170
Q410966,P1889,Q15860284
Q410966,P460,Q1553043
Q7616416,P279,Q37425
Q187117,P910,Q7058613
Q187117,P279,Q18603648
Q187117,P1889,Q1666019
Q187117,P138,Q31948
Q187117,P527,Q1666019
Q187117,P1343,Q1768721
Q7079659,P31,Q4167410
Q30515,P910,Q8752128
Q30515,P279,Q187931
Q30515,P279,Q42470
Q30515,P460,Q42470
Q6055890,P910,Q6242428
Q6055890,P361,Q1268199
Q6055890,P279,Q837171
Q6055890,P1687,P8324
Q462089,P19,Q60
Q462089,P27,Q30
Q462089,P31,Q5
Q462089,P106,Q15442776
Q462089,P106,Q170790
Q462089,P106,Q82594
Q462089,P69,Q49108
Q462089,P69,Q41506
Q462089,P166,Q31323
Q462089,P166,Q62505651
Q462089,P166,Q1164390
Q462089,P166,Q473292
Q462089,P166,Q1640531
Q462089,P166,Q185667
Q462089,P166,Q1366018
Q462089,P166,Q29545180
Q462089,P166,Q15615908
Q462089,P166,Q56099819
Q462089,P166,Q14906020
Q462089,P485,Q964035
Q462089,P101,Q8789
Q462089,P800,Q623447
Q462089,P108,Q170027
Q462089,P21,Q6581097
Q462089,P463,Q123885
Q462089,P1343,Q67311526
Q462089,P1412,Q1860
Q7540126,P910,Q6620915
Q7540126,P279,Q17334923
Q7540126,P279,Q470540
Q7540126,P279,Q34120414
Q7540126,P1687,P159
Q7540126,P92,Q2570482
Q7540126,P1552,Q34120414
Q450872,P31,Q4167410
Q450872,P1889,Q13560450
Q450872,P1889,Q16275860
Q450872,P460,Q5726363
Q227171,P31,Q4167410
Q3001164,P31,Q4167410
Q320769,P279,Q1914636
Q16738558,P31,Q4167410
Q5784097,P279,Q7493941
Q5784097,P279,Q41176
Q5784097,P910,Q8529043
Q11204,P910,Q5902757
Q11204,P279,Q1752346
Q11204,P279,Q895526
Q11204,P279,Q2324993
Q11204,P279,Q178706
Q11204,P279,Q116
Q11204,P1269,Q79896
Q11204,P1687,P194
Q11204,P527,Q4175034
Q11204,P2283,Q3406566
Q767568,P910,Q15279613
Q767568,P1343,Q2657718
Q767568,P1343,Q1768721
Q767568,P279,Q124490
Q767568,P1889,Q890057
Q767568,P1889,Q40821
Q767568,P366,Q186361
Q767568,P366,Q4808813
Q767568,P5008,Q13382529
Q7546863,P279,Q1969448
Q7546863,P279,Q545779
Q7546863,P138,Q151364
Q7546863,P180,Q160128
Q7546863,P180,Q156744
Q7546863,P407,Q106085
Q7546863,P407,Q1860
Q7546863,P6254,L41092
Q644291,P31,Q1145276
Q644291,P30,Q46
Q3271761,P31,Q2135465
Q944584,P910,Q8834659
Q944584,P279,Q11024
Q944584,P279,Q418
Q944584,P1343,Q2657718
Q944584,P31,Q627436
Q944584,P31,Q8148
Q23501,P105,Q7432
Q23501,P171,Q146555
Q23501,P31,Q16521
Q23501,P1420,Q15530945
Q23501,P910,Q8960626
Q23501,P4000,Q13184
Q23501,P1672,Q20638126
Q23501,P166,Q1344055
Q132781,P910,Q8790484
Q132781,P910,Q21686731
Q132781,P460,Q3516835
Q132781,P1343,Q1138524
Q132781,P1889,Q21057449
Q132781,P279,Q451967
Q132781,P279,Q83267
Q132781,P279,Q65969379
Q132781,P279,Q11376059
Q132781,P6104,Q59962934
Q132781,P92,Q851857
Q132781,P5008,Q13382529
Q132781,P1542,Q81938
Q132781,P3095,Q20725072
Q165950,P910,Q5827774
Q165950,P279,Q1914636
Q165950,P279,Q83267
Q165950,P1343,Q2657718
Q165950,P1343,Q602358
Q165950,P1343,Q2041543
Q165950,P3095,Q9352089
Q165950,P3095,Q5179297
Q165950,P1382,Q2904148
Q13219330,P361,Q328616
Q13219330,P279,Q57735705
Q13219330,P1889,Q2175216
Q13219330,P1889,Q15962881
Q13219330,P1889,Q1862087
Q1097601,P31,Q4167410
Q185235,P1343,Q21694347
Q185235,P1343,Q27036232
Q185235,P1343,Q47476491
Q185235,P31,Q477202
Q185235,P155,Q1144542
Q185235,P1889,Q2305390
Q403742,P31,Q4167410
Q7544312,P31,Q4167410
Q317,P279,Q173424
Q317,P910,Q7145927
Q317,P31,Q1307214
Q317,P1343,Q2041543
Q317,P5008,Q5460604
Q7272,P31,Q12909644
Q7272,P910,Q7157652
Q7272,P1343,Q302556
Q7272,P1343,Q602358
Q7272,P1343,Q4173137
Q7272,P1343,Q19180675
Q7272,P1343,Q4532138
Q7272,P1151,Q8438481
Q7272,P1424,Q6173104
Q7272,P1424,Q13107357
Q7272,P5008,Q5460604
Q7272,P5125,Q39087403
Q7272,P1552,Q17166135
Q7272,P279,Q273005
Q7272,P3095,Q16003594
Q21493272,P31,Q101352
Q21493272,P31,Q829026
Q21493272,P1889,Q1138782
Q21493272,P1889,Q6407187
Q21493272,P282,Q8229
Q21493272,P460,Q1158524
Q21493272,P460,Q46045571
Q21493272,P460,Q83501010
Q21493272,P460,Q99889705
Q21493272,P460,Q21491682
Q21493272,P1552,Q89410507
Q21493272,P407,Q188
Q5380065,P31,Q645858
Q5380065,P31,Q3403879
Q5380065,P495,Q30
Q5380065,P452,Q645858
Q5380065,P1056,Q645858
Q5380065,P176,Q306764
Q5380065,P366,Q6803515
Q5380065,P366,Q3403879
Q644439,P533,Q1203
Q644439,P533,Q8027
Q644439,P533,Q43303
Q644439,P533,Q220222
Q644439,P533,Q1163724
Q644439,P533,Q117012
Q644439,P533,Q467961
Q644439,P533,Q160456
Q644439,P533,Q306514
Q644439,P533,Q534128
Q644439,P533,Q548587
Q644439,P533,Q41142
Q644439,P533,Q36107
Q644439,P533,Q5628517
Q644439,P533,Q230681
Q644439,P533,Q1325716
Q644439,P533,Q360570
Q644439,P533,Q127723
Q644439,P533,Q1125901
Q644439,P533,Q509860
Q644439,P533,Q345182
Q644439,P533,Q1452355
Q644439,P533,Q1507656
Q644439,P533,Q465904
Q644439,P533,Q465140
Q644439,P533,Q3056728
Q644439,P533,Q6377186
Q644439,P533,Q45380
Q644439,P533,Q1163195
Q644439,P533,Q605130
Q644439,P533,Q705051
Q644439,P533,Q308714
Q644439,P533,Q319799
Q644439,P533,Q711080
Q644439,P533,Q2458580
Q644439,P533,Q443621
Q644439,P533,Q3572855
Q644439,P533,Q346112
Q644439,P533,Q7919569
Q644439,P533,Q2400211
Q644439,P533,Q2985133
Q644439,P533,Q6504490
Q644439,P533,Q5234127
Q644439,P533,Q4470096
Q644439,P533,Q4893826
Q644439,P533,Q5628099
Q644439,P533,Q4921171
Q644439,P533,Q7148023
Q644439,P533,Q8058352
Q644439,P533,Q1004932
Q644439,P533,Q6769521
Q644439,P533,Q3395088
Q644439,P533,Q15502532
Q644439,P533,Q6978683
Q644439,P533,Q7693233
Q644439,P533,Q5040592
Q644439,P533,Q6913894
Q644439,P533,Q7122562
Q644439,P533,Q7426343
Q644439,P533,Q7875913
Q644439,P533,Q6767080
Q644439,P533,Q7228810
Q644439,P533,Q7648425
Q644439,P533,Q964627
Q644439,P533,Q1920456
Q644439,P533,Q5271258
Q644439,P533,Q4717664
Q644439,P533,Q5545737
Q644439,P533,Q5351047
Q644439,P533,Q6174180
Q644439,P533,Q4920300
Q644439,P533,Q2495221
Q644439,P533,Q6151099
Q644439,P533,Q7704953
Q644439,P533,Q6417394
Q644439,P533,Q5269783
Q644439,P533,Q738029
Q644439,P533,Q5271678
Q644439,P533,Q7349400
Q644439,P533,Q7436027
Q644439,P533,Q6369494
Q644439,P533,Q7186674
Q644439,P533,Q6831755
Q644439,P533,Q8030840
Q644439,P533,Q189150
Q644439,P533,Q7673084
Q644439,P533,Q6728963
Q644439,P533,Q6790842
Q644439,P533,Q7442203
Q644439,P533,Q464677
Q644439,P533,Q3181825
Q644439,P533,Q2250103
Q644439,P533,Q19840111
Q644439,P533,Q28869074
Q644439,P533,Q28946094
Q644439,P17,Q30
Q644439,P31,Q22222786
Q644439,P137,Q8333
Q644439,P5008,Q13382529
Q229140,P31,Q4167410
Q229140,P1889,Q25411711
Q229140,P460,Q16296117
Q17162845,P31,Q54310231
Q17162845,P31,Q1050744
Q17162845,P407,Q1860
Q208351,P31,Q60539481
Q208351,P31,Q16748867
Q208351,P2579,Q9357054
Q208351,P461,Q24238252
Q208351,P361,Q77468620
Q17517,P279,Q11035
Q17517,P279,Q5082128
Q17517,P910,Q6160004
Q17517,P1552,Q506273
Q17517,P1424,Q13505601
Q17517,P1424,Q5849853
Q17517,P1424,Q25791820
Q17517,P527,Q65034977
Q17517,P527,Q80831
Q17517,P527,Q4454152
Q17517,P527,Q46384
Q17517,P527,Q870870
Q17517,P527,Q327065
Q17517,P527,Q131214
Q17517,P527,Q2032544
Q17517,P527,Q570
Q17517,P2184,Q2630862
Q17517,P155,Q738621
Q17517,P1889,Q1195934
Q325980,P910,Q17419560
Q325980,P1343,Q21002838
Q325980,P1343,Q4532138
Q325980,P31,Q694324
Q325980,P92,Q674827
Q325980,P279,Q1914636
Q325980,P279,Q29017603
Q325980,P366,Q29017603
Q325980,P1542,Q61788060
Q325980,P2283,Q707125
Q325980,P2283,Q5467425
Q325980,P2283,Q34284
Q26643,P921,Q601401
Q26643,P910,Q6741380
Q26643,P1343,Q20743760
Q26643,P460,Q601401
Q26643,P31,Q4671286
Q26643,P31,Q11862829
Q26643,P31,Q1914636
Q26643,P3095,Q104099828
Q42915592,P279,Q1183543
Q42915592,P366,Q100171002
Q42915592,P2283,Q28367692
Q1381565,P31,Q4167410
Q36963,P910,Q6308045
Q36963,P1151,Q19362171
Q36963,P417,Q149727
Q36963,P417,Q218921
Q36963,P417,Q159834
Q36963,P1343,Q16387823
Q36963,P1343,Q2657718
Q36963,P1343,Q1210353
Q36963,P1343,Q4086271
Q36963,P1343,Q1768721
Q36963,P1343,Q1768721
Q36963,P279,Q451967
Q36963,P279,Q861451
Q36963,P279,Q192581
Q36963,P279,Q47728
Q36963,P156,Q4282505
Q36963,P156,Q213449
Q36963,P1889,Q2306047
Q36963,P1889,Q34577
Q36963,P361,Q13165863
Q36963,P121,Q1678432
Q36963,P121,Q34168
Q36963,P3095,Q1714828
Q36963,P2579,Q4181964
Q36963,P2579,Q19924411
Q36963,P31,Q1914636
Q600751,P31,Q15987302
Q600751,P31,Q4164871
Q600751,P279,Q2135469
Q600751,P279,Q212238
Q600751,P425,Q44554
Q600751,P425,Q1522168
Q600751,P361,Q1092499
Q600751,P910,Q8789570
Q600751,P1687,P1592
Q600751,P1343,Q1970746
Q600751,P1343,Q2041543
Q7681754,P31,Q4167410
Q3737268,P31,Q4167410
Q5381451,P31,Q4167410
Q5381451,P1889,Q26387924
Q346300,P31,Q4167410
Q346300,P1889,Q16869882
Q484105,P910,Q6992319
Q484105,P1343,Q20743760
Q484105,P1343,Q1138524
Q484105,P1343,Q3181656
Q484105,P31,Q151885
Q484105,P461,Q10374580
Q17131110,P31,Q15987302
Q17131110,P279,Q185351
Q17131110,P279,Q15978655
Q55037038,P31,Q482994
Q55037038,P175,Q48720091
Q55037038,P264,Q4038001
Q55037038,P136,Q83270
Q55037038,P407,Q1860
Q55037038,P156,Q72405848
Q7540126,P910,Q6620915
Q7540126,P279,Q17334923
Q7540126,P279,Q470540
Q7540126,P279,Q34120414
Q7540126,P1687,P159
Q7540126,P92,Q2570482
Q7540126,P1552,Q34120414
Q6554336,P31,Q4167410
Q126692,P910,Q8789058
Q126692,P1343,Q678259
Q126692,P1343,Q20743760
Q126692,P1343,Q4532138
Q126692,P941,Q47471464
Q126692,P31,Q7257
Q126692,P279,Q5891
Q126692,P3095,Q16263353
Q126692,P1889,Q3401218
Q18733,P279,Q781413
Q18733,P279,Q57699905
Q18733,P1269,Q3267244
Q18733,P361,Q492
Q18733,P460,Q3267244
Q18733,P1889,Q816826
Q18733,P1479,Q104093790
Q7316902,P279,Q118093
Q218181,P31,Q4167410
Q219328,P31,Q4167410
Q219328,P1889,Q65952979
Q219328,P1889,Q65953023
Q219328,P1889,Q5244212
Q219328,P1889,Q79336255
Q414719,P31,Q4167410
Q8388,P1151,Q15623661
Q8388,P910,Q6585490
Q8388,P279,Q178059
Q8388,P31,Q2275640
Q8388,P2579,Q7867
Q8388,P2579,Q170912
Q8388,P2579,Q9418
Q8388,P1995,Q7867
Q8388,P1995,Q9418
Q8388,P461,Q2157065
Q8388,P924,Q183257
Q8388,P5008,Q4099686
Q3428811,P31,Q4167410
Q141090,P279,Q205663
Q141090,P910,Q7019674
Q141090,P361,Q8789
Q141090,P366,Q23647168
Q141090,P366,Q165950
Q141090,P366,Q501700
Q141090,P366,Q1503443
Q141090,P366,Q839180
Q141090,P366,Q192532
Q141090,P366,Q212108
Q141090,P366,Q461671
Q141090,P366,Q7444868
Q141090,P1269,Q78908682
Q56245265,P31,Q101352
Q56245265,P1889,Q8050996
Q56245265,P282,Q8229
Q1498376,P31,Q4167410
Q189203,P279,Q12040628
Q189203,P31,Q27949697
Q189203,P1343,Q4532135
Q510662,P279,Q79007
Q510662,P279,Q34442
Q510662,P910,Q8663141
Q510662,P1419,Q1392659
Q510662,P1889,Q145179
Q5265719,P31,Q4167410
Q232702,P31,Q4167410
Q232702,P1889,Q2547545
Q232702,P1889,Q553858
Q232702,P1889,Q56871938
Q232702,P1889,Q154008
Q232702,P1889,Q6351976
Q232702,P1889,Q56872124
Q232702,P1889,Q647541
Q232702,P1889,Q56872582
Q232702,P1889,Q56872687
Q232702,P1889,Q67500464
Q232702,P1889,Q1128775
Q232702,P1889,Q67501413
Q232702,P1889,Q67501581
Q232702,P1889,Q67505010
Q232702,P1889,Q67506173
Q232702,P1889,Q85346700
Q1415628,P910,Q8607998
Q1415628,P279,Q6537379
Q1415628,P1343,Q19180675
Q562872,P31,Q4167410
Q728646,P279,Q1589009
Q728646,P461,Q167037
Q728646,P910,Q8717575
Q728646,P1889,Q28382149
Q728646,P1889,Q736922
Q185369,P910,Q8761883
Q185369,P1343,Q2657718
Q185369,P1056,Q49465334
Q185369,P279,Q11019
Q21450582,P31,Q101352
Q21450582,P1889,Q2869359
Q21450582,P282,Q8229
Q21450582,P407,Q1860
Q6998825,P31,Q4167410
Q7206730,P31,Q21191150
Q7206730,P31,Q21190845
Q7206730,P527,Q58232831
Q7206730,P527,Q58232804
Q7206730,P170,Q58232894
Q7206730,P1424,Q20335580
Q7206730,P1441,Q4659346
Q5467169,P910,Q7899188
Q5467169,P31,Q28640
Q5467169,P361,Q1056396
Q5467169,P279,Q327055
Q5467169,P425,Q1056396
Q5467169,P1382,Q2462658
Q292995,P31,Q4167410
Q162633,P279,Q4671277
Q162633,P279,Q955824
Q162633,P279,Q38723
Q162633,P279,Q3914
Q162633,P910,Q9699184
Q162633,P1343,Q2657718
Q162633,P1343,Q602358
Q162633,P1343,Q19180675
Q162633,P1343,Q3181656
Q162633,P1889,Q193093
Q162633,P1889,Q2822246
Q162633,P1889,Q337465
Q162633,P1889,Q1211427
Q162633,P138,Q415017
Q162633,P138,Q381885
Q162633,P138,Q162875
Q2274949,P31,Q4167410
Q2274949,P1889,Q36961433
Q2274949,P910,Q66364594
Q1345443,P279,Q3249551
Q1345443,P279,Q12772819
Q1345443,P1269,Q1430062
Q1145523,P910,Q7216201
Q1145523,P279,Q1914636
Q1145523,P1382,Q380962
Q1145523,P1889,Q156744
Q332946,P279,Q81715
Q180472,P910,Q8875692
Q180472,P1343,Q2041543
Q180472,P1343,Q1138524
Q180472,P1343,Q30059240
Q180472,P1343,Q2657718
Q180472,P1343,Q1768721
Q180472,P31,Q1334052
Q180472,P31,Q11666901
Q180472,P527,Q26701091
Q180472,P5125,Q28130112
Q180472,P279,Q41689629
Q640104,P279,Q221706
Q640104,P279,Q3488818
Q640104,P279,Q189771
Q640104,P279,Q391414
Q640104,P1343,Q2657718
Q640104,P1343,Q602358
Q7188,P910,Q54070
Q7188,P1343,Q2657718
Q7188,P1557,Q25107
Q7188,P527,Q35535
Q7188,P5008,Q5460604
Q7188,P5125,Q25113003
Q7188,P1963,P6
Q7188,P1963,P527
Q7188,P1963,P17
Q7188,P1963,P571
Q7188,P1963,P576
Q7188,P1963,P279
Q7188,P1963,P3842
Q7188,P1963,P1313
Q7188,P1963,P355
Q7188,P2388,Q2285706
Q7188,P1889,Q6199
Q7188,P1889,Q188670
Q7188,P1889,Q192424
Q7188,P279,Q1125239
Q7188,P461,Q192852
Q7188,P361,Q35798
Q7188,P1552,Q1307214
Q223894,P31,Q4167410
Q12823770,P1343,Q2657718
Q12823770,P279,Q234460
Q12823770,P279,Q857525
Q12823770,P279,Q65769574
Q12823770,P361,Q46857
Q12823770,P361,Q1129653
Q12823770,P361,Q49848
Q12823770,P1889,Q857525
Q3736690,P279,Q11035
Q3736690,P366,Q7444882
Q3736690,P2283,Q141090
Q1202763,P31,Q4167410
Q11818998,P31,Q4167410
Q11818998,P1889,Q37315129
Q11818998,P460,Q229122
Q11818998,P460,Q62029948
Q561642,P31,Q4167410
Q2439,P31,Q577
Q2439,P31,Q19828
Q2439,P361,Q34644
Q2439,P156,Q2437
Q2439,P910,Q6938230
Q2439,P155,Q2484
Q2439,P2959,Q31802991
Q2439,P527,Q16528130
Q2439,P527,Q16530453
Q2439,P527,Q16630904
Q2439,P527,Q13070119
Q2439,P527,Q16645037
Q2439,P527,Q13066039
Q2439,P527,Q16647459
Q2439,P527,Q13072289
Q2439,P527,Q13071488
Q2439,P527,Q16667216
Q2439,P527,Q16667779
Q2439,P527,Q16676408
Q2439,P1889,Q2812761
Q2439,P1889,Q4579129
Q6037286,P31,Q4167410
Q3051635,P17,Q1008
Q3051635,P31,Q2679157
Q3051635,P131,Q863795
Q6502784,P31,Q4167410
Q405417,P31,Q4167410
Q628523,P910,Q9034900
Q628523,P279,Q11028
Q628523,P366,Q11024
Q628523,P1889,Q54894944
Q628523,P1552,Q1530061
Q49958,P910,Q7014322
Q49958,P279,Q814232
Q49958,P279,Q7257997
Q49958,P279,Q21004260
Q49958,P3095,Q16919156
Q49958,P31,Q8148
Q837975,P31,Q722192
Q837975,P279,Q30059018
Q13402954,P361,Q300914
Q13402954,P2283,Q838087
Q41273,P1343,Q2657718
Q41273,P1343,Q26711933
Q41273,P1343,Q73391977
Q41273,P279,Q2672914
Q41273,P279,Q643669
Q41273,P279,Q107715
Q41273,P4934,Q11423
Q41273,P4934,Q11465
Q41273,P1889,Q837940
Q41273,P8111,Q78775089
Q4686366,P31,Q4167410
Q1178401,P31,Q4167410
Q418,P279,Q1472062
Q418,P910,Q7215330
Q418,P1343,Q2657718
Q418,P2633,Q3123418
Q418,P31,Q2465832
Q418,P31,Q11862829
Q418,P31,Q268592
Q418,P5125,Q7112741
Q418,P1424,Q14397509
Q418,P2184,Q2750030
Q17048997,P31,Q482994
Q17048997,P175,Q16843167
Q17048997,P155,Q17023190
Q17048997,P156,Q16248173
Q17048997,P264,Q3359481
Q11631,P425,Q22719
Q11631,P910,Q6990046
Q11631,P31,Q28640
Q11631,P279,Q373021
Q11631,P279,Q901
Q11631,P1424,Q5898492
Q11631,P2354,Q6646895
Q11631,P3828,Q223571
Q34396,P910,Q8756008
Q34396,P366,Q552461
Q34396,P366,Q334637
Q34396,P366,Q369570
Q34396,P279,Q12370
Q34396,P279,Q334637
Q34396,P279,Q174211
Q34396,P1343,Q2657718
Q34396,P1343,Q4086271
Q34396,P1343,Q1970746
Q34396,P1343,Q602358
Q34396,P1343,Q19180675
Q4308518,P31,Q12308941
Q4308518,P460,Q21055001
Q4308518,P460,Q21055015
Q4308518,P460,Q21055020
Q4308518,P460,Q21055025
Q4308518,P460,Q21055027
Q4308518,P460,Q19915099
Q4308518,P1889,Q679401
Q4308518,P138,Q9458
Q4308518,P407,Q13955
Q4308518,P407,Q7411
Q4308518,P282,Q8229
Q4308518,P1533,Q37518119
Q4308518,P5323,Q21644845
Q4308518,P1343,Q151
Q411842,P31,Q4167410
Q411842,P1889,Q20759448
Q411842,P1889,Q28296
Q16868793,P31,Q21278897
Q170028,P910,Q7216269
Q170028,P279,Q11024
Q170028,P1343,Q2041543
Q170028,P1889,Q33056942
Q170028,P1889,Q29485
Q170028,P2670,Q4925193
Q170028,P2283,Q690194
Q170028,P460,Q5282225
Q170028,P1552,Q706622
Q170028,P461,Q337349
Q190688,P279,Q37172
Q190688,P279,Q2956685
Q190688,P910,Q8739737
Q190688,P1343,Q2657718
Q190688,P5135,Q124003
Q190688,P1552,Q36963847
Q5608642,P279,Q696617
Q5608642,P279,Q85776190
Q2307054,P31,Q937228
Q2307054,P361,Q126842
Q2307054,P361,Q179805
Q2307054,P910,Q7235937
Q2307054,P1382,Q2515622
Q2307054,P460,Q228914
Q2307054,P1343,Q2041543
Q21189184,P279,Q820655
Q1664338,P31,Q63188808
Q1664338,P31,Q15987302
Q1664338,P279,Q4504549
Q1664338,P279,Q4594605
Q1664338,P910,Q8549608
Q1664338,P1889,Q12021647
Q1664338,P1269,Q43173
Q28643,P279,Q2083958
Q28643,P910,Q21800777
Q44512,P279,Q3241045
Q44512,P279,Q3839081
Q44512,P279,Q50156634
Q44512,P910,Q7215497
Q44512,P1343,Q2657718
Q44512,P1343,Q2041543
Q44512,P1343,Q1970746
Q44512,P1343,Q1970746
Q44512,P1343,Q19180675
Q44512,P1343,Q602358
Q44512,P1343,Q63284758
Q44512,P1343,Q3181656
Q44512,P5008,Q54439832
Q44512,P5008,Q87748614
Q44512,P1889,Q506680
Q44512,P2354,Q4254860
Q44512,P2579,Q133805
Q44512,P1424,Q87431051
Q1744625,P31,Q4167410
Q1744625,P1889,Q13582682
Q1744625,P1889,Q5962346
Q1744625,P460,Q14829594
Q141535,P31,Q4167410
Q141535,P1889,Q13832115
Q250143,P31,Q4167410
Q250143,P1889,Q1266539
Q20779973,P31,Q4167410
Q153799,P31,Q1073408
Q15180,P1546,Q877781
Q15180,P463,Q41644
Q15180,P463,Q81299
Q15180,P463,Q191582
Q15180,P463,Q125761
Q15180,P463,Q1065
Q15180,P463,Q37470
Q15180,P1151,Q8435128
Q15180,P36,Q649
Q15180,P6,Q1394
Q15180,P6,Q294339
Q15180,P6,Q132899
Q15180,P6,Q855
Q15180,P6,Q180588
Q15180,P6,Q48093
Q15180,P6,Q35314
Q15180,P6,Q202770
Q15180,P6,Q315518
Q15180,P6,Q366524
Q15180,P6,Q435367
Q15180,P6,Q714552
Q15180,P78,Q48369
Q15180,P31,Q512187
Q15180,P31,Q842112
Q15180,P31,Q3024240
Q15180,P31,Q3624078
Q15180,P31,Q849866
Q15180,P31,Q1323642
Q15180,P31,Q1335818
Q15180,P112,Q2184
Q15180,P112,Q133356
Q15180,P112,Q2895
Q15180,P112,Q545205
Q15180,P163,Q165230
Q15180,P122,Q1075404
Q15180,P122,Q4198907
Q15180,P122,Q50686
Q15180,P237,Q189925
Q15180,P92,Q2515553
Q15180,P92,Q76986
Q15180,P92,Q11836865
Q15180,P156,Q302045
Q15180,P156,Q7779
Q15180,P457,Q1443926
Q15180,P457,Q2301388
Q15180,P38,Q615640
Q15180,P37,Q7737
Q15180,P793,Q1443926
Q15180,P793,Q5167679
Q15180,P793,Q76986
Q15180,P793,Q19896779
Q15180,P793,Q45745
Q15180,P793,Q167634
Q15180,P793,Q2416215
Q15180,P793,Q362
Q15180,P793,Q2301388
Q15180,P910,Q7098184
Q15180,P1464,Q8070824
Q15180,P1465,Q9683996
Q15180,P47,Q33946
Q15180,P47,Q33
Q15180,P47,Q794
Q15180,P47,Q43
Q15180,P47,Q212056
Q15180,P47,Q148
Q15180,P47,Q423
Q15180,P47,Q889
Q15180,P47,Q17
Q15180,P47,Q36
Q15180,P47,Q211274
Q15180,P47,Q219
Q15180,P47,Q842794
Q15180,P47,Q30
Q15180,P47,Q218
Q15180,P47,Q188712
Q15180,P47,Q2174038
Q15180,P47,Q8272919
Q15180,P47,Q2369784
Q15180,P155,Q2184
Q15180,P155,Q133356
Q15180,P155,Q2895
Q15180,P155,Q545205
Q15180,P155,Q207272
Q15180,P1740,Q10216749
Q15180,P530,Q16
Q15180,P530,Q30
Q15180,P530,Q33946
Q15180,P530,Q36704
Q15180,P530,Q218
Q15180,P530,Q801
Q15180,P530,Q916
Q15180,P530,Q16957
Q15180,P530,Q35
Q15180,P530,Q769
Q15180,P530,Q241
Q15180,P530,Q159583
Q15180,P530,Q819
Q15180,P530,Q20
Q15180,P530,Q843
Q15180,P530,Q43
Q15180,P530,Q928
Q15180,P530,Q1008
Q15180,P530,Q833
Q15180,P530,Q678
Q15180,P530,Q686
Q15180,P530,Q17
Q15180,P530,Q183
Q15180,P2184,Q462252
Q15180,P1343,Q2657718
Q15180,P1343,Q4532138
Q15180,P1906,Q61870366
Q15180,P1906,Q2355240
Q15180,P1906,Q4376657
Q15180,P1906,Q1255261
Q15180,P2633,Q3029177
Q15180,P35,Q229828
Q15180,P35,Q355639
Q15180,P35,Q186185
Q15180,P35,Q765165
Q15180,P35,Q152738
Q15180,P35,Q295781
Q15180,P35,Q765165
Q15180,P35,Q325038
Q15180,P35,Q44071
Q15180,P35,Q325038
Q15180,P35,Q127442
Q15180,P35,Q325038
Q15180,P35,Q184267
Q15180,P35,Q30487
Q15180,P30,Q46
Q15180,P30,Q48
Q15180,P1313,Q4376682
Q15180,P1313,Q4376674
Q15180,P1313,Q61872188
Q15180,P2959,Q13202801
Q15180,P2959,Q25696246
Q15180,P2959,Q64500859
Q15180,P17,Q15180
Q15180,P1792,Q4467
Q15180,P85,Q49617
Q15180,P85,Q251918
Q15180,P138,Q211201
Q15180,P138,Q7272
Q15180,P138,Q7270
Q15180,P5125,Q26884349
Q15180,P194,Q326465
Q15180,P194,Q2565398
Q15180,P150,Q2184
Q15180,P150,Q133356
Q15180,P150,Q2895
Q15180,P150,Q132856
Q15180,P150,Q130229
Q15180,P150,Q131337
Q15180,P150,Q173761
Q15180,P150,Q192180
Q15180,P150,Q130280
Q15180,P150,Q170895
Q15180,P150,Q168811
Q15180,P150,Q130276
Q15180,P150,Q484578
Q15180,P150,Q199707
Q15180,P150,Q199711
Q15180,P150,Q186888
Q15180,P150,Q545205
Q15180,P3075,Q864936
Q15180,P1344,Q322607
Q15180,P1344,Q189266
Q15180,P1344,Q184425
Q15180,P1344,Q169401
Q15180,P527,Q2184
Q15180,P2936,Q7737
Q15180,P2579,Q76243567
Q15180,P3842,Q159
Q15180,P3842,Q212
Q15180,P3842,Q211
Q15180,P3842,Q37
Q15180,P3842,Q191
Q15180,P3842,Q184
Q15180,P3842,Q217
Q15180,P3842,Q230
Q15180,P3842,Q399
Q15180,P3842,Q265
Q15180,P3842,Q232
Q15180,P3842,Q863
Q15180,P3842,Q874
Q15180,P3842,Q813
Q15180,P3842,Q227
Q15180,P8744,Q1994254
Q15180,P1365,Q2305208
Q15180,P1365,Q2369784
Q7883720,P31,Q4167410
Q592,P460,Q5891541
Q592,P460,Q6636
Q592,P461,Q25267467
Q592,P279,Q6636
Q592,P279,Q17884
Q592,P279,Q853451
Q592,P1889,Q689726
Q592,P31,Q17888
Q592,P5008,Q24909800
Q592,P5008,Q15092984
Q592,P910,Q7140999
Q62955,P527,Q2897903
Q62955,P1687,P2136
Q62955,P1343,Q2657718
Q62955,P1343,Q2041543
Q62955,P1343,Q602358
Q62955,P461,Q182722
Q62955,P910,Q30858711
Q62955,P279,Q178803
Q11002,P279,Q2095
Q11002,P279,Q25403900
Q11002,P279,Q1365365
Q11002,P910,Q5645671
Q11002,P31,Q902638
Q11002,P31,Q26897776
Q11002,P460,Q4027534
Q11002,P1552,Q216678
Q11002,P5008,Q5460604
Q11002,P1343,Q19180675
Q11002,P1343,Q602358
Q11002,P1343,Q1970746
Q11002,P1343,Q1768721
Q11002,P1889,Q27462479
Q11002,P1889,Q170002
Q11002,P1889,Q27104342
Q11002,P1889,Q37525
Q7933104,P31,Q4167410
Q35749,P361,Q166747
Q35749,P279,Q11204
Q35749,P279,Q280783
Q35749,P279,Q1752346
Q35749,P279,Q18810687
Q35749,P910,Q7032126
Q35749,P1424,Q54466
Q35749,P1343,Q2041543
Q35749,P2184,Q20202270
Q35749,P527,Q486839
Q35749,P527,Q2986700
Q35749,P3989,Q82955
Q35749,P6104,Q59961212
Q1622628,P31,Q4167410
Q1622628,P1889,Q19968393
Q1622628,P1889,Q37456510
Q1622628,P361,Q30278948
Q1622628,P460,Q2850916
Q1622628,P460,Q1667992
Q5074608,P31,Q5
Q5074608,P19,Q937745
Q5074608,P106,Q245068
Q5074608,P106,Q33999
Q5074608,P21,Q6581097
Q5074608,P27,Q668
Q5074608,P1412,Q5885
Q5074608,P69,Q3276104
Q5074608,P69,Q4705575
Q5074608,P1889,Q1066738
Q5074608,P138,Q882
Q5474587,P31,Q4167410
Q28232967,P17,Q16
Q28232967,P31,Q134556
Q28232967,P175,Q5105
Q28232967,P155,Q24211312
Q28232967,P156,Q47539397
Q28232967,P264,Q183387
Q28232967,P136,Q22991878
Q1294517,P31,Q4167410
Q2146747,P31,Q4167410
Q2146747,P1889,Q37304885
Q5135827,P31,Q4167410
Q188577,P31,Q211364
Q188577,P31,Q1799072
Q188577,P31,Q388791
Q188577,P910,Q16789508
Q188577,P1889,Q202722
Q188577,P279,Q1331926
Q415568,P279,Q1172540
Q8789,P31,Q336
Q8789,P910,Q6121277
Q8789,P361,Q1430062
Q8789,P527,Q471906
Q8789,P2184,Q467928
Q8789,P1343,Q47482102
Q8789,P5125,Q620009
Q8789,P279,Q365674
Q8789,P793,Q18387876
Q214244,P910,Q8224665
Q214244,P279,Q169207
Q214244,P279,Q58375253
Q214244,P31,Q828395
Q214244,P460,Q1752294
Q375728,P31,Q4167410
Q5130873,P31,Q4167410
Q5482740,P910,Q6624060
Q5482740,P31,Q28640
Q5482740,P425,Q80006
Q5482740,P1963,P1056
Q5482740,P1963,P1581
Q5482740,P1963,P463
Q5482740,P1963,P108
Q5482740,P1963,P800
Q5482740,P1963,P2578
Q5482740,P2283,Q80006
Q5482740,P279,Q183888
Q5482740,P279,Q482980
Q5482740,P1687,P943
Q5482740,P1542,Q128751
Q5482740,P1889,Q1374194
Q5482740,P2354,Q3269048
Q10852899,P31,Q4167410
Q11405,P279,Q173453
Q11405,P279,Q181247
Q11405,P910,Q6483877
Q11405,P1343,Q27680201
Q11405,P1343,Q19180675
Q11405,P1343,Q602358
Q11405,P1343,Q1768721
Q11405,P5008,Q5460604
Q11405,P1535,Q12902372
Q11405,P31,Q1254773
Q11405,P2354,Q5337632
Q21509517,P31,Q101352
Q21509517,P1889,Q6275513
Q21509517,P282,Q8229
Q3487179,P31,Q4167410
Q7163,P279,Q3482410
Q7163,P279,Q4686698
Q7163,P279,Q1914636
Q7163,P279,Q11862829
Q7163,P1151,Q8133239
Q7163,P910,Q4103183
Q7163,P527,Q1519812
Q7163,P527,Q828395
Q7163,P527,Q582577
Q7163,P527,Q1711347
Q7163,P527,Q181648
Q7163,P527,Q1573035
Q7163,P527,Q1667082
Q7163,P527,Q2516371
Q7163,P2184,Q1147507
Q7163,P1343,Q2041543
Q7163,P1343,Q101314624
Q7163,P5008,Q5460604
Q7163,P3095,Q82955
Q7163,P3095,Q1020994
Q7163,P1889,Q1156854
Q7163,P1889,Q4103183
Q7163,P1424,Q11171406
Q7163,P2579,Q36442
Q7163,P2579,Q97008347
Q7163,P31,Q483394
Q917476,P279,Q107715
Q412397,P31,Q4167410
Q412397,P1889,Q16872185
Q412397,P1889,Q96104569
Q15407657,P461,Q177826
Q15407657,P31,Q874405
Q15407657,P279,Q17573152
Q43637,P461,Q319808
Q43637,P31,Q877707
Q43637,P361,Q39072
Q43637,P910,Q7465332
Q43637,P460,Q16048255
Q43637,P2579,Q8134
Q43637,P1889,Q1218344
Q43637,P279,Q17737
Q1362711,P105,Q35409
Q1362711,P171,Q1844555
Q1362711,P171,Q60500655
Q1362711,P171,Q61719409
Q1362711,P31,Q16521
Q1362711,P910,Q8719622
Q5036235,P31,Q4167410
Q5197789,P31,Q4167410
Q1642960,P31,Q28640
Q1642960,P279,Q15980804
Q1642960,P910,Q10193103
Q1642960,P1343,Q2657718
Q31895,P279,Q183039
Q31895,P1343,Q21002838
Q31895,P1343,Q4532135
Q31895,P1343,Q602358
Q31895,P1343,Q19180675
Q31895,P1343,Q2041543
Q31895,P1889,Q2371005
Q31895,P1889,Q17930
Q31895,P1889,Q1787424
Q31895,P1889,Q420752
Q31895,P461,Q188619
Q31895,P31,Q1307214
Q1030250,P31,Q4167410
Q273976,P279,Q645883
Q273976,P910,Q7013211
Q273976,P17,Q43
Q273976,P495,Q43
Q273976,P1889,Q188055
Q273976,P1889,Q159377
Q320765,P366,Q320769
Q320765,P527,Q68
Q320765,P279,Q1183543
Q320765,P279,Q1480972
Q1713,P279,Q121769
Q1713,P1687,P2860
Q1713,P1687,P1683
Q1713,P461,Q2492572
Q1713,P1889,Q206287
Q1713,P1889,Q1774089
Q1713,P460,Q10358455
Q3684810,P31,Q4167410
Q241663,P31,Q4167410
Q241663,P1889,Q340710
Q4340209,P361,Q9357054
Q4340209,P361,Q77468620
Q4340209,P461,Q185935
Q4340209,P910,Q8374383
Q4340209,P1880,Q556298
Q4340209,P1880,Q3577449
Q4340209,P1880,Q385555
Q4340209,P1880,Q17027611
Q4340209,P1880,Q4524899
Q4340209,P1880,Q18207666
Q4340209,P1880,Q7661898
Q4340209,P1880,Q4335479
Q4340209,P1880,Q813655
Q4340209,P1880,Q7395139
Q4340209,P1995,Q7867
Q4340209,P279,Q188638
Q4340209,P2293,Q18035156
Q4340209,P2293,Q15326496
Q4340209,P2293,Q18033197
Q4340209,P2293,Q15316113
Q4340209,P2293,Q18026556
Q4340209,P2293,Q18047740
Q4340209,P2293,Q18032734
Q4340209,P2293,Q4044993
Q4340209,P31,Q12136
Q4340209,P5642,Q662860
Q4340209,P2176,Q412107
Q4340209,P2176,Q58396
Q4340209,P2176,Q4363230
Q4340209,P2176,Q420350
Q4340209,P2176,Q411251
Q4340209,P2176,Q416632
Q4340209,P2176,Q418909
Q4340209,P2176,Q243547
Q4340209,P780,Q9690
Q4340209,P780,Q5419936
Q4340209,P780,Q290620
Q4340209,P1343,Q2041543
Q4340209,P689,Q8441
Q4340209,P689,Q467
Q4340209,P5008,Q4099686
Q315515,P31,Q2393196
Q315515,P1889,Q72221057
Q416674,P31,Q4167410
Q49822,P910,Q6577178
Q49822,P31,Q1343715
Q49822,P279,Q186361
Q49822,P1343,Q19190511
Q49822,P1343,Q19180675
Q49822,P1343,Q3181656
Q178844,P279,Q83267
Q178844,P1343,Q678259
Q178844,P910,Q15176691
Q178844,P1889,Q1404121
Q178844,P1889,Q3068195
Q178844,P1889,Q355707
Q178844,P1889,Q1255957
Q41760,P910,Q13359892
Q41760,P1343,Q2657718
Q41760,P1343,Q602358
Q41760,P279,Q21106344
Q41760,P31,Q2996394
Q41760,P31,Q1039303
Q41760,P2579,Q5444386
Q342542,P31,Q4167410
Q7188,P910,Q54070
Q7188,P1343,Q2657718
Q7188,P1557,Q25107
Q7188,P527,Q35535
Q7188,P5008,Q5460604
Q7188,P5125,Q25113003
Q7188,P1963,P6
Q7188,P1963,P527
Q7188,P1963,P17
Q7188,P1963,P571
Q7188,P1963,P576
Q7188,P1963,P279
Q7188,P1963,P3842
Q7188,P1963,P1313
Q7188,P1963,P355
Q7188,P2388,Q2285706
Q7188,P1889,Q6199
Q7188,P1889,Q188670
Q7188,P1889,Q192424
Q7188,P279,Q7210356
Q7188,P461,Q192852
Q7188,P361,Q35798
Q7188,P1552,Q1307214
Q36963,P910,Q6308045
Q36963,P1151,Q19362171
Q36963,P417,Q149727
Q36963,P417,Q218921
Q36963,P417,Q159834
Q36963,P1343,Q16387823
Q36963,P1343,Q2657718
Q36963,P1343,Q1210353
Q36963,P1343,Q4086271
Q36963,P1343,Q1768721
Q36963,P1343,Q1768721
Q36963,P279,Q451967
Q36963,P279,Q861451
Q36963,P279,Q192581
Q36963,P279,Q47728
Q36963,P156,Q4282505
Q36963,P156,Q213449
Q36963,P1889,Q2306047
Q36963,P1889,Q34577
Q36963,P361,Q13165863
Q36963,P121,Q1678432
Q36963,P121,Q34168
Q36963,P3095,Q1714828
Q36963,P2579,Q4181964
Q36963,P2579,Q19924411
Q36963,P31,Q1914636
Q1364673,P279,Q3523102
Q1364673,P31,Q12737077
Q394847,P31,Q4167410
Q394847,P1889,Q347528
Q234384,P31,Q4167410
Q234384,P1889,Q7102195
Q234384,P1889,Q37471542
Q254508,P910,Q9107352
Q254508,P279,Q2159907
Q254508,P1343,Q678259
Q254508,P31,Q2628882
Q254508,P31,Q12737077
Q838811,P31,Q657326
Q838811,P31,Q12737077
Q838811,P31,Q2207288
Q838811,P425,Q80962
Q838811,P910,Q9599342
Q838811,P1343,Q2657718
Q838811,P1343,Q19180675
Q838811,P1343,Q602358
Q838811,P279,Q131512
Q838811,P1889,Q131512
Q192623,P279,Q17768966
Q192623,P279,Q2727213
Q192623,P279,Q476807
Q192623,P910,Q6313433
Q192623,P3095,Q23906216
Q46388,P910,Q8792545
Q46388,P31,Q49371
Q46388,P1889,Q399999
Q46388,P279,Q1751943
Q46388,P279,Q621608
Q7120400,P31,Q4167410
Q131681,P910,Q7211108
Q131681,P279,Q3215290
Q131681,P279,Q2551525
Q131681,P1343,Q2657718
Q131681,P1424,Q13411749
Q131681,P1963,P3119
Q131681,P1963,P4568
Q131681,P1687,P4661
Q131681,P1889,Q7973769
Q1525451,P31,Q4167410
Q239978,P31,Q4167410
Q5934875,P31,Q4167410
Q404808,P31,Q4167410
Q322294,P31,Q12909644
Q322294,P910,Q13293923
Q322294,P361,Q872760
Q8161,P279,Q748289
Q8161,P279,Q7748
Q8161,P279,Q98539598
Q8161,P910,Q8832154
Q8161,P1343,Q2657718
Q8161,P1343,Q19538713
Q8161,P1343,Q2041543
Q8161,P1343,Q19190511
Q8161,P5008,Q5460604
Q8161,P1424,Q14492698
Q237183,P31,Q4167410
Q237183,P460,Q1841162
Q237183,P1889,Q37434690
Q2460596,P31,Q4167410
Q2460596,P1889,Q2460609
Q2460596,P1889,Q37556355
Q45422,P910,Q7809740
Q45422,P31,Q25403900
Q45422,P31,Q55983715
Q45422,P31,Q2382443
Q45422,P31,Q508019
Q45422,P31,Q311527
Q45422,P31,Q2220924
Q45422,P279,Q764
Q45422,P279,Q908833
Q45422,P1343,Q602358
Q45422,P1343,Q19180675
Q1649367,P31,Q4167410
Q2625603,P279,Q16334298
Q2625603,P279,Q1949963
Q2625603,P279,Q322481
Q2625603,P361,Q184806
Q2625603,P1343,Q2041543
Q2625603,P1343,Q101314624
Q2625603,P1889,Q1613416
Q2625603,P1552,Q904564
Q2625603,P1552,Q189800
Q2625603,P1552,Q349856
Q2625603,P1552,Q188419
Q4733638,P31,Q4167410
Q83376,P910,Q8689160
Q83376,P1343,Q2657718
Q83376,P279,Q56139
Q83376,P495,Q664609
Q83376,P186,Q3391243
Q83376,P2079,Q41760
Q83376,P2079,Q101017
Q83376,P31,Q154
Q914068,P31,Q4167410
Q914068,P1889,Q37556570
Q26827887,P31,Q4167410
Q2163153,P31,Q12308941
Q2163153,P460,Q28035458
Q2163153,P460,Q18039509
Q2163153,P460,Q33120696
Q2163153,P460,Q93772475
Q2163153,P1750,Q2822
Q2163153,P1750,Q2822
Q2163153,P1889,Q13415468
Q2163153,P282,Q8229
Q2163153,P1533,Q37098459
Q2163153,P407,Q1412
Q2163153,P407,Q7411
Q2163153,P5323,Q21644845
Q274160,P31,Q151885
Q274160,P910,Q9958865
Q274160,P1343,Q2041543
Q274160,P279,Q1207505
Q274160,P461,Q98106841
Q274160,P1552,Q7830397
Q2383053,P31,Q182545
Q859,P31,Q5
Q859,P1066,Q913
Q859,P1066,Q712328
Q859,P1066,Q1336424
Q859,P135,Q193589
Q859,P21,Q6581097
Q859,P106,Q4964182
Q859,P106,Q26237228
Q859,P106,Q49757
Q859,P106,Q482980
Q859,P22,Q667017
Q859,P25,Q444595
Q859,P20,Q844930
Q859,P19,Q844930
Q859,P27,Q844930
Q859,P910,Q8968660
Q859,P39,Q18650073
Q859,P1343,Q19180675
Q859,P1343,Q602358
Q859,P1343,Q21065550
Q859,P1343,Q2041543
Q859,P1343,Q30059240
Q859,P1343,Q27680201
Q859,P1343,Q51955019
Q859,P1343,Q867541
Q859,P1343,Q67311526
Q859,P1343,Q19180675
Q859,P1343,Q99413897
Q859,P737,Q913
Q859,P737,Q41155
Q859,P737,Q125551
Q859,P737,Q6691
Q859,P737,Q44233
Q859,P737,Q43353
Q859,P737,Q169243
Q859,P737,Q10261
Q859,P737,Q242517
Q859,P802,Q868
Q859,P802,Q45013
Q859,P802,Q185150
Q859,P802,Q214121
Q859,P802,Q288467
Q859,P802,Q316334
Q859,P802,Q325955
Q859,P802,Q428222
Q859,P802,Q555818
Q859,P802,Q3271431
Q859,P802,Q5170720
Q859,P802,Q5255306
Q859,P802,Q5385022
Q859,P802,Q3060421
Q859,P802,Q5732535
Q859,P802,Q3134747
Q859,P802,Q7263937
Q859,P802,Q7806914
Q859,P802,Q16210063
Q859,P802,Q2362087
Q859,P172,Q539051
Q859,P1412,Q35497
Q859,P3373,Q467522
Q859,P3373,Q353580
Q859,P3373,Q1364945
Q859,P3373,Q582005
Q859,P800,Q267634
Q859,P800,Q648889
Q859,P800,Q244161
Q859,P800,Q6499786
Q859,P800,Q520328
Q859,P800,Q371884
Q859,P800,Q264241
Q859,P800,Q746253
Q859,P800,Q273668
Q859,P800,Q781206
Q859,P800,Q1653767
Q859,P800,Q1347394
Q859,P800,Q1335321
Q859,P800,Q2440551
Q859,P800,Q2440110
Q859,P800,Q1153509
Q859,P800,Q1619950
Q859,P800,Q634846
Q859,P800,Q614640
Q859,P800,Q1426781
Q859,P800,Q1243625
Q859,P800,Q752285
Q859,P800,Q924977
Q859,P800,Q1474843
Q859,P800,Q241668
Q859,P800,Q1130762
Q859,P800,Q555862
Q859,P800,Q123397
Q859,P800,Q220972
Q859,P800,Q1788674
Q859,P800,Q2440575
Q859,P800,Q471715
Q859,P800,Q669911
Q859,P800,Q486727
Q859,P800,Q2005313
Q859,P800,Q572073
Q859,P800,Q846241
Q859,P800,Q2170732
Q859,P735,Q1237225
Q859,P103,Q35497
Q859,P5008,Q5460604
Q859,P101,Q5891
Q859,P101,Q8242
Q859,P101,Q9471
Q859,P101,Q7748
Q859,P101,Q7163
Q859,P101,Q8434
Q859,P101,Q8436
Q859,P101,Q31291929
Q859,P101,Q491
Q859,P101,Q316
Q859,P6886,Q35497
Q859,P1441,Q40185
Q859,P641,Q678011
Q859,P2348,Q11772
Q859,P136,Q3026037
Q1477063,P31,Q1616075
Q1477063,P17,Q31
Q261834,P31,Q4167410
Q261834,P1889,Q47488003
Q1361241,P31,Q101352
Q1361241,P407,Q256
Q1361241,P282,Q8229
Q969911,P31,Q4167410
Q969911,P1889,Q21483021
Q1194966,P279,Q327968
Q275038,P1343,Q678259
Q275038,P1343,Q2041543
Q275038,P1343,Q19538713
Q275038,P1343,Q1970746
Q275038,P1343,Q602358
Q275038,P1343,Q19180675
Q275038,P1343,Q4114391
Q275038,P1343,Q1768721
Q275038,P279,Q186361
Q1919362,P31,Q4167410
Q1589480,P361,Q3314629
Q1589480,P461,Q1162538
Q1589480,P279,Q234460
Q226033,P31,Q4167410
Q396128,P31,Q4167410
Q396128,P1889,Q815612
Q396128,P1889,Q3913180
Q396128,P1889,Q4882782
Q396128,P1889,Q102278424
Q1185939,P910,Q15252599
Q1185939,P461,Q170474
Q208912,P31,Q4167410
Q178947,P279,Q211554
Q178947,P279,Q80831
Q178947,P1889,Q211554
Q178947,P1889,Q27094
Q235257,P31,Q4167410
Q235257,P1889,Q36933395
Q235257,P1889,Q96440038
Q235257,P460,Q3594925
Q386025,P910,Q8691728
Q386025,P156,Q253590
Q386025,P155,Q899412
Q386025,P1343,Q2657718
Q386025,P1343,Q602358
Q386025,P1343,Q27680201
Q386025,P1343,Q19190511
Q386025,P2959,Q24288546
Q386025,P527,Q25499149
Q386025,P527,Q5277372
Q386025,P527,Q4820444
Q386025,P1889,Q60054122
Q386025,P279,Q189962
Q1140419,P910,Q8242808
Q1140419,P1889,Q21701659
Q1140419,P1889,Q191928
Q1140419,P279,Q13649246
Q1140419,P279,Q1207505
Q1140419,P2670,Q855395
Q1140419,P31,Q182545
Q413529,P31,Q4167410
Q45045,P910,Q8745722
Q45045,P361,Q21198
Q45045,P361,Q413
Q45045,P361,Q11023
Q45045,P366,Q1408487
Q45045,P366,Q815820
Q45045,P366,Q117801
Q45045,P366,Q2310303
Q45045,P1343,Q2041543
Q45045,P279,Q3249551
Q45045,P279,Q486902
Q45045,P279,Q101965
Q45045,P279,Q6888384
Q45045,P461,Q1293220
Q45045,P1889,Q4114622
Q13439954,P31,Q4167410
Q13439954,P1889,Q18611510
Q13439954,P1889,Q83383555
Q353745,P31,Q4167410
Q353745,P1889,Q37181227
Q3503092,P279,Q1383944
Q3503092,P279,Q12334861
Q3503092,P2849,Q243784
Q3503092,P682,Q3537764
Q3503092,P1343,Q1210353
Q3503092,P1343,Q19180675
Q3503092,P1343,Q4532138
Q278252,P31,Q4167410
Q278252,P1889,Q16869634
Q16886598,P31,Q5398426
Q16886598,P495,Q30
Q16886598,P136,Q859369
Q16886598,P449,Q23589
Q16886598,P364,Q1860
Q16886598,P161,Q40504
Q16886598,P161,Q230378
Q16886598,P161,Q310944
Q16886598,P161,Q236189
Q16886598,P57,Q126098
Q16886598,P527,Q60977865
Q16886598,P527,Q97370133
Q3198,P279,Q105580
Q3198,P279,Q2024141
Q3198,P279,Q21660975
Q3198,P279,Q4204340
Q3198,P279,Q24364
Q3198,P279,Q46344
Q3198,P517,Q849919
Q3198,P517,Q11412
Q3198,P910,Q8762041
Q3198,P2152,Q3198
Q3198,P2375,Q1031134
Q3198,P31,Q22675015
Q3198,P1552,Q10578722
Q3198,P361,Q14859558
Q3198,P361,Q3901694
Q3198,P361,Q22316953
Q3198,P361,Q22317043
Q3198,P361,Q22316949
Q3198,P361,Q22316927
Q3198,P361,Q22316934
Q3198,P111,Q83698917
Q3198,P1343,Q20078554
Q401836,P31,Q12308941
Q401836,P460,Q12788174
Q401836,P460,Q16275625
Q401836,P460,Q16766145
Q401836,P460,Q16766150
Q401836,P460,Q20018433
Q401836,P460,Q48774557
Q401836,P407,Q1860
Q401836,P407,Q809
Q401836,P1750,Q3029
Q401836,P1750,Q2422
Q401836,P1889,Q18943389
Q401836,P1889,Q5339221
Q401836,P282,Q8229
Q401836,P1533,Q37483914
Q401836,P1560,Q987680
Q401836,P1560,Q63345769
Q452626,P31,Q4167410
Q452626,P1889,Q592236
Q703401,P31,Q101352
Q703401,P31,Q1093580
Q703401,P910,Q9532572
Q703401,P1343,Q55274
Q703401,P1343,Q1768721
Q703401,P282,Q8201
Q703401,P1889,Q7268819
Q703401,P1889,Q11389091
Q703401,P460,Q66627724
Q11639,P279,Q184485
Q11639,P279,Q747883
Q11639,P279,Q45971958
Q11639,P279,Q17537576
Q11639,P910,Q7216239
Q11639,P910,Q8361402
Q11639,P527,Q2188189
Q11639,P527,Q17538722
Q11639,P527,Q180856
Q11639,P1343,Q678259
Q11639,P1343,Q302556
Q11639,P1343,Q1138524
Q11639,P1343,Q1768721
Q11639,P1424,Q14473795
Q11639,P3095,Q5716684
Q11639,P5008,Q5460604
Q11639,P31,Q45971958
Q11639,P5125,Q7112602
Q11639,P1535,Q43393537
Q11639,P2354,Q1759354
Q11639,P2579,Q2393450
Q1421937,P31,Q4167410
Q361516,P31,Q4167410
Q361516,P1889,Q315179
Q361516,P1889,Q81528
Q531136,P361,Q77468620
Q133235,P279,Q82682
Q133235,P279,Q205949
Q133235,P910,Q9113040
Q133235,P1269,Q209233
Q133235,P1343,Q602358
Q133235,P1542,Q3196
Q133235,P1542,Q130768
Q193231,P910,Q7901728
Q193231,P279,Q1077784
Q193231,P31,Q17155032
Q7444820,P31,Q4167410
Q485,P279,Q14001
Q485,P279,Q4346576
Q485,P138,Q808
Q485,P910,Q7215707
Q485,P31,Q17155032
Q485,P31,Q66754793
Q485,P1424,Q8085358
Q485,P1889,Q14001
Q485,P2184,Q4204849
Q2221906,P910,Q7481476
Q2221906,P279,Q17334923
Q2221906,P361,Q1349417
Q2221906,P1963,P625
Q2221906,P1963,P2848
Q2221906,P1963,P3335
Q2221906,P1963,P17
Q2221906,P1963,P131
Q2221906,P1963,P2044
Q2221906,P2579,Q1071
Q2221906,P1889,Q82794
Q2221906,P1889,Q618123
Q2221906,P1889,Q17334923
Q2221906,P138,Q12885571
Q2221906,P138,Q23008351
Q2221906,P1687,P4868
Q2221906,P5008,Q5460604
Q2221906,P31,Q937228
Q2221906,P31,Q66747521
Q2221906,P1424,Q12357529
Q2221906,P1424,Q60024060
Q2221906,P1552,Q27096213
Q849640,P279,Q2858615
Q849640,P279,Q28816538
Q27381055,P31,Q101352
Q27381055,P1889,Q451735
Q27381055,P460,Q21501831
Q27381055,P460,Q27382246
Q27381055,P460,Q1158468
Q27381055,P460,Q16882802
Q27381055,P282,Q8229
Q740566,P31,Q4167410
Q183621,P279,Q1368898
Q183621,P279,Q11422
Q183621,P279,Q4990963
Q183621,P279,Q728
Q183621,P910,Q7808321
Q226455,P31,Q4167410
Q226455,P1889,Q37524752
Q226455,P1889,Q5071787
Q226455,P1889,Q5071779
Q226455,P1889,Q5071768
Q226455,P1889,Q102447481
Q226455,P1889,Q30605484
Q216197,P31,Q1434112
Q216197,P366,Q1309100
Q216197,P279,Q3743695
Q216197,P1343,Q2041543
Q216197,P1343,Q20078551
Q16963779,P1889,Q1141897
Q16963779,P279,Q186081
Q200184,P105,Q164280
Q200184,P910,Q7045023
Q200184,P171,Q25437
Q200184,P31,Q16521
Q200184,P1343,Q2041543
Q200184,P1343,Q1768721
Q2398297,P31,Q4167410
Q233727,P31,Q4167410
Q8142,P279,Q11105360
Q8142,P279,Q47574
Q8142,P279,Q1368
Q8142,P279,Q831772
Q8142,P910,Q6959409
Q8142,P1963,P498
Q8142,P1963,P562
Q8142,P1963,P17
Q8142,P1963,P489
Q8142,P1424,Q6453809
Q8142,P1687,P38
Q8142,P2354,Q858338
Q8142,P5008,Q5460604
Q8142,P1889,Q1368
Q8142,P1889,Q831772
Q8142,P5869,Q4917
Q8142,P5869,Q4916
Q8142,P5869,Q80524
Q8142,P5869,Q131473
Q8142,P2184,Q3137262
Q8142,P1343,Q101314624
Q1360303,P31,Q3918
Q1360303,P31,Q615150
Q1360303,P31,Q23002039
Q1360303,P31,Q45400320
Q1360303,P910,Q8883453
Q1360303,P17,Q30
Q1360303,P159,Q49241
Q1360303,P2643,Q23334765
Q1360303,P2643,Q23623483
Q1360303,P2643,Q23662486
Q1360303,P2643,Q23622771
Q1360303,P2643,Q23662432
Q1360303,P2643,Q23663133
Q1360303,P3876,Q8883452
Q1360303,P463,Q5275906
Q1360303,P463,Q4810036
Q1360303,P463,Q647039
Q1360303,P463,Q5059850
Q1360303,P463,Q963227
Q1360303,P463,Q5137944
Q1360303,P355,Q45134883
Q1360303,P355,Q6392387
Q1360303,P355,Q92111554
Q1360303,P4195,Q9475954
Q1360303,P793,Q541394
Q1360303,P1343,Q99413897
Q422165,P31,Q4167410
Q16278392,P31,Q4167410
Q16278392,P1889,Q2070449
Q16278392,P641,Q2736
Q17141136,P31,Q1194970
Q17141136,P407,Q1860
Q11253479,P31,Q4167410
Q134237,P910,Q9245941
Q134237,P913,Q11536248
Q134237,P279,Q629085
Q134237,P279,Q601053
Q134237,P31,Q47279819
Q134237,P1568,Q91311892
Q134237,P2396,Q91311892
Q134237,P1889,Q20113351
Q134237,P1424,Q13417057
Q501032,P910,Q10094425
Q501032,P2579,Q23404
Q501032,P2579,Q190375
Q501032,P31,Q4330518
Q501032,P1343,Q20078554
Q349247,P31,Q4167410
Q349247,P1889,Q20996347
Q349247,P1889,Q25114812
Q5282321,P31,Q1079196
Q5282321,P306,Q170434
Q217651,P361,Q8104
Q217651,P1687,P5594
Q217651,P279,Q24255051
Q1569495,P425,Q8434
Q1569495,P31,Q28640
Q1569495,P31,Q4164871
Q1569495,P910,Q8586361
Q1569495,P279,Q1622272
Q1569495,P279,Q5428874
Q1569495,P279,Q7810129
Q1569495,P279,Q37226
Q1569495,P1343,Q602358
Q1569495,P1343,Q19180675
Q1569495,P1889,Q63760999
Q1569495,P1889,Q1553123
Q1569495,P1889,Q3445082
Q1569495,P1889,Q9379869
Q83065,P31,Q515
Q83065,P31,Q1357964
Q83065,P31,Q1549591
Q83065,P131,Q21683242
Q83065,P206,Q1691406
Q83065,P190,Q11725
Q83065,P190,Q186254
Q83065,P190,Q2805
Q83065,P190,Q2020672
Q83065,P190,Q11854
Q83065,P17,Q145
Q83065,P501,Q23106
Q83065,P910,Q8587052
Q83065,P1464,Q8061183
Q83065,P1465,Q9218871
Q83065,P1792,Q7118440
Q83065,P1376,Q23106
Q83065,P6,Q7177032
Q83065,P421,Q6574
Q83065,P1889,Q21683242
Q83065,P1343,Q602358
Q83065,P7867,Q84091818
Q83065,P7959,Q67533246
Q109607,P279,Q811979
Q109607,P279,Q333109
Q109607,P279,Q16686448
Q109607,P910,Q7369530
Q109607,P5816,Q56557159
Q651022,P31,Q490173
Q651022,P279,Q18699055
Q1247910,P31,Q4167410
Q1247910,P1889,Q27258609
Q2138845,P31,Q4167410
Q248986,P31,Q4167410
Q248986,P460,Q10697546
Q235799,P910,Q8834219
Q235799,P279,Q42621
Q235799,P1889,Q181787
Q235799,P138,Q123637
Q235799,P138,Q7239
Q696,P910,Q8262852
Q696,P31,Q11344
Q696,P31,Q11432
Q696,P61,Q950726
Q696,P61,Q83297
Q696,P1343,Q2657718
Q696,P1343,Q602358
Q696,P1343,Q3181656
Q696,P1552,Q11567495
Q696,P1552,Q30100868
Q696,P1552,Q30007162
Q696,P361,Q211331
Q696,P361,Q19609
Q696,P279,Q19609
Q1253258,P461,Q920419
Q16881108,P31,Q22808320
Q16881108,P1889,Q1961279
Q16881108,P1889,Q43306119
Q307306,P910,Q8873460
Q307306,P31,Q7397
Q307306,P31,Q40056
Q307306,P306,Q14656
Q307306,P527,Q5384093
Q307306,P527,Q7844971
Q307306,P527,Q7690592
Q307306,P527,Q68609626
Q307306,P941,Q1936492
Q307306,P366,Q1079196
Q307306,P366,Q188610
Q307306,P366,Q837721
Q922184,P21,Q6581097
Q922184,P31,Q20643955
Q922184,P1441,Q43099
Q922184,P1441,Q42614
Q922184,P1441,Q47680
Q922184,P1441,Q81240
Q922184,P1441,Q9813916
Q922184,P1343,Q4173137
Q922184,P1343,Q602358
Q922184,P1343,Q4086271
Q922184,P119,Q163329
Q922184,P1889,Q3650584
Q922184,P460,Q16938772
Q922184,P40,Q2829011
Q922184,P22,Q11927454
Q14620,P361,Q413
Q14620,P910,Q4103352
Q14620,P31,Q4162444
Q14620,P279,Q627436
Q14620,P1889,Q618211
Q14620,P1343,Q19190511
Q14620,P3095,Q71133019
Q14620,P2578,Q9128
Q14620,P2578,Q14506045
Q14620,P2184,Q3137024
Q14620,P5008,Q99671171
Q55414,P31,Q4167410
Q55414,P1889,Q51984269
Q5189833,P31,Q4167410
Q450004,P31,Q4167410
Q454193,P31,Q4167410
Q454193,P1889,Q16275178
Q454193,P1889,Q16865411
Q7971480,P31,Q4167410
Q7971480,P1889,Q36987046
Q16341,P1080,Q18043309
Q16341,P22,Q2712069
Q16341,P21,Q6581097
Q16341,P69,Q2451409
Q16341,P106,Q11247470
Q16341,P106,Q1383594
Q16341,P106,Q121998
Q16341,P106,Q60661987
Q16341,P106,Q193391
Q16341,P463,Q718644
Q16341,P31,Q30147469
Q16341,P31,Q28020127
Q16341,P31,Q73502569
Q16341,P31,Q15773317
Q16341,P31,Q3658341
Q16341,P31,Q1114461
Q16341,P31,Q15773347
Q16341,P31,Q924827
Q16341,P31,Q6497384
Q16341,P19,Q1088708
Q16341,P175,Q16345
Q16341,P175,Q139642
Q16341,P175,Q16019236
Q16341,P175,Q1320452
Q16341,P2546,Q16311
Q16341,P25,Q1412447
Q16341,P1441,Q1077
Q16341,P1441,Q5250158
Q16341,P1441,Q7379028
Q16341,P1441,Q54800548
Q16341,P1441,Q54800568
Q16341,P1441,Q54800572
Q16341,P1441,Q4928030
Q16341,P1441,Q5172115
Q16341,P1441,Q5256286
Q16341,P1441,Q5299565
Q16341,P1441,Q7768931
Q16341,P1441,Q54800591
Q16341,P1441,Q7156312
Q16341,P1441,Q54800592
Q16341,P1441,Q54800594
Q16341,P1441,Q7575227
Q16341,P1441,Q7744804
Q16341,P1441,Q7978609
Q16341,P1441,Q7755986
Q16341,P1441,Q54800601
Q16341,P1441,Q7758524
Q16341,P1441,Q5306225
Q16341,P1441,Q16847415
Q16341,P1441,Q17095403
Q16341,P1441,Q54800623
Q16341,P1441,Q54800625
Q16341,P1441,Q54800639
Q16341,P1441,Q54800643
Q16341,P1441,Q7728306
Q16341,P1441,Q54800648
Q16341,P1441,Q7732318
Q16341,P1441,Q54800652
Q16341,P1441,Q16387190
Q16341,P1441,Q54800659
Q16341,P1441,Q5557213
Q16341,P1441,Q5888488
Q16341,P1441,Q4828056
Q16341,P1441,Q7760733
Q16341,P1441,Q54800720
Q16341,P1441,Q54800757
Q16341,P1441,Q12741287
Q16341,P1441,Q4873254
Q16341,P1441,Q16385914
Q16341,P1441,Q54800774
Q16341,P1441,Q7733929
Q16341,P1441,Q5376786
Q16341,P1441,Q54800783
Q16341,P1441,Q7776246
Q16341,P1441,Q7714659
Q16341,P1441,Q54800788
Q16341,P1441,Q5287277
Q16341,P1441,Q7241069
Q16341,P1441,Q54800827
Q16341,P1441,Q54800828
Q16341,P1441,Q7243252
Q16341,P1441,Q7943448
Q16341,P1441,Q5440721
Q16341,P1441,Q54800843
Q16341,P1441,Q54800846
Q16341,P1441,Q54800848
Q16341,P1441,Q54800850
Q16341,P1441,Q54800861
Q16341,P1441,Q7727879
Q16341,P1441,Q10339727
Q16341,P1441,Q7766356
Q16341,P1441,Q54800872
Q16341,P1441,Q12055343
Q16341,P1441,Q54800907
Q16341,P1441,Q7768218
Q16341,P1441,Q7770111
Q16341,P1441,Q7741222
Q16341,P1441,Q54800914
Q16341,P1441,Q17073679
Q16341,P1441,Q54802744
Q16341,P1441,Q54802745
Q16341,P1441,Q54802749
Q16341,P1441,Q54802759
Q16341,P1441,Q54802760
Q16341,P1441,Q54802766
Q16341,P1441,Q5223470
Q16341,P1441,Q54802798
Q16341,P1441,Q4656792
Q16341,P1441,Q54802807
Q16341,P1441,Q54802814
Q16341,P1441,Q54802884
Q16341,P1441,Q7621604
Q16341,P1441,Q7601009
Q16341,P1441,Q12741286
Q16341,P1441,Q7837949
Q16341,P1441,Q5318075
Q16341,P1441,Q54806927
Q16341,P1441,Q7201197
Q16341,P1441,Q54806957
Q16341,P1441,Q17056219
Q16341,P1441,Q54806959
Q16341,P1441,Q7712126
Q16341,P1441,Q54806967
Q16341,P1441,Q6080488
Q16341,P1441,Q54806993
Q16341,P1441,Q54806996
Q16341,P1441,Q54806998
Q16341,P1441,Q15034077
Q16341,P1441,Q54807005
Q16341,P1441,Q5185983
Q16341,P1441,Q54807168
Q16341,P1441,Q5306756
Q16341,P1441,Q54807173
Q16341,P1441,Q6943959
Q16341,P1441,Q7773137
Q16341,P1441,Q54807189
Q16341,P1441,Q54807199
Q16341,P1441,Q7733923
Q16341,P1441,Q16387042
Q16341,P1441,Q54807218
Q16341,P1441,Q54807223
Q16341,P1441,Q54807242
Q16341,P1441,Q54807244
Q16341,P1441,Q7423844
Q16341,P1441,Q54807249
Q16341,P1441,Q4920769
Q16341,P1441,Q8052959
Q16341,P1441,Q54807265
Q16341,P1441,Q7578765
Q16341,P1441,Q7578767
Q16341,P1441,Q7578764
Q16341,P1441,Q54807274
Q16341,P1441,Q7601010
Q16341,P1441,Q54806913
Q16341,P1441,Q7601035
Q16341,P1441,Q12029195
Q16341,P1441,Q12047756
Q16341,P1441,Q10861447
Q16341,P1441,Q54807307
Q16341,P1441,Q12040671
Q16341,P1441,Q5036490
Q16341,P1441,Q5036486
Q16341,P1441,Q54807329
Q16341,P1441,Q12741292
Q16341,P1441,Q5247358
Q16341,P1441,Q54807353
Q16341,P1441,Q54807362
Q16341,P1441,Q7878026
Q16341,P1441,Q54807374
Q16341,P1441,Q54807381
Q16341,P1441,Q7943453
Q16341,P1441,Q5918025
Q16341,P1441,Q7766313
Q16341,P1441,Q8036508
Q16341,P1441,Q7758167
Q16341,P1441,Q7805314
Q16341,P1441,Q54807396
Q16341,P1441,Q6407763
Q16341,P1441,Q54807399
Q16341,P1441,Q5067936
Q16341,P1441,Q54807404
Q16341,P1441,Q25366
Q16341,P1441,Q3488452
Q16341,P1441,Q5106989
Q16341,P1441,Q3487409
Q16341,P1441,Q3487459
Q16341,P1441,Q3488439
Q16341,P1441,Q5106979
Q16341,P1441,Q3488808
Q16341,P1441,Q3507047
Q16341,P1441,Q3487125
Q16341,P1441,Q2984478
Q16341,P1441,Q3487442
Q16341,P1441,Q4747498
Q16341,P1441,Q20912
Q16341,P1441,Q1187077
Q16341,P1441,Q57980272
Q16341,P1441,Q1287667
Q16341,P1441,Q58621801
Q16341,P1441,Q2664096
Q16341,P1441,Q3487403
Q16341,P1441,Q58283463
Q16341,P1441,Q11774134
Q16341,P1441,Q20963
Q16341,P1441,Q3487489
Q16341,P1441,Q56605466
Q16341,P1441,Q2984502
Q16341,P1441,Q41524670
Q16341,P1441,Q622282
Q16341,P1441,Q73402184
Q16341,P1441,Q3824662
Q16341,P1441,Q83879452
Q16341,P1441,Q96358181
Q16341,P1441,Q47468233
Q16341,P451,Q616755
Q16341,P410,Q77798295
Q16341,P410,Q6620231
Q16341,P410,Q77798287
Q16341,P39,Q121998
Q16341,P39,Q6827278
Q16341,P172,Q6497384
Q16341,P2563,Q3825285
Q16341,P2563,Q170612
Q16341,P2563,Q18452113
Q16341,P5096,Q1193198
Q16341,P5096,Q834003
Q16341,P5800,Q215972
Q16341,P5800,Q281525
Q16341,P5800,Q56605613
Q16341,P5800,Q488733
Q16341,P5800,Q3246821
Q16341,P27,Q1110
Q16341,P1412,Q1860
Q16341,P241,Q718644
Q16341,P170,Q16345
Q16341,P170,Q191716
Q16341,P1038,Q40935468
Q16341,P1343,Q7766287
Q16341,P1343,Q498824
Q16341,P1343,Q64223531
Q16341,P1343,Q64759522
Q16341,P3373,Q1414466
Q16341,P1576,Q83364
Q16341,P1576,Q2267800
Q16341,P1576,Q2559380
Q16341,P1142,Q58848
Q16341,P7047,Q23031
Q16341,P3828,Q345127
Q16341,P3828,Q934849
Q16341,P20,Q67216990
Q16341,P3342,Q1568510
Q16341,P3342,Q16311
Q16341,P3342,Q54888344
Q16341,P3342,Q612625
Q16341,P674,Q54800642
Q16341,P1303,Q5994
Q16341,P8345,Q1092
Q1753188,P31,Q21484471
Q1753188,P31,Q3924032
Q1753188,P31,Q98929882
Q1753188,P1552,Q1140419
Q1753188,P180,Q207643
Q1753188,P180,Q188597
Q1753188,P180,Q382497
Q1753188,P180,Q51379
Q1753188,P1889,Q436660
Q797342,P31,Q4167410
Q164399,P1269,Q12725
Q164399,P910,Q24069328
Q164399,P279,Q181175
Q164399,P279,Q107715
Q164399,P1343,Q26711936
Q164399,P4934,Q1111
Q164399,P4934,Q25428
Q164399,P8111,Q131255
Q944517,P279,Q526016
Q944517,P279,Q18819626
Q944517,P910,Q8682955
Q944517,P460,Q4520631
Q944517,P1889,Q2002016
Q944517,P1889,Q194302
Q441921,P31,Q4167410
Q441921,P1889,Q13552819
Q126924,P31,Q4167410
Q126924,P1889,Q36921057
Q126924,P1889,Q16061622
Q16282426,P31,Q101352
Q16282426,P1889,Q1645556
Q16282426,P282,Q8229
Q1613840,P279,Q132629
Q1613840,P279,Q132629
Q146578,P910,Q8286534
Q146578,P1343,Q678259
Q146578,P138,Q243442
Q146578,P61,Q243442
Q146578,P279,Q145897
Q353659,P910,Q8336302
Q353659,P1687,P432
Q353659,P1687,P2317
Q353659,P279,Q853614
Q7224880,P910,Q8447545
Q7224880,P1542,Q21174320
Q7224880,P279,Q15303351
Q7224880,P279,Q206615
Q7224880,P279,Q263125
Q7224880,P527,Q5861
Q7224880,P527,Q11474
Q143252,P31,Q81163
Q143252,P31,Q722568
Q143252,P31,Q99600509
Q143252,P1343,Q2657718
Q143252,P4600,Q412460
Q143252,P4952,Q51139288
Q143252,P1552,Q1069398
Q143252,P1552,Q41854968
Q143252,P1552,Q108193
Q143252,P366,Q7049048
Q143252,P366,Q323840
Q143252,P366,Q184996
Q12888135,P910,Q8307470
Q12888135,P366,Q210064
Q12888135,P279,Q20087093
Q12888135,P279,Q28877
Q12888135,P1343,Q1138524
Q12888135,P1343,Q602358
Q12888135,P1343,Q20078554
Q12888135,P1343,Q4532138
Q12888135,P361,Q548275
Q12888135,P186,Q124695
Q12888135,P5008,Q68235346
Q12888135,P1889,Q1138737
Q12888135,P2789,Q151771
Q12888135,P31,Q837718
Q12888135,P176,Q1739737
Q12888135,P2079,Q36807659
Q7062902,P31,Q12308941
Q7062902,P460,Q3983819
Q7062902,P460,Q19914934
Q7062902,P1560,Q2415656
Q7062902,P1889,Q933093
Q7062902,P282,Q8229
Q7062902,P1533,Q37269710
Q7062902,P407,Q7411
Q7062902,P5323,Q21644845
Q7062902,P1343,Q151
Q406190,P31,Q4167410
Q132196,P910,Q7322963
Q132196,P1343,Q2657718
Q132196,P31,Q23847174
Q132196,P1269,Q748
Q132196,P1269,Q9089
Q132196,P1269,Q9232
Q132196,P527,Q3236645
Q132196,P527,Q2673416
Q132196,P527,Q18387136
Q132196,P527,Q6372679
Q132196,P1889,Q1734014
Q25246863,P31,Q4167410
Q25246863,P1889,Q21296613
Q1194725,P31,Q431289
Q1194725,P279,Q3501372
Q1194725,P1889,Q77003966
Q1194725,P1889,Q17232682
Q1194725,P127,Q855639
Q1194725,P462,Q1088
Q5142508,P31,Q4167410
Q45393,P279,Q1933595
Q45393,P910,Q5833895
Q45393,P1151,Q13365750
Q45393,P1343,Q4114391
Q45393,P1343,Q602358
Q45393,P1343,Q2041543
Q45393,P3095,Q10729326
Q45393,P31,Q1914636
Q45393,P1889,Q18481286
Q45393,P1269,Q382113
Q222903,P910,Q8646030
Q222903,P279,Q3249551
Q222903,P279,Q65560351
Q137056,P910,Q8817606
Q137056,P1343,Q2657718
Q137056,P31,Q3382117
Q137056,P1889,Q3819233
Q137056,P279,Q617224
Q137056,P279,Q94643648
Q137056,P828,Q36534
Q137056,P1687,P5709
Q99567034,P31,Q4167410
Q146505,P910,Q7034740
Q146505,P279,Q79529
Q146505,P279,Q11435
Q146505,P129,Q1079788
Q146505,P1687,P2178
Q146505,P1542,Q7559035
Q146505,P31,Q4897819
Q146505,P31,Q100434640
Q146505,P366,Q3133701
Q1381828,P31,Q22808320
Q1381828,P1889,Q16869867
Q1381828,P1889,Q4567129
Q2144709,P31,Q4167410
Q371174,P910,Q8491245
Q371174,P1424,Q14386394
Q371174,P1687,P6022
Q371174,P366,Q1519539
Q371174,P279,Q11024
Q371174,P279,Q921513
Q1224626,P31,Q4830453
Q1224626,P159,Q636832
Q1224626,P112,Q7365302
Q8753,P735,Q16908530
Q8753,P26,Q6498895
Q8753,P184,Q3840066
Q8753,P184,Q58978
Q8753,P184,Q84227
Q8753,P185,Q183679
Q8753,P185,Q367196
Q8753,P185,Q376617
Q8753,P185,Q430002
Q8753,P185,Q567758
Q8753,P185,Q1608700
Q8753,P185,Q347236
Q8753,P185,Q173028
Q8753,P185,Q183655
Q8753,P185,Q792158
Q8753,P185,Q2149560
Q8753,P185,Q47314101
Q8753,P185,Q4396575
Q8753,P106,Q169470
Q8753,P106,Q205375
Q8753,P106,Q19350898
Q8753,P106,Q16742096
Q8753,P106,Q121594
Q8753,P27,Q38
Q8753,P27,Q30
Q8753,P27,Q172579
Q8753,P69,Q672416
Q8753,P69,Q645663
Q8753,P69,Q156598
Q8753,P69,Q152838
Q8753,P108,Q672416
Q8753,P108,Q152838
Q8753,P108,Q156598
Q8753,P108,Q820887
Q8753,P108,Q209344
Q8753,P108,Q49088
Q8753,P108,Q131252
Q8753,P19,Q220
Q8753,P463,Q123885
Q8753,P463,Q543804
Q8753,P463,Q338432
Q8753,P463,Q2370801
Q8753,P463,Q466089
Q8753,P463,Q40358
Q8753,P463,Q3603946
Q8753,P463,Q2822396
Q8753,P463,Q270794
Q8753,P20,Q1297
Q8753,P119,Q7073757
Q8753,P551,Q30
Q8753,P551,Q220
Q8753,P551,Q38
Q8753,P166,Q38104
Q8753,P166,Q317038
Q8753,P166,Q2096481
Q8753,P166,Q1419938
Q8753,P166,Q3141777
Q8753,P166,Q844872
Q8753,P166,Q1607116
Q8753,P166,Q1366018
Q8753,P166,Q7515378
Q8753,P166,Q808424
Q8753,P166,Q7331107
Q8753,P166,Q41955909
Q8753,P166,Q14906020
Q8753,P31,Q5
Q8753,P509,Q189588
Q8753,P910,Q8947901
Q8753,P1343,Q17378135
Q8753,P1343,Q67311526
Q8753,P1196,Q3739104
Q8753,P1344,Q127050
Q8753,P101,Q413
Q8753,P1411,Q38104
Q8753,P1411,Q38104
Q8753,P1411,Q38104
Q8753,P1411,Q38104
Q8753,P1411,Q38104
Q8753,P1411,Q38104
Q8753,P1411,Q38104
Q8753,P1411,Q44585
Q8753,P1411,Q44585
Q8753,P1411,Q44585
Q8753,P802,Q181369
Q8753,P802,Q172840
Q8753,P802,Q183679
Q8753,P802,Q173028
Q8753,P802,Q183655
Q8753,P140,Q288928
Q8753,P140,Q55004488
Q8753,P737,Q57065
Q8753,P737,Q8772
Q8753,P5008,Q5460604
Q8753,P39,Q121594
Q8753,P1412,Q1860
Q8753,P1412,Q652
Q8753,P21,Q6581097
Q8753,P1066,Q84227
Q8753,P1066,Q58978
Q8753,P6886,Q1860
Q8753,P485,Q7895259
Q8753,P734,Q76912274
Q27590,P910,Q9031484
Q27590,P279,Q879641
Q27590,P279,Q1803829
Q27590,P31,Q2471463
Q27590,P31,Q1803829
Q27590,P1889,Q350895
Q228924,P31,Q4167410
Q228924,P460,Q1161269
Q228924,P1889,Q12370416
Q6941191,P31,Q4167410
Q1125484,P31,Q41298
Q1125484,P407,Q1860
Q1125484,P123,Q466576
Q1125484,P495,Q30
Q1125484,P921,Q185727
Q1125484,P291,Q30
Q177897,P1343,Q2657718
Q177897,P1343,Q26711936
Q177897,P279,Q107715
Q177897,P4934,Q4374882
Q177897,P4934,Q29996
Q177897,P1889,Q988780
Q177897,P1889,Q78101401
Q177897,P1889,Q102274741
Q177897,P8111,Q163354
Q849084,P31,Q11585131
Q849084,P527,Q25504
Q849084,P527,Q1041891
Q849084,P527,Q175943
Q849084,P527,Q194120
Q849084,P527,Q184996
Q849084,P527,Q47616
Q849084,P1889,Q1934296
Q37226,P425,Q352842
Q37226,P425,Q8434
Q37226,P31,Q28640
Q37226,P31,Q12737077
Q37226,P31,Q4164871
Q37226,P279,Q974144
Q37226,P279,Q702269
Q37226,P910,Q7014389
Q37226,P1343,Q2041543
Q37226,P1343,Q19180675
Q37226,P1343,Q602358
Q37226,P1889,Q1231865
Q37226,P1889,Q1622272
Q37226,P1889,Q15966880
Q37226,P461,Q11448873
Q37226,P461,Q253567
Q37226,P461,Q48282
Q37226,P1687,P1066
Q37226,P6186,Q59576065
Q14398,P155,Q14396
Q14398,P156,Q14399
Q14398,P361,Q8216
Q14398,P361,Q21204
Q14398,P144,Q17522730
Q14398,P31,Q19793459
Q14398,P31,Q41885931
Q14398,P910,Q86106212
Q14398,P1889,Q283841
Q1172264,P31,Q1144882
Q1172264,P31,Q5249852
Q1172264,P366,Q845739
Q1172264,P3938,Q5237048
Q4851537,P279,Q517596
Q4851537,P279,Q65088317
Q735011,P31,Q167172
Q108000,P31,Q185357
Q108000,P2283,Q29115643
Q108000,P1542,Q29115074
Q108000,P461,Q106080
Q108000,P279,Q17320256
Q108000,P1382,Q284256
Q108000,P2579,Q11473
Q1690184,P31,Q4167410
Q1690184,P1889,Q37230859
Q1690184,P460,Q7763225
Q1690184,P460,Q2265101
Q20818646,P31,Q4167410
Q7126717,P461,Q7126699
Q7126717,P31,Q151885
Q7126717,P279,Q1724915
Q7126717,P361,Q7406919
Q7126717,P1687,P4945
Q17444,P658,Q61641455
Q17444,P658,Q73232212
Q17444,P658,Q910487
Q17444,P658,Q765421
Q17444,P658,Q1130059
Q17444,P658,Q73242773
Q17444,P658,Q3518840
Q17444,P658,Q2138406
Q17444,P658,Q953612
Q17444,P658,Q3497707
Q17444,P658,Q611498
Q17444,P658,Q74440841
Q17444,P658,Q925127
Q17444,P175,Q11649
Q17444,P264,Q212699
Q17444,P136,Q11365
Q17444,P136,Q11366
Q17444,P162,Q451084
Q17444,P31,Q208569
Q17444,P495,Q30
Q17444,P483,Q2855065
Q17444,P407,Q1860
Q17444,P1411,Q1542129
Q17444,P437,Q178588
Q17444,P361,Q73233239
Q17444,P1889,Q16877978
Q17444,P1552,Q208569
Q17444,P156,Q1645579
Q17444,P155,Q650884
Q1219283,P31,Q4167410
Q941685,P361,Q1462168
Q941685,P361,Q1640108
Q1414572,P910,Q8634073
Q1414572,P279,Q6452087
Q1414572,P31,Q98088085
Q6889353,P31,Q4167410
Q6889353,P1343,Q2041543
Q1163500,P31,Q4167410
Q1163500,P1889,Q67155349
Q1163500,P1889,Q67155561
Q1163500,P460,Q67155374
Q1163500,P460,Q67155377
Q1163500,P460,Q67155383
Q649717,P1995,Q171171
Q649717,P279,Q170518
Q649717,P279,Q2944236
Q649717,P279,Q2944236
Q649717,P828,Q11391
Q8963,P184,Q75797
Q8963,P19,Q505147
Q8963,P25,Q67158
Q8963,P20,Q2978
Q8963,P106,Q18805
Q8963,P106,Q155647
Q8963,P106,Q1234713
Q8963,P106,Q170790
Q8963,P106,Q11063
Q8963,P106,Q14915627
Q8963,P106,Q169470
Q8963,P106,Q2998308
Q8963,P106,Q16031530
Q8963,P106,Q4964182
Q8963,P101,Q14620
Q8963,P101,Q333
Q8963,P101,Q395
Q8963,P101,Q41217
Q8963,P69,Q153978
Q8963,P910,Q7216577
Q8963,P31,Q5
Q8963,P735,Q1158906
Q8963,P735,Q2117521
Q8963,P1412,Q397
Q8963,P1343,Q17378135
Q8963,P1343,Q19180675
Q8963,P1343,Q602358
Q8963,P1343,Q2657718
Q8963,P1343,Q19538713
Q8963,P1343,Q590208
Q8963,P1343,Q51955019
Q8963,P1343,Q67311526
Q8963,P1343,Q99413897
Q8963,P512,Q1765120
Q8963,P512,Q2091008
Q8963,P937,Q13298
Q8963,P937,Q41329
Q8963,P937,Q3012
Q8963,P140,Q13211738
Q8963,P140,Q75809
Q8963,P800,Q779311
Q8963,P800,Q1066757
Q8963,P800,Q16777454
Q8963,P800,Q20962170
Q8963,P800,Q611853
Q8963,P119,Q2978
Q8963,P734,Q16277846
Q8963,P27,Q12548
Q8963,P5008,Q5460604
Q8963,P5008,Q103505599
Q8963,P108,Q622683
Q8963,P859,Q150586
Q8963,P859,Q153545
Q8963,P21,Q6581097
Q8963,P1066,Q75797
Q8963,P1066,Q36620
Q8963,P802,Q73013
Q8963,P802,Q459735
Q8963,P802,Q55125365
Q8963,P172,Q42884
Q8963,P551,Q159626
Q8963,P737,Q619
Q8963,P3373,Q95205105
Q917002,P31,Q4830453
Q917002,P31,Q6881511
Q917002,P414,Q82059
Q917002,P159,Q159260
Q917002,P740,Q159260
Q917002,P1454,Q891723
Q917002,P1889,Q27561308
Q917002,P910,Q25009180
Q474704,P31,Q4167410
Q423481,P31,Q4167410
Q226572,P31,Q4167410
Q226572,P1889,Q13571164
Q1141526,P425,Q152213
Q1141526,P31,Q28640
Q1141526,P279,Q5716684
Q1141526,P279,Q852857
Q1141526,P910,Q9273660
Q1141526,P460,Q5420718
Q187665,P279,Q212920
Q187665,P279,Q640815
Q187665,P61,Q1337499
Q447435,P31,Q4167410
Q185166,P31,Q1326966
Q185166,P31,Q134830
Q185166,P140,Q432
Q185166,P460,Q1410729
Q185166,P460,Q2632248
Q185166,P460,Q188942
Q185166,P279,Q20826540
Q546,P17,Q172579
Q546,P17,Q153136
Q546,P17,Q131964
Q546,P17,Q28513
Q546,P17,Q391980
Q546,P17,Q38
Q546,P17,Q4948
Q546,P131,Q16293
Q546,P131,Q104182228
Q546,P47,Q16934
Q546,P47,Q16935
Q546,P47,Q16937
Q546,P47,Q16938
Q546,P47,Q16939
Q546,P47,Q556206
Q546,P47,Q15916
Q546,P421,Q6655
Q546,P421,Q6723
Q546,P910,Q6420841
Q546,P31,Q747074
Q546,P31,Q2264924
Q546,P31,Q515
Q546,P31,Q1549591
Q546,P190,Q3820
Q546,P190,Q132830
Q546,P190,Q13298
Q546,P190,Q81882
Q546,P190,Q79848
Q546,P190,Q42810
Q546,P190,Q641
Q546,P190,Q437
Q546,P190,Q490
Q546,P190,Q2861
Q546,P190,Q3877600
Q546,P1464,Q15221907
Q546,P1465,Q9220215
Q546,P1740,Q10220420
Q546,P1792,Q7751724
Q546,P1376,Q1250
Q546,P1376,Q16293
Q546,P1376,Q104182228
Q546,P361,Q1250
Q546,P1791,Q7978468
Q546,P166,Q850170
Q546,P832,Q150139
Q546,P37,Q652
Q546,P7867,Q84026056
Q546,P1889,Q102310
Q11083858,P31,Q4167410
Q11083858,P1889,Q15727905
Q11083858,P1889,Q7608113
Q11083858,P460,Q10425794
Q11083858,P460,Q1708519
Q11083858,P460,Q2338532
Q11083858,P460,Q2338589
Q11083858,P460,Q3497823
Q11083858,P460,Q16863275
Q11083858,P460,Q419071
Q11083858,P460,Q392325
Q11083858,P460,Q634422
Q11083858,P460,Q980216
Q11083858,P460,Q1199592
Q11083858,P460,Q1369982
Q11083858,P460,Q10374188
Q11083858,P460,Q10374112
Q21482912,P31,Q101352
Q21482912,P1889,Q1018586
Q21482912,P282,Q8229
Q21482912,P361,Q99976060
Q265180,P31,Q4167410
Q265180,P1889,Q16876282
Q1292710,P31,Q4167410
Q3805428,P31,Q4167410
Q1780244,P31,Q4167410
Q1780244,P1889,Q55657615
Q1780244,P1889,Q17456916
Q1780244,P1889,Q831525
Q1780244,P1889,Q1509347
Q1780244,P1889,Q16541253
Q1780244,P1889,Q3699555
Q1780244,P1889,Q2574435
Q1780244,P1889,Q512258
Q5421174,P31,Q4167410
Q723733,P31,Q1790144
Q723733,P31,Q208469
Q723733,P111,Q2199864
Q723733,P1889,Q37903253
Q212980,P31,Q28640
Q212980,P910,Q8882178
Q212980,P279,Q6817473
Q212980,P279,Q15319501
Q212980,P425,Q9418
Q212980,P460,Q4726509
Q212980,P460,Q11490598
Q212980,P6186,Q31960710
Q212980,P2354,Q1460245
Q212980,P1889,Q211346
Q2205406,P31,Q4167410
Q206595,P31,Q4167410
Q206595,P1889,Q37206136
Q485742,P910,Q9740612
Q485742,P1343,Q2657718
Q485742,P1343,Q19180675
Q485742,P1343,Q602358
Q485742,P1343,Q3181656
Q485742,P1343,Q63284758
Q485742,P1343,Q4532138
Q485742,P279,Q898753
Q485742,P1889,Q19557
Q175233,P279,Q176140
Q175233,P361,Q3574371
Q175233,P361,Q922672
Q175233,P361,Q11656
Q175233,P361,Q3629214
Q175233,P361,Q180805
Q175233,P361,Q25504
Q175233,P361,Q267298
Q175233,P1343,Q2657718
Q175233,P1343,Q19180675
Q5463274,P31,Q4167410
Q278781,P279,Q921513
Q10373242,P31,Q4167410
Q190157,P279,Q11019
Q190157,P279,Q811979
Q190157,P279,Q1780509
Q190157,P910,Q8316269
Q190157,P461,Q159391
Q190157,P1343,Q2657718
Q190157,P527,Q131214
Q190157,P527,Q211554
Q190157,P527,Q1942300
Q4354775,P279,Q781413
Q4354775,P279,Q11398090
Q4354775,P1552,Q706622
Q4354775,P2283,Q191062
Q4354775,P361,Q133500
Q4354775,P366,Q6817456
Q4354775,P460,Q784221
Q408941,P31,Q4167410
Q398602,P31,Q4167410
Q281609,P31,Q4167410
Q113796,P279,Q36534
Q113796,P279,Q284256
Q113796,P279,Q2281940
Q113796,P1056,Q29115074
Q113796,P186,Q5447188
Q113796,P1343,Q19190511
Q172290,P31,Q71376028
Q172290,P31,Q55524005
Q172290,P527,Q629
Q172290,P527,Q682
Q172290,P703,Q15978631
Q172290,P1343,Q2657718
Q172290,P4147,Q3143743
Q172290,P1889,Q25997675
Q172290,P361,Q14873631
Q172290,P361,Q14876817
Q172290,P361,Q14876821
Q172290,P361,Q22324917
Q172290,P361,Q21543900
Q172290,P361,Q14876828
Q172290,P361,Q22292639
Q172290,P361,Q21124430
Q172290,P361,Q21759279
Q172290,P361,Q22324994
Q172290,P361,Q22292965
Q172290,P361,Q22298135
Q172290,P361,Q22298134
Q172290,P361,Q14905465
Q172290,P361,Q22321452
Q172290,P361,Q21123695
Q172290,P361,Q14916239
Q172290,P361,Q21759279
Q172290,P361,Q21173831
Q172290,P361,Q22320555
Q172290,P361,Q22320468
Q172290,P361,Q22320469
Q172290,P361,Q22321442
Q172290,P361,Q22320560
Q172290,P361,Q22320816
Q172290,P361,Q22320463
Q172290,P361,Q22320465
Q172290,P361,Q22320464
Q172290,P361,Q22320466
Q172290,P361,Q22320462
Q172290,P361,Q22320815
Q172290,P361,Q22324333
Q172290,P910,Q7215173
Q682,P910,Q7016318
Q682,P279,Q19753345
Q682,P279,Q19600
Q682,P279,Q104567
Q682,P31,Q11344
Q682,P1343,Q2657718
Q682,P1343,Q602358
Q682,P1343,Q19180675
Q682,P1343,Q4086271
Q682,P1889,Q20674464
Q682,P1889,Q5805138
Q682,P366,Q65967059
Q682,P361,Q211331
Q682,P361,Q104567
Q682,P361,Q22316722
Q682,P361,Q22315944
Q27794901,P31,Q4167410
Q309406,P279,Q813912
Q309406,P279,Q46545345
Q309406,P279,Q102187242
Q309406,P31,Q30897648
Q309406,P31,Q2057971
Q309406,P1889,Q34255
Q309406,P361,Q77468620
Q549761,P190,Q504040
Q549761,P190,Q193821
Q549761,P17,Q145
Q549761,P131,Q24666019
Q549761,P910,Q8166471
Q549761,P31,Q1357964
Q549761,P1376,Q23140
Q549761,P421,Q6574
Q549761,P1465,Q23806565
Q549761,P1464,Q23806104
Q549761,P1792,Q8753194
Q549761,P206,Q19709
Q549761,P47,Q546635
Q549761,P47,Q2368471
Q549761,P7959,Q67575123
Q27794901,P31,Q4167410
Q141487,P31,Q4167410
Q141487,P1889,Q29982256
Q141487,P1889,Q36989498
Q141487,P460,Q15073880
Q141487,P460,Q230000
Q141487,P460,Q420450
Q141487,P460,Q5558222
Q320843,P31,Q1969448
Q320843,P407,Q9288
Q234650,P31,Q4167410
Q234650,P1889,Q37065590
Q230227,P31,Q4167410
Q43668,P190,Q1720
Q43668,P190,Q6441
Q43668,P190,Q39121
Q43668,P190,Q915
Q43668,P190,Q44059
Q43668,P190,Q216077
Q43668,P190,Q217040
Q43668,P190,Q175323
Q43668,P190,Q2900
Q43668,P190,Q774015
Q43668,P1151,Q10858523
Q43668,P17,Q30
Q43668,P31,Q1093829
Q43668,P31,Q1549591
Q43668,P131,Q500776
Q43668,P910,Q7486097
Q43668,P1464,Q15944871
Q43668,P1465,Q14786430
Q43668,P1792,Q7117043
Q43668,P2633,Q5535178
Q43668,P1343,Q19180675
Q43668,P1343,Q602358
Q43668,P1343,Q20096917
Q43668,P1343,Q867541
Q43668,P1343,Q19077875
Q43668,P1376,Q500776
Q43668,P361,Q14220599
Q43668,P206,Q4915
Q43668,P112,Q918990
Q43668,P1830,Q6689481
Q43668,P421,Q941023
Q43668,P7867,Q84102256
Q43668,P8744,Q5333713
Q8461,P279,Q179742
Q8461,P279,Q83267
Q8461,P910,Q7022629
Q8461,P460,Q19542027
Q8461,P461,Q582965
Q8461,P1269,Q2914650
Q8461,P1269,Q76074
Q8461,P1269,Q7257
Q8461,P1269,Q96649416
Q8461,P1889,Q166005
Q8461,P1889,Q1141593
Q8461,P31,Q12909644
Q8461,P5008,Q5460604
Q8461,P5008,Q24909800
Q8461,P5008,Q13382529
Q8461,P1542,Q22126538
Q8461,P1424,Q8081571
Q8461,P361,Q96108364
Q8461,P3095,Q28528178
Q4781628,P31,Q4167410
Q3504344,P31,Q4167410
Q3504344,P910,Q6960098
Q33384,P910,Q7136517
Q33384,P279,Q3329375
Q33384,P279,Q20826827
Q33384,P279,Q337968
Q33384,P361,Q2630831
Q33384,P1687,P4913
Q33384,P2959,Q22828692
Q33384,P31,Q28923954
Q33384,P2579,Q8162
Q33384,P2579,Q146893
Q33384,P527,Q8217193
Q33384,P527,Q2664301
Q33384,P460,Q12096383
Q33384,P1889,Q1036511
Q33384,P1343,Q13537252
Q33384,P1343,Q1768721
Q1212274,P31,Q4167410
Q1212274,P1889,Q37535569
Q5473300,P31,Q4167410
Q183389,P1343,Q2657718
Q183389,P279,Q188447
Q183389,P279,Q693004
Q183389,P2935,Q64840258
Q183389,P61,Q154345
Q101244,P279,Q102786
Q101244,P1687,P1813
Q101244,P1382,Q918270
Q101244,P460,Q918270
Q101244,P910,Q7165125
Q366068,P31,Q4167410
Q366068,P1889,Q2675368
Q366068,P460,Q21104078
Q2027844,P31,Q4167410
Q2027844,P1889,Q26446796
Q2027844,P1889,Q26447870
Q2027844,P1889,Q27180993
Q2027844,P1889,Q40104520
Q16860542,P31,Q101352
Q16860542,P1889,Q15789969
Q16860542,P282,Q8229
Q360490,P31,Q4167410
Q360490,P1889,Q16865409
Q359982,P31,Q4167410
Q1674468,P31,Q4167410
Q1674468,P1889,Q28942342
Q1674468,P1889,Q23498130
Q1674468,P460,Q234741
Q203290,P279,Q62266950
Q203290,P279,Q950799
Q203290,P279,Q2328809
Q203290,P1343,Q4086271
Q203290,P1889,Q181409
Q103903,P910,Q9240716
Q103903,P279,Q2005002
Q103903,P279,Q36205316
Q103903,P1687,P473
Q103903,P1687,P474
Q6765918,P527,Q24962887
Q6765918,P1382,Q1456832
Q6765918,P279,Q1914636
Q6765918,P3095,Q99485144
Q72827,P31,Q79529
Q72827,P31,Q25403900
Q72827,P527,Q629
Q72827,P527,Q623
Q72827,P527,Q5437342
Q72827,P279,Q912613
Q10675206,P361,Q169336
Q10675206,P279,Q4503801
Q10675206,P279,Q214609
Q10675206,P1687,P4543
Q10675206,P1889,Q25403900
Q145205,P279,Q34669510
Q145205,P279,Q131790
Q145205,P279,Q1726215
Q145205,P910,Q7019122
Q145205,P1343,Q2657718
Q145205,P1343,Q4532138
Q145205,P1343,Q602358
Q145205,P1343,Q19180675
Q145205,P1343,Q1970746
Q145205,P1889,Q652668
Q145205,P366,Q181898
Q145205,P366,Q908233
Q145205,P31,Q56256173
Q145205,P1582,Q132825
Q171486,P279,Q42045754
Q171486,P461,Q324963
Q171486,P1542,Q1301500
Q171486,P910,Q6307229
Q407797,P31,Q4167410
Q1761269,P279,Q11416
Q6147928,P31,Q4167410
Q6147928,P1889,Q37552389
Q49546,P31,Q11173
Q49546,P31,Q902638
Q49546,P31,Q27949284
Q49546,P31,Q21009055
Q49546,P31,Q221696
Q49546,P31,Q170744
Q49546,P31,Q65988187
Q49546,P31,Q174211
Q49546,P31,Q746183
Q49546,P527,Q623
Q49546,P527,Q556
Q49546,P527,Q629
Q49546,P1542,Q21167550
Q49546,P1343,Q2041543
Q49546,P1343,Q602358
Q49546,P1343,Q19180675
Q49546,P1343,Q3181656
Q49546,P1343,Q4532138
Q49546,P703,Q15978631
Q49546,P703,Q18674606
Q49546,P2868,Q146505
Q49546,P4952,Q51139288
Q49546,P4952,Q2005334
Q49546,P910,Q55330924
Q49546,P6185,Q6087906
Q49546,P361,Q22281916
Q49546,P361,Q22282596
Q49546,P361,Q22283399
Q49546,P361,Q22282102
Q49546,P361,Q22281917
Q49546,P361,Q22323807
Q49546,P361,Q22324205
Q49546,P361,Q22318370
Q49546,P361,Q22321623
Q49546,P361,Q53007798
Q49546,P361,Q53008036
Q49546,P366,Q27949284
Q323840,P910,Q8915686
Q323840,P31,Q100434640
Q323840,P366,Q1455803
Q323840,P279,Q169336
Q323840,P1535,Q1455803
Q323840,P1343,Q4532138
Q323840,P1889,Q12796220
Q4681045,P31,Q4167410
Q1156,P1465,Q9219216
Q1156,P17,Q668
Q1156,P17,Q200464
Q1156,P17,Q179876
Q1156,P17,Q2001966
Q1156,P17,Q129286
Q1156,P30,Q48
Q1156,P31,Q174844
Q1156,P31,Q11271835
Q1156,P31,Q515
Q1156,P31,Q1549591
Q1156,P31,Q1637706
Q1156,P31,Q1907114
Q1156,P31,Q3257686
Q1156,P131,Q1191
Q1156,P131,Q2627082
Q1156,P131,Q891827
Q1156,P421,Q604055
Q1156,P910,Q8809165
Q1156,P190,Q84
Q1156,P190,Q65
Q1156,P190,Q656
Q1156,P190,Q1022
Q1156,P190,Q38283
Q1156,P190,Q47034
Q1156,P190,Q487704
Q1156,P190,Q35997
Q1156,P190,Q64
Q1156,P190,Q16520
Q1156,P190,Q112813
Q1156,P190,Q3630
Q1156,P190,Q1461
Q1156,P1464,Q8064460
Q1156,P1740,Q15120845
Q1156,P1792,Q7116224
Q1156,P1376,Q1191
Q1156,P1376,Q2627082
Q1156,P1376,Q891827
Q1156,P1376,Q2341660
Q1156,P6,Q18218029
Q1156,P6,Q28925050
Q1156,P6,Q76174641
Q1156,P2633,Q5535200
Q1156,P361,Q1142402
Q1156,P5008,Q5460604
Q1156,P1791,Q32414945
Q1156,P797,Q1195653
Q1156,P2936,Q36109
Q1156,P2936,Q1571
Q1156,P2936,Q1617
Q1156,P2936,Q5885
Q1156,P2936,Q33673
Q1156,P2936,Q34251
Q1156,P2936,Q8097
Q1156,P2936,Q34239
Q1156,P2936,Q36236
Q1156,P1343,Q4114391
Q1156,P1343,Q4173137
Q1156,P1343,Q19180675
Q1156,P1343,Q602358
Q1156,P1343,Q3181656
Q1156,P7867,Q84042912
Q1156,P8744,Q5333727
Q296025,P31,Q4167410
Q296025,P1889,Q37074804
Q296025,P1889,Q40102852
Q7137091,P31,Q101352
Q7137091,P282,Q8229
Q7216430,P31,Q79529
Q5404440,P31,Q4167410
Q4407,P31,Q335268
Q4407,P1889,Q15377867
Q4407,P1889,Q6823951
Q346127,P31,Q4167410
Q346127,P460,Q673084
Q346127,P1889,Q36982750
Q5010739,P31,Q4167410
Q223934,P31,Q4167410
Q7224880,P910,Q8447545
Q7224880,P1542,Q21174320
Q7224880,P279,Q15303351
Q7224880,P279,Q206615
Q7224880,P279,Q263125
Q7224880,P527,Q5861
Q7224880,P527,Q11474
Q236548,P31,Q4167410
Q236548,P1889,Q37142267
Q236548,P1889,Q97837035
Q236548,P1889,Q3304209
Q236548,P1889,Q24065102
Q236548,P1889,Q103982686
Q249650,P31,Q4167410
Q12960123,P31,Q4167410
Q1511,P101,Q1344
Q1511,P101,Q279272
Q1511,P106,Q36834
Q1511,P106,Q8178443
Q1511,P106,Q158852
Q1511,P106,Q11774202
Q1511,P106,Q3387717
Q1511,P106,Q18814623
Q1511,P106,Q49757
Q1511,P106,Q486748
Q1511,P106,Q1350157
Q1511,P106,Q639669
Q1511,P106,Q482980
Q1511,P106,Q18939491
Q1511,P106,Q36180
Q1511,P27,Q183
Q1511,P509,Q12152
Q1511,P26,Q75789
Q1511,P26,Q78230
Q1511,P40,Q143867
Q1511,P40,Q5922802
Q1511,P40,Q5852556
Q1511,P910,Q8041069
Q1511,P31,Q5
Q1511,P19,Q2079
Q1511,P20,Q641
Q1511,P69,Q154804
Q1511,P69,Q1526368
Q1511,P1343,Q4239850
Q1511,P1343,Q4263804
Q1511,P1343,Q4173137
Q1511,P1343,Q602358
Q1511,P1343,Q19180675
Q1511,P1343,Q590208
Q1511,P1343,Q27680201
Q1511,P1343,Q51955019
Q1511,P1343,Q61764153
Q1511,P1343,Q67311526
Q1511,P1343,Q653922
Q1511,P1343,Q2041543
Q1511,P1343,Q99413897
Q1511,P735,Q1249148
Q1511,P735,Q11027623
Q1511,P800,Q114640
Q1511,P800,Q1324254
Q1511,P800,Q560619
Q1511,P800,Q327717
Q1511,P800,Q23085
Q1511,P136,Q1344
Q1511,P136,Q2142754
Q1511,P136,Q9730
Q1511,P737,Q38193
Q1511,P119,Q686109
Q1511,P734,Q2539239
Q1511,P1196,Q3739104
Q1511,P1066,Q65815
Q1511,P166,Q565030
Q1511,P463,Q1541450
Q1511,P1038,Q33489993
Q1511,P5008,Q5460604
Q1511,P53,Q563340
Q1511,P108,Q686522
Q1511,P140,Q75809
Q1511,P1412,Q188
Q1511,P1303,Q5994
Q1511,P859,Q44039
Q1511,P21,Q6581097
Q1511,P802,Q594113
Q1511,P172,Q42884
Q1511,P1455,Q1848070
Q1511,P6886,Q188
Q1511,P1889,Q62559
Q1511,P3373,Q1493426
Q1511,P3373,Q94763406
Q1511,P3373,Q95206365
Q1511,P22,Q102061876
Q1511,P25,Q102061880
Q1511,P7763,Q71887839
Q2270,P279,Q230731
Q2270,P279,Q47457841
Q2270,P279,Q57842052
Q2270,P31,Q11173
Q2270,P31,Q21009055
Q2270,P31,Q21074597
Q2270,P31,Q55427774
Q2270,P31,Q72941151
Q2270,P31,Q187661
Q2270,P527,Q623
Q2270,P1542,Q21167939
Q2270,P1343,Q2657718
Q2270,P1343,Q19180675
Q2270,P1343,Q602358
Q2270,P1343,Q4091875
Q2270,P1343,Q2041543
Q2270,P1343,Q602358
Q2270,P1343,Q3181656
Q2270,P4952,Q51139288
Q2270,P4952,Q2005334
Q2270,P910,Q55329586
Q2270,P361,Q22282398
Q2270,P361,Q22282399
Q2270,P361,Q22283279
Q2270,P361,Q22274616
Q2270,P361,Q22316604
Q2270,P1889,Q912189
Q2270,P1889,Q818462
Q187661,P910,Q7158318
Q187661,P1542,Q133212
Q187661,P1542,Q1216998
Q187661,P1542,Q1637543
Q187661,P279,Q18205885
Q187661,P279,Q27166344
Q187661,P279,Q50379880
Q187661,P1424,Q6863171
Q404033,P31,Q4167410
Q439556,P31,Q4167410
Q1902522,P31,Q4167410
Q1902522,P1889,Q37085921
Q291383,P31,Q4167410
Q7429935,P31,Q4167410
Q1493656,P31,Q4167410
Q1493656,P1889,Q37073739
Q1664720,P279,Q13226383
Q1664720,P279,Q178706
Q1664720,P279,Q2385804
Q1664720,P1343,Q2041543
Q1664720,P1424,Q11043238
Q1664720,P1889,Q178706
Q14866900,P31,Q13417114
Q42884764,P31,Q4167410
Q16886748,P31,Q21278897
Q466576,P910,Q8243785
Q466576,P31,Q43229
Q466576,P17,Q30
Q466576,P159,Q753915
Q466576,P1830,Q7946127
Q5275697,P31,Q4167410
Q25653,P910,Q8446696
Q25653,P279,Q11446
Q25653,P31,Q2235308
Q25653,P1343,Q4091875
Q25653,P1343,Q17378135
Q25653,P2283,Q1478783
Q25653,P2283,Q18984099
Q25653,P1889,Q32498174
Q25653,P1889,Q18984099
Q25653,P1889,Q21175554
Q351443,P31,Q4167410
Q351443,P1889,Q37487040
Q295814,P31,Q4167410
Q295814,P1889,Q37490575
Q134192,P31,Q41581
Q134192,P31,Q10913792
Q134192,P31,Q11173
Q134192,P1542,Q21173320
Q134192,P4952,Q51139288
Q134192,P910,Q55250239
Q134192,P1343,Q602358
Q134192,P1889,Q151335
Q246836,P31,Q4167410
Q246836,P1889,Q499249
Q246836,P1889,Q18272482
Q246836,P460,Q412442
Q246836,P460,Q2509544
Q246836,P460,Q56669233
Q1960297,P31,Q1127759
Q1960297,P361,Q77468620
Q1960297,P1889,Q7111914
Q175943,P279,Q1929430
Q175943,P279,Q215928
Q175943,P279,Q11585131
Q1751548,P366,Q1439660
Q1751548,P1889,Q74824395
Q28536695,P31,Q4167410
Q1390,P105,Q37517
Q1390,P171,Q105146
Q1390,P31,Q16521
Q1390,P944,Q13011
Q1390,P910,Q8977496
Q1390,P910,Q5608148
Q1390,P1343,Q678259
Q1390,P1343,Q602358
Q1390,P1343,Q19180675
Q1390,P1343,Q19190511
Q1390,P1343,Q4532138
Q1390,P1151,Q10564223
Q1390,P5008,Q5460604
Q1390,P2579,Q39286
Q1390,P1672,Q38117921
Q1390,P1552,Q6037215
Q235306,P31,Q4167410
Q162564,P279,Q3882459
Q162564,P910,Q8857513
Q162564,P31,Q3882459
Q131790,P910,Q8221498
Q131790,P366,Q352525
Q131790,P279,Q1726215
Q131790,P1889,Q18819626
Q131790,P1343,Q1768721
Q131790,P31,Q100434640
Q27381055,P31,Q101352
Q27381055,P1889,Q451735
Q27381055,P460,Q21501831
Q27381055,P460,Q27382246
Q27381055,P460,Q1158468
Q27381055,P460,Q16882802
Q27381055,P282,Q8229
Q101038,P1343,Q20078554
Q101038,P1343,Q2041543
Q101038,P1687,P4501
Q101038,P5008,Q69524601
Q101038,P279,Q107715
Q101038,P279,Q3481047
Q101038,P910,Q10248429
Q11114344,P361,Q2151613
Q11114344,P361,Q34735
Q11114344,P31,Q34735
Q690194,P279,Q48116930
Q690194,P1889,Q1630279
Q690194,P1889,Q89325745
Q8053584,P31,Q483394
Q8053584,P17,Q424
Q15835924,P31,Q4167410
Q15835924,P1889,Q37558124
Q107429,P910,Q7214516
Q107429,P279,Q5156940
Q107429,P31,Q47154513
Q107429,P1889,Q171877
Q6813711,P31,Q4167410
Q6813711,P1889,Q21144016
Q408555,P31,Q4167410
Q6485344,P279,Q1144560
Q6485344,P279,Q1289248
Q6485344,P1687,P2221
Q341421,P31,Q4167410
Q12136,P279,Q2057971
Q12136,P279,Q567555
Q12136,P910,Q9789161
Q12136,P1343,Q2657718
Q12136,P1343,Q4114391
Q12136,P1343,Q602358
Q12136,P1343,Q19180675
Q12136,P1343,Q1768721
Q12136,P1963,P1060
Q12136,P1963,P1995
Q12136,P1963,P2176
Q12136,P1424,Q6436840
Q12136,P1424,Q22765453
Q12136,P461,Q12147
Q12136,P2579,Q7208
Q12136,P5008,Q5460604
Q12136,P5008,Q87748614
Q12136,P5008,Q4099686
Q12136,P1687,P5132
Q12136,P1687,P5166
Q12136,P1687,P492
Q12136,P1542,Q267505
Q12136,P1552,Q169872
Q12136,P1552,Q5282120
Q12136,P1552,Q2199864
Q12136,P1552,Q96278582
Q12136,P1552,Q54932064
Q55076544,P31,Q47154513
Q55076544,P279,Q11173
Q55076544,P910,Q7215636
Q55076544,P527,Q185076
Q55076544,P1889,Q333936
Q55076544,P1889,Q185076
Q55076544,P1889,Q9281462
Q55076544,P1889,Q3416481
Q1800747,P31,Q4167410
Q1800747,P1889,Q37183143
Q318836,P279,Q160070
Q39631,P425,Q11190
Q39631,P910,Q7088035
Q39631,P279,Q11974939
Q39631,P1343,Q602358
Q39631,P2354,Q2242102
Q39631,P31,Q66811410
Q39631,P1889,Q169470
Q39631,P1889,Q752297
Q39631,P1889,Q7237369
Q39631,P1424,Q26139017
Q39631,P6186,Q9017167
Q1179073,P31,Q4167410
Q2121772,P31,Q4167410
Q342902,P31,Q4167410
Q342902,P1889,Q36956925
Q16399,P279,Q28846466
Q16399,P910,Q7069024
Q16399,P1343,Q19558994
Q16399,P1343,Q2657718
Q16399,P1343,Q602358
Q16399,P1343,Q602358
Q16399,P1343,Q602358
Q16399,P1343,Q63284758
Q16399,P927,Q9633
Q16399,P1056,Q422106
Q16399,P1056,Q5264210
Q16399,P361,Q11078
Q16399,P4843,Q14859939
Q16399,P31,Q4936952
Q179991,P279,Q2671652
Q179991,P279,Q7410159
Q179991,P910,Q8300837
Q179991,P1995,Q40821
Q179991,P31,Q55215251
Q212809,P910,Q8413414
Q212809,P279,Q2671652
Q212809,P279,Q931309
Q212809,P1889,Q580725
Q212809,P2283,Q580725
Q212809,P1343,Q602358
Q212809,P1343,Q19180675
Q212809,P1424,Q26046154
Q212809,P31,Q55215251
Q298230,P1995,Q120569
Q298230,P2176,Q553223
Q298230,P2176,Q254296
Q298230,P2176,Q422210
Q298230,P2176,Q286846
Q298230,P2176,Q420394
Q298230,P2176,Q408283
Q298230,P2176,Q27122012
Q298230,P2176,Q5268339
Q298230,P279,Q2912193
Q298230,P31,Q18553676
Q298230,P689,Q173710
Q298230,P5008,Q4099686
Q898610,P279,Q834028
Q898610,P1889,Q55571061
Q5437978,P31,Q4167410
Q5437978,P1889,Q37542869
Q101991,P279,Q12136
Q101991,P279,Q1441305
Q101991,P279,Q169872
Q101991,P279,Q102187242
Q101991,P910,Q7014562
Q101991,P910,Q8948059
Q101991,P2176,Q419890
Q101991,P2176,Q963093
Q101991,P2176,Q190875
Q101991,P2176,Q7334443
Q101991,P2176,Q416132
Q101991,P2176,Q5134843
Q101991,P2176,Q1074056
Q101991,P2176,Q607349
Q101991,P2176,Q408676
Q101991,P2176,Q4713192
Q101991,P2176,Q4376623
Q101991,P2176,Q1215575
Q101991,P2176,Q5275451
Q101991,P2176,Q422252
Q101991,P2176,Q5462632
Q101991,P2176,Q409231
Q101991,P2176,Q424972
Q101991,P2176,Q4742041
Q101991,P2176,Q11426176
Q101991,P2176,Q417222
Q101991,P2176,Q186969
Q101991,P2176,Q385370
Q101991,P2176,Q425207
Q101991,P2176,Q904011
Q101991,P2176,Q5462791
Q101991,P2176,Q3837481
Q101991,P2176,Q244408
Q101991,P2176,Q425991
Q101991,P2176,Q4224007
Q101991,P2176,Q18216
Q101991,P2176,Q27106662
Q101991,P2176,Q2823284
Q101991,P2176,Q27107089
Q101991,P5008,Q54439832
Q101991,P1424,Q10978103
Q101991,P1557,Q428253
Q65979,P31,Q1058795
Q65979,P2849,Q9368
Q65979,P1343,Q3181656
Q9103,P31,Q4936952
Q9103,P279,Q189961
Q9103,P279,Q66557754
Q9103,P910,Q8914727
Q9103,P361,Q592177
Q9103,P361,Q1784017
Q9103,P366,Q174876
Q9103,P2286,Q497563
Q9103,P2289,Q3509884
Q9103,P5008,Q5460604
Q9103,P2670,Q66511263
Q9103,P2670,Q66511267
Q34172,P279,Q185217
Q34172,P279,Q26869352
Q34172,P279,Q26882158
Q34172,P279,Q912613
Q34172,P910,Q7214336
Q34172,P31,Q25403900
Q34172,P1343,Q2657718
Q34172,P1343,Q1138524
Q34172,P2079,Q2916087
Q34172,P366,Q1472481
Q34172,P1889,Q16701410
Q34172,P527,Q127980
Q130964,P31,Q2916980
Q130964,P31,Q82047057
Q130964,P1343,Q2657718
Q130964,P111,Q11379
Q130964,P1889,Q26708069
Q130964,P1889,Q93811434
Q130964,P1889,Q87260855
Q11358,P279,Q156
Q11358,P910,Q7216557
Q11358,P5008,Q5460604
Q11358,P1424,Q6863216
Q11358,P31,Q47154513
Q11358,P1343,Q602358
Q11358,P1343,Q3181656
Q11358,P361,Q14633866
Q11358,P361,Q2734081
Q11358,P361,Q14890579
Q11358,P361,Q21102359
Q11358,P361,Q21151801
Q11358,P361,Q14912641
Q11358,P361,Q21121265
Q11358,P361,Q22320700
Q11358,P361,Q21106264
Q11358,P361,Q22324692
Q11358,P361,Q14887311
Q11358,P361,Q22320699
Q11358,P361,Q22290444
Q11358,P361,Q22291667
Q11358,P361,Q21122289
Q11358,P1889,Q43648
Q224416,P31,Q4167410
Q205764,P279,Q5442760
Q205764,P1995,Q1221899
Q205764,P2293,Q18030402
Q205764,P2293,Q18048437
Q205764,P2293,Q18041878
Q205764,P2293,Q18054131
Q205764,P2293,Q18034584
Q205764,P2176,Q419652
Q205764,P2176,Q175901
Q205764,P2176,Q907160
Q205764,P2176,Q421352
Q205764,P2176,Q5405160
Q205764,P2176,Q415304
Q205764,P2176,Q3869873
Q205764,P2176,Q27265738
Q205764,P2176,Q416950
Q205764,P2176,Q3733839
Q205764,P2176,Q1992653
Q205764,P2176,Q48566776
Q205764,P2176,Q416667
Q205764,P2176,Q907160
Q205764,P2176,Q5403717
Q205764,P927,Q839508
Q205764,P1889,Q1340734
Q205764,P5008,Q4099686
Q5625151,P361,Q170483
Q5625151,P279,Q1183543
Q186889,P279,Q169872
Q186889,P1995,Q120569
Q186889,P1995,Q4531629
Q186889,P31,Q169872
Q186889,P138,Q15218681
Q332428,P1995,Q162606
Q332428,P31,Q179630
Q332428,P31,Q63345803
Q332428,P279,Q16956975
Q332428,P461,Q1146902
Q11995,P361,Q1956046
Q11995,P910,Q6170774
Q11995,P1343,Q2657718
Q11995,P1343,Q2041543
Q11995,P279,Q1490716
Q11995,P1542,Q34581
Q11995,P2959,Q27135171
Q11995,P5008,Q5460604
Q11995,P5008,Q54439832
Q11995,P828,Q2666904
Q11995,P828,Q200117
Q11995,P31,Q7189713
Q154166,P186,Q35051
Q154166,P186,Q11254
Q154166,P186,Q283
Q154166,P361,Q1850480
Q154166,P361,Q47629
Q154166,P361,Q12505
Q154166,P361,Q871595
Q154166,P361,Q756020
Q154166,P361,Q3006870
Q154166,P527,Q161249
Q154166,P527,Q35051
Q154166,P279,Q6950796
Q154166,P279,Q3688975
Q154166,P2283,Q43017
Q154166,P2283,Q1503967
Q154166,P910,Q55255120
Q154166,P2012,Q1503789
Q154166,P2012,Q12505
Q154166,P2012,Q47629
Q154166,P2012,Q756020
Q154166,P2012,Q871595
Q154166,P2012,Q387580
Q11004,P279,Q756
Q11004,P279,Q2095
Q11004,P279,Q25403900
Q11004,P910,Q7134776
Q11004,P186,Q1362373
Q11004,P2579,Q173113
Q11004,P2579,Q2375831
Q11004,P5008,Q5460604
Q11004,P361,Q21925565
Q11004,P361,Q209304
Q11004,P1343,Q19190511
Q11004,P1343,Q4086271
Q11004,P1343,Q1768721
Q11004,P2959,Q25423203
Q11004,P1889,Q3314483
Q11004,P527,Q283
Q292995,P31,Q4167410
Q16249296,P31,Q4167410
Q1624317,P279,Q561029
Q1624317,P279,Q560570
Q1624317,P1269,Q1860
Q1624317,P910,Q44067837
Q13974,P127,Q724759
Q13974,P31,Q1254874
Q13974,P31,Q1061197
Q13974,P910,Q7043698
Q13974,P159,Q680614
Q13974,P159,Q1810949
Q13974,P159,Q3596936
Q13974,P159,Q49169
Q13974,P17,Q30
Q13974,P740,Q60
Q13974,P2936,Q1860
Q13974,P749,Q724759
Q13974,P749,Q218038
Q13974,P488,Q3491930
Q13974,P112,Q218038
Q13974,P112,Q360106
Q13974,P1830,Q7953249
Q13974,P452,Q11024
Q77604,P31,Q930752
Q77604,P910,Q7145943
Q77604,P361,Q11190
Q764,P105,Q36732
Q764,P171,Q19088
Q764,P171,Q2943473
Q764,P31,Q16521
Q764,P910,Q1456955
Q764,P944,Q693148
Q764,P1343,Q2041543
Q764,P1343,Q1970746
Q764,P1343,Q19180675
Q764,P1343,Q602358
Q764,P1343,Q1768721
Q764,P1889,Q756
Q764,P5008,Q5460604
Q764,P5125,Q39087041
Q764,P1151,Q10814969
Q764,P527,Q83093
Q764,P527,Q326228
Q764,P2579,Q7175
Q764,P279,Q7239
Q79876,P31,Q146083
Q79876,P361,Q205740
Q79876,P21,Q6581072
Q79876,P40,Q84122
Q79876,P910,Q24067785
Q79876,P1049,Q447131
Q79876,P22,Q168444
Q79876,P25,Q165496
Q79876,P26,Q46491
Q79876,P26,Q192322
Q79876,P26,Q214554
Q79876,P1343,Q602358
Q79876,P1343,Q19180675
Q79876,P1343,Q4173137
Q79876,P1343,Q30059240
Q79876,P1343,Q867541
Q79876,P3373,Q131795
Q79876,P3373,Q169040
Q79876,P3373,Q46491
Q79876,P1889,Q2429253
Q2421902,P910,Q8504958
Q2421902,P31,Q10927834
Q2421902,P31,Q930933
Q2421902,P461,Q457332
Q2421902,P1687,P552
Q2421902,P1889,Q3734365
Q2421902,P279,Q50376225
Q16869059,P31,Q21278897
Q162606,P910,Q6585501
Q162606,P31,Q930752
Q162606,P31,Q28598684
Q162606,P31,Q11862829
Q162606,P1343,Q16387823
Q162606,P1343,Q2657718
Q162606,P279,Q11180
Q162606,P2578,Q11364
Q162606,P3095,Q4531850
Q827023,P1995,Q7208
Q827023,P279,Q184753
Q827023,P279,Q1441305
Q1540899,P31,Q1789476
Q1540899,P31,Q1916557
Q1540899,P361,Q180686
Q460453,P31,Q4338148
Q460453,P910,Q22678954
Q460453,P186,Q5159627
Q370330,P279,Q16887380
Q370330,P279,Q7590
Q370330,P279,Q61509
Q7237369,P31,Q4167410
Q7237369,P1889,Q3486937
Q7237369,P1889,Q6817473
Q7237369,P1889,Q3401419
Q7237369,P1889,Q7777541
Q7237369,P1889,Q7758000
Q7237369,P1889,Q6317150
Q7237369,P1889,Q39631
Q188055,P279,Q273976
Q188055,P910,Q91689
Q188055,P910,Q6614363
Q188055,P361,Q198
Q188055,P2184,Q13030566
Q188055,P1343,Q1138524
Q188055,P1343,Q602358
Q188055,P1343,Q30059240
Q188055,P1343,Q4114391
Q188055,P1343,Q4086271
Q188055,P1687,P607
Q188055,P31,Q207645
Q188055,P1889,Q273976
Q188055,P1889,Q159377
Q7834205,P31,Q4167410
Q174684,P190,Q45779
Q174684,P190,Q1891
Q174684,P190,Q1640
Q174684,P190,Q15470
Q174684,P190,Q204475
Q174684,P190,Q160506
Q174684,P190,Q16557
Q174684,P190,Q690
Q174684,P190,Q938548
Q174684,P17,Q225
Q174684,P131,Q19904705
Q174684,P910,Q9147293
Q174684,P31,Q515
Q174684,P31,Q1549591
Q174684,P1464,Q8076018
Q174684,P1465,Q18081948
Q174684,P1792,Q8751917
Q174684,P421,Q6655
Q174684,P1376,Q18250
Q174684,P1376,Q19904705
Q174684,P1889,Q1065953
Q174684,P1889,Q5065650
Q1395219,P910,Q8749474
Q1395219,P1343,Q2657718
Q1395219,P1343,Q63284758
Q1395219,P1424,Q8005825
Q1395219,P1382,Q245781
Q1395219,P31,Q2393196
Q1395219,P31,Q622645
Q1395219,P279,Q82785806
Q229448,P31,Q4167410
Q229448,P1889,Q37502270
Q229448,P1889,Q1314278
Q229448,P1889,Q40397
Q5265320,P31,Q4167410
Q2616305,P910,Q7484953
Q2616305,P279,Q100171002
Q183344,P279,Q18554536
Q183344,P279,Q3508753
Q183344,P279,Q102186674
Q183344,P1995,Q189553
Q183344,P2176,Q424940
Q183344,P2176,Q256602
Q183344,P2176,Q413728
Q183344,P2176,Q979521
Q183344,P2176,Q1453445
Q183344,P2176,Q3231623
Q183344,P2176,Q5268318
Q183344,P2176,Q2365016
Q183344,P2176,Q415433
Q183344,P2176,Q424193
Q183344,P2176,Q420682
Q183344,P2176,Q544393
Q183344,P2176,Q118551
Q183344,P2176,Q201928
Q183344,P2176,Q263958
Q183344,P2176,Q425109
Q183344,P2176,Q27107637
Q183344,P2176,Q48566821
Q183344,P2176,Q422442
Q183344,P2176,Q28208887
Q183344,P2176,Q1002165
Q183344,P2176,Q424049
Q183344,P2176,Q165399
Q183344,P2176,Q48566767
Q183344,P2176,Q415122
Q183344,P2176,Q186969
Q183344,P2176,Q422273
Q183344,P2176,Q47495791
Q183344,P2176,Q419820
Q183344,P2176,Q417222
Q183344,P2176,Q423075
Q183344,P5008,Q4099686
Q183344,P1343,Q20078554
Q42982,P828,Q186752
Q42982,P279,Q14905917
Q42982,P279,Q5958765
Q42982,P910,Q6181101
Q42982,P1995,Q101929
Q42982,P1542,Q1115038
Q42982,P1542,Q4732121
Q42982,P2176,Q415392
Q42982,P2176,Q11426176
Q42982,P2176,Q342745
Q42982,P2176,Q424049
Q42982,P2176,Q422252
Q42982,P2176,Q423437
Q42982,P2176,Q424972
Q42982,P2176,Q1074056
Q42982,P2176,Q417222
Q42982,P2176,Q729863
Q42982,P2293,Q14864515
Q42982,P2293,Q17916981
Q42982,P2293,Q17914027
Q42982,P2293,Q17708701
Q42982,P2959,Q5958765
Q42982,P31,Q11862829
Q42982,P1889,Q1195509
Q42982,P1424,Q6676522
Q42982,P5008,Q4099686
Q176088,P279,Q3271208
Q3649349,P279,Q1058795
Q3649349,P279,Q12334861
Q3649349,P2849,Q1219805
Q3649349,P1889,Q3746560
Q3649349,P1889,Q502525
Q3649349,P1343,Q602358
Q3649349,P1343,Q19180675
Q3649349,P1343,Q4532138
Q202013,P279,Q166019
Q202013,P279,Q102186674
Q202013,P1343,Q19190511
Q185120,P31,Q167270
Q185120,P31,Q2519914
Q185120,P127,Q157062
Q185120,P17,Q30
Q185120,P1056,Q457239
Q185120,P460,Q457239
Q185120,P61,Q358079
Q240923,P495,Q41
Q240923,P460,Q20655532
Q240923,P460,Q2134477
Q240923,P279,Q746549
Q240923,P1889,Q1582736
Q240923,P31,Q17062980
Q13317,P279,Q185217
Q13317,P279,Q26868224
Q13317,P279,Q26868454
Q13317,P279,Q26868628
Q13317,P910,Q7485152
Q13317,P186,Q8495
Q13317,P361,Q654493
Q13317,P2849,Q262677
Q4867507,P31,Q4167410
Q1458730,P282,Q8229
Q1458730,P31,Q840396
Q441398,P31,Q4167410
Q1216998,P910,Q7886904
Q1216998,P279,Q12136
Q1216998,P828,Q14763008
Q1216998,P460,Q18554796
Q1216998,P1995,Q514
Q1216998,P1424,Q8087259
Q1216998,P1889,Q188741
Q1216998,P1889,Q133212
Q1216998,P5008,Q4099686
Q462088,P31,Q4167410
Q462088,P1889,Q37245325
Q861974,P279,Q4026292
Q861974,P279,Q32488645
Q861974,P279,Q69020767
Q861974,P910,Q9496357
Q861974,P1889,Q15805928
Q861974,P1889,Q474191
Q5053372,P31,Q838795
Q5053372,P50,Q516915
Q5053372,P1889,Q2942178
Q296136,P31,Q4167410
Q296136,P1889,Q16869738
Q133076,P279,Q12136
Q133076,P910,Q7244428
Q133076,P1995,Q932510
Q133076,P1343,Q2657718
Q1247875,P31,Q4167410
Q1247875,P1889,Q17021580
Q1247875,P1889,Q909121
Q1247875,P1889,Q83548825
Q706,P910,Q7297861
Q706,P31,Q11344
Q706,P31,Q35456
Q706,P61,Q131761
Q706,P1343,Q2657718
Q706,P1889,Q21028902
Q706,P361,Q239825
Q706,P361,Q19563
Q410813,P31,Q4167410
Q234575,P31,Q4167410
Q5326939,P31,Q4167410
Q37828,P279,Q12269769
Q37828,P910,Q20819335
Q37828,P1343,Q2657718
Q37828,P366,Q747713
Q37828,P366,Q11702361
Q37828,P2283,Q266790
Q37828,P461,Q15951606
Q37828,P1889,Q3667020
Q37828,P1889,Q1572702
Q37828,P1365,Q253893
Q5598589,P31,Q4167410
Q2992372,P279,Q1190554
Q2992372,P31,Q1931388
Q2992372,P1269,Q2252077
Q5897383,P31,Q4167410
Q5897383,P1889,Q16870864
Q28640,P910,Q9672372
Q28640,P1889,Q12737077
Q28640,P1889,Q4164871
Q28640,P1889,Q828803
Q28640,P31,Q19361238
Q28640,P31,Q24017414
Q28640,P1424,Q6471307
Q28640,P1343,Q19180675
Q28640,P3095,Q702269
Q28640,P279,Q192581
Q28640,P279,Q12737077
Q28640,P1687,P106
Q1206382,P31,Q4167410
Q16885471,P31,Q4167410
Q1583195,P31,Q12308941
Q1583195,P282,Q8229
Q1583195,P1533,Q37499249
Q18411384,P31,Q4167410
Q18411384,P1889,Q37529772
Q167918,P461,Q3603531
Q167918,P31,Q171318
Q167918,P279,Q402152
Q167918,P279,Q24882651
Q251347,P31,Q12140
Q251347,P31,Q156
Q251347,P31,Q11173
Q251347,P31,Q193430
Q251347,P31,Q35456
Q251347,P31,Q55427776
Q251347,P31,Q72941151
Q251347,P769,Q410061
Q251347,P769,Q408163
Q251347,P769,Q7739
Q251347,P769,Q423437
Q251347,P769,Q165399
Q251347,P769,Q4890934
Q251347,P769,Q422438
Q251347,P769,Q407972
Q251347,P769,Q425295
Q251347,P769,Q409672
Q251347,P769,Q118551
Q251347,P769,Q41576
Q251347,P769,Q425120
Q251347,P769,Q3712521
Q251347,P769,Q424238
Q251347,P769,Q408637
Q251347,P769,Q174259
Q251347,P769,Q213511
Q251347,P769,Q423757
Q251347,P769,Q421381
Q251347,P769,Q947595
Q251347,P769,Q3791612
Q251347,P769,Q6821618
Q251347,P769,Q179996
Q251347,P769,Q424940
Q251347,P769,Q410011
Q251347,P769,Q416206
Q251347,P769,Q144085
Q251347,P769,Q10354103
Q251347,P769,Q417597
Q251347,P769,Q412496
Q251347,P769,Q419394
Q251347,P769,Q413591
Q251347,P769,Q976559
Q251347,P769,Q422418
Q251347,P769,Q417909
Q251347,P769,Q58375
Q251347,P527,Q627
Q251347,P527,Q629
Q251347,P527,Q650
Q251347,P527,Q623
Q251347,P527,Q688
Q251347,P2175,Q2157462
Q251347,P2175,Q191779
Q251347,P2175,Q127076
Q251347,P2175,Q41112
Q251347,P2175,Q170082
Q251347,P2175,Q834047
Q251347,P2175,Q12135
Q251347,P2175,Q154430
Q251347,P3489,Q3679261
Q251347,P3489,Q28123617
Q251347,P3780,Q47521676
Q251347,P2868,Q3271533
Q251347,P2868,Q208144
Q251347,P2868,Q575136
Q251347,P2868,Q50430254
Q251347,P129,Q21115043
Q251347,P129,Q21115046
Q251347,P129,Q1949517
Q251347,P129,Q4639596
Q251347,P129,Q21497939
Q251347,P129,Q21109355
Q251347,P129,Q21110867
Q251347,P129,Q2034004
Q251347,P129,Q21110872
Q251347,P129,Q308856
Q251347,P129,Q21131500
Q251347,P129,Q309513
Q251347,P129,Q21497878
Q251347,P129,Q21110532
Q251347,P361,Q24460831
Q251347,P361,Q24460833
Q7169098,P31,Q101352
Q7169098,P282,Q8229
Q273318,P279,Q6554101
Q273318,P910,Q55291627
Q273318,P527,Q10289
Q273318,P527,Q12045660
Q5275241,P17,Q114
Q5275241,P31,Q486972
Q5275241,P131,Q877042
Q108200,P31,Q30972056
Q108200,P4147,Q211086
Q108200,P1889,Q44791900
Q108200,P361,Q44791900
Q108200,P361,Q14863979
Q108200,P361,Q14864710
Q108200,P361,Q21100770
Q108200,P361,Q14864705
Q108200,P361,Q14865364
Q108200,P361,Q14874256
Q108200,P361,Q14860799
Q108200,P361,Q14864717
Q108200,P361,Q21119650
Q108200,P361,Q21134875
Q108200,P361,Q15333422
Q108200,P361,Q14877693
Q108200,P361,Q14864706
Q108200,P361,Q14905343
Q108200,P361,Q14905339
Q108200,P361,Q21117625
Q108200,P361,Q21113311
Q108200,P361,Q22243240
Q108200,P361,Q27310924
Q108200,P361,Q22243626
Q108200,P361,Q70535594
Q108200,P361,Q14866100
Q108200,P361,Q21116945
Q108200,P361,Q14877693
Q108200,P361,Q22319631
Q108200,P361,Q22316572
Q108200,P361,Q22316562
Q108200,P361,Q22320598
Q108200,P361,Q22320597
Q108200,P361,Q22320596
Q108200,P361,Q22324147
Q108200,P361,Q22324146
Q108200,P361,Q22324155
Q108200,P361,Q22324145
Q108200,P361,Q22320589
Q108200,P361,Q21433647
Q108200,P361,Q22324144
Q108200,P361,Q22316665
Q108200,P361,Q22315791
Q108200,P361,Q70535559
Q108200,P361,Q70535565
Q108200,P910,Q30876841
Q108200,P1424,Q20690402
Q130788,P279,Q336
Q130788,P279,Q11471
Q130788,P910,Q7190896
Q130788,P1343,Q2041543
Q130788,P1343,Q30059240
Q130788,P1343,Q867541
Q130788,P1424,Q11012980
Q130788,P1889,Q67439188
Q226329,P31,Q4167410
Q931165,P31,Q11424
Q931165,P57,Q442273
Q931165,P161,Q199945
Q931165,P161,Q454328
Q931165,P161,Q168847
Q931165,P161,Q276525
Q931165,P161,Q314819
Q931165,P161,Q360674
Q931165,P161,Q724804
Q931165,P161,Q449352
Q931165,P161,Q449863
Q931165,P161,Q311068
Q931165,P161,Q524776
Q931165,P161,Q7858375
Q931165,P161,Q1676908
Q931165,P161,Q1038375
Q931165,P161,Q442273
Q931165,P161,Q454119
Q931165,P58,Q442273
Q931165,P344,Q795025
Q931165,P162,Q461529
Q931165,P162,Q7858375
Q931165,P162,Q4679747
Q931165,P136,Q860626
Q931165,P136,Q1146335
Q931165,P136,Q2975633
Q931165,P136,Q20442589
Q931165,P840,Q65
Q931165,P495,Q30
Q931165,P915,Q16739
Q931165,P915,Q816
Q931165,P364,Q1860
Q931165,P86,Q604152
Q931165,P462,Q22006653
Q931165,P750,Q159846
Q931165,P272,Q159846
Q931165,P1981,Q20644795
Q931165,P2747,Q23830577
Q931165,P1552,Q45171911
Q931165,P1552,Q93639564
Q931165,P5970,Q80654859
Q103537,P1542,Q79460
Q103537,P1343,Q2657718
Q103537,P279,Q178593
Q103537,P1889,Q61028330
Q103537,P31,Q17339814
Q103537,P910,Q20645499
Q103537,P1552,Q128711
Q103537,P1552,Q4774739
Q103537,P1552,Q575258
Q38933,P279,Q1441305
Q38933,P279,Q99860490
Q38933,P910,Q7215619
Q38933,P1343,Q2657718
Q38933,P1343,Q4086271
Q38933,P1343,Q19180675
Q38933,P2176,Q12140
Q38933,P2176,Q186969
Q38933,P2176,Q57055
Q38933,P2176,Q284321
Q38933,P2176,Q2496906
Q38933,P2176,Q2602750
Q38933,P2176,Q419175
Q38933,P2176,Q1215575
Q38933,P2176,Q18216
Q38933,P1889,Q17005848
Q38933,P5008,Q87748614
Q1208056,P31,Q4167410
Q83030,P910,Q8372268
Q83030,P1995,Q7867
Q83030,P1995,Q83042
Q83030,P279,Q3065932
Q83030,P279,Q360341
Q83030,P279,Q1441305
Q83030,P1343,Q2657718
Q83030,P1343,Q2041543
Q83030,P2176,Q409672
Q83030,P2176,Q412443
Q83030,P2176,Q423520
Q83030,P2176,Q415081
Q83030,P2176,Q412690
Q83030,P2176,Q421076
Q83030,P2176,Q411887
Q83030,P2176,Q201872
Q83030,P2176,Q408535
Q83030,P2176,Q7194603
Q83030,P2176,Q411188
Q83030,P2176,Q412189
Q83030,P2176,Q905717
Q83030,P2176,Q5276428
Q83030,P31,Q12136
Q83030,P5008,Q4099686
Q849697,P279,Q23015928
Q849697,P279,Q189533
Q849697,P910,Q8386052
Q849697,P460,Q4618975
Q849697,P828,Q2095243
Q849697,P31,Q23015928
Q849697,P1889,Q15811255
Q849697,P1889,Q752297
Q849697,P1889,Q1984623
Q849697,P1889,Q98380917
Q849697,P4967,Q187685
Q712519,P31,Q21199
Q712519,P31,Q13366104
Q712519,P31,Q1990975
Q712519,P31,Q11606
Q712519,P31,Q50707
Q712519,P5236,Q200
Q712519,P5236,Q203
Q712519,P1889,Q1166460
Q42317,P31,Q21199
Q42317,P31,Q13366104
Q42317,P31,Q2634498
Q42317,P31,Q2708903
Q42317,P31,Q50707
Q42317,P31,Q67197651
Q42317,P5236,Q200
Q42317,P5236,Q203
Q42317,P461,Q2806358
Q42317,P1343,Q1970746
Q42317,P1343,Q602358
Q829492,P910,Q8794806
Q829492,P1382,Q13373512
Q829492,P1382,Q1824146
Q829492,P361,Q492886
Q829492,P279,Q601401
Q829492,P2283,Q643327
Q23425,P105,Q7432
Q23425,P31,Q16521
Q23425,P171,Q148758
Q23425,P1672,Q2735883
Q23425,P1672,Q1365891
Q23425,P1672,Q217962
Q23425,P1672,Q103748177
Q23425,P910,Q102486956
Q23425,P166,Q1344055
Q23425,P1343,Q19190511
Q23400,P105,Q7432
Q23400,P31,Q16521
Q23400,P31,Q5368822
Q23400,P171,Q49391
Q23400,P166,Q718769
Q23400,P1672,Q21546392
Q23400,P1672,Q72480094
Q23400,P4000,Q147768
Q23400,P910,Q55329603
Q23400,P1343,Q602358
Q23400,P1343,Q1768721
Q324089,P910,Q7158321
Q324089,P279,Q18349602
Q7307090,P31,Q4167410
Q76560,P910,Q8790228
Q76560,P279,Q12140
Q76560,P279,Q12830468
Q76560,P279,Q2913901
Q76560,P1343,Q2657718
Q76560,P1424,Q8085166
Q76560,P31,Q2976049
Q540571,P279,Q1433212
Q540571,P279,Q1088113
Q540571,P1995,Q327657
Q540571,P780,Q1088113
Q540571,P780,Q1888634
Q540571,P780,Q9690
Q540571,P780,Q177190
Q540571,P780,Q4340209
Q540571,P780,Q154430
Q540571,P780,Q58491385
Q540571,P828,Q24238356
Q540571,P689,Q7365
Q540571,P689,Q9644
Q540571,P689,Q47273
Q540571,P924,Q35831
Q540571,P924,Q5906358
Q540571,P2176,Q411932
Q540571,P2176,Q421058
Q540571,P2176,Q412174
Q540571,P2176,Q188724
Q540571,P2176,Q1215575
Q540571,P2176,Q407535
Q540571,P2176,Q420682
Q540571,P2176,Q48564239
Q540571,P2176,Q48566803
Q540571,P2176,Q186969
Q540571,P2176,Q898407
Q540571,P2176,Q7553347
Q540571,P2176,Q414463
Q540571,P2176,Q410352
Q540571,P2176,Q81225
Q540571,P2176,Q244408
Q540571,P2176,Q407541
Q540571,P2176,Q407721
Q540571,P2176,Q415343
Q540571,P2176,Q58397
Q540571,P2176,Q408801
Q540571,P2176,Q27086377
Q540571,P923,Q169872
Q540571,P923,Q837512
Q540571,P5008,Q4099686
Q1174843,P31,Q4167410
Q335046,P279,Q9415
Q335046,P1343,Q2657718
Q335046,P1343,Q2041543
Q335046,P361,Q77468620
Q335046,P31,Q9415
Q335046,P1269,Q9418
Q3503092,P279,Q1383944
Q3503092,P279,Q12334861
Q3503092,P2849,Q243784
Q3503092,P682,Q3537764
Q3503092,P1343,Q1210353
Q3503092,P1343,Q19180675
Q3503092,P1343,Q4532138
Q11995,P361,Q1956046
Q11995,P910,Q6170774
Q11995,P1343,Q2657718
Q11995,P1343,Q2041543
Q11995,P279,Q1490716
Q11995,P1542,Q34581
Q11995,P2959,Q27135171
Q11995,P5008,Q5460604
Q11995,P5008,Q54439832
Q11995,P828,Q2666904
Q11995,P828,Q200117
Q11995,P31,Q7189713
Q17145,P279,Q7868
Q17145,P279,Q211050
Q17145,P527,Q22327679
Q17145,P366,Q1379223
Q17145,P31,Q189118
Q18633,P31,Q577
Q18633,P31,Q19828
Q18633,P361,Q36561
Q18633,P155,Q18639
Q18633,P156,Q5231
Q18633,P910,Q5610494
Q18633,P2959,Q31802819
Q18633,P527,Q2385939
Q18633,P527,Q2406315
Q18633,P527,Q2858031
Q18633,P527,Q2874539
Q18633,P527,Q3042472
Q18633,P527,Q3092740
Q18633,P527,Q3162136
Q18633,P527,Q3188242
Q18633,P527,Q3277944
Q18633,P527,Q3294893
Q18633,P527,Q3345414
Q18633,P527,Q3478958
Q18633,P793,Q362
Q18633,P1889,Q44070029
Q131774,P155,Q276258
Q131774,P31,Q785260
Q131774,P31,Q185836
Q131774,P910,Q7441541
Q131774,P1343,Q2041543
Q131774,P2670,Q1492760
Q131774,P1269,Q2347178
Q131774,P156,Q378915
Q79460,P828,Q103537
Q79460,P279,Q66559285
Q79460,P361,Q1059
Q79460,P910,Q7211399
Q79460,P1343,Q2657718
Q79460,P176,Q250694
Q79460,P2868,Q50349184
Q79460,P31,Q78155096
Q79460,P5008,Q87748614
Q79460,P1424,Q6681035
Q441873,P31,Q4167410
Q4960170,P31,Q4167410
Q4960170,P1889,Q36930908
Q273510,P279,Q18555090
Q273510,P1995,Q788926
Q273510,P1995,Q171171
Q273510,P2176,Q411229
Q273510,P2176,Q248466
Q273510,P2176,Q238490
Q273510,P2176,Q407883
Q273510,P2176,Q412223
Q273510,P2176,Q411478
Q273510,P2176,Q251005
Q273510,P2176,Q6827850
Q273510,P2176,Q420875
Q273510,P2176,Q412236
Q273510,P2176,Q238490
Q273510,P31,Q12136
Q273510,P1343,Q19190511
Q273510,P5008,Q4099686
Q228036,P1343,Q2657718
Q228036,P1343,Q602358
Q228036,P1343,Q2041543
Q228036,P279,Q34581
Q228036,P279,Q600236
Q228036,P61,Q9045
Q228036,P910,Q55278489
Q228036,P138,Q1048
Q1069606,P279,Q701216
Q422438,P31,Q11173
Q422438,P31,Q12140
Q422438,P31,Q35456
Q422438,P636,Q285166
Q422438,P769,Q410061
Q422438,P769,Q408163
Q422438,P769,Q7739
Q422438,P769,Q423437
Q422438,P769,Q165399
Q422438,P769,Q4890934
Q422438,P769,Q407972
Q422438,P769,Q425295
Q422438,P769,Q409672
Q422438,P769,Q118551
Q422438,P769,Q41576
Q422438,P769,Q425120
Q422438,P769,Q3712521
Q422438,P769,Q424238
Q422438,P769,Q408637
Q422438,P769,Q174259
Q422438,P769,Q213511
Q422438,P769,Q423757
Q422438,P769,Q421381
Q422438,P769,Q947595
Q422438,P769,Q251347
Q422438,P769,Q3791612
Q422438,P769,Q6821618
Q422438,P769,Q179996
Q422438,P769,Q424940
Q422438,P769,Q410011
Q422438,P769,Q416206
Q422438,P769,Q144085
Q422438,P769,Q10354103
Q422438,P769,Q417597
Q422438,P769,Q412496
Q422438,P769,Q419394
Q422438,P769,Q413591
Q422438,P769,Q976559
Q422438,P769,Q422418
Q422438,P769,Q417909
Q422438,P769,Q58375
Q422438,P2175,Q5340515
Q422438,P2175,Q949694
Q422438,P2175,Q187255
Q422438,P2175,Q18554672
Q422438,P2175,Q1483214
Q422438,P2175,Q12156
Q422438,P279,Q804539
Q422438,P279,Q6741352
Q422438,P279,Q521616
Q422438,P3780,Q48826066
Q422438,P2868,Q4118287
Q422438,P2868,Q810254
Q422438,P2868,Q4742080
Q422438,P2868,Q521616
Q422438,P5008,Q54439832
Q422438,P5008,Q87748614
Q422438,P129,Q21133205
Q422438,P361,Q22273282
Q422438,P361,Q22273284
Q422438,P1889,Q421094
Q422438,P972,Q90481889
Q441901,P31,Q4167410
Q250417,P31,Q4167410
Q122224,P910,Q5906624
Q122224,P5008,Q54439832
Q122224,P279,Q1280670
Q122224,P1889,Q130819
Q122224,P361,Q130819
Q122224,P366,Q1717246
Q26830865,P31,Q13406463
Q26830865,P360,Q4390239
Q134649,P910,Q8376912
Q134649,P1995,Q788926
Q134649,P279,Q18553247
Q134649,P279,Q69084244
Q134649,P1343,Q2657718
Q134649,P1343,Q3181656
Q134649,P828,Q131649
Q134649,P923,Q1326345
Q134649,P923,Q1125312
Q134649,P923,Q835153
Q134649,P31,Q18123741
Q134649,P31,Q314676
Q134649,P2176,Q258450
Q134649,P2176,Q411462
Q134649,P2176,Q584135
Q134649,P2176,Q244150
Q134649,P1060,Q11986959
Q134649,P1060,Q871752
Q134649,P780,Q1292082
Q134649,P780,Q38933
Q134649,P780,Q21513506
Q134649,P780,Q186470
Q134649,P780,Q181754
Q134649,P780,Q945238
Q134649,P780,Q1495301
Q134649,P780,Q109186
Q134649,P924,Q63323005
Q134649,P924,Q324921
Q134649,P924,Q584135
Q134649,P5008,Q4099686
Q10916362,P279,Q18975373
Q10916362,P279,Q99860490
Q10916362,P1995,Q189553
Q18411384,P31,Q4167410
Q18411384,P1889,Q37529772
Q1342421,P31,Q4167410
Q1342421,P1889,Q37488518
Q133805,P910,Q5601738
Q133805,P279,Q843601
Q133805,P31,Q2465832
Q133805,P2578,Q44512
Q133805,P2578,Q12184
Q133805,P1343,Q19180675
Q133805,P3095,Q13416803
Q133805,P5008,Q87748614
Q311383,P105,Q7432
Q311383,P171,Q6502575
Q311383,P31,Q16521
Q311383,P31,Q10253316
Q311383,P2975,Q15978631
Q311383,P2975,Q158597
Q11416,P279,Q3590573
Q11416,P279,Q61788060
Q11416,P910,Q5625203
Q11416,P1343,Q602358
Q11416,P1343,Q4532135
Q11416,P1343,Q19180675
Q11416,P5008,Q5460604
Q11416,P1889,Q3590573
Q11416,P3095,Q24114117
Q11416,P1537,Q748309
Q11416,P1552,Q16301153
Q11416,P2283,Q2565881
Q9647,P279,Q24060765
Q9647,P910,Q7035721
Q9647,P527,Q7868
Q9647,P31,Q4936952
Q9647,P366,Q84230
Q9647,P4843,Q14877293
Q1141979,P105,Q7432
Q1141979,P171,Q311275
Q1141979,P31,Q16521
Q1141979,P1542,Q1347065
Q1141979,P2597,Q632006
Q1141979,P2579,Q788926
Q71188236,P31,Q4167410
Q71188236,P1889,Q16994754
Q71188236,P1889,Q6005450
Q71188236,P1889,Q6005457
Q71188236,P460,Q226169
Q71188236,P460,Q71188686
Q1415366,P279,Q14916317
Q998,P279,Q7569
Q998,P279,Q851990
Q998,P910,Q8548465
Q998,P1365,Q576104
Q998,P1366,Q3377398
Q998,P1343,Q2657718
Q998,P31,Q5932254
Q998,P155,Q20182238
Q998,P156,Q97040416
Q1185869,P279,Q863533
Q1185869,P361,Q22243207
Q1185869,P31,Q2996394
Q396153,P31,Q4167410
Q396153,P460,Q50941491
Q396153,P1889,Q939416
Q12156,P1605,Q158597
Q12156,P828,Q311383
Q12156,P828,Q311376
Q12156,P828,Q133969
Q12156,P828,Q134445
Q12156,P828,Q130948
Q12156,P828,Q241594
Q12156,P1479,Q10294
Q12156,P61,Q102034
Q12156,P61,Q189006
Q12156,P910,Q7144805
Q12156,P923,Q886475
Q12156,P1995,Q788926
Q12156,P279,Q353172
Q12156,P279,Q3281402
Q12156,P1343,Q2657718
Q12156,P1343,Q602358
Q12156,P2176,Q2555060
Q12156,P2176,Q422438
Q12156,P2176,Q419834
Q12156,P2176,Q421094
Q12156,P2176,Q736270
Q12156,P2176,Q421072
Q12156,P2176,Q27279400
Q12156,P2176,Q736270
Q12156,P2176,Q2555060
Q12156,P2176,Q412713
Q12156,P2176,Q421094
Q12156,P2176,Q4797577
Q12156,P2176,Q426921
Q12156,P2176,Q412496
Q12156,P2293,Q14839826
Q12156,P2293,Q17833493
Q12156,P2293,Q17913463
Q12156,P31,Q12136
Q12156,P31,Q506680
Q12156,P780,Q29644036
Q12156,P780,Q29644041
Q12156,P780,Q1362864
Q12156,P780,Q5445
Q12156,P780,Q1129121
Q12156,P780,Q133244
Q12156,P780,Q159557
Q12156,P1060,Q15304532
Q12156,P1060,Q183605
Q12156,P5008,Q5460604
Q12156,P5008,Q54439832
Q12156,P5008,Q4099686
Q12156,P924,Q521616
Q12156,P924,Q701216
Q12156,P138,Q607329
Q12156,P138,Q170321
Q7560,P1687,P25
Q7560,P31,Q171318
Q7560,P279,Q7566
Q7560,P279,Q84048852
Q7560,P1343,Q2657718
Q7560,P1343,Q1970746
Q7560,P1343,Q1970746
Q7560,P1343,Q4086271
Q7560,P1343,Q4173137
Q7560,P1552,Q6581072
Q7560,P179,Q267388
Q7560,P461,Q29514218
Q7560,P461,Q7565
Q7560,P1269,Q1956046
Q736270,P31,Q11173
Q736270,P31,Q12140
Q736270,P31,Q193430
Q736270,P31,Q35456
Q736270,P2175,Q18554672
Q736270,P2175,Q18554412
Q736270,P2175,Q12156
Q736270,P2175,Q12156
Q736270,P3489,Q3679234
Q736270,P3489,Q28123616
Q736270,P279,Q6741352
Q736270,P2868,Q521616
Q12136,P279,Q2057971
Q12136,P279,Q567555
Q12136,P910,Q9789161
Q12136,P1343,Q2657718
Q12136,P1343,Q4114391
Q12136,P1343,Q602358
Q12136,P1343,Q19180675
Q12136,P1343,Q1768721
Q12136,P1963,P1060
Q12136,P1963,P1995
Q12136,P1963,P2176
Q12136,P1963,P780
Q12136,P1963,P2854
Q12136,P1963,P924
Q12136,P1963,P2293
Q12136,P1963,P1692
Q12136,P1963,P667
Q12136,P1963,P1193
Q12136,P1963,P923
Q12136,P1963,P138
Q12136,P1424,Q6436840
Q12136,P1424,Q22765453
Q12136,P461,Q12147
Q12136,P2579,Q7208
Q12136,P5008,Q5460604
Q12136,P5008,Q87748614
Q12136,P5008,Q4099686
Q12136,P1687,P5132
Q12136,P1687,P5166
Q12136,P1687,P492
Q12136,P1542,Q267505
Q12136,P1552,Q169872
Q12136,P1552,Q5282120
Q12136,P1552,Q2199864
Q12136,P1552,Q96278582
Q12136,P1552,Q54932064
Q12136,P1552,Q88468369
Q1219805,P361,Q1484043
Q1219805,P1343,Q19558994
Q1219805,P1343,Q2657718
Q1219805,P1343,Q602358
Q1219805,P279,Q1587185
Q170065,P279,Q2826767
Q170065,P279,Q864360
Q170065,P1542,Q18123741
Q170065,P1542,Q166231
Q170065,P1343,Q2041543
Q170065,P910,Q6179674
Q170065,P5008,Q54439832
Q170065,P461,Q10414394
Q134859,P910,Q13285611
Q134859,P1995,Q788926
Q134859,P279,Q18553248
Q134859,P279,Q66773817
Q134859,P1343,Q2657718
Q134859,P828,Q137103
Q134859,P2176,Q213511
Q134859,P2176,Q2736402
Q134859,P2176,Q420682
Q134859,P1060,Q11986959
Q134859,P1060,Q871752
Q134859,P780,Q1115038
Q134859,P780,Q38933
Q134859,P780,Q35805
Q134859,P780,Q754424
Q134859,P780,Q9690
Q134859,P780,Q127076
Q134859,P924,Q12187
Q134859,P5008,Q4099686
Q46220103,P279,Q64692893
Q46220103,P279,Q5156940
Q46220103,P31,Q47154513
Q46220103,P910,Q7237038
Q46220103,P2959,Q56878886
Q46220103,P1889,Q55168228
Q46220103,P361,Q14897892
Q46220103,P361,Q21109071
Q46220103,P361,Q22324914
Q365855,P31,Q4167410
Q1773974,P910,Q9619449
Q1773974,P31,Q930752
Q1773974,P1343,Q2657718
Q1773974,P1343,Q4532138
Q1773974,P279,Q31207
Q1773974,P279,Q1717246
Q1773974,P361,Q18357734
Q1773974,P5008,Q87748614
Q1773974,P5008,Q5460604
Q7308373,P279,Q1371819
Q7313965,P31,Q4167410
Q155925,P910,Q17420976
Q155925,P2959,Q22828740
Q155925,P2849,Q134938
Q155925,P279,Q37865516
Q155925,P279,Q12334861
Q155925,P31,Q169336
Q155925,P31,Q1058795
Q155925,P1343,Q4532138
Q155925,P1889,Q157151
Q84230,P910,Q8726977
Q84230,P279,Q1435575
Q84230,P31,Q2996394
Q84230,P31,Q4915012
Q84230,P1343,Q2041543
Q84230,P1056,Q12334861
Q47790,P279,Q18553247
Q47790,P279,Q10336461
Q47790,P279,Q727028
Q47790,P279,Q1503299
Q47790,P910,Q7307182
Q47790,P2176,Q20817012
Q47790,P2176,Q407972
Q47790,P2176,Q3292273
Q47790,P2176,Q5198674
Q47790,P2176,Q411456
Q47790,P828,Q309471
Q47790,P31,Q18123741
Q47790,P31,Q314676
Q47790,P1060,Q15304512
Q47790,P780,Q574360
Q47790,P780,Q38933
Q47790,P780,Q86
Q47790,P780,Q767485
Q47790,P924,Q701216
Q47790,P924,Q813243
Q47790,P924,Q1225289
Q47790,P924,Q584135
Q47790,P5008,Q4099686
Q192995,P910,Q7016015
Q192995,P279,Q179661
Q192995,P279,Q4677560
Q192995,P2283,Q134808
Q192995,P2283,Q245359
Q192995,P1343,Q2041543
Q192995,P1343,Q4532138
Q192995,P1542,Q70710352
Q192995,P461,Q91623919
Q134808,P279,Q12140
Q134808,P279,Q679692
Q134808,P910,Q7151811
Q134808,P1687,P1924
Q134808,P1343,Q2657718
Q134808,P1343,Q19180675
Q134808,P1343,Q20961706
Q134808,P366,Q192995
Q134808,P5008,Q54439832
Q134808,P5008,Q87748614
Q134808,P1424,Q57051682
Q134808,P1424,Q10986096
Q134808,P2184,Q2967192
Q134808,P1552,Q7907952
Q134808,P1552,Q445335
Q7908496,P279,Q6679974
Q463180,P31,Q4167410
Q463180,P460,Q363025
Q463180,P460,Q4064252
Q170990,P910,Q6910647
Q170990,P1995,Q327657
Q170990,P279,Q1178507
Q170990,P279,Q3508753
Q170990,P279,Q708176
Q170990,P279,Q102187380
Q170990,P1343,Q2657718
Q170990,P1343,Q602358
Q170990,P2176,Q1320691
Q170990,P2176,Q256502
Q170990,P2176,Q2823284
Q170990,P2176,Q413879
Q170990,P2176,Q348260
Q170990,P2176,Q417222
Q170990,P2176,Q2697833
Q170990,P2176,Q412174
Q170990,P2176,Q408801
Q170990,P2176,Q248550
Q170990,P2176,Q414028
Q170990,P2176,Q421094
Q170990,P2176,Q410352
Q170990,P2176,Q422232
Q170990,P2176,Q420305
Q170990,P2176,Q415264
Q170990,P2176,Q3530324
Q170990,P2176,Q420035
Q170990,P2176,Q412909
Q170990,P2176,Q425154
Q170990,P2176,Q244408
Q170990,P2176,Q412323
Q170990,P2176,Q424972
Q170990,P2176,Q411932
Q170990,P2176,Q2858961
Q170990,P2176,Q407721
Q170990,P2176,Q415343
Q170990,P31,Q708176
Q170990,P927,Q9644
Q170990,P5008,Q4099686
Q170990,P780,Q102186573
Q10876,P105,Q36732
Q10876,P105,Q19858692
Q10876,P105,Q146481
Q10876,P171,Q19081
Q10876,P171,Q2382443
Q10876,P171,Q842610
Q10876,P910,Q1457013
Q10876,P944,Q743780
Q10876,P31,Q16521
Q10876,P1542,Q727028
Q10876,P1542,Q3776920
Q10876,P1343,Q602358
Q10876,P1343,Q19180675
Q10876,P1343,Q3181656
Q10876,P1889,Q4034791
Q10876,P279,Q39833
Q10876,P5008,Q5460604
Q10876,P1151,Q42353284
Q7108,P31,Q1665984
Q7108,P31,Q28797
Q7108,P31,Q268592
Q7108,P31,Q11862829
Q7108,P910,Q7214254
Q7108,P1424,Q6719201
Q7108,P5008,Q5460604
Q7108,P5125,Q7112578
Q7108,P279,Q11016
Q7108,P3095,Q864835
Q7108,P1343,Q101314624
Q43656,P279,Q143623
Q43656,P31,Q11173
Q43656,P31,Q143623
Q43656,P527,Q623
Q43656,P527,Q629
Q43656,P527,Q556
Q43656,P1343,Q2657718
Q43656,P1343,Q4532138
Q43656,P2175,Q1361144
Q43656,P703,Q15978631
Q43656,P681,Q29548
Q43656,P681,Q79927
Q43656,P681,Q14645596
Q43656,P681,Q79899
Q43656,P1889,Q2964389
Q43656,P129,Q7275807
Q43656,P2868,Q247994
Q43656,P361,Q14859820
Q43656,P361,Q14599306
Q43656,P361,Q14890346
Q43656,P361,Q14865175
Q43656,P361,Q14890462
Q43656,P361,Q14865259
Q43656,P361,Q14864549
Q43656,P361,Q22290456
Q43656,P361,Q29573259
Q43656,P361,Q22325179
Q43656,P361,Q14890389
Q43656,P361,Q14872723
Q43656,P361,Q14599650
Q43656,P361,Q21423011
Q43656,P361,Q22282936
Q43656,P361,Q21209320
Q43656,P361,Q14872722
Q43656,P361,Q21136113
Q43656,P361,Q21494902
Q43656,P361,Q14907371
Q43656,P361,Q22318309
Q43656,P361,Q21209293
Q43656,P361,Q14905454
Q43656,P361,Q22320081
Q43656,P361,Q31399714
Q637776,P279,Q83405
Q637776,P1056,Q10943
Q637776,P1056,Q185217
Q637776,P361,Q14096331
Q637776,P1889,Q64698773
Q637776,P910,Q8011191
Q637776,P527,Q12326565
Q358799,P31,Q4167410
Q559003,P279,Q3249551
Q559003,P279,Q17737
Q27349,P31,Q3922583
Q27349,P279,Q3332438
Q27349,P425,Q12128
Q27349,P417,Q232427
Q27349,P910,Q7036777
Q27349,P460,Q16061291
Q1201068,P31,Q4167410
Q1328332,P31,Q4167410
Q3587788,P31,Q4167410
Q5376582,P31,Q4167410
Q778298,P279,Q2859071
Q217694,P1343,Q2657718
Q217694,P279,Q874311
Q217694,P910,Q55277603
Q217694,P366,Q65804662
Q641307,P910,Q7210495
Q641307,P1995,Q101929
Q641307,P279,Q3843811
Q641307,P5008,Q87748614
Q50265665,P703,Q15978631
Q50265665,P31,Q420927
Q50265665,P31,Q12140
Q50265665,P31,Q679692
Q50265665,P31,Q3503934
Q50265665,P31,Q416997
Q50265665,P527,Q56837827
Q50265665,P527,Q50372833
Q50265665,P527,Q66738099
Q50265665,P361,Q50294393
Q50265665,P361,Q45318056
Q50265665,P361,Q50297824
Q50265665,P361,Q45317343
Q50265665,P361,Q45317719
Q50265665,P3780,Q47520983
Q50265665,P3780,Q29004375
Q50265665,P3780,Q29005996
Q50265665,P3780,Q29005999
Q50265665,P3780,Q29006003
Q50265665,P3780,Q29006181
Q50265665,P3780,Q29006184
Q50265665,P3780,Q29006376
Q50265665,P3780,Q29006492
Q50265665,P3780,Q29006617
Q50265665,P3780,Q29006637
Q50265665,P3780,Q47521687
Q50265665,P2175,Q124407
Q50265665,P2175,Q32147145
Q50265665,P1889,Q29005845
Q50265665,P910,Q9582565
Q50265665,P2849,Q9618
Q50265665,P2849,Q923905
Q11367,P279,Q174211
Q11367,P279,Q66560214
Q11367,P910,Q7485617
Q11367,P1343,Q2657718
Q11367,P1343,Q56826519
Q11367,P5008,Q5460604
Q11367,P31,Q56256178
Q11367,P1889,Q127980
Q11367,P361,Q14358833
Q11367,P361,Q2792936
Q11367,P361,Q21096257
Q11367,P361,Q14762268
Q11367,P361,Q22282265
Q11367,P361,Q14907703
Q11367,P361,Q31389280
Q11367,P361,Q22290305
Q11367,P361,Q21115237
Q11367,P361,Q14878182
Q11367,P361,Q22290457
Q11367,P361,Q14872727
Q11367,P361,Q66986434
Q11367,P361,Q66986436
Q11367,P361,Q21127290
Q11367,P361,Q22292479
Q11367,P361,Q22325164
Q11367,P361,Q22328923
Q11367,P361,Q14902251
Q11367,P361,Q14878190
Q11367,P361,Q24479244
Q11367,P361,Q22271372
Q11367,P361,Q22271376
Q12808573,P31,Q4167410
Q324634,P279,Q15904122
Q324634,P279,Q931309
Q324634,P279,Q22905905
Q324634,P366,Q1163564
Q324634,P176,Q12035182
Q324634,P279,Q15904122
Q324634,P279,Q931309
Q324634,P279,Q22905905
Q324634,P366,Q1163564
Q324634,P176,Q12035182
Q181394,P910,Q6034434
Q181394,P279,Q79529
Q181394,P460,Q1422299
Q2138622,P279,Q336
Q2138622,P279,Q1057
Q2138622,P910,Q6294036
Q2138622,P1424,Q11355807
Q2138622,P1889,Q16520513
Q2138622,P2578,Q2095
Q2138622,P1343,Q2041543
Q2138622,P3095,Q2576499
Q2138622,P2579,Q17652193
Q11640,P279,Q1914636
Q228610,P31,Q4167410
Q228610,P1889,Q15073856
Q228610,P460,Q1181613
Q174173,P31,Q4167410
Q174173,P1889,Q11994554
Q174173,P1889,Q13582800
Q174173,P1889,Q37556804
Q174173,P1343,Q2041543
Q174173,P460,Q1319735
Q174173,P460,Q1726984
Q174173,P460,Q1907003
Q174173,P460,Q1805845
Q174173,P460,Q2080903
Q174173,P460,Q2066425
Q174173,P460,Q2092863
Q174173,P460,Q2080542
Q174173,P460,Q2081224
Q174173,P460,Q2070351
Q174173,P460,Q2080626
Q174173,P460,Q7160859
Q174173,P460,Q7172373
Q174173,P460,Q13141106
Q174173,P460,Q226393
Q174173,P460,Q228355
Q174173,P460,Q346059
Q174173,P460,Q345823
Q174173,P460,Q405054
Q174173,P460,Q404988
Q174173,P460,Q343111
Q105186,P31,Q3922583
Q105186,P910,Q7062489
Q105186,P425,Q614304
Q105186,P279,Q11974939
Q105186,P1889,Q12034894
Q105186,P1343,Q4173137
Q105186,P1343,Q4532135
Q105186,P1343,Q4173137
Q75520,P279,Q271669
Q75520,P910,Q7036984
Q75520,P1424,Q21254671
Q75520,P1343,Q2657718
Q75520,P1889,Q248211
Q75520,P460,Q580889
Q26963,P31,Q11173
Q26963,P31,Q12140
Q26963,P31,Q177911
Q26963,P31,Q187661
Q26963,P527,Q623
Q26963,P1343,Q2657718
Q26963,P2175,Q334655
Q26963,P2175,Q686574
Q26963,P703,Q15978631
Q26963,P279,Q45071
Q26963,P3780,Q47522036
Q26963,P3780,Q5376364
Q26963,P3780,Q47521419
Q26963,P3780,Q48826316
Q26963,P2868,Q50430133
Q26963,P129,Q21111265
Q26963,P129,Q21111833
Q26963,P129,Q21109974
Q26963,P129,Q21109971
Q26963,P129,Q3454531
Q26963,P129,Q3454525
Q26963,P129,Q7671468
Q26963,P910,Q55941199
Q26963,P361,Q14905655
Q26963,P361,Q21421955
Q26963,P361,Q21109352
Q26963,P361,Q14820879
Q26963,P361,Q14358865
Q26963,P361,Q22317008
Q26963,P361,Q22319391
Q26963,P361,Q22317004
Q1611074,P31,Q4167410
Q16882842,P31,Q4167410
Q341295,P31,Q4167410
Q16800148,P31,Q4167410
Q34956,P279,Q174211
Q34956,P279,Q531507
Q34956,P279,Q181394
Q34956,P910,Q6770434
Q34956,P461,Q410918
Q28469944,P31,Q4167410
Q477220,P31,Q4167410
Q414,P1151,Q13190381
Q414,P1546,Q3247037
Q414,P5125,Q7112183
Q414,P38,Q1640286
Q414,P38,Q199578
Q414,P38,Q781218
Q414,P38,Q961408
Q414,P38,Q3900745
Q414,P172,Q394067
Q414,P172,Q1474169
Q414,P172,Q3088284
Q414,P1792,Q6994151
Q414,P2852,Q533806
Q414,P2852,Q25648793
Q414,P2852,Q4547615
Q414,P2852,Q25648794
Q414,P2853,Q1378312
Q414,P2853,Q2335539
Q414,P2633,Q1124211
Q414,P1313,Q12969145
Q414,P17,Q414
Q414,P2959,Q20825466
Q414,P122,Q512187
Q414,P1552,Q3174312
Q414,P530,Q155
Q414,P530,Q30
Q414,P530,Q159
Q414,P530,Q38
Q414,P530,Q408
Q414,P530,Q183
Q414,P530,Q801
Q414,P530,Q145
Q414,P530,Q159583
Q414,P530,Q184
Q414,P530,Q212
Q414,P530,Q846
Q414,P530,Q1028
Q414,P530,Q142
Q414,P530,Q16
Q414,P530,Q224
Q414,P530,Q252
Q414,P530,Q258
Q414,P530,Q29
Q414,P530,Q298
Q414,P530,Q39
Q414,P530,Q916
Q414,P530,Q419
Q414,P530,Q43
Q414,P530,Q45
Q414,P530,Q458
Q414,P530,Q733
Q414,P530,Q750
Q414,P530,Q77
Q414,P530,Q79
Q414,P530,Q843
Q414,P530,Q865
Q414,P530,Q928
Q414,P530,Q96
Q414,P530,Q34
Q414,P530,Q403
Q414,P530,Q41
Q414,P530,Q148
Q414,P530,Q902
Q414,P530,Q230
Q414,P530,Q27
Q414,P530,Q423
Q414,P194,Q646190
Q414,P2184,Q243976
Q414,P30,Q18
Q414,P36,Q1486
Q414,P1424,Q6684954
Q414,P237,Q199858
Q414,P166,Q3381638
Q414,P47,Q750
Q414,P47,Q155
Q414,P47,Q298
Q414,P47,Q733
Q414,P47,Q77
Q414,P910,Q1411779
Q414,P1304,Q642444
Q414,P1791,Q8328501
Q414,P6,Q2642828
Q414,P463,Q1065
Q414,P463,Q4230
Q414,P463,Q4264
Q414,P463,Q7825
Q414,P463,Q19771
Q414,P463,Q191384
Q414,P463,Q827525
Q414,P463,Q656801
Q414,P463,Q1043527
Q414,P463,Q899770
Q414,P463,Q340195
Q414,P463,Q3369762
Q414,P463,Q471690
Q414,P463,Q782942
Q414,P463,Q190008
Q414,P463,Q1072120
Q414,P463,Q8475
Q414,P463,Q1480793
Q414,P463,Q842490
Q414,P463,Q233611
Q414,P463,Q7809
Q414,P463,Q5611262
Q414,P463,Q17495
Q414,P463,Q376150
Q414,P463,Q123759
Q414,P463,Q170424
Q414,P463,Q7817
Q414,P463,Q392739
Q414,P5658,Q13196750
Q414,P1740,Q7237250
Q414,P208,Q8508468
Q414,P421,Q6513
Q414,P1465,Q8366406
Q414,P85,Q172495
Q414,P1906,Q12969145
Q414,P361,Q12585
Q414,P361,Q286946
Q414,P361,Q18
Q414,P361,Q236118
Q414,P361,Q653884
Q414,P78,Q38300
Q414,P31,Q3624078
Q414,P31,Q6256
Q414,P610,Q39739
Q414,P1464,Q6522529
Q414,P1622,Q14565199
Q414,P35,Q2642828
Q414,P5008,Q5460604
Q414,P5008,Q54439832
Q414,P5008,Q15304953
Q414,P1589,Q1780252
Q414,P37,Q1321
Q414,P150,Q1486
Q414,P150,Q44754
Q414,P150,Q44756
Q414,P150,Q44757
Q414,P150,Q44759
Q414,P150,Q44758
Q414,P150,Q44762
Q414,P150,Q44761
Q414,P150,Q44764
Q414,P150,Q44795
Q414,P150,Q44796
Q414,P150,Q44797
Q414,P150,Q44798
Q414,P150,Q44800
Q414,P150,Q44802
Q414,P150,Q44803
Q414,P150,Q44805
Q414,P150,Q44818
Q414,P150,Q44821
Q414,P150,Q44823
Q414,P150,Q44827
Q414,P150,Q44832
Q414,P150,Q44829
Q414,P150,Q45007
Q414,P793,Q645426
Q414,P163,Q130774
Q414,P1343,Q302556
Q414,P1343,Q2657718
Q414,P1343,Q4114391
Q414,P1343,Q602358
Q414,P1343,Q19180675
Q414,P1343,Q4173137
Q414,P1343,Q3181656
Q414,P92,Q2082570
Q414,P6104,Q11210037
Q414,P1344,Q9538
Q414,P1344,Q5570670
Q414,P2936,Q1307730
Q414,P2936,Q531826
Q414,P2936,Q3409297
Q414,P2936,Q2721227
Q414,P2936,Q3504118
Q414,P2936,Q2748259
Q414,P2936,Q3540927
Q414,P2936,Q11252539
Q414,P2936,Q5908756
Q414,P2936,Q3113756
Q414,P2936,Q3915584
Q414,P2936,Q3027906
Q414,P2936,Q3322073
Q414,P2936,Q7998197
Q414,P2936,Q35168
Q414,P2936,Q1321
Q414,P2936,Q13526867
Q414,P2936,Q33660
Q414,P2936,Q33930
Q414,P2936,Q33730
Q414,P2936,Q3121063
Q414,P2596,Q1791612
Q414,P7867,Q8607292
Q414,P8402,Q97095896
Q414,P8744,Q1133618
Q414,P1365,Q596823
Q2365041,P910,Q6994151
Q2365041,P31,Q41710
Q2365041,P31,Q231002
Q2365041,P31,Q81058955
Q2365041,P31,Q33829
Q2365041,P17,Q414
Q2365041,P279,Q97142636
Q2365041,P279,Q22947
Q2365041,P279,Q2472587
Q2365041,P279,Q215627
Q2365041,P279,Q2384959
Q2365041,P279,Q16799549
Q2365041,P495,Q414
Q2365041,P131,Q414
Q2365041,P27,Q414
Q2365041,P138,Q414
Q2365041,P5008,Q98970039
Q2365041,P1412,Q1321
Q2365041,P1412,Q652
Q2365041,P1412,Q1860
Q2365041,P1412,Q188
Q2365041,P1412,Q150
Q2365041,P1412,Q5218
Q2365041,P1412,Q33730
Q408,P1344,Q215112
Q408,P1344,Q361
Q408,P1344,Q79911
Q408,P1344,Q362
Q408,P1344,Q8663
Q408,P1344,Q2354629
Q408,P1344,Q8740
Q408,P1344,Q37643
Q408,P1344,Q545449
Q408,P1344,Q182865
Q408,P1344,Q17507684
Q408,P1344,Q184425
Q408,P1792,Q7062016
Q408,P2852,Q2806478
Q408,P2852,Q1061257
Q408,P2852,Q4546664
Q408,P2853,Q2335539
Q408,P1313,Q319145
Q408,P832,Q502375
Q408,P832,Q295859
Q408,P832,Q40317
Q408,P832,Q209663
Q408,P832,Q196627
Q408,P832,Q19809
Q408,P832,Q956699
Q408,P530,Q30
Q408,P530,Q38
Q408,P530,Q155
Q408,P530,Q142
Q408,P530,Q159
Q408,P530,Q145
Q408,P530,Q664
Q408,P530,Q16
Q408,P530,Q889
Q408,P530,Q916
Q408,P530,Q781
Q408,P530,Q414
Q408,P530,Q40
Q408,P530,Q778
Q408,P530,Q902
Q408,P530,Q244
Q408,P530,Q31
Q408,P530,Q750
Q408,P530,Q225
Q408,P530,Q963
Q408,P530,Q921
Q408,P530,Q219
Q408,P530,Q836
Q408,P530,Q424
Q408,P530,Q1009
Q408,P530,Q298
Q408,P530,Q148
Q408,P530,Q739
Q408,P530,Q800
Q408,P530,Q224
Q408,P530,Q229
Q408,P530,Q213
Q408,P530,Q35
Q408,P530,Q977
Q408,P530,Q786
Q408,P530,Q736
Q408,P530,Q79
Q408,P530,Q792
Q408,P530,Q191
Q408,P530,Q115
Q408,P530,Q702
Q408,P530,Q712
Q408,P530,Q33
Q408,P530,Q30971
Q408,P530,Q117
Q408,P530,Q41
Q408,P530,Q769
Q408,P530,Q774
Q408,P530,Q734
Q408,P530,Q159583
Q408,P530,Q783
Q408,P530,Q668
Q408,P530,Q252
Q408,P530,Q794
Q408,P530,Q796
Q408,P530,Q27
Q408,P530,Q801
Q408,P530,Q766
Q408,P530,Q17
Q408,P530,Q810
Q408,P530,Q114
Q408,P530,Q884
Q408,P530,Q817
Q408,P530,Q819
Q408,P530,Q211
Q408,P530,Q822
Q408,P530,Q37
Q408,P530,Q221
Q408,P530,Q1020
Q408,P530,Q833
Q408,P530,Q233
Q408,P530,Q1027
Q408,P530,Q96
Q408,P530,Q711
Q408,P530,Q1029
Q408,P530,Q1030
Q408,P530,Q697
Q408,P530,Q837
Q408,P530,Q55
Q408,P530,Q33788
Q408,P530,Q811
Q408,P530,Q1033
Q408,P530,Q20
Q408,P530,Q843
Q408,P530,Q42620
Q408,P530,Q691
Q408,P530,Q733
Q408,P530,Q419
Q408,P530,Q928
Q408,P530,Q36
Q408,P530,Q45
Q408,P530,Q218
Q408,P530,Q683
Q408,P530,Q851
Q408,P530,Q403
Q408,P530,Q334
Q408,P530,Q215
Q408,P530,Q685
Q408,P530,Q258
Q408,P530,Q29
Q408,P530,Q854
Q408,P530,Q34
Q408,P530,Q39
Q408,P530,Q865
Q408,P530,Q924
Q408,P530,Q869
Q408,P530,Q574
Q408,P530,Q678
Q408,P530,Q754
Q408,P530,Q43
Q408,P530,Q1036
Q408,P530,Q212
Q408,P530,Q878
Q408,P530,Q77
Q408,P530,Q686
Q408,P530,Q881
Q408,P530,Q953
Q408,P530,Q954
Q408,P530,Q1246
Q408,P530,Q8646
Q408,P530,Q423
Q408,P530,Q846
Q408,P530,Q1041
Q408,P530,Q695
Q408,P530,Q183
Q408,P530,Q458
Q408,P530,Q230
Q408,P530,Q28
Q408,P2184,Q174825
Q408,P206,Q1239
Q408,P206,Q12355425
Q408,P206,Q186733
Q408,P206,Q171846
Q408,P206,Q33254
Q408,P206,Q82931
Q408,P206,Q128880
Q408,P206,Q131418
Q408,P36,Q3114
Q408,P36,Q3141
Q408,P1791,Q8328502
Q408,P463,Q1065
Q408,P463,Q41550
Q408,P463,Q7785
Q408,P463,Q7825
Q408,P463,Q19771
Q408,P463,Q170481
Q408,P463,Q188822
Q408,P463,Q7768
Q408,P463,Q782942
Q408,P463,Q309195
Q408,P463,Q1077459
Q408,P463,Q542549
Q408,P463,Q488981
Q408,P463,Q82151
Q408,P463,Q191384
Q408,P463,Q827525
Q408,P463,Q656801
Q408,P463,Q1043527
Q408,P463,Q899770
Q408,P463,Q7886981
Q408,P463,Q295875
Q408,P463,Q1072120
Q408,P463,Q2625543
Q408,P463,Q277252
Q408,P463,Q8475
Q408,P463,Q1480793
Q408,P463,Q842490
Q408,P463,Q4033111
Q408,P463,Q2863003
Q408,P463,Q7768229
Q408,P463,Q5150848
Q408,P463,Q4426267
Q408,P463,Q233611
Q408,P463,Q826700
Q408,P463,Q7809
Q408,P463,Q5611262
Q408,P463,Q17495
Q408,P463,Q376150
Q408,P463,Q45177
Q408,P463,Q170424
Q408,P463,Q7817
Q408,P463,Q15978258
Q408,P5658,Q13196750
Q408,P421,Q6806
Q408,P421,Q6923
Q408,P421,Q6940
Q408,P421,Q6985
Q408,P421,Q7048
Q408,P421,Q7048
Q408,P421,Q7056
Q408,P421,Q7056
Q408,P421,Q7065
Q408,P421,Q7065
Q408,P421,Q7069
Q408,P421,Q7080
Q408,P1465,Q8365370
Q408,P1906,Q14931512
Q408,P47,Q252
Q408,P47,Q664
Q408,P47,Q691
Q408,P47,Q574
Q408,P2238,Q516233
Q408,P2238,Q171058
Q408,P2238,Q3133
Q408,P138,Q323750
Q408,P163,Q81676
Q408,P92,Q1144614
Q408,P6104,Q11036831
Q408,P1151,Q3248546
Q408,P5125,Q7112191
Q408,P38,Q259502
Q408,P38,Q25224
Q408,P38,Q783373
Q408,P172,Q42406
Q408,P172,Q1318423
Q408,P172,Q170826
Q408,P172,Q181634
Q408,P172,Q50001
Q408,P172,Q42884
Q408,P172,Q6501380
Q408,P172,Q862086
Q408,P172,Q539051
Q408,P172,Q200569
Q408,P172,Q170355
Q408,P2633,Q1134461
Q408,P2959,Q20514998
Q408,P2959,Q41336722
Q408,P122,Q3330103
Q408,P122,Q41614
Q408,P122,Q43702
Q408,P209,Q1358798
Q408,P194,Q382118
Q408,P37,Q1860
Q408,P30,Q538
Q408,P237,Q221024
Q408,P17,Q408
Q408,P5008,Q5460604
Q408,P1552,Q3174312
Q408,P208,Q2991162
Q408,P1304,Q1506724
Q408,P1889,Q3960
Q408,P1889,Q13431386
Q408,P910,Q1411322
Q408,P155,Q174193
Q408,P6,Q348577
Q408,P6,Q43135
Q408,P6,Q41563
Q408,P6,Q43135
Q408,P6,Q51330
Q408,P6,Q242654
Q408,P6,Q269372
Q408,P6,Q315979
Q408,P6,Q23333
Q408,P6,Q356261
Q408,P6,Q356411
Q408,P6,Q23386
Q408,P6,Q312722
Q408,P6,Q23379
Q408,P6,Q459146
Q408,P6,Q23375
Q408,P6,Q23369
Q408,P6,Q214438
Q408,P6,Q370926
Q408,P6,Q370966
Q408,P6,Q23362
Q408,P6,Q23358
Q408,P6,Q152666
Q408,P6,Q356230
Q408,P6,Q314016
Q408,P6,Q23352
Q408,P6,Q23347
Q408,P6,Q23342
Q408,P6,Q214438
Q408,P6,Q314016
Q408,P6,Q314016
Q408,P6,Q313805
Q408,P6,Q313805
Q408,P6,Q313805
Q408,P6,Q927550
Q408,P6,Q7436908
Q408,P1343,Q4114391
Q408,P1343,Q4173137
Q408,P1343,Q19180675
Q408,P1343,Q19211082
Q408,P1343,Q602358
Q408,P1343,Q867541
Q408,P1343,Q63985075
Q408,P1740,Q7140843
Q408,P85,Q170601
Q408,P85,Q40807
Q408,P85,Q170601
Q408,P85,Q40807
Q408,P78,Q37420
Q408,P31,Q202686
Q408,P31,Q223832
Q408,P31,Q3624078
Q408,P31,Q43702
Q408,P31,Q6256
Q408,P610,Q2114101
Q408,P610,Q178167
Q408,P1464,Q6157553
Q408,P1622,Q13196750
Q408,P35,Q9682
Q408,P35,Q976974
Q408,P35,Q229300
Q408,P35,Q355053
Q408,P35,Q1354229
Q408,P35,Q267745
Q408,P35,Q250087
Q408,P35,Q1356927
Q408,P35,Q189186
Q408,P35,Q1354851
Q408,P35,Q1382174
Q408,P35,Q335310
Q408,P35,Q333824
Q408,P35,Q335323
Q408,P35,Q335033
Q408,P35,Q735387
Q408,P1589,Q179970
Q408,P150,Q3258
Q408,P150,Q3224
Q408,P150,Q3235
Q408,P150,Q36074
Q408,P150,Q35715
Q408,P150,Q34366
Q408,P150,Q36687
Q408,P150,Q3206
Q408,P150,Q31063
Q408,P150,Q133888
Q408,P150,Q178994
Q408,P150,Q36004
Q408,P150,Q172216
Q408,P150,Q131198
Q408,P150,Q15577
Q408,P150,Q31057
Q408,P2936,Q1860
Q408,P2936,Q9192
Q408,P2936,Q13955
Q408,P2936,Q9186
Q408,P2936,Q9199
Q408,P2936,Q652
Q408,P2936,Q9129
Q408,P2936,Q1568
Q408,P2936,Q1321
Q408,P2936,Q58635
Q408,P2936,Q34057
Q408,P2936,Q9176
Q408,P2936,Q188
Q408,P2936,Q5885
Q408,P2936,Q33298
Q408,P2936,Q150
Q408,P2936,Q1617
Q408,P2936,Q9240
Q408,P2936,Q9296
Q408,P2936,Q13267
Q408,P2936,Q33823
Q408,P2936,Q256
Q408,P2936,Q9168
Q408,P2936,Q6654
Q408,P2936,Q5287
Q408,P2936,Q9217
Q408,P2936,Q9610
Q408,P2936,Q9299
Q408,P2936,Q36236
Q408,P2936,Q5137
Q408,P2936,Q7737
Q408,P2936,Q1860
Q408,P2936,Q1860
Q408,P2936,Q1860
Q408,P2936,Q9192
Q408,P2936,Q652
Q408,P2936,Q13955
Q408,P2936,Q9129
Q408,P2936,Q9186
Q408,P2936,Q9199
Q408,P2936,Q12626835
Q408,P2936,Q16112737
Q408,P2936,Q18650060
Q408,P2936,Q20050850
Q408,P2936,Q22918391
Q408,P2936,Q52008172
Q408,P2936,Q10728232
Q408,P2936,Q22893424
Q408,P2936,Q8053828
Q408,P2936,Q1406574
Q408,P2936,Q1284877
Q408,P2936,Q1285318
Q408,P2936,Q1284885
Q408,P2936,Q580923
Q408,P2936,Q1166814
Q408,P2936,Q788174
Q408,P2936,Q2232696
Q408,P2936,Q955216
Q408,P2936,Q1656014
Q408,P2936,Q954916
Q408,P2936,Q2083197
Q408,P2936,Q975399
Q408,P2936,Q1764544
Q408,P2936,Q3439071
Q408,P2936,Q1747811
Q408,P2936,Q921304
Q408,P2936,Q1639998
Q408,P2936,Q2092246
Q408,P2936,Q2092286
Q408,P2936,Q2147917
Q408,P2936,Q3446663
Q408,P2936,Q3442745
Q408,P2936,Q3442732
Q408,P2936,Q3436736
Q408,P2936,Q4858065
Q408,P2936,Q3436843
Q408,P2936,Q2225391
Q408,P2936,Q4874263
Q408,P2936,Q6792550
Q408,P2936,Q4913975
Q408,P2936,Q6799620
Q408,P2936,Q2524022
Q408,P2936,Q3449138
Q408,P2936,Q2567916
Q408,P2936,Q6928192
Q408,P2936,Q2591175
Q408,P2936,Q2591251
Q408,P2936,Q2591193
Q408,P2936,Q2591262
Q408,P2936,Q4830109
Q408,P2936,Q6772812
Q408,P2936,Q3441699
Q408,P2936,Q6773014
Q408,P2936,Q6772774
Q408,P2936,Q6772792
Q408,P2936,Q4840986
Q408,P2936,Q1977429
Q408,P2936,Q7022078
Q408,P2936,Q7021977
Q408,P2936,Q7021846
Q408,P2936,Q7022091
Q408,P2936,Q7022063
Q408,P2936,Q7022072
Q408,P2936,Q7021944
Q408,P2936,Q2591320
Q408,P2936,Q4998313
Q408,P2936,Q4997615
Q408,P2936,Q4975277
Q408,P2936,Q2669569
Q408,P2936,Q2714654
Q408,P2936,Q2669219
Q408,P2936,Q3504106
Q408,P2936,Q7022712
Q408,P2936,Q6981305
Q408,P2936,Q6960662
Q408,P2936,Q4998124
Q408,P2936,Q6983809
Q408,P2936,Q3507959
Q408,P2936,Q7070837
Q408,P2936,Q7069826
Q408,P2936,Q5223660
Q408,P2936,Q7068904
Q408,P2936,Q7049771
Q408,P2936,Q3508123
Q408,P2936,Q5268787
Q408,P2936,Q3509164
Q408,P2936,Q5268960
Q408,P2936,Q5228050
Q408,P2936,Q5223941
Q408,P2936,Q5285190
Q408,P2936,Q5285274
Q408,P2936,Q5285350
Q408,P2936,Q5285351
Q408,P2936,Q5285187
Q408,P2936,Q5285033
Q408,P2936,Q5285185
Q408,P2936,Q2980386
Q408,P2936,Q2980398
Q408,P2936,Q2982063
Q408,P2936,Q2980392
Q408,P2936,Q3537135
Q408,P2936,Q10604066
Q408,P2936,Q10720039
Q408,P2936,Q10720045
Q408,P2936,Q10511016
Q408,P2936,Q10723405
Q408,P2936,Q10723541
Q408,P2936,Q10719110
Q408,P2936,Q10600396
Q408,P2936,Q7127734
Q408,P2936,Q10575155
Q408,P2936,Q10577274
Q408,P2936,Q3913761
Q408,P2936,Q3913777
Q408,P2936,Q3913770
Q408,P2936,Q3913765
Q408,P2936,Q3913796
Q408,P2936,Q3913805
Q408,P2936,Q3913767
Q408,P2936,Q5523396
Q408,P2936,Q3913785
Q408,P2936,Q3913790
Q408,P2936,Q3913780
Q408,P2936,Q5517764
Q408,P2936,Q3053283
Q408,P2936,Q3913817
Q408,P2936,Q3913800
Q408,P2936,Q3913820
Q408,P2936,Q5515391
Q408,P2936,Q7311553
Q408,P2936,Q3121073
Q408,P2936,Q5619998
Q408,P2936,Q3914062
Q408,P2936,Q5619931
Q408,P2936,Q3111847
Q408,P2936,Q5621992
Q408,P2936,Q5619801
Q408,P2936,Q5621973
Q408,P2936,Q3111818
Q408,P2936,Q5620091
Q408,P2936,Q3914057
Q408,P2936,Q3913825
Q408,P2936,Q3913834
Q408,P2936,Q5618523
Q408,P2936,Q5614528
Q408,P2936,Q3913837
Q408,P2936,Q5565906
Q408,P2936,Q3913830
Q408,P2936,Q5615286
Q408,P2936,Q3913852
Q408,P2936,Q3913844
Q408,P2936,Q5615186
Q408,P2936,Q3913823
Q408,P2936,Q3913840
Q408,P2936,Q3913856
Q408,P2936,Q3913842
Q408,P2936,Q3915412
Q408,P2936,Q3915409
Q408,P2936,Q5997810
Q408,P2936,Q5995402
Q408,P2936,Q6202435
Q408,P2936,Q6147825
Q408,P2936,Q6150919
Q408,P2936,Q3915695
Q408,P2936,Q3915688
Q408,P2936,Q3915702
Q408,P2936,Q3915686
Q408,P2936,Q3915684
Q408,P2936,Q3915694
Q408,P2936,Q3915693
Q408,P2936,Q3915711
Q408,P2936,Q3915672
Q408,P2936,Q3915677
Q408,P2936,Q3915783
Q408,P2936,Q3162806
Q408,P2936,Q3915442
Q408,P2936,Q4087011
Q408,P2936,Q3915942
Q408,P2936,Q7711494
Q408,P2936,Q3200468
Q408,P2936,Q6349988
Q408,P2936,Q7336730
Q408,P2936,Q6378899
Q408,P2936,Q6380709
Q408,P2936,Q3279409
Q408,P2936,Q4764288
Q408,P2936,Q4683034
Q408,P2936,Q6373349
Q408,P2936,Q6359779
Q408,P2936,Q6426526
Q408,P2936,Q6426699
Q408,P2936,Q3295916
Q408,P2936,Q6444516
Q408,P2936,Q6433116
Q408,P2936,Q6444526
Q408,P2936,Q6448718
Q408,P2936,Q6448731
Q408,P2936,Q6444517
Q408,P2936,Q6448417
Q408,P2936,Q7881346
Q408,P2936,Q6448719
Q408,P2936,Q3303475
Q408,P2936,Q3298041
Q408,P2936,Q6743201
Q408,P2936,Q6741120
Q408,P2936,Q6482727
Q408,P2936,Q6512694
Q408,P2936,Q6746906
Q408,P2936,Q8048318
Q408,P2936,Q6748664
Q408,P2936,Q8046394
Q408,P2936,Q8039208
Q408,P2936,Q8029099
Q408,P2936,Q8039305
Q408,P2936,Q6748829
Q408,P2936,Q8048335
Q408,P2936,Q8053879
Q408,P2936,Q8053734
Q408,P2936,Q8053763
Q408,P2936,Q7967859
Q408,P2936,Q7967891
Q408,P2936,Q7966934
Q408,P2936,Q7967989
Q408,P2936,Q7967860
Q408,P2936,Q3339380
Q408,P2936,Q7961277
Q408,P2936,Q6693295
Q408,P2936,Q7983284
Q408,P2936,Q7974656
Q408,P2936,Q7970852
Q408,P2936,Q7968201
Q408,P2936,Q7969971
Q408,P2936,Q6727353
Q408,P2936,Q7999800
Q408,P2936,Q3360016
Q408,P2936,Q7970854
Q408,P2936,Q7960748
Q408,P2936,Q6549414
Q408,P2936,Q7959489
Q408,P2936,Q7959249
Q408,P2936,Q7959487
Q408,P2936,Q8055849
Q408,P2936,Q8060437
Q408,P2936,Q8062232
Q408,P2936,Q16211970
Q408,P2936,Q13591670
Q408,P2936,Q13553748
Q408,P2936,Q8050525
Q408,P2936,Q8050479
Q408,P2936,Q12953954
Q408,P2936,Q13591127
Q408,P2936,Q16920653
Q408,P2936,Q16919427
Q408,P2936,Q16897028
Q408,P2936,Q16905490
Q408,P2936,Q16891606
Q408,P2936,Q16841801
Q408,P2936,Q16825981
Q408,P2936,Q56543
Q408,P2936,Q47004719
Q408,P2936,Q16978087
Q408,P2936,Q16979305
Q408,P2936,Q48987680
Q408,P2936,Q16960599
Q408,P2936,Q17059380
Q408,P2936,Q16954400
Q408,P2936,Q35465
Q408,P2936,Q18472819
Q408,P2936,Q24090240
Q408,P2936,Q35671
Q408,P2936,Q35677
Q408,P2936,Q36648
Q408,P2936,Q29525
Q408,P2936,Q33653
Q408,P2936,Q34207
Q408,P2936,Q34241
Q408,P2936,Q3327389
Q408,P2936,Q3446651
Q408,P2936,Q3509129
Q408,P2936,Q6881575
Q408,P2936,Q3915687
Q408,P2936,Q4916329
Q408,P2936,Q3915679
Q408,P2936,Q10511225
Q408,P2936,Q10577443
Q408,P2936,Q8842355
Q408,P2936,Q10467281
Q408,P2936,Q10474818
Q408,P2936,Q10549849
Q408,P2936,Q10511230
Q408,P2936,Q10549852
Q408,P2936,Q10510783
Q408,P2936,Q10427485
Q408,P2936,Q10510745
Q408,P2936,Q10576338
Q408,P2936,Q10549851
Q408,P2936,Q10488401
Q408,P2936,Q10511001
Q408,P2936,Q10502327
Q408,P2936,Q10549854
Q408,P2936,Q10511004
Q408,P2936,Q10543322
Q408,P2936,Q10577501
Q408,P2936,Q10577724
Q408,P2936,Q10550697
Q408,P2936,Q10550184
Q408,P2936,Q10576387
Q408,P2936,Q10577017
Q408,P2936,Q10549839
Q408,P2936,Q10577273
Q408,P2936,Q10577424
Q408,P2936,Q10470289
Q408,P2936,Q10551249
Q408,P2936,Q10465931
Q408,P2936,Q10547021
Q408,P2936,Q10412317
Q408,P2936,Q10577823
Q408,P2936,Q10590149
Q408,P2936,Q10632195
Q408,P2936,Q10723416
Q408,P2936,Q10604331
Q408,P2936,Q10723454
Q408,P2936,Q10720036
Q408,P2936,Q10720037
Q408,P2936,Q10600380
Q408,P2936,Q10719025
Q408,P2936,Q10631927
Q408,P2936,Q10586712
Q408,P2936,Q10720035
Q408,P2936,Q10632026
Q408,P2936,Q10719289
Q408,P2936,Q10706951
Q408,P2936,Q10720050
Q408,P2936,Q10710522
Q408,P2936,Q10631925
Q408,P2936,Q12645549
Q408,P2936,Q13586632
Q408,P2936,Q16111302
Q408,P2936,Q31752631
Q408,P2936,Q32571318
Q408,P2936,Q33061540
Q408,P2936,Q33110188
Q408,P2936,Q33060513
Q408,P2936,Q33060526
Q408,P2936,Q33087049
Q408,P2936,Q33060533
Q408,P2936,Q31722921
Q408,P2936,Q33060509
Q408,P2936,Q33110152
Q408,P2936,Q33103591
Q408,P2936,Q47004732
Q408,P2936,Q34295800
Q408,P2936,Q47004724
Q408,P2936,Q47004730
Q408,P2936,Q46264708
Q408,P2936,Q50207890
Q408,P2936,Q49929396
Q408,P2936,Q55254102
Q408,P2936,Q49929872
Q408,P2936,Q50934920
Q408,P2936,Q56285397
Q408,P2936,Q61951665
Q408,P2936,Q56809601
Q408,P2936,Q61999874
Q408,P2936,Q61676882
Q408,P2936,Q62603022
Q408,P2936,Q60611652
Q408,P2936,Q62000004
Q408,P2936,Q57337359
Q408,P2936,Q56825017
Q408,P2936,Q56525223
Q408,P2936,Q57783910
Q408,P2936,Q61999823
Q408,P2936,Q61999705
Q408,P2936,Q63341096
Q408,P2936,Q63313681
Q408,P2936,Q63340189
Q408,P2936,Q63537289
Q408,P2936,Q63341274
Q408,P2936,Q63348560
Q408,P2936,Q63339969
Q408,P2936,Q63257867
Q408,P2596,Q2440952
Q408,P361,Q865479
Q408,P7867,Q8607304
Q408,P8402,Q97016727
Q408,P8744,Q1154521
Q398,P1151,Q14615462
Q398,P31,Q3624078
Q398,P31,Q112099
Q398,P31,Q6256
Q398,P30,Q48
Q398,P36,Q3882
Q398,P37,Q13955
Q398,P38,Q201871
Q398,P38,Q476195
Q398,P85,Q234655
Q398,P163,Q130481
Q398,P6,Q57726
Q398,P78,Q39993
Q398,P47,Q851
Q398,P150,Q528953
Q398,P150,Q856539
Q398,P150,Q375630
Q398,P150,Q840445
Q398,P150,Q838532
Q398,P35,Q57352
Q398,P463,Q1065
Q398,P463,Q7825
Q398,P463,Q7172
Q398,P463,Q47543
Q398,P463,Q191384
Q398,P463,Q656801
Q398,P463,Q1043527
Q398,P463,Q899770
Q398,P463,Q4783148
Q398,P463,Q1137381
Q398,P463,Q624307
Q398,P463,Q8475
Q398,P463,Q842490
Q398,P463,Q233611
Q398,P463,Q7809
Q398,P463,Q5611262
Q398,P463,Q217172
Q398,P463,Q17495
Q398,P463,Q376150
Q398,P463,Q162656
Q398,P463,Q170424
Q398,P463,Q7817
Q398,P910,Q7009036
Q398,P237,Q188294
Q398,P610,Q1032812
Q398,P1464,Q7463293
Q398,P421,Q6760
Q398,P1465,Q8365374
Q398,P1740,Q6839391
Q398,P1792,Q6993487
Q398,P1589,Q34675
Q398,P1622,Q14565199
Q398,P2633,Q2303563
Q398,P530,Q805
Q398,P530,Q851
Q398,P530,Q403
Q398,P530,Q145
Q398,P530,Q833
Q398,P530,Q843
Q398,P530,Q865
Q398,P530,Q878
Q398,P530,Q30
Q398,P530,Q159
Q398,P530,Q230
Q398,P530,Q183
Q398,P530,Q423
Q398,P2853,Q1528507
Q398,P1304,Q571182
Q398,P2852,Q3086706
Q398,P2852,Q1061257
Q398,P2959,Q24259088
Q398,P17,Q398
Q398,P1313,Q58150
Q398,P194,Q3242616
Q398,P1343,Q20078554
Q398,P1343,Q602358
Q398,P1343,Q19180675
Q398,P1343,Q3181656
Q398,P1906,Q42719346
Q398,P1552,Q47185282
Q398,P706,Q7204
Q398,P5125,Q7112196
Q398,P2936,Q56467
Q398,P2936,Q56576
Q398,P2936,Q1860
Q398,P122,Q41614
Q398,P361,Q7204
Q398,P361,Q66458647
Q398,P361,Q27293
Q398,P793,Q55633151
Q398,P2596,Q2366577
Q398,P7867,Q83976701
Q398,P8402,Q97020160
Q398,P8744,Q2248536
Q398,P1365,Q16826607
Q902,P1151,Q10952771
Q902,P5125,Q7112197
Q902,P38,Q194453
Q902,P172,Q402913
Q902,P1792,Q6456601
Q902,P2852,Q3086706
Q902,P2853,Q24288454
Q902,P2853,Q1378312
Q902,P2853,Q60740126
Q902,P2853,Q1528507
Q902,P2853,Q1502017
Q902,P2633,Q2347883
Q902,P1313,Q14565638
Q902,P17,Q902
Q902,P2959,Q27103992
Q902,P122,Q720477
Q902,P1552,Q47185145
Q902,P150,Q459723
Q902,P150,Q158087
Q902,P150,Q330158
Q902,P150,Q501696
Q902,P150,Q379382
Q902,P150,Q459732
Q902,P150,Q876023
Q902,P150,Q19594930
Q902,P530,Q183
Q902,P530,Q408
Q902,P530,Q30
Q902,P530,Q34
Q902,P530,Q145
Q902,P530,Q851
Q902,P530,Q159583
Q902,P530,Q212
Q902,P530,Q184
Q902,P530,Q159
Q902,P530,Q148
Q902,P530,Q794
Q902,P530,Q17
Q902,P530,Q668
Q902,P530,Q884
Q902,P530,Q865
Q902,P530,Q423
Q902,P530,Q403
Q902,P530,Q712
Q902,P530,Q41
Q902,P530,Q881
Q902,P530,Q717
Q902,P530,Q878
Q902,P530,Q1036
Q902,P530,Q874
Q902,P530,Q43
Q902,P530,Q754
Q902,P530,Q869
Q902,P530,Q924
Q902,P530,Q863
Q902,P530,Q858
Q902,P530,Q1049
Q902,P530,Q854
Q902,P530,Q29
Q902,P530,Q958
Q902,P530,Q258
Q902,P530,Q214
Q902,P530,Q334
Q902,P530,Q1044
Q902,P530,Q1041
Q902,P530,Q1037
Q902,P530,Q846
Q902,P530,Q45
Q902,P530,Q36
Q902,P530,Q928
Q902,P530,Q691
Q902,P530,Q804
Q902,P530,Q219060
Q902,P530,Q843
Q902,P530,Q842
Q902,P530,Q1033
Q902,P530,Q664
Q902,P530,Q837
Q902,P530,Q1030
Q902,P530,Q836
Q902,P530,Q96
Q902,P530,Q1027
Q902,P530,Q912
Q902,P530,Q826
Q902,P530,Q833
Q902,P530,Q1020
Q902,P530,Q32
Q902,P530,Q1016
Q902,P530,Q1014
Q902,P530,Q822
Q902,P530,Q211
Q902,P530,Q819
Q902,P530,Q813
Q902,P530,Q817
Q902,P530,Q114
Q902,P530,Q232
Q902,P530,Q810
Q902,P530,Q1008
Q902,P530,Q38
Q902,P530,Q796
Q902,P530,Q252
Q902,P530,Q28
Q902,P530,Q790
Q902,P530,Q117
Q902,P530,Q1005
Q902,P530,Q142
Q902,P530,Q458
Q902,P530,Q35
Q902,P530,Q229
Q902,P530,Q241
Q902,P530,Q224
Q902,P530,Q739
Q902,P530,Q298
Q902,P530,Q16
Q902,P530,Q424
Q902,P530,Q219
Q902,P530,Q155
Q902,P530,Q963
Q902,P530,Q917
Q902,P530,Q262
Q902,P530,Q40
Q902,P530,Q414
Q902,P530,Q889
Q902,P530,Q227
Q902,P530,Q230
Q902,P530,Q27
Q902,P35,Q3246667
Q902,P1906,Q596123
Q902,P194,Q1684080
Q902,P2184,Q839809
Q902,P37,Q9610
Q902,P30,Q48
Q902,P36,Q1354
Q902,P237,Q190785
Q902,P5008,Q5460604
Q902,P47,Q836
Q902,P47,Q668
Q902,P910,Q1455458
Q902,P6,Q52183
Q902,P6,Q52183
Q902,P6,Q234814
Q902,P6,Q234814
Q902,P6,Q560060
Q902,P1304,Q806532
Q902,P1791,Q25214710
Q902,P463,Q1065
Q902,P463,Q7785
Q902,P463,Q7825
Q902,P463,Q145700
Q902,P463,Q47543
Q902,P463,Q191384
Q902,P463,Q827525
Q902,P463,Q656801
Q902,P463,Q1043527
Q902,P463,Q899770
Q902,P463,Q384535
Q902,P463,Q7886981
Q902,P463,Q188822
Q902,P463,Q795985
Q902,P463,Q8475
Q902,P463,Q842490
Q902,P463,Q233611
Q902,P463,Q7809
Q902,P463,Q5611262
Q902,P463,Q17495
Q902,P463,Q376150
Q902,P463,Q170424
Q902,P463,Q7817
Q902,P5658,Q13196750
Q902,P1740,Q16779792
Q902,P208,Q16056319
Q902,P2238,Q2663639
Q902,P1465,Q7482624
Q902,P85,Q199739
Q902,P78,Q39144
Q902,P31,Q3624078
Q902,P31,Q465613
Q902,P31,Q6256
Q902,P610,Q2696459
Q902,P1464,Q8045010
Q902,P1622,Q13196750
Q902,P1589,Q38684
Q902,P421,Q3248716
Q902,P418,Q190785
Q902,P138,Q9610
Q902,P163,Q127179
Q902,P2936,Q1860
Q902,P2936,Q3450749
Q902,P2936,Q1951521
Q902,P2936,Q2044560
Q902,P2936,Q6808589
Q902,P2936,Q3501850
Q902,P2936,Q7130962
Q902,P2936,Q7402721
Q902,P2936,Q3241618
Q902,P2936,Q3241177
Q902,P2936,Q7682361
Q902,P2936,Q12635902
Q902,P2936,Q6426945
Q902,P2936,Q6425038
Q902,P2936,Q3350576
Q902,P2936,Q56431
Q902,P2936,Q5646
Q902,P2936,Q35947
Q902,P2936,Q56765
Q902,P2936,Q36137
Q902,P2936,Q36147
Q902,P2936,Q9610
Q902,P2936,Q37059
Q902,P2936,Q56321
Q902,P2936,Q56308
Q902,P2936,Q32952
Q902,P2936,Q33173
Q902,P2936,Q33584
Q902,P2936,Q33492
Q902,P2936,Q33907
Q902,P2936,Q33868
Q902,P2936,Q33965
Q902,P2936,Q12644231
Q902,P2936,Q12953063
Q902,P2936,Q12953860
Q902,P2936,Q16115423
Q902,P2936,Q21403256
Q902,P1344,Q5570670
Q902,P2596,Q3007332
Q902,P7867,Q84031401
Q902,P190,Q696777
Q902,P8402,Q97282359
Q902,P8744,Q2088369
Q184,P1151,Q8133908
Q184,P5125,Q7112199
Q184,P38,Q160680
Q184,P1792,Q9078845
Q184,P2852,Q25648794
Q184,P2852,Q25648798
Q184,P2852,Q25648811
Q184,P2853,Q1378312
Q184,P2853,Q1123613
Q184,P2633,Q1116540
Q184,P1313,Q12379704
Q184,P17,Q184
Q184,P2959,Q27102928
Q184,P122,Q49892
Q184,P832,Q270706
Q184,P832,Q4158131
Q184,P832,Q196627
Q184,P832,Q38964
Q184,P832,Q47499
Q184,P832,Q19809
Q184,P832,Q2997731
Q184,P832,Q4158109
Q184,P832,Q21196
Q184,P1552,Q47185282
Q184,P530,Q458
Q184,P530,Q38
Q184,P530,Q183
Q184,P530,Q159
Q184,P530,Q41
Q184,P530,Q211
Q184,P530,Q37
Q184,P530,Q35
Q184,P530,Q212
Q184,P530,Q874
Q184,P530,Q227
Q184,P530,Q902
Q184,P530,Q217
Q184,P530,Q1016
Q184,P530,Q27
Q184,P530,Q233
Q184,P530,Q55
Q184,P530,Q403
Q184,P530,Q214
Q184,P530,Q215
Q184,P530,Q33
Q184,P530,Q142
Q184,P530,Q224
Q184,P530,Q213
Q184,P530,Q39
Q184,P530,Q34
Q184,P530,Q36
Q184,P530,Q801
Q184,P530,Q668
Q184,P530,Q794
Q184,P530,Q148
Q184,P530,Q833
Q184,P530,Q262
Q184,P530,Q30
Q184,P530,Q298
Q184,P530,Q230
Q184,P530,Q414
Q184,P530,Q155
Q184,P530,Q241
Q184,P530,Q843
Q184,P530,Q232
Q184,P530,Q865
Q184,P530,Q28
Q184,P530,Q423
Q184,P1906,Q1049659
Q184,P194,Q1798607
Q184,P421,Q6760
Q184,P2184,Q275396
Q184,P37,Q9091
Q184,P37,Q7737
Q184,P1365,Q2895
Q184,P30,Q46
Q184,P36,Q2280
Q184,P1424,Q6714449
Q184,P237,Q179602
Q184,P237,Q668988
Q184,P807,Q15180
Q184,P47,Q211
Q184,P47,Q37
Q184,P47,Q36
Q184,P47,Q212
Q184,P47,Q159
Q184,P47,Q458
Q184,P910,Q6577634
Q184,P35,Q2866
Q184,P1304,Q431491
Q184,P1791,Q7974958
Q184,P6,Q3813861
Q184,P6,Q27043179
Q184,P463,Q1065
Q184,P463,Q7779
Q184,P463,Q318693
Q184,P463,Q473996
Q184,P463,Q166110
Q184,P463,Q208019
Q184,P463,Q83201
Q184,P463,Q81299
Q184,P463,Q191384
Q184,P463,Q656801
Q184,P463,Q1043527
Q184,P463,Q899770
Q184,P463,Q1928989
Q184,P463,Q8475
Q184,P463,Q1480793
Q184,P463,Q842490
Q184,P463,Q7809
Q184,P463,Q17495
Q184,P463,Q376150
Q184,P463,Q162656
Q184,P463,Q170424
Q184,P463,Q7817
Q184,P463,Q1702783
Q184,P5658,Q14565199
Q184,P1740,Q19516554
Q184,P208,Q997640
Q184,P1830,Q76987
Q184,P1465,Q6334525
Q184,P85,Q166350
Q184,P209,Q3001108
Q184,P78,Q39870
Q184,P78,Q18109066
Q184,P31,Q3624078
Q184,P31,Q179164
Q184,P31,Q619610
Q184,P31,Q6256
Q184,P31,Q123480
Q184,P31,Q7270
Q184,P610,Q921447
Q184,P1464,Q9228997
Q184,P1622,Q14565199
Q184,P1589,Q5622
Q184,P150,Q173822
Q184,P150,Q188732
Q184,P150,Q191061
Q184,P150,Q189822
Q184,P150,Q192959
Q184,P150,Q185700
Q184,P150,Q2280
Q184,P138,Q465341
Q184,P163,Q132633
Q184,P1343,Q4173137
Q184,P1343,Q602358
Q184,P1343,Q19180675
Q184,P706,Q27468
Q184,P2936,Q7737
Q184,P2936,Q9091
Q184,P2596,Q1445079
Q184,P7867,Q84057939
Q184,P361,Q27468
Q184,P8744,Q1902968
Q219,P1151,Q8133376
Q219,P1546,Q1308013
Q219,P5125,Q7112213
Q219,P38,Q172540
Q219,P1792,Q7029948
Q219,P2852,Q1061257
Q219,P2853,Q1378312
Q219,P2853,Q1123613
Q219,P2633,Q695835
Q219,P1313,Q4404583
Q219,P2959,Q23653968
Q219,P1552,Q3174312
Q219,P530,Q38
Q219,P530,Q183
Q219,P530,Q408
Q219,P530,Q212
Q219,P530,Q159
Q219,P530,Q41
Q219,P530,Q142
Q219,P530,Q43
Q219,P530,Q1049
Q219,P530,Q1246
Q219,P530,Q145
Q219,P530,Q16
Q219,P530,Q191
Q219,P530,Q211
Q219,P530,Q213
Q219,P530,Q214
Q219,P530,Q215
Q219,P530,Q399
Q219,P530,Q221
Q219,P530,Q224
Q219,P530,Q229
Q219,P530,Q230
Q219,P530,Q252
Q219,P530,Q258
Q219,P530,Q265
Q219,P530,Q28
Q219,P530,Q29
Q219,P530,Q35
Q219,P530,Q36
Q219,P530,Q45
Q219,P530,Q55
Q219,P530,Q711
Q219,P530,Q79
Q219,P530,Q796
Q219,P530,Q858
Q219,P530,Q865
Q219,P530,Q881
Q219,P530,Q96
Q219,P530,Q884
Q219,P530,Q403
Q219,P530,Q218
Q219,P530,Q236
Q219,P530,Q148
Q219,P530,Q902
Q219,P530,Q423
Q219,P194,Q639704
Q219,P421,Q6723
Q219,P421,Q6760
Q219,P421,Q28148701
Q219,P421,Q190252
Q219,P421,Q1109976
Q219,P2184,Q7800
Q219,P1365,Q121932
Q219,P30,Q46
Q219,P36,Q472
Q219,P237,Q173163
Q219,P910,Q8241
Q219,P35,Q295212
Q219,P35,Q26257557
Q219,P35,Q81144
Q219,P35,Q276567
Q219,P35,Q81215
Q219,P35,Q57261
Q219,P1304,Q74687
Q219,P1791,Q7975094
Q219,P6,Q57775
Q219,P6,Q12289150
Q219,P463,Q458
Q219,P463,Q7184
Q219,P463,Q8908
Q219,P463,Q7825
Q219,P463,Q380340
Q219,P463,Q1065
Q219,P463,Q81299
Q219,P463,Q191384
Q219,P463,Q656801
Q219,P463,Q1043527
Q219,P463,Q899770
Q219,P463,Q782942
Q219,P463,Q663492
Q219,P463,Q41644
Q219,P463,Q191582
Q219,P463,Q1928989
Q219,P463,Q1072120
Q219,P463,Q8475
Q219,P463,Q1480793
Q219,P463,Q842490
Q219,P463,Q3866537
Q219,P463,Q1579424
Q219,P463,Q7809
Q219,P463,Q5611262
Q219,P463,Q17495
Q219,P463,Q376150
Q219,P463,Q134102
Q219,P463,Q170424
Q219,P463,Q7817
Q219,P5658,Q14565199
Q219,P706,Q23522
Q219,P1740,Q7140313
Q219,P208,Q2396053
Q219,P1465,Q8366427
Q219,P85,Q182115
Q219,P85,Q3656356
Q219,P85,Q15921593
Q219,P85,Q1378369
Q219,P85,Q42293350
Q219,P1906,Q14946265
Q219,P361,Q27468
Q219,P78,Q39029
Q219,P78,Q140775
Q219,P47,Q218
Q219,P47,Q43
Q219,P47,Q41
Q219,P47,Q221
Q219,P47,Q403
Q219,P47,Q166
Q219,P47,Q15180
Q219,P47,Q36704
Q219,P47,Q458
Q219,P31,Q6256
Q219,P31,Q179164
Q219,P31,Q3624078
Q219,P610,Q209341
Q219,P1464,Q9777944
Q219,P1622,Q14565199
Q219,P1589,Q166
Q219,P37,Q7918
Q219,P150,Q804311
Q219,P150,Q369220
Q219,P150,Q907395
Q219,P150,Q187874
Q219,P150,Q1007272
Q219,P150,Q182809
Q219,P150,Q220736
Q219,P150,Q1104675
Q219,P150,Q1112985
Q219,P150,Q6587068
Q219,P150,Q2012057
Q219,P150,Q2012227
Q219,P150,Q2012234
Q219,P150,Q2012242
Q219,P150,Q2790675
Q219,P150,Q1251933
Q219,P150,Q2012423
Q219,P150,Q113120
Q219,P150,Q2012430
Q219,P150,Q1585725
Q219,P150,Q202904
Q219,P150,Q2012583
Q219,P150,Q184981
Q219,P150,Q2012589
Q219,P150,Q183487
Q219,P150,Q2012621
Q219,P150,Q2012772
Q219,P150,Q2012785
Q219,P138,Q110117
Q219,P163,Q225360
Q219,P1343,Q4114391
Q219,P1343,Q4173137
Q219,P1343,Q19180675
Q219,P1343,Q602358
Q219,P1343,Q867541
Q219,P1343,Q302556
Q219,P1343,Q15987490
Q219,P1343,Q12277139
Q219,P1343,Q3181656
Q219,P2238,Q140
Q219,P6104,Q11510311
Q219,P2936,Q3438325
Q219,P2936,Q7918
Q219,P17,Q219
Q219,P2596,Q2588810
Q219,P7867,Q8607319
Q219,P190,Q817280
Q219,P8402,Q97012366
Q219,P8402,Q97119045
Q219,P8744,Q1902334
Q412587,P702,Q21788706
Q412587,P680,Q14864356
Q412587,P680,Q14875263
Q412587,P680,Q14762996
Q412587,P680,Q14633865
Q412587,P680,Q14819449
Q412587,P680,Q14599289
Q412587,P680,Q14863675
Q412587,P680,Q167149
Q412587,P680,Q14865163
Q412587,P680,Q22243736
Q412587,P680,Q22243737
Q412587,P680,Q14864217
Q412587,P680,Q14762994
Q412587,P680,Q21114172
Q412587,P680,Q21109843
Q412587,P680,Q14817984
Q412587,P680,Q14819233
Q412587,P680,Q14864217
Q412587,P680,Q21114172
Q412587,P681,Q14633848
Q412587,P681,Q14327652
Q412587,P681,Q14860538
Q412587,P681,Q14349455
Q412587,P681,Q189094
Q412587,P681,Q14329032
Q412587,P681,Q424178
Q412587,P681,Q14865388
Q412587,P681,Q14633850
Q412587,P681,Q29548
Q412587,P681,Q21106365
Q412587,P681,Q14859540
Q412587,P681,Q14633850
Q412587,P681,Q424178
Q412587,P682,Q14863362
Q412587,P682,Q14865229
Q412587,P682,Q14331027
Q412587,P682,Q14865402
Q412587,P682,Q14864781
Q412587,P682,Q828130
Q412587,P682,Q21124044
Q412587,P682,Q14865397
Q412587,P682,Q14633902
Q412587,P682,Q14865390
Q412587,P682,Q14887714
Q412587,P682,Q14599705
Q412587,P682,Q14863504
Q412587,P682,Q14820580
Q412587,P682,Q14864517
Q412587,P682,Q14331037
Q412587,P682,Q14865391
Q412587,P682,Q14863969
Q412587,P682,Q14864794
Q412587,P682,Q14865395
Q412587,P682,Q14865389
Q412587,P682,Q14863970
Q412587,P682,Q14916317
Q412587,P682,Q14905397
Q412587,P682,Q14865404
Q412587,P682,Q1612119
Q412587,P682,Q187640
Q412587,P682,Q14865169
Q412587,P682,Q21103076
Q412587,P682,Q14876138
Q412587,P682,Q14819846
Q412587,P682,Q14866059
Q412587,P682,Q21114151
Q412587,P682,Q14864035
Q412587,P682,Q14758936
Q412587,P682,Q14904244
Q412587,P682,Q14818066
Q412587,P682,Q21103283
Q412587,P682,Q14859643
Q412587,P682,Q14821388
Q412587,P682,Q21100982
Q412587,P682,Q14863107
Q412587,P682,Q21114151
Q412587,P682,Q14863969
Q412587,P682,Q14821388
Q412587,P682,Q14903307
Q412587,P527,Q24770541
Q412587,P527,Q24724343
Q412587,P527,Q24774513
Q412587,P527,Q24783253
Q412587,P527,Q24723854
Q412587,P527,Q24778221
Q412587,P527,Q24784914
Q412587,P527,Q24786036
Q412587,P703,Q15978631
Q412587,P31,Q8054
Q412587,P17,Q30
Q412587,P361,Q24766707
Q412587,P361,Q24787648
Q412587,P361,Q41797304
Q412587,P361,Q83165367
Q412587,P361,Q83164011
Q412587,P361,Q83134359
Q412587,P361,Q83134771
Q412587,P361,Q83162371
Q412587,P361,Q83141582
Q412587,P361,Q83163490
Q412587,P361,Q83139936
Q298,P1151,Q10499987
Q298,P5125,Q7112226
Q298,P38,Q200050
Q298,P38,Q1573250
Q298,P38,Q603071
Q298,P1792,Q7087819
Q298,P2852,Q25648848
Q298,P2852,Q25648849
Q298,P2852,Q25648813
Q298,P2852,Q25648847
Q298,P2852,Q79049177
Q298,P2853,Q1378312
Q298,P2853,Q1520890
Q298,P2633,Q1317938
Q298,P1313,Q466956
Q298,P17,Q298
Q298,P2959,Q22828367
Q298,P2959,Q42311078
Q298,P1552,Q3174312
Q298,P530,Q38
Q298,P530,Q155
Q298,P530,Q183
Q298,P530,Q408
Q298,P530,Q184
Q298,P530,Q801
Q298,P530,Q403
Q298,P530,Q754
Q298,P530,Q766
Q298,P530,Q792
Q298,P530,Q800
Q298,P530,Q142
Q298,P530,Q145
Q298,P530,Q191
Q298,P530,Q218
Q298,P530,Q224
Q298,P530,Q241
Q298,P530,Q252
Q298,P530,Q29
Q298,P530,Q40
Q298,P530,Q414
Q298,P530,Q750
Q298,P530,Q33
Q298,P530,Q35
Q298,P530,Q419
Q298,P530,Q43
Q298,P530,Q77
Q298,P530,Q790
Q298,P530,Q833
Q298,P530,Q843
Q298,P530,Q865
Q298,P530,Q928
Q298,P530,Q30
Q298,P530,Q159
Q298,P530,Q668
Q298,P530,Q41
Q298,P530,Q148
Q298,P530,Q902
Q298,P530,Q96
Q298,P530,Q28
Q298,P530,Q423
Q298,P194,Q1968468
Q298,P2184,Q472967
Q298,P37,Q1321
Q298,P30,Q18
Q298,P36,Q2887
Q298,P237,Q233996
Q298,P5008,Q54439832
Q298,P1465,Q8365403
Q298,P47,Q414
Q298,P47,Q750
Q298,P47,Q419
Q298,P910,Q5610127
Q298,P35,Q306
Q298,P1304,Q2631674
Q298,P1791,Q7978785
Q298,P6,Q306
Q298,P463,Q1065
Q298,P463,Q4230
Q298,P463,Q41550
Q298,P463,Q7825
Q298,P463,Q170481
Q298,P463,Q191384
Q298,P463,Q827525
Q298,P463,Q656801
Q298,P463,Q1043527
Q298,P463,Q899770
Q298,P463,Q3369762
Q298,P463,Q471690
Q298,P463,Q8475
Q298,P463,Q842490
Q298,P463,Q233611
Q298,P463,Q7809
Q298,P463,Q5611262
Q298,P463,Q17495
Q298,P463,Q376150
Q298,P463,Q60746147
Q298,P463,Q123759
Q298,P463,Q45177
Q298,P463,Q162656
Q298,P463,Q170424
Q298,P463,Q7817
Q298,P5658,Q13196750
Q298,P5658,Q14565199
Q298,P1740,Q6296749
Q298,P208,Q29077203
Q298,P85,Q484161
Q298,P1906,Q466956
Q298,P361,Q12585
Q298,P361,Q286946
Q298,P361,Q18
Q298,P361,Q236118
Q298,P361,Q653884
Q298,P78,Q39885
Q298,P31,Q3624078
Q298,P31,Q6256
Q298,P610,Q233836
Q298,P1464,Q8079029
Q298,P1622,Q14565199
Q298,P1589,Q98
Q298,P421,Q6513
Q298,P421,Q5390
Q298,P421,Q5762
Q298,P421,Q6513
Q298,P421,Q5385
Q298,P421,Q5390
Q298,P421,Q5390
Q298,P150,Q2109
Q298,P150,Q2114
Q298,P150,Q2118
Q298,P150,Q2120
Q298,P150,Q2121
Q298,P150,Q219458
Q298,P150,Q2133
Q298,P150,Q2166
Q298,P150,Q2170
Q298,P150,Q2176
Q298,P150,Q2177
Q298,P150,Q2178
Q298,P150,Q2181
Q298,P150,Q2189
Q298,P150,Q2131
Q298,P150,Q24076693
Q298,P163,Q160872
Q298,P1343,Q602358
Q298,P1343,Q19180675
Q298,P1343,Q4173137
Q298,P1343,Q4532138
Q298,P1343,Q3181656
Q298,P1344,Q9538
Q298,P2936,Q531826
Q298,P2936,Q2669181
Q298,P2936,Q3322112
Q298,P2936,Q1321
Q298,P2936,Q56544
Q298,P2936,Q35531
Q298,P2936,Q36746
Q298,P2936,Q33730
Q298,P2936,Q20526610
Q298,P122,Q5255892
Q298,P2596,Q2580474
Q298,P7867,Q22094557
Q298,P206,Q98
Q298,P8402,Q97001450
Q298,P8744,Q1133641
Q344355,P31,Q4167410
Q344355,P460,Q4515930
Q226565,P31,Q4167410
Q226565,P1889,Q19688369
Q226565,P1889,Q2671589
Q226565,P460,Q12787129
Q229,P1151,Q8133594
Q229,P5125,Q7112241
Q229,P38,Q4916
Q229,P38,Q193716
Q229,P1792,Q5662537
Q229,P2852,Q1061257
Q229,P2852,Q25648857
Q229,P2852,Q25648881
Q229,P2853,Q1528507
Q229,P2633,Q1773917
Q229,P1313,Q841760
Q229,P17,Q229
Q229,P2959,Q21201213
Q229,P122,Q7270
Q229,P832,Q6015984
Q229,P832,Q2510
Q229,P1552,Q3174312
Q229,P1336,Q23681
Q229,P30,Q48
Q229,P30,Q46
Q229,P530,Q16
Q229,P530,Q38
Q229,P530,Q183
Q229,P530,Q408
Q229,P530,Q41
Q229,P530,Q801
Q229,P530,Q145
Q229,P530,Q851
Q229,P530,Q20
Q229,P530,Q27
Q229,P530,Q399
Q229,P530,Q262
Q229,P530,Q219
Q229,P530,Q233
Q229,P530,Q35
Q229,P530,Q36
Q229,P530,Q79
Q229,P530,Q817
Q229,P530,Q865
Q229,P530,Q30
Q229,P530,Q403
Q229,P530,Q159
Q229,P530,Q148
Q229,P530,Q902
Q229,P530,Q230
Q229,P530,Q28
Q229,P530,Q423
Q229,P35,Q2112764
Q229,P194,Q1112381
Q229,P421,Q6723
Q229,P421,Q6760
Q229,P421,Q190252
Q229,P421,Q1109976
Q229,P37,Q36510
Q229,P37,Q256
Q229,P37,Q9129
Q229,P206,Q4918
Q229,P36,Q3856
Q229,P237,Q124768
Q229,P155,Q15240466
Q229,P47,Q37362
Q229,P47,Q23681
Q229,P47,Q801
Q229,P910,Q4367074
Q229,P1304,Q74693
Q229,P1791,Q8328569
Q229,P6,Q57334
Q229,P6,Q2112764
Q229,P463,Q458
Q229,P463,Q1065
Q229,P463,Q7785
Q229,P463,Q8908
Q229,P463,Q7825
Q229,P463,Q81299
Q229,P463,Q191384
Q229,P463,Q827525
Q229,P463,Q656801
Q229,P463,Q1043527
Q229,P463,Q899770
Q229,P463,Q782942
Q229,P463,Q663492
Q229,P463,Q8475
Q229,P463,Q1480793
Q229,P463,Q842490
Q229,P463,Q233611
Q229,P463,Q7809
Q229,P463,Q5611262
Q229,P463,Q17495
Q229,P463,Q376150
Q229,P463,Q162656
Q229,P463,Q170424
Q229,P463,Q7817
Q229,P706,Q644636
Q229,P1740,Q8458077
Q229,P208,Q19358292
Q229,P1830,Q746174
Q229,P1830,Q799677
Q229,P1465,Q8448084
Q229,P85,Q176665
Q229,P1906,Q841760
Q229,P78,Q40459
Q229,P31,Q3624078
Q229,P31,Q112099
Q229,P31,Q51576574
Q229,P31,Q11396118
Q229,P31,Q7275
Q229,P31,Q6256
Q229,P610,Q819979
Q229,P1464,Q8082358
Q229,P527,Q59147
Q229,P527,Q59150
Q229,P527,Q59148
Q229,P527,Q59153
Q229,P527,Q59133
Q229,P527,Q59146
Q229,P1622,Q13196750
Q229,P1589,Q4918
Q229,P150,Q59148
Q229,P150,Q59146
Q229,P150,Q59153
Q229,P150,Q59150
Q229,P150,Q59147
Q229,P150,Q59133
Q229,P163,Q4633
Q229,P1343,Q302556
Q229,P1343,Q2657718
Q229,P6104,Q13500530
Q229,P2936,Q256
Q229,P2936,Q36510
Q229,P2936,Q56416
Q229,P2936,Q9129
Q229,P361,Q7204
Q229,P361,Q27293
Q229,P2596,Q11680964
Q229,P7867,Q84128511
Q229,P1889,Q14169641
Q229,P8402,Q97019520
Q229,P1365,Q15240466
Q229,P8744,Q1421407
Q33946,P78,Q159403
Q33946,P31,Q3624078
Q33946,P31,Q3024240
Q33946,P36,Q1085
Q33946,P30,Q46
Q33946,P38,Q622599
Q33946,P463,Q38130
Q33946,P463,Q1065
Q33946,P463,Q41644
Q33946,P463,Q191582
Q33946,P910,Q7116785
Q33946,P47,Q183
Q33946,P47,Q36
Q33946,P47,Q40
Q33946,P47,Q28
Q33946,P47,Q218
Q33946,P47,Q15180
Q33946,P47,Q16957
Q33946,P47,Q212
Q33946,P47,Q458
Q33946,P47,Q42497
Q33946,P47,Q713750
Q33946,P47,Q211274
Q33946,P237,Q1047007
Q33946,P35,Q36233
Q33946,P35,Q157651
Q33946,P35,Q310000
Q33946,P35,Q156494
Q33946,P35,Q371854
Q33946,P35,Q296054
Q33946,P35,Q152274
Q33946,P35,Q156502
Q33946,P35,Q152274
Q33946,P35,Q78492
Q33946,P6,Q983583
Q33946,P6,Q709968
Q33946,P6,Q725653
Q33946,P6,Q683269
Q33946,P6,Q555701
Q33946,P6,Q465455
Q33946,P6,Q1399968
Q33946,P6,Q371854
Q33946,P6,Q296054
Q33946,P6,Q168975
Q33946,P6,Q694849
Q33946,P6,Q717754
Q33946,P6,Q974542
Q33946,P6,Q349893
Q33946,P6,Q1682037
Q33946,P6,Q2756999
Q33946,P6,Q164312
Q33946,P6,Q1682464
Q33946,P6,Q164312
Q33946,P6,Q152274
Q33946,P6,Q1682464
Q33946,P6,Q2666912
Q33946,P6,Q159227
Q33946,P85,Q11178664
Q33946,P122,Q7270
Q33946,P530,Q842199
Q33946,P530,Q20
Q33946,P530,Q36
Q33946,P530,Q15180
Q33946,P530,Q183
Q33946,P530,Q423
Q33946,P2184,Q1517186
Q33946,P1464,Q8078932
Q33946,P1622,Q14565199
Q33946,P1622,Q13196750
Q33946,P1304,Q6464521
Q33946,P1304,Q12041612
Q33946,P1366,Q1998866
Q33946,P421,Q25989
Q33946,P421,Q207020
Q33946,P163,Q27966457
Q33946,P610,Q81213
Q33946,P37,Q9056
Q33946,P37,Q9058
Q33946,P1151,Q18572040
Q33946,P1365,Q28513
Q33946,P1365,Q42585
Q33946,P1792,Q6994739
Q33946,P1465,Q8366446
Q33946,P17,Q33946
Q33946,P7867,Q84022053
Q33946,P8744,Q12020357
Q33946,P527,Q140359
Q33946,P527,Q1998866
Q33946,P527,Q11178782
Q33946,P527,Q853348
Q33946,P527,Q1991965
Q33946,P527,Q2454585
Q35,P1151,Q11028278
Q35,P5125,Q17111145
Q35,P38,Q25417
Q35,P1792,Q3919884
Q35,P2852,Q1061257
Q35,P2853,Q1378312
Q35,P2853,Q1123613
Q35,P2853,Q2335536
Q35,P2853,Q1502017
Q35,P1889,Q756617
Q35,P2633,Q755005
Q35,P1313,Q795477
Q35,P17,Q756617
Q35,P2959,Q21200699
Q35,P2959,Q30277433
Q35,P2959,Q42294356
Q35,P2959,Q55442104
Q35,P122,Q41614
Q35,P1552,Q3174312
Q35,P30,Q46
Q35,P30,Q49
Q35,P530,Q16
Q35,P530,Q38
Q35,P530,Q155
Q35,P530,Q183
Q35,P530,Q953
Q35,P530,Q408
Q35,P530,Q212
Q35,P530,Q184
Q35,P530,Q33
Q35,P530,Q55
Q35,P530,Q1016
Q35,P530,Q1028
Q35,P530,Q1029
Q35,P530,Q1036
Q35,P530,Q1045
Q35,P530,Q1049
Q35,P530,Q114
Q35,P530,Q115
Q35,P530,Q117
Q35,P530,Q219060
Q35,P530,Q1246
Q35,P530,Q142
Q35,P530,Q145
Q35,P530,Q15180
Q35,P530,Q189
Q35,P530,Q191
Q35,P530,Q20
Q35,P530,Q211
Q35,P530,Q214
Q35,P530,Q215
Q35,P530,Q217
Q35,P530,Q218
Q35,P530,Q221
Q35,P530,Q230
Q35,P530,Q232
Q35,P530,Q236
Q35,P530,Q252
Q35,P530,Q28
Q35,P530,Q29
Q35,P530,Q34
Q35,P530,Q889
Q35,P530,Q399
Q35,P530,Q40
Q35,P530,Q222
Q35,P530,Q225
Q35,P530,Q219
Q35,P530,Q965
Q35,P530,Q31
Q35,P530,Q962
Q35,P530,Q836
Q35,P530,Q750
Q35,P530,Q224
Q35,P530,Q298
Q35,P530,Q229
Q35,P530,Q213
Q35,P530,Q424
Q35,P530,Q36
Q35,P530,Q37
Q35,P530,Q39
Q35,P530,Q43
Q35,P530,Q45
Q35,P530,Q664
Q35,P530,Q717
Q35,P530,Q79
Q35,P530,Q796
Q35,P530,Q811
Q35,P530,Q833
Q35,P530,Q837
Q35,P530,Q843
Q35,P530,Q854
Q35,P530,Q858
Q35,P530,Q865
Q35,P530,Q869
Q35,P530,Q878
Q35,P530,Q881
Q35,P530,Q924
Q35,P530,Q928
Q35,P530,Q96
Q35,P530,Q986
Q35,P530,Q30
Q35,P530,Q884
Q35,P530,Q258
Q35,P530,Q403
Q35,P530,Q423
Q35,P530,Q17
Q35,P530,Q794
Q35,P530,Q668
Q35,P530,Q41
Q35,P530,Q227
Q35,P530,Q902
Q35,P530,Q148
Q35,P530,Q458
Q35,P530,Q27
Q35,P530,Q159
Q35,P530,Q917
Q35,P530,Q801
Q35,P530,Q800
Q35,P194,Q209151
Q35,P421,Q25989
Q35,P421,Q6723
Q35,P421,Q6655
Q35,P421,Q5412103
Q35,P2184,Q204680
Q35,P206,Q1693
Q35,P206,Q545
Q35,P36,Q1748
Q35,P237,Q179611
Q35,P166,Q1299669
Q35,P166,Q458338
Q35,P166,Q2097647
Q35,P910,Q4367478
Q35,P35,Q102139
Q35,P35,Q151312
Q35,P35,Q156617
Q35,P35,Q152756
Q35,P35,Q151305
Q35,P35,Q94941
Q35,P35,Q157781
Q35,P35,Q155002
Q35,P35,Q156572
Q35,P35,Q156187
Q35,P35,Q154993
Q35,P35,Q161059
Q35,P35,Q157793
Q35,P35,Q157812
Q35,P35,Q153586
Q35,P35,Q154041
Q35,P35,Q154998
Q35,P35,Q157789
Q35,P35,Q154460
Q35,P35,Q157776
Q35,P35,Q153940
Q35,P35,Q58056
Q35,P35,Q161958
Q35,P1791,Q8328565
Q35,P6,Q57652
Q35,P6,Q182397
Q35,P6,Q46052
Q35,P6,Q311063
Q35,P6,Q327190
Q35,P6,Q312881
Q35,P6,Q348901
Q35,P6,Q312881
Q35,P6,Q441330
Q35,P6,Q727237
Q35,P6,Q441330
Q35,P6,Q918287
Q35,P6,Q721358
Q35,P6,Q503087
Q35,P6,Q710950
Q35,P6,Q503087
Q35,P6,Q1335084
Q35,P6,Q664052
Q35,P6,Q731504
Q35,P6,Q664052
Q35,P6,Q367557
Q35,P6,Q982328
Q35,P6,Q367557
Q35,P6,Q1375094
Q35,P6,Q1375737
Q35,P6,Q1744787
Q35,P6,Q1040851
Q35,P6,Q264340
Q35,P6,Q1040851
Q35,P6,Q1874069
Q35,P6,Q1375094
Q35,P6,Q1274220
Q35,P6,Q572189
Q35,P6,Q1576188
Q35,P6,Q1634992
Q35,P6,Q1375050
Q35,P6,Q1343877
Q35,P6,Q966436
Q35,P6,Q1343866
Q35,P6,Q782403
Q35,P6,Q947911
Q35,P6,Q694093
Q35,P6,Q725118
Q35,P6,Q1037599
Q35,P6,Q725118
Q35,P6,Q947789
Q35,P6,Q591189
Q35,P6,Q491280
Q35,P6,Q947911
Q35,P6,Q351178
Q35,P6,Q182397
Q35,P6,Q5015
Q35,P463,Q458
Q35,P463,Q1065
Q35,P463,Q7184
Q35,P463,Q41550
Q35,P463,Q8908
Q35,P463,Q42262
Q35,P463,Q7825
Q35,P463,Q146165
Q35,P463,Q674182
Q35,P463,Q151991
Q35,P463,Q789769
Q35,P463,Q81299
Q35,P463,Q191384
Q35,P463,Q827525
Q35,P463,Q656801
Q35,P463,Q1043527
Q35,P463,Q899770
Q35,P463,Q340195
Q35,P463,Q188822
Q35,P463,Q782942
Q35,P463,Q1377612
Q35,P463,Q663492
Q35,P463,Q1928989
Q35,P463,Q1072120
Q35,P463,Q8475
Q35,P463,Q1480793
Q35,P463,Q842490
Q35,P463,Q3866537
Q35,P463,Q7809
Q35,P463,Q5611262
Q35,P463,Q17495
Q35,P463,Q376150
Q35,P463,Q1969730
Q35,P463,Q60746147
Q35,P463,Q45177
Q35,P463,Q170424
Q35,P463,Q7817
Q35,P5658,Q14565199
Q35,P706,Q21195
Q35,P1740,Q7140661
Q35,P208,Q24039188
Q35,P1830,Q3181430
Q35,P1830,Q7374497
Q35,P1465,Q8365413
Q35,P85,Q165747
Q35,P85,Q908519
Q35,P1906,Q18341329
Q35,P78,Q39509
Q35,P47,Q34
Q35,P47,Q20
Q35,P47,Q145
Q35,P47,Q183
Q35,P47,Q458
Q35,P31,Q7275
Q35,P31,Q3624078
Q35,P31,Q20181813
Q35,P31,Q66724388
Q35,P31,Q63791824
Q35,P31,Q6256
Q35,P610,Q689106
Q35,P1464,Q8051880
Q35,P1622,Q14565199
Q35,P1589,Q1801605
Q35,P37,Q9035
Q35,P150,Q26061
Q35,P150,Q26589
Q35,P150,Q26067
Q35,P150,Q26586
Q35,P150,Q26073
Q35,P163,Q60149
Q35,P2936,Q9035
Q35,P2936,Q12640779
Q35,P2936,Q15665351
Q35,P2936,Q2605298
Q35,P2936,Q188
Q35,P2936,Q25355
Q35,P1343,Q302556
Q35,P1343,Q2041543
Q35,P1343,Q4114391
Q35,P1343,Q602358
Q35,P1343,Q19180675
Q35,P1343,Q4173137
Q35,P1343,Q20096917
Q35,P1343,Q867541
Q35,P1343,Q3181656
Q35,P131,Q756617
Q35,P131,Q62623
Q35,P131,Q756617
Q35,P2596,Q912415
Q35,P7867,Q8607346
Q35,P832,Q211945
Q35,P361,Q756617
Q35,P361,Q27479
Q35,P361,Q1191549
Q35,P8402,Q97014270
Q35,P8744,Q1451237
Q1814600,P175,Q235449
Q1814600,P264,Q1536003
Q1814600,P31,Q134556
Q1814600,P31,Q7366
Q1814600,P676,Q235449
Q1814600,P407,Q150
Q1814600,P136,Q235858
Q1814600,P1889,Q1131070
Q1814600,P361,Q235449
Q1814600,P7937,Q86816874
Q11071039,P279,Q854022
Q115,P610,Q275435
Q115,P2633,Q1982564
Q115,P1465,Q7482658
Q115,P172,Q318674
Q115,P172,Q464237
Q115,P172,Q241696
Q115,P172,Q427036
Q115,P172,Q1192069
Q115,P172,Q844307
Q115,P172,Q954810
Q115,P172,Q16930512
Q115,P172,Q211720
Q115,P172,Q749854
Q115,P172,Q5529672
Q115,P172,Q848299
Q115,P172,Q1721029
Q115,P530,Q16
Q115,P530,Q183
Q115,P530,Q977
Q115,P530,Q801
Q115,P530,Q30
Q115,P530,Q114
Q115,P530,Q212
Q115,P530,Q1045
Q115,P530,Q35
Q115,P530,Q79
Q115,P530,Q27
Q115,P530,Q33
Q115,P530,Q34
Q115,P530,Q38
Q115,P530,Q43
Q115,P530,Q833
Q115,P530,Q865
Q115,P530,Q96
Q115,P530,Q403
Q115,P530,Q159
Q115,P530,Q17
Q115,P530,Q41
Q115,P530,Q668
Q115,P530,Q230
Q115,P530,Q953
Q115,P530,Q28
Q115,P530,Q423
Q115,P1343,Q302556
Q115,P1343,Q1138524
Q115,P1343,Q2041543
Q115,P1343,Q602358
Q115,P1343,Q19180675
Q115,P1343,Q19211082
Q115,P1343,Q4086271
Q115,P35,Q57383
Q115,P35,Q15054736
Q115,P35,Q7399685
Q115,P47,Q1049
Q115,P47,Q958
Q115,P47,Q114
Q115,P47,Q1045
Q115,P47,Q977
Q115,P47,Q986
Q115,P47,Q7172
Q115,P5125,Q7112260
Q115,P421,Q6760
Q115,P421,Q1773949
Q115,P1313,Q1788970
Q115,P2852,Q533806
Q115,P2852,Q25648865
Q115,P2852,Q25648866
Q115,P2852,Q25648868
Q115,P6,Q381071
Q115,P6,Q161184
Q115,P6,Q50365049
Q115,P31,Q3624078
Q115,P31,Q6256
Q115,P31,Q123480
Q115,P2853,Q1378312
Q115,P2853,Q1123613
Q115,P2853,Q60740126
Q115,P2853,Q2335530
Q115,P2853,Q1520890
Q115,P2853,Q2335536
Q115,P150,Q3624
Q115,P150,Q193494
Q115,P150,Q203009
Q115,P150,Q207635
Q115,P150,Q193486
Q115,P150,Q207638
Q115,P150,Q1033855
Q115,P150,Q202107
Q115,P150,Q202800
Q115,P150,Q203193
Q115,P150,Q200127
Q115,P36,Q3624
Q115,P78,Q40363
Q115,P1791,Q8328585
Q115,P1792,Q6994282
Q115,P1906,Q3409186
Q115,P122,Q512187
Q115,P1151,Q11001430
Q115,P85,Q373510
Q115,P85,Q947022
Q115,P1622,Q14565199
Q115,P38,Q206243
Q115,P163,Q162068
Q115,P463,Q1065
Q115,P463,Q7159
Q115,P463,Q191384
Q115,P463,Q827525
Q115,P463,Q656801
Q115,P463,Q1043527
Q115,P463,Q340195
Q115,P463,Q384535
Q115,P463,Q294278
Q115,P463,Q8475
Q115,P463,Q842490
Q115,P463,Q7809
Q115,P463,Q5611262
Q115,P463,Q17495
Q115,P463,Q376150
Q115,P463,Q60746147
Q115,P463,Q170424
Q115,P463,Q7817
Q115,P30,Q15
Q115,P1464,Q9229046
Q115,P237,Q193781
Q115,P910,Q1455583
Q115,P208,Q5589204
Q115,P2184,Q273595
Q115,P5008,Q5460604
Q115,P194,Q257899
Q115,P1552,Q47185282
Q115,P37,Q28244
Q115,P17,Q115
Q115,P361,Q27407
Q115,P1589,Q14213070
Q115,P1740,Q10216968
Q115,P417,Q48438
Q115,P1304,Q1967889
Q115,P2936,Q673895
Q115,P2936,Q795327
Q115,P2936,Q373683
Q115,P2936,Q3408516
Q115,P2936,Q2371358
Q115,P2936,Q2396970
Q115,P2936,Q3447116
Q115,P2936,Q2591184
Q115,P2936,Q6821677
Q115,P2936,Q6813268
Q115,P2936,Q2707343
Q115,P2936,Q5073694
Q115,P2936,Q3501903
Q115,P2936,Q7116251
Q115,P2936,Q3508617
Q115,P2936,Q2910610
Q115,P2936,Q5330355
Q115,P2936,Q5364172
Q115,P2936,Q5364424
Q115,P2936,Q5528771
Q115,P2936,Q3032135
Q115,P2936,Q5923010
Q115,P2936,Q3183355
Q115,P2936,Q3183349
Q115,P2936,Q3915918
Q115,P2936,Q12634070
Q115,P2936,Q4662604
Q115,P2936,Q6430753
Q115,P2936,Q3354339
Q115,P2936,Q35123
Q115,P2936,Q35108
Q115,P2936,Q35311
Q115,P2936,Q35313
Q115,P2936,Q56531
Q115,P2936,Q56540
Q115,P2936,Q56527
Q115,P2936,Q1860
Q115,P2936,Q56677
Q115,P2936,Q56681
Q115,P2936,Q56723
Q115,P2936,Q56637
Q115,P2936,Q56622
Q115,P2936,Q56652
Q115,P2936,Q56724
Q115,P2936,Q56624
Q115,P2936,Q56613
Q115,P2936,Q56615
Q115,P2936,Q56883
Q115,P2936,Q35481
Q115,P2936,Q56809
Q115,P2936,Q56827
Q115,P2936,Q7495
Q115,P2936,Q35664
Q115,P2936,Q35663
Q115,P2936,Q35763
Q115,P2936,Q35691
Q115,P2936,Q35667
Q115,P2936,Q35764
Q115,P2936,Q36013
Q115,P2936,Q20982409
Q115,P2936,Q36353
Q115,P2936,Q36344
Q115,P2936,Q36342
Q115,P2936,Q36873
Q115,P2936,Q36943
Q115,P2936,Q10195
Q115,P2936,Q56336
Q115,P2936,Q13273
Q115,P2936,Q13275
Q115,P2936,Q56260
Q115,P2936,Q27811
Q115,P2936,Q28244
Q115,P2936,Q33178
Q115,P2936,Q29292
Q115,P2936,Q33626
Q115,P2936,Q33675
Q115,P2936,Q33864
Q115,P2936,Q33786
Q115,P2936,Q34124
Q115,P2936,Q12639015
Q115,P2936,Q12631584
Q115,P2936,Q12645275
Q115,P2936,Q12629647
Q115,P2936,Q12953857
Q115,P2936,Q16116386
Q115,P2936,Q34934
Q115,P2936,Q34928
Q115,P2936,Q34999
Q115,P2596,Q3007263
Q115,P7867,Q8607362
Q115,P8744,Q1425941
Q5380903,P279,Q952587
Q5380903,P31,Q84467700
Q41,P1344,Q1139479
Q41,P1344,Q55153903
Q41,P1151,Q6218181
Q41,P1546,Q2746673
Q41,P5125,Q7112276
Q41,P38,Q4916
Q41,P38,Q1546443
Q41,P38,Q1380156
Q41,P172,Q539051
Q41,P1792,Q6992654
Q41,P2852,Q1061257
Q41,P2852,Q25648793
Q41,P2852,Q25648841
Q41,P2852,Q25648881
Q41,P2853,Q1378312
Q41,P2853,Q1123613
Q41,P2633,Q375433
Q41,P1313,Q4377230
Q41,P2959,Q21201900
Q41,P832,Q34812
Q41,P1552,Q3174312
Q41,P206,Q4918
Q41,P530,Q38
Q41,P530,Q155
Q41,P530,Q183
Q41,P530,Q408
Q41,P530,Q801
Q41,P530,Q43
Q41,P530,Q212
Q41,P530,Q229
Q41,P530,Q851
Q41,P530,Q858
Q41,P530,Q184
Q41,P530,Q159583
Q41,P530,Q159
Q41,P530,Q403
Q41,P530,Q227
Q41,P530,Q219
Q41,P530,Q17
Q41,P530,Q668
Q41,P530,Q794
Q41,P530,Q399
Q41,P530,Q148
Q41,P530,Q236
Q41,P530,Q233
Q41,P530,Q30
Q41,P530,Q221
Q41,P530,Q884
Q41,P530,Q902
Q41,P530,Q218
Q41,P530,Q865
Q41,P530,Q954
Q41,P530,Q717
Q41,P530,Q265
Q41,P530,Q145
Q41,P530,Q863
Q41,P530,Q39
Q41,P530,Q34
Q41,P530,Q29
Q41,P530,Q258
Q41,P530,Q36
Q41,P530,Q928
Q41,P530,Q419
Q41,P530,Q843
Q41,P530,Q20
Q41,P530,Q1033
Q41,P530,Q811
Q41,P530,Q664
Q41,P530,Q55
Q41,P530,Q96
Q41,P530,Q833
Q41,P530,Q37
Q41,P530,Q822
Q41,P530,Q211
Q41,P530,Q813
Q41,P530,Q114
Q41,P530,Q232
Q41,P530,Q810
Q41,P530,Q796
Q41,P530,Q252
Q41,P530,Q189
Q41,P530,Q28
Q41,P530,Q739
Q41,P530,Q142
Q41,P530,Q414
Q41,P530,Q40
Q41,P530,Q222
Q41,P530,Q262
Q41,P530,Q16
Q41,P530,Q298
Q41,P530,Q31
Q41,P530,Q33
Q41,P530,Q213
Q41,P530,Q974
Q41,P530,Q191
Q41,P530,Q115
Q41,P530,Q241
Q41,P530,Q35
Q41,P530,Q224
Q41,P530,Q217
Q41,P530,Q27
Q41,P530,Q423
Q41,P194,Q477089
Q41,P37,Q9129
Q41,P37,Q35392
Q41,P2184,Q7794
Q41,P30,Q46
Q41,P36,Q1524
Q41,P36,Q202337
Q41,P237,Q181147
Q41,P5008,Q5460604
Q41,P1465,Q6461944
Q41,P47,Q222
Q41,P47,Q219
Q41,P47,Q221
Q41,P47,Q43
Q41,P47,Q36704
Q41,P910,Q4367791
Q41,P1304,Q806700
Q41,P1791,Q8328602
Q41,P6,Q57806
Q41,P6,Q312015
Q41,P6,Q552751
Q41,P463,Q458
Q41,P463,Q7184
Q41,P463,Q41550
Q41,P463,Q8908
Q41,P463,Q42262
Q41,P463,Q7825
Q41,P463,Q380340
Q41,P463,Q1065
Q41,P463,Q81299
Q41,P463,Q191384
Q41,P463,Q827525
Q41,P463,Q656801
Q41,P463,Q1043527
Q41,P463,Q899770
Q41,P463,Q782942
Q41,P463,Q1377612
Q41,P463,Q663492
Q41,P463,Q1928989
Q41,P463,Q1072120
Q41,P463,Q8475
Q41,P463,Q1480793
Q41,P463,Q842490
Q41,P463,Q233611
Q41,P463,Q826700
Q41,P463,Q7809
Q41,P463,Q5611262
Q41,P463,Q17495
Q41,P463,Q376150
Q41,P463,Q1969730
Q41,P463,Q134102
Q41,P463,Q45177
Q41,P463,Q170424
Q41,P463,Q7817
Q41,P5658,Q14565199
Q41,P706,Q23522
Q41,P706,Q27449
Q41,P1740,Q7237176
Q41,P208,Q15260617
Q41,P1830,Q127958
Q41,P1830,Q189663
Q41,P1830,Q208811
Q41,P1830,Q213508
Q41,P1830,Q1142384
Q41,P1830,Q26869624
Q41,P1830,Q10288
Q41,P421,Q190252
Q41,P421,Q6723
Q41,P421,Q6760
Q41,P421,Q1109976
Q41,P421,Q5412093
Q41,P85,Q176665
Q41,P1906,Q3409203
Q41,P78,Q37893
Q41,P31,Q3624078
Q41,P31,Q179164
Q41,P31,Q51576574
Q41,P31,Q6256
Q41,P610,Q80344
Q41,P1464,Q6542484
Q41,P527,Q25162136
Q41,P1622,Q14565199
Q41,P35,Q57303
Q41,P35,Q206421
Q41,P35,Q156806
Q41,P35,Q344729
Q41,P35,Q2091478
Q41,P35,Q156806
Q41,P35,Q365209
Q41,P35,Q373532
Q41,P35,Q365196
Q41,P35,Q3407316
Q41,P35,Q57415743
Q41,P1589,Q4918
Q41,P150,Q758056
Q41,P150,Q199580
Q41,P150,Q17152
Q41,P150,Q1267522
Q41,P150,Q171314
Q41,P150,Q180484
Q41,P150,Q1147674
Q41,P150,Q173620
Q41,P150,Q202484
Q41,P150,Q173616
Q41,P150,Q22807284
Q41,P150,Q170291
Q41,P150,Q165408
Q41,P150,Q130321
Q41,P150,Q131555
Q41,P138,Q539051
Q41,P163,Q129132
Q41,P1343,Q4086271
Q41,P1343,Q4114391
Q41,P1343,Q4173137
Q41,P1343,Q19180675
Q41,P1343,Q602358
Q41,P1343,Q20096917
Q41,P1343,Q302556
Q41,P1343,Q2657718
Q41,P1343,Q30059240
Q41,P1343,Q4532138
Q41,P6104,Q10740384
Q41,P2964,Q319891
Q41,P2964,Q338753
Q41,P2936,Q36510
Q41,P2936,Q9129
Q41,P2936,Q180937
Q41,P2936,Q220607
Q41,P2936,Q853414
Q41,P2936,Q3565084
Q41,P2936,Q3915435
Q41,P2936,Q256
Q41,P2936,Q35497
Q41,P2936,Q7918
Q41,P2936,Q36748
Q41,P2936,Q9296
Q41,P2936,Q13358
Q41,P2936,Q29316
Q41,P2936,Q29347
Q41,P17,Q41
Q41,P2596,Q1149548
Q41,P7867,Q8607379
Q41,P8402,Q97012113
Q41,P361,Q263686
Q41,P2579,Q489119
Q41,P8744,Q45074
Q41,P1365,Q17765809
Q769,P1151,Q11168668
Q769,P31,Q202686
Q769,P31,Q7275
Q769,P31,Q112099
Q769,P31,Q3624078
Q769,P31,Q6256
Q769,P150,Q977183
Q769,P150,Q2087806
Q769,P150,Q576651
Q769,P150,Q1476289
Q769,P150,Q1291077
Q769,P150,Q1476309
Q769,P150,Q795647
Q769,P150,Q967714
Q769,P706,Q93259
Q769,P138,Q8810
Q769,P35,Q9682
Q769,P36,Q41547
Q769,P37,Q1860
Q769,P37,Q4252500
Q769,P194,Q1253647
Q769,P38,Q26365
Q769,P163,Q103414
Q769,P85,Q752655
Q769,P85,Q40807
Q769,P237,Q504591
Q769,P78,Q41435
Q769,P463,Q7785
Q769,P463,Q1065
Q769,P463,Q7825
Q769,P463,Q205995
Q769,P463,Q8874
Q769,P463,Q1735573
Q769,P463,Q191384
Q769,P463,Q827525
Q769,P463,Q656801
Q769,P463,Q1043527
Q769,P463,Q899770
Q769,P463,Q294278
Q769,P463,Q3369762
Q769,P463,Q496967
Q769,P463,Q3772571
Q769,P463,Q8475
Q769,P463,Q842490
Q769,P463,Q7809
Q769,P463,Q17495
Q769,P463,Q376150
Q769,P463,Q123759
Q769,P463,Q7817
Q769,P30,Q49
Q769,P910,Q6311156
Q769,P610,Q525281
Q769,P17,Q769
Q769,P421,Q5762
Q769,P1740,Q8458105
Q769,P1792,Q7074361
Q769,P47,Q717
Q769,P530,Q408
Q769,P530,Q1016
Q769,P530,Q145
Q769,P530,Q15180
Q769,P530,Q754
Q769,P530,Q16
Q769,P530,Q244
Q769,P530,Q241
Q769,P530,Q865
Q769,P530,Q30
Q769,P530,Q884
Q769,P530,Q423
Q769,P530,Q17
Q769,P530,Q148
Q769,P530,Q230
Q769,P1589,Q1247
Q769,P1465,Q8366475
Q769,P1464,Q8082323
Q769,P1622,Q13196750
Q769,P2633,Q2984752
Q769,P2853,Q1528507
Q769,P2852,Q533806
Q769,P2852,Q25743506
Q769,P2852,Q25743510
Q769,P2852,Q25743511
Q769,P2959,Q27103680
Q769,P1313,Q30100613
Q769,P6,Q370110
Q769,P2936,Q1860
Q769,P2936,Q3006285
Q769,P2936,Q4252500
Q769,P361,Q93259
Q769,P361,Q183416
Q769,P361,Q66458647
Q769,P1906,Q26869646
Q769,P1552,Q3174312
Q769,P5125,Q7112277
Q769,P2184,Q1516422
Q769,P2596,Q5193563
Q769,P7867,Q84137127
Q769,P1889,Q8810
Q769,P8744,Q2477612
Q1006,P31,Q3624078
Q1006,P31,Q6256
Q1006,P36,Q3733
Q1006,P30,Q15
Q1006,P47,Q1008
Q1006,P47,Q1007
Q1006,P47,Q1014
Q1006,P47,Q912
Q1006,P47,Q1041
Q1006,P47,Q1044
Q1006,P35,Q4413
Q1006,P37,Q150
Q1006,P38,Q213311
Q1006,P38,Q496938
Q1006,P78,Q41761
Q1006,P85,Q747890
Q1006,P163,Q165500
Q1006,P6,Q21855433
Q1006,P6,Q5984807
Q1006,P150,Q862611
Q1006,P150,Q3733
Q1006,P150,Q870166
Q1006,P150,Q870191
Q1006,P150,Q868520
Q1006,P150,Q868515
Q1006,P150,Q1043650
Q1006,P150,Q870146
Q1006,P463,Q1065
Q1006,P463,Q7159
Q1006,P463,Q7825
Q1006,P463,Q47543
Q1006,P463,Q191384
Q1006,P463,Q827525
Q1006,P463,Q656801
Q1006,P463,Q1043527
Q1006,P463,Q899770
Q1006,P463,Q340195
Q1006,P463,Q294278
Q1006,P463,Q2029901
Q1006,P463,Q8475
Q1006,P463,Q842490
Q1006,P463,Q7809
Q1006,P463,Q5611262
Q1006,P463,Q3348506
Q1006,P463,Q17495
Q1006,P463,Q376150
Q1006,P463,Q134102
Q1006,P463,Q162656
Q1006,P463,Q170424
Q1006,P463,Q7817
Q1006,P463,Q193272
Q1006,P463,Q1505172
Q1006,P237,Q213018
Q1006,P910,Q6888719
Q1006,P421,Q6574
Q1006,P17,Q1006
Q1006,P610,Q849129
Q1006,P1464,Q8050375
Q1006,P1740,Q8458109
Q1006,P1792,Q7061676
Q1006,P1589,Q97
Q1006,P530,Q183
Q1006,P530,Q34
Q1006,P530,Q865
Q1006,P530,Q30
Q1006,P530,Q148
Q1006,P530,Q230
Q1006,P530,Q423
Q1006,P1622,Q14565199
Q1006,P2633,Q2088555
Q1006,P2853,Q1378312
Q1006,P2853,Q1123613
Q1006,P2853,Q1502017
Q1006,P1151,Q11303345
Q1006,P1313,Q14917303
Q1006,P194,Q1853235
Q1006,P1465,Q8365469
Q1006,P2959,Q42043322
Q1006,P1906,Q248577
Q1006,P1552,Q47185145
Q1006,P706,Q4412
Q1006,P5125,Q7112281
Q1006,P361,Q4412
Q1006,P2852,Q4547615
Q1006,P2852,Q25648843
Q1006,P2852,Q60057142
Q1006,P1365,Q210682
Q1006,P1304,Q2882980
Q1006,P2936,Q35508
Q1006,P2936,Q3915357
Q1006,P2936,Q18546266
Q1006,P2936,Q150
Q1006,P2936,Q19921576
Q1006,P2936,Q1420205
Q1006,P2936,Q1158971
Q1006,P2936,Q3914478
Q1006,P2936,Q3913286
Q1006,P2936,Q3913992
Q1006,P2936,Q3913966
Q1006,P2936,Q3198896
Q1006,P2936,Q6520837
Q1006,P2936,Q35098
Q1006,P2936,Q35095
Q1006,P2936,Q31172660
Q1006,P2936,Q35568
Q1006,P2936,Q35524
Q1006,P2936,Q36026
Q1006,P2936,Q36003
Q1006,P2936,Q36935
Q1006,P2936,Q36991
Q1006,P2936,Q33990
Q1006,P2936,Q3198703
Q1006,P2936,Q3502293
Q1006,P2936,Q3450433
Q1006,P2936,Q11002130
Q1006,P2936,Q11034212
Q1006,P2936,Q11155812
Q1006,P2936,Q11055484
Q1006,P2936,Q11006832
Q1006,P2936,Q11052867
Q1006,P2936,Q11163298
Q1006,P2936,Q15983937
Q1006,P2936,Q63257856
Q1006,P2936,Q36466
Q1006,P2936,Q35815
Q1006,P2936,Q35695
Q1006,P2936,Q35772
Q1006,P122,Q7270
Q1006,P1546,Q77669393
Q1006,P2184,Q1192380
Q1006,P2596,Q7884258
Q1006,P7867,Q84036197
Q1006,P155,Q98605707
Q1006,P8744,Q1524881
Q790,P610,Q1971319
Q790,P31,Q3624078
Q790,P31,Q112099
Q790,P31,Q6256
Q790,P36,Q34261
Q790,P47,Q786
Q790,P47,Q30
Q790,P35,Q57512
Q790,P35,Q21294765
Q790,P35,Q6207072
Q790,P37,Q150
Q790,P37,Q33491
Q790,P38,Q203955
Q790,P38,Q5639749
Q790,P78,Q41110
Q790,P85,Q214459
Q790,P163,Q102987
Q790,P6,Q28836953
Q790,P6,Q3166124
Q790,P6,Q62596591
Q790,P6,Q87188650
Q790,P30,Q49
Q790,P150,Q844024
Q790,P150,Q844528
Q790,P150,Q913231
Q790,P150,Q125232
Q790,P150,Q943932
Q790,P150,Q928694
Q790,P150,Q608361
Q790,P150,Q1434621
Q790,P150,Q936717
Q790,P150,Q936704
Q790,P463,Q1065
Q790,P463,Q7825
Q790,P463,Q205995
Q790,P463,Q191384
Q790,P463,Q827525
Q790,P463,Q656801
Q790,P463,Q1043527
Q790,P463,Q899770
Q790,P463,Q294278
Q790,P463,Q3369762
Q790,P463,Q496967
Q790,P463,Q3772571
Q790,P463,Q8475
Q790,P463,Q842490
Q790,P463,Q7809
Q790,P463,Q17495
Q790,P463,Q376150
Q790,P463,Q123759
Q790,P463,Q134102
Q790,P463,Q162656
Q790,P463,Q170424
Q790,P463,Q7817
Q790,P910,Q7130826
Q790,P237,Q207701
Q790,P17,Q790
Q790,P155,Q861551
Q790,P421,Q5390
Q790,P1151,Q11215907
Q790,P1465,Q7482572
Q790,P1740,Q10215708
Q790,P1791,Q19678029
Q790,P1792,Q6994171
Q790,P361,Q12585
Q790,P706,Q664609
Q790,P1343,Q302556
Q790,P530,Q155
Q790,P530,Q142
Q790,P530,Q801
Q790,P530,Q717
Q790,P530,Q16
Q790,P530,Q298
Q790,P530,Q865
Q790,P530,Q96
Q790,P530,Q30
Q790,P530,Q902
Q790,P530,Q183
Q790,P2184,Q846445
Q790,P1589,Q1247
Q790,P1464,Q8082309
Q790,P1622,Q14565199
Q790,P2633,Q2405285
Q790,P2853,Q24288454
Q790,P2853,Q24288456
Q790,P2852,Q25648805
Q790,P2852,Q25648807
Q790,P2852,Q2945964
Q790,P2852,Q25648812
Q790,P2959,Q13203876
Q790,P1906,Q3290543
Q790,P1313,Q1064589
Q790,P1546,Q251583
Q790,P208,Q16146706
Q790,P194,Q742110
Q790,P1552,Q47185145
Q790,P5125,Q7112283
Q790,P6104,Q21830103
Q790,P1304,Q2883379
Q790,P2936,Q3504239
Q790,P2936,Q150
Q790,P2936,Q33491
Q790,P5008,Q15304953
Q790,P2596,Q3244653
Q790,P7867,Q84108300
Q790,P8402,Q97073478
Q790,P1365,Q2979717
Q790,P8744,Q1996232
Q189,P1151,Q10815291
Q189,P5125,Q16056526
Q189,P1792,Q7087719
Q189,P2852,Q1061257
Q189,P2853,Q1378312
Q189,P2853,Q1123613
Q189,P1889,Q3740828
Q189,P1889,Q128651
Q189,P2633,Q678377
Q189,P1313,Q19190022
Q189,P17,Q189
Q189,P2959,Q25681638
Q189,P2959,Q25681479
Q189,P2959,Q30277419
Q189,P2959,Q53814571
Q189,P122,Q4198907
Q189,P832,Q196627
Q189,P832,Q42236
Q189,P832,Q106333
Q189,P832,Q40317
Q189,P832,Q21196
Q189,P832,Q209663
Q189,P832,Q2247397
Q189,P832,Q900013
Q189,P832,Q51638
Q189,P832,Q39864
Q189,P832,Q2512993
Q189,P832,Q580059
Q189,P832,Q106010
Q189,P832,Q16429504
Q189,P832,Q956699
Q189,P832,Q11269
Q189,P832,Q14914713
Q189,P1552,Q3174312
Q189,P530,Q38
Q189,P530,Q183
Q189,P530,Q219060
Q189,P530,Q145
Q189,P530,Q16
Q189,P530,Q213
Q189,P530,Q35
Q189,P530,Q33
Q189,P530,Q20
Q189,P530,Q211
Q189,P530,Q865
Q189,P530,Q928
Q189,P530,Q96
Q189,P530,Q30
Q189,P530,Q884
Q189,P530,Q159
Q189,P530,Q423
Q189,P530,Q668
Q189,P530,Q41
Q189,P530,Q148
Q189,P530,Q230
Q189,P530,Q28
Q189,P209,Q135356
Q189,P1906,Q19188924
Q189,P194,Q131279
Q189,P421,Q6574
Q189,P421,Q16894228
Q189,P2184,Q151128
Q189,P30,Q46
Q189,P36,Q1764
Q189,P1424,Q14336096
Q189,P237,Q179866
Q189,P47,Q223
Q189,P47,Q4628
Q189,P47,Q25231
Q189,P1304,Q1195916
Q189,P910,Q4368249
Q189,P35,Q57284
Q189,P35,Q24045706
Q189,P155,Q62567
Q189,P1791,Q8328617
Q189,P6,Q879376
Q189,P6,Q463588
Q189,P6,Q467464
Q189,P463,Q1065
Q189,P463,Q8932
Q189,P463,Q41550
Q189,P463,Q8908
Q189,P463,Q7825
Q189,P463,Q146165
Q189,P463,Q674182
Q189,P463,Q166546
Q189,P463,Q7184
Q189,P463,Q789769
Q189,P463,Q81299
Q189,P463,Q191384
Q189,P463,Q827525
Q189,P463,Q656801
Q189,P463,Q1043527
Q189,P463,Q899770
Q189,P463,Q782942
Q189,P463,Q1377612
Q189,P463,Q1928989
Q189,P463,Q1072120
Q189,P463,Q8475
Q189,P463,Q1480793
Q189,P463,Q842490
Q189,P463,Q233611
Q189,P463,Q7809
Q189,P463,Q5611262
Q189,P463,Q17495
Q189,P463,Q376150
Q189,P463,Q1969730
Q189,P463,Q45177
Q189,P463,Q170424
Q189,P463,Q7817
Q189,P463,Q4426190
Q189,P706,Q21195
Q189,P1740,Q6296757
Q189,P208,Q12351757
Q189,P1830,Q249499
Q189,P1830,Q1673741
Q189,P1465,Q6334632
Q189,P38,Q131473
Q189,P85,Q170582
Q189,P78,Q39896
Q189,P31,Q112099
Q189,P31,Q3624078
Q189,P31,Q6256
Q189,P610,Q140084
Q189,P1464,Q8055144
Q189,P1622,Q14565199
Q189,P1589,Q97
Q189,P37,Q294
Q189,P150,Q2001559
Q189,P150,Q2001582
Q189,P150,Q1526538
Q189,P150,Q2037988
Q189,P150,Q1419190
Q189,P150,Q770576
Q189,P138,Q23392
Q189,P163,Q93335
Q189,P1343,Q2657718
Q189,P1343,Q20096917
Q189,P1343,Q19180675
Q189,P1343,Q602358
Q189,P1343,Q302556
Q189,P6104,Q14605772
Q189,P2936,Q294
Q189,P2936,Q3436654
Q189,P2596,Q2347868
Q189,P7867,Q84031396
Q189,P8402,Q97013423
Q189,P8744,Q8064
Q18381640,P31,Q4167410
Q18381640,P1889,Q1116884
Q18381640,P1889,Q27157273
Q18381640,P460,Q234739
Q131288,P279,Q177626
Q131288,P910,Q8420848
Q131288,P1343,Q2657718
Q131288,P1343,Q602358
Q131288,P1343,Q19180675
Q131288,P461,Q187668
Q131288,P5008,Q13382529
Q131288,P1889,Q187668
Q131288,P1889,Q856681
Q131288,P1889,Q5999048
Q131288,P1889,Q301370
Q131288,P1889,Q177626
Q131288,P1889,Q332988
Q131288,P1269,Q98280868
Q668,P166,Q19816066
Q668,P1151,Q10631731
Q668,P1546,Q680277
Q668,P5125,Q3348804
Q668,P38,Q80524
Q668,P1792,Q6994462
Q668,P2852,Q1061257
Q668,P2852,Q25648793
Q668,P2852,Q25648794
Q668,P2852,Q25648798
Q668,P2852,Q4546759
Q668,P2853,Q1378312
Q668,P2853,Q60740126
Q668,P2853,Q1383497
Q668,P172,Q1267849
Q668,P172,Q69798
Q668,P2633,Q838671
Q668,P1313,Q192711
Q668,P17,Q668
Q668,P2959,Q21201515
Q668,P2959,Q47544903
Q668,P122,Q512187
Q668,P122,Q3043547
Q668,P832,Q1139536
Q668,P832,Q47499
Q668,P832,Q56106
Q668,P832,Q658185
Q668,P1552,Q3174312
Q668,P209,Q213380
Q668,P206,Q58705
Q668,P206,Q38684
Q668,P206,Q1239
Q668,P530,Q38
Q668,P530,Q155
Q668,P530,Q159
Q668,P530,Q183
Q668,P530,Q801
Q668,P530,Q30
Q668,P530,Q408
Q668,P530,Q159583
Q668,P530,Q851
Q668,P530,Q212
Q668,P530,Q184
Q668,P530,Q423
Q668,P530,Q424
Q668,P530,Q403
Q668,P530,Q17
Q668,P530,Q148
Q668,P530,Q884
Q668,P530,Q794
Q668,P530,Q41
Q668,P530,Q902
Q668,P530,Q712
Q668,P530,Q258
Q668,P530,Q29
Q668,P530,Q458
Q668,P530,Q921
Q668,P530,Q836
Q668,P530,Q958
Q668,P530,Q881
Q668,P530,Q77
Q668,P530,Q145
Q668,P530,Q878
Q668,P530,Q1036
Q668,P530,Q43
Q668,P530,Q754
Q668,P530,Q869
Q668,P530,Q924
Q668,P530,Q863
Q668,P530,Q865
Q668,P530,Q858
Q668,P530,Q854
Q668,P530,Q334
Q668,P530,Q1042
Q668,P530,Q1037
Q668,P530,Q45
Q668,P530,Q36
Q668,P530,Q928
Q668,P530,Q733
Q668,P530,Q804
Q668,P530,Q219060
Q668,P530,Q1033
Q668,P530,Q664
Q668,P530,Q837
Q668,P530,Q1030
Q668,P530,Q1029
Q668,P530,Q1028
Q668,P530,Q711
Q668,P530,Q96
Q668,P530,Q1027
Q668,P530,Q233
Q668,P530,Q912
Q668,P530,Q826
Q668,P530,Q833
Q668,P530,Q1019
Q668,P530,Q1016
Q668,P530,Q1014
Q668,P530,Q1013
Q668,P530,Q822
Q668,P530,Q817
Q668,P530,Q114
Q668,P530,Q232
Q668,P530,Q1008
Q668,P530,Q796
Q668,P530,Q252
Q668,P530,Q142
Q668,P530,Q917
Q668,P530,Q889
Q668,P530,Q916
Q668,P530,Q262
Q668,P530,Q40
Q668,P530,Q962
Q668,P530,Q16
Q668,P530,Q31
Q668,P530,Q298
Q668,P530,Q241
Q668,P530,Q35
Q668,P530,Q79
Q668,P530,Q191
Q668,P530,Q739
Q668,P530,Q734
Q668,P530,Q189
Q668,P530,Q8646
Q668,P530,Q774
Q668,P530,Q115
Q668,P530,Q766
Q668,P530,Q117
Q668,P530,Q1041
Q668,P530,Q874
Q668,P530,Q953
Q668,P530,Q819
Q668,P530,Q230
Q668,P530,Q27
Q668,P530,Q28
Q668,P194,Q695252
Q668,P2184,Q133136
Q668,P1365,Q129286
Q668,P1365,Q2385925
Q668,P1365,Q917553
Q668,P1365,Q932370
Q668,P1365,Q1588594
Q668,P1365,Q14491604
Q668,P1365,Q16829581
Q668,P1365,Q16852121
Q668,P1365,Q922317
Q668,P1365,Q649310
Q668,P1365,Q11946883
Q668,P1365,Q85774522
Q668,P1365,Q2056970
Q668,P1365,Q14552167
Q668,P1365,Q914031
Q668,P1365,Q17342164
Q668,P1365,Q5301066
Q668,P1365,Q3963975
Q668,P1365,Q4726842
Q668,P1365,Q4726858
Q668,P1365,Q1553143
Q668,P1365,Q11905286
Q668,P1365,Q104151568
Q668,P1365,Q2869051
Q668,P1365,Q17513838
Q668,P1365,Q2871819
Q668,P1365,Q4837532
Q668,P1365,Q2879034
Q668,P1365,Q520403
Q668,P1365,Q17514653
Q668,P1365,Q104152096
Q668,P1365,Q806019
Q668,P1365,Q13389050
Q668,P1365,Q4857117
Q668,P1365,Q806963
Q668,P1365,Q918500
Q668,P1365,Q807069
Q668,P1365,Q807288
Q668,P1365,Q2884562
Q668,P1365,Q808575
Q668,P1365,Q809652
Q668,P1365,Q809955
Q668,P1365,Q810432
Q668,P1365,Q810557
Q668,P1365,Q894995
Q668,P1365,Q2902467
Q668,P1365,Q1375154
Q668,P1365,Q11909106
Q668,P1365,Q11909259
Q668,P1365,Q642037
Q668,P1365,Q854850
Q668,P1365,Q854917
Q668,P1365,Q855044
Q668,P1365,Q855058
Q668,P1365,Q104152097
Q668,P1365,Q7905915
Q668,P1365,Q859966
Q668,P1365,Q892061
Q668,P1365,Q4997536
Q668,P1365,Q1028095
Q668,P1365,Q3277580
Q668,P1365,Q1060520
Q668,P1365,Q2624304
Q668,P1365,Q11927113
Q668,P1365,Q1071493
Q668,P1365,Q17986421
Q668,P1365,Q2963204
Q668,P1365,Q5105376
Q668,P1365,Q17318475
Q668,P1365,Q509572
Q668,P1365,Q1720882
Q668,P1365,Q2624304
Q668,P1365,Q17513023
Q668,P1365,Q3016348
Q668,P1365,Q11916643
Q668,P1365,Q11916665
Q668,P1365,Q1172600
Q668,P1365,Q11916768
Q668,P1365,Q1207105
Q668,P1365,Q3025690
Q668,P1365,Q1207561
Q668,P1365,Q5269129
Q668,P1365,Q1207641
Q668,P1365,Q657861
Q668,P1365,Q18111824
Q668,P1365,Q11917045
Q668,P1365,Q973433
Q668,P1365,Q1396700
Q668,P1365,Q16838406
Q668,P1365,Q1381495
Q668,P1365,Q11923882
Q668,P1365,Q16839606
Q668,P1365,Q17311418
Q668,P1365,Q1557792
Q668,P1365,Q17297442
Q668,P1365,Q11925661
Q668,P1365,Q1240096
Q668,P1365,Q716890
Q668,P1365,Q16849282
Q668,P1365,Q6124144
Q668,P1365,Q1678784
Q668,P1365,Q1678787
Q668,P1365,Q18126183
Q668,P1365,Q11927151
Q668,P1365,Q1681450
Q668,P1365,Q2571484
Q668,P1365,Q18126222
Q668,P1365,Q6156427
Q668,P1365,Q1683106
Q668,P1365,Q1683780
Q668,P1365,Q11927206
Q668,P1365,Q104151575
Q668,P1365,Q6164350
Q668,P1365,Q933413
Q668,P1365,Q11927430
Q668,P1365,Q65063637
Q668,P1365,Q1688822
Q668,P1365,Q1261339
Q668,P1365,Q11927544
Q668,P1365,Q11927549
Q668,P1365,Q1252744
Q668,P1365,Q6206774
Q668,P1365,Q6207845
Q668,P1365,Q860407
Q668,P1365,Q1535236
Q668,P1365,Q932359
Q668,P1365,Q11929623
Q668,P1365,Q3192661
Q668,P1365,Q12816977
Q668,P1365,Q11929645
Q668,P1365,Q1728782
Q668,P1365,Q6368814
Q668,P1365,Q18126687
Q668,P1365,Q19792051
Q668,P1365,Q3195357
Q668,P1365,Q11929746
Q668,P1365,Q11929762
Q668,P1365,Q18126780
Q668,P1365,Q6401617
Q668,P1365,Q6416549
Q668,P1365,Q150056
Q668,P1365,Q657946
Q668,P1365,Q1784316
Q668,P1365,Q1785349
Q668,P1365,Q104152099
Q668,P1365,Q104152100
Q668,P1365,Q23136942
Q668,P1365,Q104152101
Q668,P1365,Q104152102
Q668,P1365,Q18127026
Q668,P1365,Q18127028
Q668,P1365,Q3200690
Q668,P1365,Q6448442
Q668,P1365,Q11931118
Q668,P1365,Q104152103
Q668,P1365,Q6503547
Q668,P1365,Q21075471
Q668,P1365,Q3241025
Q668,P1365,Q3258086
Q668,P1365,Q18127558
Q668,P1365,Q104152104
Q668,P1365,Q999297
Q668,P1365,Q18127719
Q668,P1365,Q11934705
Q668,P1365,Q17618911
Q668,P1365,Q6747689
Q668,P1365,Q6748050
Q668,P1365,Q889030
Q668,P1365,Q104151601
Q668,P1365,Q18127928
Q668,P1365,Q3315863
Q668,P1365,Q932487
Q668,P1365,Q1951905
Q668,P1365,Q11937172
Q668,P1365,Q104152105
Q668,P1365,Q1951726
Q668,P1365,Q11937876
Q668,P1365,Q104152106
Q668,P1365,Q266923
Q668,P1365,Q929357
Q668,P1365,Q1963593
Q668,P1365,Q1964552
Q668,P1365,Q976913
Q668,P1365,Q19669126
Q668,P1365,Q25565204
Q668,P1365,Q1545942
Q668,P1365,Q10797411
Q668,P1365,Q16932578
Q668,P1365,Q7037080
Q668,P1365,Q668415
Q668,P1365,Q15630982
Q668,P1365,Q18129046
Q668,P1365,Q11939770
Q668,P1365,Q7126114
Q668,P1365,Q7126720
Q668,P1365,Q7127047
Q668,P1365,Q7127625
Q668,P1365,Q11940483
Q668,P1365,Q104152107
Q668,P1365,Q17991935
Q668,P1365,Q104152108
Q668,P1365,Q19605411
Q668,P1365,Q7180358
Q668,P1365,Q7197455
Q668,P1365,Q175934
Q668,P1365,Q3535371
Q668,P1365,Q18164260
Q668,P1365,Q11944481
Q668,P1365,Q932393
Q668,P1365,Q2128542
Q668,P1365,Q2128715
Q668,P1365,Q2128743
Q668,P1365,Q7286362
Q668,P1365,Q918204
Q668,P1365,Q104152109
Q668,P1365,Q28179897
Q668,P1365,Q1776972
Q668,P1365,Q3454186
Q668,P1365,Q11944704
Q668,P1365,Q17399594
Q668,P1365,Q1604981
Q668,P1365,Q176466
Q668,P1365,Q1476723
Q668,P1365,Q1400780
Q668,P1365,Q7403120
Q668,P1365,Q17315177
Q668,P1365,Q1261743
Q668,P1365,Q532048
Q668,P1365,Q2221701
Q668,P1365,Q17198610
Q668,P1365,Q7422962
Q668,P1365,Q1778255
Q668,P1365,Q7423761
Q668,P1365,Q1607154
Q668,P1365,Q18164343
Q668,P1365,Q2276431
Q668,P1365,Q11949691
Q668,P1365,Q1541353
Q668,P1365,Q104152110
Q668,P1365,Q7530545
Q668,P1365,Q2290502
Q668,P1365,Q3488924
Q668,P1365,Q104152111
Q668,P1365,Q1798703
Q668,P1365,Q3503368
Q668,P1365,Q65085646
Q668,P1365,Q17298275
Q668,P1365,Q2368545
Q668,P1365,Q17244162
Q668,P1365,Q18008280
Q668,P1365,Q3530610
Q668,P1365,Q11951827
Q668,P1365,Q7825423
Q668,P1365,Q11952191
Q668,P1365,Q150058
Q668,P1365,Q1620265
Q668,P1365,Q5915498
Q668,P1365,Q17319155
Q668,P1365,Q1457519
Q668,P1365,Q15967006
Q668,P1365,Q101242375
Q668,P1365,Q17267634
Q668,P1365,Q104152343
Q668,P1365,Q104152246
Q668,P1365,Q11954352
Q668,P1365,Q180235
Q668,P1365,Q2548416
Q668,P30,Q48
Q668,P36,Q987
Q668,P237,Q171869
Q668,P138,Q299924
Q668,P138,Q7348
Q668,P5008,Q5460604
Q668,P155,Q129286
Q668,P47,Q837
Q668,P47,Q902
Q668,P47,Q917
Q668,P47,Q836
Q668,P47,Q843
Q668,P47,Q148
Q668,P47,Q252
Q668,P910,Q1411417
Q668,P35,Q16845347
Q668,P35,Q57446
Q668,P35,Q47854
Q668,P35,Q9513
Q668,P35,Q235454
Q668,P35,Q332157
Q668,P35,Q297950
Q668,P35,Q334851
Q668,P35,Q336913
Q668,P35,Q555247
Q668,P35,Q317778
Q668,P35,Q312557
Q668,P35,Q312557
Q668,P35,Q557749
Q668,P35,Q144732
Q668,P35,Q197736
Q668,P35,Q156349
Q668,P1304,Q944085
Q668,P1791,Q7976055
Q668,P6,Q1058
Q668,P6,Q275146
Q668,P6,Q41914
Q668,P6,Q233289
Q668,P6,Q248484
Q668,P6,Q377870
Q668,P6,Q233289
Q668,P6,Q334279
Q668,P6,Q1047
Q668,P6,Q317769
Q668,P6,Q244689
Q668,P6,Q317769
Q668,P6,Q1149
Q668,P6,Q218661
Q668,P6,Q319824
Q668,P6,Q1149
Q668,P6,Q4593
Q668,P6,Q315338
Q668,P463,Q1065
Q668,P463,Q7785
Q668,P463,Q7825
Q668,P463,Q19771
Q668,P463,Q37470
Q668,P463,Q37470
Q668,P463,Q37470
Q668,P463,Q37470
Q668,P463,Q37470
Q668,P463,Q37470
Q668,P463,Q37470
Q668,P463,Q145700
Q668,P463,Q191384
Q668,P463,Q827525
Q668,P463,Q656801
Q668,P463,Q1043527
Q668,P463,Q340195
Q668,P463,Q7886981
Q668,P463,Q188822
Q668,P463,Q795985
Q668,P463,Q1072120
Q668,P463,Q8475
Q668,P463,Q842490
Q668,P463,Q485207
Q668,P463,Q233611
Q668,P463,Q7809
Q668,P463,Q5611262
Q668,P463,Q17495
Q668,P463,Q376150
Q668,P463,Q170424
Q668,P463,Q7817
Q668,P463,Q243630
Q668,P5658,Q13196750
Q668,P1740,Q7140642
Q668,P208,Q2767140
Q668,P421,Q604055
Q668,P1465,Q7482570
Q668,P85,Q83099
Q668,P1906,Q313383
Q668,P361,Q771405
Q668,P361,Q7768
Q668,P361,Q7785
Q668,P361,Q145700
Q668,P361,Q83201
Q668,P78,Q39218
Q668,P78,Q12947849
Q668,P78,Q13417563
Q668,P78,Q15978661
Q668,P78,Q12947844
Q668,P78,Q12947848
Q668,P78,Q12947845
Q668,P78,Q12947846
Q668,P78,Q31362427
Q668,P78,Q12950811
Q668,P78,Q31362424
Q668,P78,Q31362419
Q668,P31,Q6256
Q668,P31,Q3624078
Q668,P31,Q223832
Q668,P31,Q7270
Q668,P610,Q82019
Q668,P1464,Q6465874
Q668,P1622,Q13196750
Q668,P1589,Q1435109
Q668,P37,Q1568
Q668,P37,Q1860
Q668,P150,Q1162
Q668,P150,Q1164
Q668,P150,Q1165
Q668,P150,Q1168
Q668,P150,Q1171
Q668,P150,Q1061
Q668,P150,Q1174
Q668,P150,Q1177
Q668,P150,Q1180
Q668,P150,Q1184
Q668,P150,Q1185
Q668,P150,Q1186
Q668,P150,Q1188
Q668,P150,Q1191
Q668,P150,Q1193
Q668,P150,Q1195
Q668,P150,Q1502
Q668,P150,Q1599
Q668,P150,Q22048
Q668,P150,Q22424
Q668,P150,Q1437
Q668,P150,Q1505
Q668,P150,Q1445
Q668,P150,Q1363
Q668,P150,Q1498
Q668,P150,Q1499
Q668,P150,Q1356
Q668,P150,Q40888
Q668,P150,Q43433
Q668,P150,Q46107
Q668,P150,Q26927
Q668,P150,Q1353
Q668,P150,Q66743
Q668,P150,Q66710
Q668,P150,Q677037
Q668,P150,Q1159
Q668,P150,Q66278313
Q668,P150,Q200667
Q668,P793,Q12444025
Q668,P163,Q41673
Q668,P2936,Q1860
Q668,P2936,Q1860
Q668,P2936,Q1568
Q668,P2936,Q1568
Q668,P2936,Q1617
Q668,P2936,Q36727
Q668,P2936,Q1389492
Q668,P2936,Q22080879
Q668,P2936,Q25559304
Q668,P2936,Q5575236
Q668,P2936,Q1353320
Q668,P2936,Q663586
Q668,P2936,Q669431
Q668,P2936,Q568377
Q668,P2936,Q567905
Q668,P2936,Q784502
Q668,P2936,Q765418
Q668,P2936,Q633359
Q668,P2936,Q765922
Q668,P2936,Q155645
Q668,P2936,Q542564
Q668,P2936,Q771203
Q668,P2936,Q2044560
Q668,P2936,Q1775361
Q668,P2936,Q2331560
Q668,P2936,Q2356364
Q668,P2936,Q3399725
Q668,P2936,Q2356391
Q668,P2936,Q2383208
Q668,P2936,Q1039346
Q668,P2936,Q3442442
Q668,P2936,Q3436816
Q668,P2936,Q3436825
Q668,P2936,Q3436832
Q668,P2936,Q3436784
Q668,P2936,Q2475551
Q668,P2936,Q2475526
Q668,P2936,Q3433680
Q668,P2936,Q2426319
Q668,P2936,Q4873579
Q668,P2936,Q4883496
Q668,P2936,Q3450686
Q668,P2936,Q4901452
Q668,P2936,Q4901729
Q668,P2936,Q4901287
Q668,P2936,Q4904687
Q668,P2936,Q4900565
Q668,P2936,Q3450469
Q668,P2936,Q6933447
Q668,P2936,Q6927748
Q668,P2936,Q5069473
Q668,P2936,Q5061915
Q668,P2936,Q3502294
Q668,P2936,Q5031131
Q668,P2936,Q6987002
Q668,P2936,Q2605943
Q668,P2936,Q6949473
Q668,P2936,Q6873206
Q668,P2936,Q3478238
Q668,P2936,Q2605680
Q668,P2936,Q2670418
Q668,P2936,Q2857892
Q668,P2936,Q5071694
Q668,P2936,Q5088056
Q668,P2936,Q3503454
Q668,P2936,Q2726867
Q668,P2936,Q8761579
Q668,P2936,Q2567942
Q668,P2936,Q6902496
Q668,P2936,Q3501920
Q668,P2936,Q2731717
Q668,P2936,Q3501850
Q668,P2936,Q3507928
Q668,P2936,Q3504321
Q668,P2936,Q5224058
Q668,P2936,Q5224029
Q668,P2936,Q7046410
Q668,P2936,Q7067615
Q668,P2936,Q5105385
Q668,P2936,Q5102016
Q668,P2936,Q5103788
Q668,P2936,Q5104247
Q668,P2936,Q3514220
Q668,P2936,Q5268992
Q668,P2936,Q5269658
Q668,P2936,Q3508092
Q668,P2936,Q7102899
Q668,P2936,Q7136554
Q668,P2936,Q7133207
Q668,P2936,Q2919121
Q668,P2936,Q3518362
Q668,P2936,Q2925988
Q668,P2936,Q5310792
Q668,P2936,Q7292645
Q668,P2936,Q7296830
Q668,P2936,Q2992841
Q668,P2936,Q7295692
Q668,P2936,Q2992857
Q668,P2936,Q7278686
Q668,P2936,Q7292878
Q668,P2936,Q7288392
Q668,P2936,Q3695692
Q668,P2936,Q5385061
Q668,P2936,Q3540922
Q668,P2936,Q7187109
Q668,P2936,Q7155462
Q668,P2936,Q7188289
Q668,P2936,Q3535117
Q668,P2936,Q7259044
Q668,P2936,Q7131211
Q668,P2936,Q7144790
Q668,P2936,Q8845881
Q668,P2936,Q10576453
Q668,P2936,Q7296948
Q668,P2936,Q3515603
Q668,P2936,Q8841054
Q668,P2936,Q7148323
Q668,P2936,Q7128872
Q668,P2936,Q7130962
Q668,P2936,Q10575729
Q668,P2936,Q7127643
Q668,P2936,Q7206342
Q668,P2936,Q8829558
Q668,P2936,Q5516952
Q668,P2936,Q7310982
Q668,P2936,Q7313205
Q668,P2936,Q5657463
Q668,P2936,Q5766763
Q668,P2936,Q7378127
Q668,P2936,Q7365672
Q668,P2936,Q3111396
Q668,P2936,Q7500203
Q668,P2936,Q5880707
Q668,P2936,Q5923435
Q668,P2936,Q7494785
Q668,P2936,Q7524158
Q668,P2936,Q7521268
Q668,P2936,Q6025550
Q668,P2936,Q7530505
Q668,P2936,Q3915429
Q668,P2936,Q5923933
Q668,P2936,Q7599417
Q668,P2936,Q3915562
Q668,P2936,Q6164857
Q668,P2936,Q3915520
Q668,P2936,Q7570194
Q668,P2936,Q7645351
Q668,P2936,Q6345632
Q668,P2936,Q6347757
Q668,P2936,Q6345179
Q668,P2936,Q6314963
Q668,P2936,Q7675798
Q668,P2936,Q6377671
Q668,P2936,Q3250286
Q668,P2936,Q3241731
Q668,P2936,Q3241618
Q668,P2936,Q7708880
Q668,P2936,Q7418144
Q668,P2936,Q11002210
Q668,P2936,Q7424639
Q668,P2936,Q3200721
Q668,P2936,Q7682992
Q668,P2936,Q6350515
Q668,P2936,Q4175893
Q668,P2936,Q11855245
Q668,P2936,Q12635902
Q668,P2936,Q7810466
Q668,P2936,Q6401546
Q668,P2936,Q6400661
Q668,P2936,Q6400562
Q668,P2936,Q6401519
Q668,P2936,Q4754314
Q668,P2936,Q12633440
Q668,P2936,Q4697175
Q668,P2936,Q6363201
Q668,P2936,Q6360672
Q668,P2936,Q6430448
Q668,P2936,Q12952442
Q668,P2936,Q12952647
Q668,P2936,Q6426342
Q668,P2936,Q12952667
Q668,P2936,Q6425038
Q668,P2936,Q6433240
Q668,P2936,Q3286037
Q668,P2936,Q7854914
Q668,P2936,Q6432786
Q668,P2936,Q7856514
Q668,P2936,Q6444383
Q668,P2936,Q7856987
Q668,P2936,Q6443304
Q668,P2936,Q6443148
Q668,P2936,Q12952679
Q668,P2936,Q6446193
Q668,P2936,Q12952908
Q668,P2936,Q6445354
Q668,P2936,Q12952895
Q668,P2936,Q6446173
Q668,P2936,Q12953672
Q668,P2936,Q12953610
Q668,P2936,Q12952942
Q668,P2936,Q7899602
Q668,P2936,Q3316328
Q668,P2936,Q3309366
Q668,P2936,Q6740482
Q668,P2936,Q6737795
Q668,P2936,Q14916908
Q668,P2936,Q6740693
Q668,P2936,Q3327420
Q668,P2936,Q7907798
Q668,P2936,Q7915983
Q668,P2936,Q3327828
Q668,P2936,Q6747931
Q668,P2936,Q3393634
Q668,P2936,Q7967085
Q668,P2936,Q3347070
Q668,P2936,Q3335553
Q668,P2936,Q14916887
Q668,P2936,Q6708569
Q668,P2936,Q3350576
Q668,P2936,Q7975850
Q668,P2936,Q6733387
Q668,P2936,Q6733460
Q668,P2936,Q14916877
Q668,P2936,Q6583541
Q668,P2936,Q6583558
Q668,P2936,Q24952038
Q668,P2936,Q6558822
Q668,P2936,Q6583560
Q668,P2936,Q7959490
Q668,P2936,Q35156
Q668,P2936,Q60785085
Q668,P2936,Q56431
Q668,P2936,Q56440
Q668,P2936,Q56412
Q668,P2936,Q56478
Q668,P2936,Q56477
Q668,P2936,Q13600429
Q668,P2936,Q12952703
Q668,P2936,Q12952775
Q668,P2936,Q13548133
Q668,P2936,Q12952676
Q668,P2936,Q6666374
Q668,P2936,Q56399
Q668,P2936,Q56400
Q668,P2936,Q12952773
Q668,P2936,Q12952322
Q668,P2936,Q12953532
Q668,P2936,Q56408
Q668,P2936,Q6583595
Q668,P2936,Q12952337
Q668,P2936,Q12976968
Q668,P2936,Q35285
Q668,P2936,Q1571
Q668,P2936,Q16878146
Q668,P2936,Q16889525
Q668,P2936,Q35243
Q668,P2936,Q16835180
Q668,P2936,Q56500
Q668,P2936,Q16841033
Q668,P2936,Q56487
Q668,P2936,Q16886762
Q668,P2936,Q56551
Q668,P2936,Q56589
Q668,P2936,Q56553
Q668,P2936,Q5137
Q668,P2936,Q56591
Q668,P2936,Q47683644
Q668,P2936,Q35361
Q668,P2936,Q56664
Q668,P2936,Q56666
Q668,P2936,Q19573111
Q668,P2936,Q56870
Q668,P2936,Q56904
Q668,P2936,Q5885
Q668,P2936,Q5646
Q668,P2936,Q57004
Q668,P2936,Q35990
Q668,P2936,Q35947
Q668,P2936,Q35679
Q668,P2936,Q35833
Q668,P2936,Q36109
Q668,P2936,Q8097
Q668,P2936,Q56758
Q668,P2936,Q56767
Q668,P2936,Q21282543
Q668,P2936,Q56765
Q668,P2936,Q56753
Q668,P2936,Q56760
Q668,P2936,Q36236
Q668,P2936,Q21481817
Q668,P2936,Q56761
Q668,P2936,Q36137
Q668,P2936,Q36147
Q668,P2936,Q36162
Q668,P2936,Q36709
Q668,P2936,Q36612
Q668,P2936,Q9610
Q668,P2936,Q13196
Q668,P2936,Q56235
Q668,P2936,Q11059
Q668,P2936,Q37059
Q668,P2936,Q37054
Q668,P2936,Q37011
Q668,P2936,Q56374
Q668,P2936,Q13284
Q668,P2936,Q56357
Q668,P2936,Q56321
Q668,P2936,Q56378
Q668,P2936,Q56348
Q668,P2936,Q56350
Q668,P2936,Q13299
Q668,P2936,Q56332
Q668,P2936,Q13292
Q668,P2936,Q56368
Q668,P2936,Q56312
Q668,P2936,Q56306
Q668,P2936,Q56308
Q668,P2936,Q36840
Q668,P2936,Q150
Q668,P2936,Q32656
Q668,P2936,Q28466
Q668,P2936,Q28378
Q668,P2936,Q28433
Q668,P2936,Q32730
Q668,P2936,Q27602
Q668,P2936,Q33081
Q668,P2936,Q29401
Q668,P2936,Q33268
Q668,P2936,Q33086
Q668,P2936,Q32952
Q668,P2936,Q32981
Q668,P2936,Q33223
Q668,P2936,Q33205
Q668,P2936,Q33229
Q668,P2936,Q33270
Q668,P2936,Q33158
Q668,P2936,Q33227
Q668,P2936,Q33363
Q668,P2936,Q33531
Q668,P2936,Q33362
Q668,P2936,Q33410
Q668,P2936,Q29579
Q668,P2936,Q33459
Q668,P2936,Q33361
Q668,P2936,Q33529
Q668,P2936,Q33413
Q668,P2936,Q33474
Q668,P2936,Q33590
Q668,P2936,Q33673
Q668,P2936,Q33479
Q668,P2936,Q33483
Q668,P2936,Q33584
Q668,P2936,Q33471
Q668,P2936,Q33492
Q668,P2936,Q33552
Q668,P2936,Q33979
Q668,P2936,Q33904
Q668,P2936,Q33906
Q668,P2936,Q33902
Q668,P2936,Q33907
Q668,P2936,Q33810
Q668,P2936,Q33868
Q668,P2936,Q33919
Q668,P2936,Q33728
Q668,P2936,Q34239
Q668,P2936,Q34042
Q668,P2936,Q33997
Q668,P2936,Q33965
Q668,P2936,Q33726
Q668,P2936,Q33715
Q668,P2936,Q34271
Q668,P2936,Q34251
Q668,P2936,Q34778
Q668,P2936,Q3130374
Q668,P2936,Q5583349
Q668,P2936,Q6845470
Q668,P2936,Q8841766
Q668,P2936,Q8840773
Q668,P2936,Q11732445
Q668,P2936,Q12629755
Q668,P2936,Q12629039
Q668,P2936,Q12633505
Q668,P2936,Q12640277
Q668,P2936,Q12952886
Q668,P2936,Q12952656
Q668,P2936,Q12952805
Q668,P2936,Q12952655
Q668,P2936,Q12952433
Q668,P2936,Q12952883
Q668,P2936,Q12952626
Q668,P2936,Q12952905
Q668,P2936,Q12953534
Q668,P2936,Q12952967
Q668,P2936,Q12953513
Q668,P2936,Q12953230
Q668,P2936,Q12953522
Q668,P2936,Q12953397
Q668,P2936,Q12952906
Q668,P2936,Q12952910
Q668,P2936,Q12952912
Q668,P2936,Q12953424
Q668,P2936,Q12953063
Q668,P2936,Q3306265
Q668,P2936,Q12953686
Q668,P2936,Q12953671
Q668,P2936,Q12953645
Q668,P2936,Q12953791
Q668,P2936,Q12953774
Q668,P2936,Q15615982
Q668,P2936,Q15549890
Q668,P2936,Q15622700
Q668,P2936,Q14240916
Q668,P2936,Q12953920
Q668,P2936,Q14194500
Q668,P2936,Q12953854
Q668,P2936,Q17455500
Q668,P2936,Q22083804
Q668,P2936,Q22077739
Q668,P2936,Q21491053
Q668,P2936,Q21403317
Q668,P2936,Q21403256
Q668,P2936,Q22083815
Q668,P2936,Q22074616
Q668,P2936,Q21946879
Q668,P2936,Q21041529
Q668,P2936,Q21179986
Q668,P2936,Q21481876
Q668,P2936,Q20983638
Q668,P2936,Q21179921
Q668,P2936,Q22083822
Q668,P2936,Q21154926
Q668,P2936,Q31204114
Q668,P2936,Q36264959
Q668,P2936,Q42589412
Q668,P2936,Q46698638
Q668,P2936,Q62997793
Q668,P2936,Q56329630
Q668,P2936,Q63313752
Q668,P2936,Q63339998
Q668,P2936,Q63257089
Q668,P2936,Q36586
Q668,P1343,Q602358
Q668,P1343,Q19180675
Q668,P1343,Q4114391
Q668,P1343,Q19180675
Q668,P1343,Q4173137
Q668,P1343,Q4086271
Q668,P1343,Q4532138
Q668,P6104,Q11037573
Q668,P1344,Q795464
Q668,P1344,Q838116
Q668,P1344,Q2720495
Q668,P2596,Q323466
Q668,P7867,Q8607390
Q668,P8402,Q16196790
Q668,P8744,Q233623
Q252,P1344,Q4654163
Q252,P1151,Q10986755
Q252,P1546,Q145327
Q252,P5125,Q7112296
Q252,P38,Q41588
Q252,P1792,Q7030718
Q252,P2852,Q1061257
Q252,P2853,Q1378312
Q252,P2853,Q1123613
Q252,P172,Q142702
Q252,P172,Q49209
Q252,P172,Q682079
Q252,P172,Q810714
Q252,P172,Q1258905
Q252,P172,Q2900057
Q252,P172,Q1130350
Q252,P172,Q1002570
Q252,P172,Q2607748
Q252,P172,Q2350149
Q252,P172,Q1266626
Q252,P172,Q340520
Q252,P172,Q847603
Q252,P172,Q1560742
Q252,P172,Q6501380
Q252,P2633,Q1977576
Q252,P1313,Q11755916
Q252,P17,Q252
Q252,P2959,Q27115629
Q252,P2959,Q41218166
Q252,P1552,Q47185145
Q252,P530,Q16
Q252,P530,Q38
Q252,P530,Q155
Q252,P530,Q183
Q252,P530,Q408
Q252,P530,Q159
Q252,P530,Q30
Q252,P530,Q833
Q252,P530,Q851
Q252,P530,Q928
Q252,P530,Q159583
Q252,P530,Q1028
Q252,P530,Q1019
Q252,P530,Q1033
Q252,P530,Q114
Q252,P530,Q219060
Q252,P530,Q145
Q252,P530,Q212
Q252,P530,Q424
Q252,P530,Q219
Q252,P530,Q739
Q252,P530,Q35
Q252,P530,Q142
Q252,P530,Q574
Q252,P530,Q79
Q252,P530,Q836
Q252,P530,Q921
Q252,P530,Q414
Q252,P530,Q298
Q252,P530,Q40
Q252,P530,Q241
Q252,P530,Q262
Q252,P530,Q225
Q252,P530,Q31
Q252,P530,Q258
Q252,P530,Q29
Q252,P530,Q334
Q252,P530,Q34
Q252,P530,Q36
Q252,P530,Q39
Q252,P530,Q419
Q252,P530,Q43
Q252,P530,Q45
Q252,P530,Q458
Q252,P530,Q55
Q252,P530,Q664
Q252,P530,Q691
Q252,P530,Q717
Q252,P530,Q730
Q252,P530,Q796
Q252,P530,Q805
Q252,P530,Q819
Q252,P530,Q837
Q252,P530,Q843
Q252,P530,Q854
Q252,P530,Q865
Q252,P530,Q869
Q252,P530,Q878
Q252,P530,Q881
Q252,P530,Q924
Q252,P530,Q96
Q252,P530,Q884
Q252,P530,Q403
Q252,P530,Q423
Q252,P530,Q17
Q252,P530,Q794
Q252,P530,Q148
Q252,P530,Q668
Q252,P530,Q902
Q252,P530,Q712
Q252,P530,Q41
Q252,P530,Q230
Q252,P530,Q28
Q252,P194,Q818711
Q252,P2184,Q331596
Q252,P37,Q9240
Q252,P1365,Q188161
Q252,P1365,Q523435
Q252,P1365,Q892292
Q252,P1365,Q11950939
Q252,P1365,Q15788609
Q252,P1365,Q3403538
Q252,P1365,Q2988765
Q252,P1365,Q19746028
Q252,P30,Q48
Q252,P36,Q3630
Q252,P36,Q7568
Q252,P36,Q7248
Q252,P36,Q3630
Q252,P237,Q142845
Q252,P5008,Q5460604
Q252,P47,Q574
Q252,P47,Q833
Q252,P47,Q691
Q252,P47,Q334
Q252,P47,Q928
Q252,P47,Q408
Q252,P47,Q869
Q252,P47,Q668
Q252,P47,Q695
Q252,P47,Q881
Q252,P910,Q1455625
Q252,P6,Q3318231
Q252,P35,Q76127
Q252,P35,Q44819
Q252,P35,Q76156
Q252,P35,Q76167
Q252,P35,Q76179
Q252,P35,Q57405
Q252,P35,Q3318231
Q252,P1791,Q8328620
Q252,P463,Q7768
Q252,P463,Q7825
Q252,P463,Q19771
Q252,P463,Q170481
Q252,P463,Q1065
Q252,P463,Q47543
Q252,P463,Q1065
Q252,P463,Q191384
Q252,P463,Q827525
Q252,P463,Q656801
Q252,P463,Q1043527
Q252,P463,Q899770
Q252,P463,Q384535
Q252,P463,Q7886981
Q252,P463,Q188822
Q252,P463,Q8475
Q252,P463,Q842490
Q252,P463,Q233611
Q252,P463,Q7809
Q252,P463,Q5611262
Q252,P463,Q17495
Q252,P463,Q376150
Q252,P463,Q7795
Q252,P463,Q7795
Q252,P463,Q162656
Q252,P463,Q170424
Q252,P463,Q7817
Q252,P5658,Q14565199
Q252,P1740,Q6839377
Q252,P208,Q20716634
Q252,P1830,Q145151
Q252,P1830,Q283970
Q252,P1830,Q512468
Q252,P1830,Q749497
Q252,P1830,Q1332829
Q252,P1830,Q12486833
Q252,P1830,Q19752395
Q252,P1830,Q27154899
Q252,P1830,Q51910893
Q252,P1465,Q7482642
Q252,P85,Q142260
Q252,P1906,Q11755916
Q252,P78,Q41102
Q252,P31,Q3624078
Q252,P31,Q13107770
Q252,P31,Q1520223
Q252,P31,Q112099
Q252,P31,Q49892
Q252,P31,Q6256
Q252,P610,Q1045888
Q252,P1464,Q7463301
Q252,P1622,Q13196750
Q252,P1589,Q1239
Q252,P421,Q7458035
Q252,P421,Q7458046
Q252,P421,Q7458046
Q252,P150,Q3125978
Q252,P150,Q1866
Q252,P150,Q3540
Q252,P150,Q1890
Q252,P150,Q3724
Q252,P150,Q3557
Q252,P150,Q3586
Q252,P150,Q2223
Q252,P150,Q2051
Q252,P150,Q3891
Q252,P150,Q3906
Q252,P150,Q3916
Q252,P150,Q3899
Q252,P150,Q2110
Q252,P150,Q5062
Q252,P150,Q5061
Q252,P150,Q5067
Q252,P150,Q5093
Q252,P150,Q5094
Q252,P150,Q5095
Q252,P150,Q5096
Q252,P150,Q5065
Q252,P150,Q5082
Q252,P150,Q5078
Q252,P150,Q5068
Q252,P150,Q5075
Q252,P150,Q2271
Q252,P150,Q2772
Q252,P150,Q2140
Q252,P150,Q1823
Q252,P150,Q3741
Q252,P150,Q3630
Q252,P150,Q3903
Q252,P150,Q2175
Q252,P163,Q101472
Q252,P6104,Q8407948
Q252,P1304,Q1906161
Q252,P122,Q7270
Q252,P2936,Q3915769
Q252,P2936,Q615660
Q252,P2936,Q3503403
Q252,P2936,Q11732321
Q252,P2936,Q12473446
Q252,P2936,Q3258818
Q252,P2936,Q9240
Q252,P2936,Q33070
Q252,P2936,Q33549
Q252,P2936,Q2880038
Q252,P2936,Q13593518
Q252,P2936,Q6488691
Q252,P2936,Q11207813
Q252,P2936,Q2190327
Q252,P2936,Q12643315
Q252,P2936,Q16113158
Q252,P2936,Q12473343
Q252,P2936,Q7852006
Q252,P2936,Q24442801
Q252,P2936,Q12953035
Q252,P2936,Q6008394
Q252,P2936,Q4869253
Q252,P2936,Q6935584
Q252,P2936,Q8828608
Q252,P2936,Q677064
Q252,P2936,Q1294047
Q252,P2936,Q1875885
Q252,P2936,Q653415
Q252,P2936,Q642581
Q252,P2936,Q578815
Q252,P2936,Q615071
Q252,P2936,Q1185114
Q252,P2936,Q2328761
Q252,P2936,Q2319877
Q252,P2936,Q2053828
Q252,P2936,Q2291492
Q252,P2936,Q2262353
Q252,P2936,Q378743
Q252,P2936,Q2071325
Q252,P2936,Q1142333
Q252,P2936,Q727694
Q252,P2936,Q1961488
Q252,P2936,Q301116
Q252,P2936,Q940486
Q252,P2936,Q1516651
Q252,P2936,Q1068112
Q252,P2936,Q2356440
Q252,P2936,Q2370136
Q252,P2936,Q2381310
Q252,P2936,Q2122792
Q252,P2936,Q6751253
Q252,P2936,Q4853321
Q252,P2936,Q4850053
Q252,P2936,Q4849796
Q252,P2936,Q4842178
Q252,P2936,Q2479725
Q252,P2936,Q2407831
Q252,P2936,Q3417555
Q252,P2936,Q3436645
Q252,P2936,Q3419746
Q252,P2936,Q2196866
Q252,P2936,Q3436626
Q252,P2936,Q2410352
Q252,P2936,Q3420026
Q252,P2936,Q4879330
Q252,P2936,Q6783273
Q252,P2936,Q4890644
Q252,P2936,Q4887742
Q252,P2936,Q6783305
Q252,P2936,Q6786187
Q252,P2936,Q6794395
Q252,P2936,Q4897329
Q252,P2936,Q4915439
Q252,P2936,Q3450578
Q252,P2936,Q4914533
Q252,P2936,Q6799663
Q252,P2936,Q2501174
Q252,P2936,Q3446684
Q252,P2936,Q3450459
Q252,P2936,Q3447258
Q252,P2936,Q3447279
Q252,P2936,Q3446774
Q252,P2936,Q3446788
Q252,P2936,Q6936018
Q252,P2936,Q6765544
Q252,P2936,Q6888037
Q252,P2936,Q3441672
Q252,P2936,Q6755069
Q252,P2936,Q6817854
Q252,P2936,Q6885683
Q252,P2936,Q6897297
Q252,P2936,Q3441692
Q252,P2936,Q6817777
Q252,P2936,Q3441962
Q252,P2936,Q4827334
Q252,P2936,Q6763970
Q252,P2936,Q4830892
Q252,P2936,Q6897079
Q252,P2936,Q4840520
Q252,P2936,Q6864697
Q252,P2936,Q6895579
Q252,P2936,Q3441683
Q252,P2936,Q6897018
Q252,P2936,Q6897518
Q252,P2936,Q2822110
Q252,P2936,Q2806128
Q252,P2936,Q2784033
Q252,P2936,Q5027893
Q252,P2936,Q6983833
Q252,P2936,Q2796873
Q252,P2936,Q3502039
Q252,P2936,Q3474649
Q252,P2936,Q3474891
Q252,P2936,Q6960073
Q252,P2936,Q6958211
Q252,P2936,Q4923846
Q252,P2936,Q3482903
Q252,P2936,Q2640686
Q252,P2936,Q4935896
Q252,P2936,Q4931255
Q252,P2936,Q4931258
Q252,P2936,Q4925378
Q252,P2936,Q2719893
Q252,P2936,Q5002001
Q252,P2936,Q2701322
Q252,P2936,Q4941733
Q252,P2936,Q4986814
Q252,P2936,Q2669214
Q252,P2936,Q4941729
Q252,P2936,Q5001255
Q252,P2936,Q4985158
Q252,P2936,Q2697010
Q252,P2936,Q5001031
Q252,P2936,Q4941860
Q252,P2936,Q3504147
Q252,P2936,Q3503856
Q252,P2936,Q3502610
Q252,P2936,Q3502895
Q252,P2936,Q3502575
Q252,P2936,Q3504208
Q252,P2936,Q6960839
Q252,P2936,Q3501892
Q252,P2936,Q3502030
Q252,P2936,Q6966574
Q252,P2936,Q6909020
Q252,P2936,Q6899857
Q252,P2936,Q5001028
Q252,P2936,Q6983791
Q252,P2936,Q8074520
Q252,P2936,Q2669164
Q252,P2936,Q5000984
Q252,P2936,Q8828787
Q252,P2936,Q6913275
Q252,P2936,Q3507964
Q252,P2936,Q5209962
Q252,P2936,Q5207451
Q252,P2936,Q5212928
Q252,P2936,Q3504358
Q252,P2936,Q2866218
Q252,P2936,Q7070332
Q252,P2936,Q5209056
Q252,P2936,Q7054041
Q252,P2936,Q7056136
Q252,P2936,Q2891042
Q252,P2936,Q2900881
Q252,P2936,Q3508760
Q252,P2936,Q3514892
Q252,P2936,Q5253046
Q252,P2936,Q5278044
Q252,P2936,Q2891045
Q252,P2936,Q5261289
Q252,P2936,Q3512690
Q252,P2936,Q5242304
Q252,P2936,Q2891049
Q252,P2936,Q7103494
Q252,P2936,Q5256954
Q252,P2936,Q7124462
Q252,P2936,Q3514498
Q252,P2936,Q3513326
Q252,P2936,Q3513320
Q252,P2936,Q3514927
Q252,P2936,Q5254989
Q252,P2936,Q7105295
Q252,P2936,Q2891054
Q252,P2936,Q3513300
Q252,P2936,Q3513309
Q252,P2936,Q7093910
Q252,P2936,Q5221513
Q252,P2936,Q2879298
Q252,P2936,Q7082487
Q252,P2936,Q2883521
Q252,P2936,Q3528199
Q252,P2936,Q5286559
Q252,P2936,Q3531199
Q252,P2936,Q3518492
Q252,P2936,Q7133239
Q252,P2936,Q7132508
Q252,P2936,Q2928278
Q252,P2936,Q5283765
Q252,P2936,Q2927952
Q252,P2936,Q5302331
Q252,P2936,Q5295571
Q252,P2936,Q2927799
Q252,P2936,Q3531660
Q252,P2936,Q3531514
Q252,P2936,Q3519302
Q252,P2936,Q7131391
Q252,P2936,Q2928207
Q252,P2936,Q2981948
Q252,P2936,Q5316948
Q252,P2936,Q5316627
Q252,P2936,Q5328200
Q252,P2936,Q2992872
Q252,P2936,Q3572020
Q252,P2936,Q2992833
Q252,P2936,Q7286370
Q252,P2936,Q5374265
Q252,P2936,Q5370369
Q252,P2936,Q5395296
Q252,P2936,Q5369424
Q252,P2936,Q7290041
Q252,P2936,Q2928650
Q252,P2936,Q7162371
Q252,P2936,Q2932604
Q252,P2936,Q3542117
Q252,P2936,Q3531666
Q252,P2936,Q3531659
Q252,P2936,Q7259896
Q252,P2936,Q7259894
Q252,P2936,Q3566780
Q252,P2936,Q5350305
Q252,P2936,Q5349839
Q252,P2936,Q3566463
Q252,P2936,Q7232597
Q252,P2936,Q3566166
Q252,P2936,Q7227956
Q252,P2936,Q7259895
Q252,P2936,Q7260800
Q252,P2936,Q8843362
Q252,P2936,Q7130204
Q252,P2936,Q7155331
Q252,P2936,Q7227178
Q252,P2936,Q10990152
Q252,P2936,Q7036821
Q252,P2936,Q7130113
Q252,P2936,Q7206699
Q252,P2936,Q7075258
Q252,P2936,Q7144242
Q252,P2936,Q10950308
Q252,P2936,Q10994953
Q252,P2936,Q7399757
Q252,P2936,Q7404262
Q252,P2936,Q7408865
Q252,P2936,Q7403694
Q252,P2936,Q3058458
Q252,P2936,Q5520226
Q252,P2936,Q3056339
Q252,P2936,Q3058192
Q252,P2936,Q5553579
Q252,P2936,Q3832977
Q252,P2936,Q3033781
Q252,P2936,Q5439113
Q252,P2936,Q7311570
Q252,P2936,Q3040468
Q252,P2936,Q3033575
Q252,P2936,Q3033597
Q252,P2936,Q3038645
Q252,P2936,Q3033560
Q252,P2936,Q5468035
Q252,P2936,Q5463819
Q252,P2936,Q3121081
Q252,P2936,Q5675762
Q252,P2936,Q11173588
Q252,P2936,Q3121035
Q252,P2936,Q5872700
Q252,P2936,Q3053279
Q252,P2936,Q3041711
Q252,P2936,Q7366335
Q252,P2936,Q7446180
Q252,P2936,Q7445362
Q252,P2936,Q5639933
Q252,P2936,Q7446237
Q252,P2936,Q7446989
Q252,P2936,Q3100032
Q252,P2936,Q11732297
Q252,P2936,Q7455503
Q252,P2936,Q5912372
Q252,P2936,Q11732341
Q252,P2936,Q11288953
Q252,P2936,Q5917269
Q252,P2936,Q11732340
Q252,P2936,Q7448845
Q252,P2936,Q7449012
Q252,P2936,Q7449148
Q252,P2936,Q7454834
Q252,P2936,Q7428639
Q252,P2936,Q7448844
Q252,P2936,Q3120345
Q252,P2936,Q5580728
Q252,P2936,Q3095108
Q252,P2936,Q3094570
Q252,P2936,Q3073458
Q252,P2936,Q5607612
Q252,P2936,Q3915418
Q252,P2936,Q6094713
Q252,P2936,Q6101006
Q252,P2936,Q3142988
Q252,P2936,Q11732388
Q252,P2936,Q6069398
Q252,P2936,Q3915414
Q252,P2936,Q7513600
Q252,P2936,Q5946223
Q252,P2936,Q5994495
Q252,P2936,Q3124354
Q252,P2936,Q3915200
Q252,P2936,Q11732528
Q252,P2936,Q7630429
Q252,P2936,Q7571845
Q252,P2936,Q3182585
Q252,P2936,Q7572120
Q252,P2936,Q3915667
Q252,P2936,Q3915770
Q252,P2936,Q7650588
Q252,P2936,Q6347611
Q252,P2936,Q6347565
Q252,P2936,Q6344482
Q252,P2936,Q6346151
Q252,P2936,Q3915477
Q252,P2936,Q11732514
Q252,P2936,Q11732516
Q252,P2936,Q7567815
Q252,P2936,Q11732526
Q252,P2936,Q3198209
Q252,P2936,Q3195346
Q252,P2936,Q7675300
Q252,P2936,Q3197441
Q252,P2936,Q7676018
Q252,P2936,Q3195442
Q252,P2936,Q4477735
Q252,P2936,Q7694618
Q252,P2936,Q3236912
Q252,P2936,Q6370196
Q252,P2936,Q7695666
Q252,P2936,Q6368621
Q252,P2936,Q7702572
Q252,P2936,Q6367294
Q252,P2936,Q3241781
Q252,P2936,Q4414831
Q252,P2936,Q3217929
Q252,P2936,Q7694851
Q252,P2936,Q4409155
Q252,P2936,Q4461493
Q252,P2936,Q11732468
Q252,P2936,Q11732457
Q252,P2936,Q7336938
Q252,P2936,Q12473435
Q252,P2936,Q12473380
Q252,P2936,Q7427547
Q252,P2936,Q11732459
Q252,P2936,Q7424700
Q252,P2936,Q7680293
Q252,P2936,Q6350038
Q252,P2936,Q7680671
Q252,P2936,Q6348011
Q252,P2936,Q7682454
Q252,P2936,Q7680531
Q252,P2936,Q6348709
Q252,P2936,Q4207444
Q252,P2936,Q3200326
Q252,P2936,Q7678964
Q252,P2936,Q6348319
Q252,P2936,Q7676870
Q252,P2936,Q4203802
Q252,P2936,Q7682993
Q252,P2936,Q7689337
Q252,P2936,Q3200540
Q252,P2936,Q6350643
Q252,P2936,Q7692059
Q252,P2936,Q7322169
Q252,P2936,Q7447136
Q252,P2936,Q7447500
Q252,P2936,Q7322443
Q252,P2936,Q7317113
Q252,P2936,Q7690709
Q252,P2936,Q12473347
Q252,P2936,Q11732670
Q252,P2936,Q12473346
Q252,P2936,Q7334886
Q252,P2936,Q12473466
Q252,P2936,Q7673105
Q252,P2936,Q12473464
Q252,P2936,Q7420921
Q252,P2936,Q7801784
Q252,P2936,Q3027928
Q252,P2936,Q7447520
Q252,P2936,Q6382520
Q252,P2936,Q6387179
Q252,P2936,Q6383641
Q252,P2936,Q6389309
Q252,P2936,Q6385445
Q252,P2936,Q7818911
Q252,P2936,Q6386414
Q252,P2936,Q6380394
Q252,P2936,Q6378867
Q252,P2936,Q3264685
Q252,P2936,Q6388963
Q252,P2936,Q7824977
Q252,P2936,Q12635137
Q252,P2936,Q6393217
Q252,P2936,Q6378983
Q252,P2936,Q6380723
Q252,P2936,Q6386874
Q252,P2936,Q7811556
Q252,P2936,Q7818197
Q252,P2936,Q7842270
Q252,P2936,Q7829606
Q252,P2936,Q7828387
Q252,P2936,Q4750964
Q252,P2936,Q3273750
Q252,P2936,Q6410160
Q252,P2936,Q4740192
Q252,P2936,Q6424249
Q252,P2936,Q4748035
Q252,P2936,Q4748974
Q252,P2936,Q4754487
Q252,P2936,Q7849438
Q252,P2936,Q4544752
Q252,P2936,Q4577633
Q252,P2936,Q4684505
Q252,P2936,Q4684353
Q252,P2936,Q6359001
Q252,P2936,Q4259152
Q252,P2936,Q4308074
Q252,P2936,Q4261493
Q252,P2936,Q12473479
Q252,P2936,Q4314526
Q252,P2936,Q12473476
Q252,P2936,Q6356040
Q252,P2936,Q4300950
Q252,P2936,Q12473470
Q252,P2936,Q6356317
Q252,P2936,Q12473488
Q252,P2936,Q6428241
Q252,P2936,Q12952505
Q252,P2936,Q6426734
Q252,P2936,Q6425665
Q252,P2936,Q6425997
Q252,P2936,Q12952388
Q252,P2936,Q6415159
Q252,P2936,Q6428671
Q252,P2936,Q6426967
Q252,P2936,Q12952504
Q252,P2936,Q6432598
Q252,P2936,Q6431129
Q252,P2936,Q6443722
Q252,P2936,Q6437086
Q252,P2936,Q6442230
Q252,P2936,Q3287127
Q252,P2936,Q12952678
Q252,P2936,Q4778608
Q252,P2936,Q4782333
Q252,P2936,Q6432995
Q252,P2936,Q6432994
Q252,P2936,Q3287224
Q252,P2936,Q4784070
Q252,P2936,Q4783889
Q252,P2936,Q6435028
Q252,P2936,Q6441341
Q252,P2936,Q6432769
Q252,P2936,Q6442714
Q252,P2936,Q3285748
Q252,P2936,Q12953679
Q252,P2936,Q7881036
Q252,P2936,Q12953604
Q252,P2936,Q12952956
Q252,P2936,Q12953627
Q252,P2936,Q7881227
Q252,P2936,Q6450325
Q252,P2936,Q7901389
Q252,P2936,Q6450328
Q252,P2936,Q6473107
Q252,P2936,Q6450460
Q252,P2936,Q6474218
Q252,P2936,Q6450354
Q252,P2936,Q3321131
Q252,P2936,Q6745452
Q252,P2936,Q15613270
Q252,P2936,Q3367751
Q252,P2936,Q6739816
Q252,P2936,Q6497181
Q252,P2936,Q6535860
Q252,P2936,Q3327139
Q252,P2936,Q3327367
Q252,P2936,Q3324069
Q252,P2936,Q3324070
Q252,P2936,Q3327384
Q252,P2936,Q6480982
Q252,P2936,Q6480787
Q252,P2936,Q6480777
Q252,P2936,Q3322119
Q252,P2936,Q6522465
Q252,P2936,Q7937210
Q252,P2936,Q6492774
Q252,P2936,Q6498258
Q252,P2936,Q7929052
Q252,P2936,Q6749097
Q252,P2936,Q6747979
Q252,P2936,Q8034514
Q252,P2936,Q8049590
Q252,P2936,Q8047298
Q252,P2936,Q8048083
Q252,P2936,Q8048030
Q252,P2936,Q8046778
Q252,P2936,Q6748412
Q252,P2936,Q6749799
Q252,P2936,Q8029704
Q252,P2936,Q6746004
Q252,P2936,Q8049134
Q252,P2936,Q35101
Q252,P2936,Q8053020
Q252,P2936,Q3398276
Q252,P2936,Q8052565
Q252,P2936,Q6699890
Q252,P2936,Q6678781
Q252,P2936,Q7961258
Q252,P2936,Q7966922
Q252,P2936,Q13580912
Q252,P2936,Q6689636
Q252,P2936,Q6668867
Q252,P2936,Q6668883
Q252,P2936,Q7960881
Q252,P2936,Q6695015
Q252,P2936,Q7975070
Q252,P2936,Q7987774
Q252,P2936,Q14466283
Q252,P2936,Q7969851
Q252,P2936,Q14916897
Q252,P2936,Q14916906
Q252,P2936,Q6736761
Q252,P2936,Q7969314
Q252,P2936,Q7983599
Q252,P2936,Q7982165
Q252,P2936,Q8029096
Q252,P2936,Q6737226
Q252,P2936,Q3360370
Q252,P2936,Q8029092
Q252,P2936,Q7969453
Q252,P2936,Q6558753
Q252,P2936,Q7958701
Q252,P2936,Q6537465
Q252,P2936,Q7959375
Q252,P2936,Q7959937
Q252,P2936,Q7960241
Q252,P2936,Q6558534
Q252,P2936,Q7959737
Q252,P2936,Q3332062
Q252,P2936,Q6583582
Q252,P2936,Q6539924
Q252,P2936,Q25714758
Q252,P2936,Q56443
Q252,P2936,Q56459
Q252,P2936,Q12953867
Q252,P2936,Q12953520
Q252,P2936,Q12953902
Q252,P2936,Q13561407
Q252,P2936,Q8050346
Q252,P2936,Q14916905
Q252,P2936,Q12952756
Q252,P2936,Q14916885
Q252,P2936,Q8051326
Q252,P2936,Q8052020
Q252,P2936,Q13479839
Q252,P2936,Q12952247
Q252,P2936,Q16910923
Q252,P2936,Q16886849
Q252,P2936,Q16839143
Q252,P2936,Q35322
Q252,P2936,Q56657
Q252,P2936,Q56648
Q252,P2936,Q35432
Q252,P2936,Q56900
Q252,P2936,Q56881
Q252,P2936,Q56867
Q252,P2936,Q35549
Q252,P2936,Q56825
Q252,P2936,Q56817
Q252,P2936,Q56995
Q252,P2936,Q35995
Q252,P2936,Q20526532
Q252,P2936,Q56746
Q252,P2936,Q56738
Q252,P2936,Q35284
Q252,P2936,Q35877
Q252,P2936,Q36213
Q252,P2936,Q9192
Q252,P2936,Q36673
Q252,P2936,Q49224
Q252,P2936,Q56376
Q252,P2936,Q56364
Q252,P2936,Q56379
Q252,P2936,Q56360
Q252,P2936,Q23855
Q252,P2936,Q13324
Q252,P2936,Q27683
Q252,P2936,Q13365
Q252,P2936,Q33012
Q252,P2936,Q56380
Q252,P2936,Q56382
Q252,P2936,Q33017
Q252,P2936,Q33014
Q252,P2936,Q33190
Q252,P2936,Q33151
Q252,P2936,Q33286
Q252,P2936,Q33424
Q252,P2936,Q33643
Q252,P2936,Q34125
Q252,P2936,Q33960
Q252,P2936,Q33957
Q252,P2936,Q34002
Q252,P2936,Q2295569
Q252,P2936,Q2902375
Q252,P2936,Q2067656
Q252,P2936,Q2984540
Q252,P2936,Q3110816
Q252,P2936,Q3198689
Q252,P2936,Q3449885
Q252,P2936,Q3198688
Q252,P2936,Q3199000
Q252,P2936,Q3198565
Q252,P2936,Q3192799
Q252,P2936,Q3514481
Q252,P2936,Q3514563
Q252,P2936,Q7679471
Q252,P2936,Q3515594
Q252,P2936,Q3513542
Q252,P2936,Q3548186
Q252,P2936,Q8827053
Q252,P2936,Q9229310
Q252,P2936,Q9230148
Q252,P2936,Q8840465
Q252,P2936,Q8841889
Q252,P2936,Q9231909
Q252,P2936,Q11732049
Q252,P2936,Q11266334
Q252,P2936,Q11732258
Q252,P2936,Q11732048
Q252,P2936,Q11732046
Q252,P2936,Q11732235
Q252,P2936,Q12473424
Q252,P2936,Q12473395
Q252,P2936,Q11732736
Q252,P2936,Q12473397
Q252,P2936,Q12473441
Q252,P2936,Q12473454
Q252,P2936,Q12473442
Q252,P2936,Q12636082
Q252,P2936,Q12636156
Q252,P2936,Q12635082
Q252,P2936,Q12639686
Q252,P2936,Q12628801
Q252,P2936,Q12636155
Q252,P2936,Q12630425
Q252,P2936,Q12633986
Q252,P2936,Q12643975
Q252,P2936,Q12634399
Q252,P2936,Q12642164
Q252,P2936,Q12635807
Q252,P2936,Q12632888
Q252,P2936,Q12952484
Q252,P2936,Q12952566
Q252,P2936,Q12952568
Q252,P2936,Q12952597
Q252,P2936,Q12952359
Q252,P2936,Q12952776
Q252,P2936,Q12952816
Q252,P2936,Q12952361
Q252,P2936,Q12952778
Q252,P2936,Q12952694
Q252,P2936,Q12952713
Q252,P2936,Q12952750
Q252,P2936,Q12952569
Q252,P2936,Q12952616
Q252,P2936,Q12683226
Q252,P2936,Q12953194
Q252,P2936,Q12952968
Q252,P2936,Q12953516
Q252,P2936,Q12953200
Q252,P2936,Q12953310
Q252,P2936,Q12953228
Q252,P2936,Q12953295
Q252,P2936,Q12953309
Q252,P2936,Q12953225
Q252,P2936,Q12953198
Q252,P2936,Q12953596
Q252,P2936,Q12953768
Q252,P2936,Q12953832
Q252,P2936,Q12953788
Q252,P2936,Q15613282
Q252,P2936,Q16110177
Q252,P2936,Q18343041
Q252,P2936,Q18458203
Q252,P2936,Q18390055
Q252,P2936,Q18603687
Q252,P2936,Q18343036
Q252,P2936,Q18487451
Q252,P2936,Q18611555
Q252,P2936,Q18544857
Q252,P2936,Q18609750
Q252,P2936,Q20888004
Q252,P2936,Q20857698
Q252,P2936,Q24702089
Q252,P2936,Q25337171
Q252,P2936,Q33103997
Q252,P2936,Q42575433
Q252,P2936,Q42308820
Q252,P2936,Q63214959
Q252,P2936,Q49215
Q252,P2596,Q2717220
Q252,P361,Q865479
Q252,P7867,Q84036141
Q252,P8402,Q97277078
Q252,P2579,Q2623652
Q252,P1889,Q19435393
Q252,P8744,Q1610285
Q22890,P17,Q27
Q22890,P17,Q145
Q22890,P1151,Q10815282
Q22890,P31,Q23442
Q22890,P910,Q8553646
Q22890,P1740,Q7522796
Q22890,P1791,Q8328626
Q22890,P2633,Q822900
Q22890,P610,Q503368
Q22890,P206,Q97
Q22890,P206,Q41735
Q22890,P206,Q209688
Q22890,P206,Q209113
Q22890,P421,Q6574
Q22890,P1464,Q8055087
Q22890,P1792,Q32649151
Q22890,P1343,Q1138524
Q22890,P1343,Q3181656
Q22890,P1465,Q6334335
Q22890,P30,Q46
Q22890,P1889,Q27
Q22890,P1889,Q26
Q22890,P1622,Q13196750
Q22890,P706,Q38272
Q22890,P7867,Q8607395
Q22890,P463,Q45177
Q22890,P361,Q38272
Q22890,P8744,Q100860333
Q817,P1151,Q14615821
Q817,P5125,Q16153589
Q817,P38,Q193098
Q817,P38,Q476195
Q817,P1792,Q6995176
Q817,P2852,Q1061257
Q817,P2853,Q1378312
Q817,P2853,Q1528507
Q817,P2633,Q62438
Q817,P1313,Q30100649
Q817,P17,Q817
Q817,P2959,Q27103921
Q817,P1552,Q47185145
Q817,P530,Q408
Q817,P530,Q851
Q817,P530,Q403
Q817,P530,Q145
Q817,P530,Q43
Q817,P530,Q796
Q817,P530,Q229
Q817,P530,Q833
Q817,P530,Q843
Q817,P530,Q865
Q817,P530,Q878
Q817,P530,Q96
Q817,P530,Q30
Q817,P530,Q159
Q817,P530,Q668
Q817,P530,Q902
Q817,P530,Q183
Q817,P530,Q423
Q817,P35,Q57555
Q817,P35,Q641805
Q817,P1906,Q246932
Q817,P194,Q1139228
Q817,P2184,Q1516511
Q817,P37,Q13955
Q817,P1365,Q868942
Q817,P1365,Q21479969
Q817,P30,Q48
Q817,P36,Q35178
Q817,P237,Q242927
Q817,P163,Q165545
Q817,P47,Q796
Q817,P47,Q796
Q817,P47,Q74091
Q817,P47,Q851
Q817,P910,Q7084216
Q817,P6,Q12219691
Q817,P463,Q1065
Q817,P463,Q7172
Q817,P463,Q7825
Q817,P463,Q47543
Q817,P463,Q191384
Q817,P463,Q827525
Q817,P463,Q656801
Q817,P463,Q1043527
Q817,P463,Q899770
Q817,P463,Q340195
Q817,P463,Q4783148
Q817,P463,Q1137381
Q817,P463,Q624307
Q817,P463,Q8475
Q817,P463,Q842490
Q817,P463,Q233611
Q817,P463,Q7809
Q817,P463,Q17495
Q817,P463,Q376150
Q817,P463,Q7795
Q817,P463,Q162656
Q817,P463,Q170424
Q817,P463,Q7817
Q817,P1740,Q8458141
Q817,P208,Q12217491
Q817,P421,Q6760
Q817,P1465,Q8365519
Q817,P85,Q311367
Q817,P361,Q7204
Q817,P361,Q27293
Q817,P78,Q42672
Q817,P31,Q6256
Q817,P31,Q3624078
Q817,P31,Q3624078
Q817,P610,Q4116111
Q817,P1464,Q7463318
Q817,P1622,Q14565199
Q817,P1589,Q34675
Q817,P150,Q552354
Q817,P150,Q1072757
Q817,P150,Q1046645
Q817,P150,Q405701
Q817,P150,Q747432
Q817,P150,Q913370
Q817,P1304,Q2944396
Q817,P2936,Q56467
Q817,P2936,Q56385
Q817,P122,Q41614
Q817,P2596,Q3138087
Q817,P7867,Q84044551
Q817,P8744,Q62251
Q211,P610,Q1122342
Q211,P1151,Q10297918
Q211,P194,Q822919
Q211,P30,Q46
Q211,P36,Q1773
Q211,P38,Q4916
Q211,P38,Q133011
Q211,P38,Q2472225
Q211,P38,Q2472225
Q211,P37,Q9078
Q211,P31,Q3624078
Q211,P31,Q7270
Q211,P31,Q63791824
Q211,P31,Q6256
Q211,P47,Q184
Q211,P47,Q191
Q211,P47,Q37
Q211,P47,Q159
Q211,P47,Q36
Q211,P47,Q15180
Q211,P47,Q34
Q211,P78,Q41629
Q211,P85,Q156914
Q211,P35,Q57506
Q211,P35,Q2416022
Q211,P35,Q348043
Q211,P163,Q130449
Q211,P6,Q3089345
Q211,P6,Q6112509
Q211,P6,Q3736499
Q211,P150,Q80021
Q211,P150,Q191120
Q211,P150,Q178382
Q211,P150,Q167668
Q211,P150,Q180379
Q211,P150,Q1773
Q211,P150,Q108037
Q211,P150,Q2045300
Q211,P150,Q104036
Q211,P150,Q865676
Q211,P150,Q2485015
Q211,P150,Q865658
Q211,P150,Q2989420
Q211,P150,Q1995769
Q211,P150,Q3393445
Q211,P150,Q1892063
Q211,P150,Q2343837
Q211,P150,Q1934932
Q211,P150,Q3019837
Q211,P150,Q2079353
Q211,P150,Q2030886
Q211,P150,Q2361012
Q211,P150,Q2018672
Q211,P150,Q2365998
Q211,P150,Q2018692
Q211,P150,Q865717
Q211,P150,Q2079428
Q211,P150,Q2453125
Q211,P150,Q1989164
Q211,P150,Q2327041
Q211,P150,Q1955102
Q211,P150,Q2361131
Q211,P150,Q960572
Q211,P150,Q519580
Q211,P150,Q2274832
Q211,P150,Q1962356
Q211,P150,Q2079455
Q211,P150,Q2079406
Q211,P150,Q2171669
Q211,P150,Q2320320
Q211,P150,Q209187
Q211,P150,Q2337266
Q211,P150,Q2337298
Q211,P150,Q2252820
Q211,P150,Q2025473
Q211,P150,Q2880128
Q211,P150,Q2306846
Q211,P150,Q2072154
Q211,P150,Q1579101
Q211,P150,Q1579113
Q211,P150,Q2024643
Q211,P150,Q2395952
Q211,P150,Q865682
Q211,P150,Q1831695
Q211,P150,Q2302998
Q211,P150,Q2277478
Q211,P150,Q2337188
Q211,P150,Q2072209
Q211,P150,Q2268947
Q211,P150,Q279004
Q211,P150,Q1023736
Q211,P150,Q1579076
Q211,P150,Q2277489
Q211,P150,Q2072165
Q211,P150,Q932445
Q211,P150,Q2198472
Q211,P150,Q2304902
Q211,P150,Q2232018
Q211,P150,Q2283334
Q211,P150,Q773027
Q211,P150,Q2161795
Q211,P150,Q1950456
Q211,P150,Q2321579
Q211,P150,Q2451375
Q211,P150,Q2304926
Q211,P150,Q2304831
Q211,P150,Q1942469
Q211,P150,Q865649
Q211,P150,Q2277469
Q211,P150,Q2304893
Q211,P150,Q2299231
Q211,P150,Q2124808
Q211,P150,Q1518841
Q211,P150,Q2106159
Q211,P150,Q2302986
Q211,P150,Q11068461
Q211,P150,Q2124995
Q211,P150,Q1837354
Q211,P150,Q2122124
Q211,P150,Q2299415
Q211,P150,Q2251931
Q211,P150,Q2375848
Q211,P150,Q2140753
Q211,P150,Q2299261
Q211,P150,Q371429
Q211,P150,Q2299447
Q211,P150,Q2299251
Q211,P150,Q2286864
Q211,P150,Q2299239
Q211,P150,Q1959984
Q211,P150,Q2299214
Q211,P150,Q2299223
Q211,P150,Q2302964
Q211,P150,Q2269685
Q211,P150,Q369007
Q211,P150,Q511151
Q211,P150,Q1945263
Q211,P150,Q2304840
Q211,P150,Q432596
Q211,P150,Q1023757
Q211,P150,Q1920815
Q211,P150,Q2299436
Q211,P150,Q1345325
Q211,P150,Q2093996
Q211,P150,Q1869075
Q211,P150,Q2018681
Q211,P150,Q3274762
Q211,P150,Q2416186
Q211,P150,Q179830
Q211,P463,Q458
Q211,P463,Q1065
Q211,P463,Q7184
Q211,P463,Q8908
Q211,P463,Q7825
Q211,P463,Q670356
Q211,P463,Q1998131
Q211,P463,Q789769
Q211,P463,Q81299
Q211,P463,Q191384
Q211,P463,Q827525
Q211,P463,Q656801
Q211,P463,Q1043527
Q211,P463,Q899770
Q211,P463,Q782942
Q211,P463,Q41550
Q211,P463,Q663492
Q211,P463,Q1928989
Q211,P463,Q8475
Q211,P463,Q1480793
Q211,P463,Q842490
Q211,P463,Q3866537
Q211,P463,Q233611
Q211,P463,Q7809
Q211,P463,Q5611262
Q211,P463,Q17495
Q211,P463,Q376150
Q211,P463,Q1969730
Q211,P463,Q45177
Q211,P463,Q170424
Q211,P463,Q7817
Q211,P910,Q4368197
Q211,P237,Q184275
Q211,P17,Q211
Q211,P1465,Q6334509
Q211,P1464,Q8060877
Q211,P421,Q6723
Q211,P421,Q6760
Q211,P421,Q5412121
Q211,P1740,Q8458144
Q211,P1791,Q7976688
Q211,P1792,Q6992987
Q211,P530,Q38
Q211,P530,Q842199
Q211,P530,Q408
Q211,P530,Q212
Q211,P530,Q184
Q211,P530,Q159
Q211,P530,Q33
Q211,P530,Q191
Q211,P530,Q219
Q211,P530,Q16
Q211,P530,Q35
Q211,P530,Q189
Q211,P530,Q1246
Q211,P530,Q36
Q211,P530,Q37
Q211,P530,Q833
Q211,P530,Q865
Q211,P530,Q30
Q211,P530,Q41
Q211,P530,Q902
Q211,P530,Q230
Q211,P530,Q183
Q211,P530,Q28
Q211,P530,Q423
Q211,P2184,Q209655
Q211,P1313,Q369500
Q211,P1589,Q545
Q211,P1622,Q14565199
Q211,P2633,Q950091
Q211,P2852,Q1061257
Q211,P2852,Q25648823
Q211,P2852,Q25648804
Q211,P2853,Q1378312
Q211,P2853,Q1123613
Q211,P208,Q2502537
Q211,P2959,Q13205601
Q211,P1365,Q192180
Q211,P1365,Q1419584
Q211,P1365,Q1458686
Q211,P1365,Q2300296
Q211,P706,Q39731
Q211,P122,Q4198907
Q211,P1906,Q218014
Q211,P1304,Q687709
Q211,P1552,Q3174312
Q211,P361,Q39731
Q211,P5125,Q7112331
Q211,P5658,Q14565199
Q211,P6104,Q8255703
Q211,P206,Q545
Q211,P2936,Q9078
Q211,P2936,Q36212
Q211,P2936,Q6497414
Q211,P2936,Q7737
Q211,P2936,Q33698
Q211,P2596,Q2991765
Q211,P7867,Q84057270
Q211,P8402,Q71306789
Q211,P1343,Q4532138
Q211,P8744,Q1902255
Q131207,P279,Q79529
Q131207,P279,Q2424752
Q131207,P910,Q7214128
Q131207,P101,Q2474068
Q131207,P1343,Q602358
Q131207,P1343,Q19180675
Q131207,P31,Q100434640
Q131207,P366,Q4877642
Q833,P1344,Q4654163
Q833,P1151,Q11032893
Q833,P5125,Q7112344
Q833,P38,Q163712
Q833,P1792,Q5912379
Q833,P2852,Q3086706
Q833,P2853,Q1528507
Q833,P172,Q142702
Q833,P172,Q1200528
Q833,P172,Q254387
Q833,P172,Q1189494
Q833,P2633,Q1998478
Q833,P1313,Q862559
Q833,P17,Q833
Q833,P868,Q1420553
Q833,P2959,Q22828405
Q833,P122,Q41614
Q833,P122,Q3208952
Q833,P122,Q584683
Q833,P122,Q3330103
Q833,P1552,Q47185145
Q833,P530,Q16
Q833,P530,Q183
Q833,P530,Q408
Q833,P530,Q252
Q833,P530,Q334
Q833,P530,Q159583
Q833,P530,Q851
Q833,P530,Q184
Q833,P530,Q212
Q833,P530,Q819
Q833,P530,Q423
Q833,P530,Q1027
Q833,P530,Q1030
Q833,P530,Q1033
Q833,P530,Q1036
Q833,P530,Q1049
Q833,P530,Q219060
Q833,P530,Q145
Q833,P530,Q15180
Q833,P530,Q20
Q833,P530,Q218
Q833,P530,Q258
Q833,P530,Q265
Q833,P530,Q29
Q833,P530,Q34
Q833,P530,Q39
Q833,P530,Q419
Q833,P530,Q43
Q833,P530,Q458
Q833,P530,Q55
Q833,P530,Q664
Q833,P530,Q685
Q833,P530,Q717
Q833,P530,Q805
Q833,P530,Q826
Q833,P530,Q31
Q833,P530,Q921
Q833,P530,Q739
Q833,P530,Q298
Q833,P530,Q241
Q833,P530,Q35
Q833,P530,Q114
Q833,P530,Q1246
Q833,P530,Q1020
Q833,P530,Q33
Q833,P530,Q28
Q833,P530,Q155
Q833,P530,Q766
Q833,P530,Q142
Q833,P530,Q574
Q833,P530,Q232
Q833,P530,Q424
Q833,P530,Q227
Q833,P530,Q225
Q833,P530,Q79
Q833,P530,Q213
Q833,P530,Q37
Q833,P530,Q736
Q833,P530,Q810
Q833,P530,Q817
Q833,P530,Q262
Q833,P530,Q211
Q833,P530,Q398
Q833,P530,Q115
Q833,P530,Q117
Q833,P530,Q813
Q833,P530,Q836
Q833,P530,Q837
Q833,P530,Q842
Q833,P530,Q843
Q833,P530,Q854
Q833,P530,Q858
Q833,P530,Q865
Q833,P530,Q869
Q833,P530,Q874
Q833,P530,Q878
Q833,P530,Q881
Q833,P530,Q924
Q833,P530,Q928
Q833,P530,Q948
Q833,P530,Q96
Q833,P530,Q30
Q833,P530,Q884
Q833,P530,Q159
Q833,P530,Q148
Q833,P530,Q41
Q833,P530,Q668
Q833,P530,Q794
Q833,P530,Q17
Q833,P530,Q712
Q833,P530,Q902
Q833,P35,Q57550
Q833,P35,Q5244614
Q833,P35,Q15467111
Q833,P1906,Q174156
Q833,P194,Q2986392
Q833,P2184,Q1064598
Q833,P37,Q9237
Q833,P30,Q48
Q833,P36,Q1865
Q833,P237,Q209608
Q833,P5008,Q54439832
Q833,P47,Q869
Q833,P47,Q921
Q833,P47,Q252
Q833,P47,Q334
Q833,P47,Q928
Q833,P910,Q5611001
Q833,P6,Q181383
Q833,P6,Q1060949
Q833,P463,Q1065
Q833,P463,Q7768
Q833,P463,Q7785
Q833,P463,Q7825
Q833,P463,Q170481
Q833,P463,Q47543
Q833,P463,Q191384
Q833,P463,Q827525
Q833,P463,Q656801
Q833,P463,Q1043527
Q833,P463,Q899770
Q833,P463,Q7886981
Q833,P463,Q188822
Q833,P463,Q8475
Q833,P463,Q842490
Q833,P463,Q233611
Q833,P463,Q7809
Q833,P463,Q5611262
Q833,P463,Q17495
Q833,P463,Q376150
Q833,P463,Q162656
Q833,P463,Q170424
Q833,P463,Q7817
Q833,P5658,Q13196750
Q833,P1740,Q7140636
Q833,P208,Q5589240
Q833,P1465,Q7482590
Q833,P85,Q648596
Q833,P78,Q43127
Q833,P31,Q3624078
Q833,P31,Q1951661
Q833,P31,Q6256
Q833,P610,Q60967
Q833,P1464,Q7463322
Q833,P1622,Q13196750
Q833,P1589,Q1239
Q833,P421,Q6985
Q833,P150,Q183032
Q833,P150,Q188947
Q833,P150,Q185944
Q833,P150,Q185221
Q833,P150,Q213893
Q833,P150,Q191346
Q833,P150,Q188953
Q833,P150,Q213467
Q833,P150,Q188096
Q833,P150,Q179029
Q833,P150,Q170462
Q833,P150,Q189710
Q833,P150,Q189701
Q833,P150,Q1865
Q833,P150,Q214504
Q833,P150,Q182378
Q833,P163,Q168935
Q833,P2936,Q1860
Q833,P2936,Q1860
Q833,P2936,Q15065
Q833,P2936,Q12636082
Q833,P2936,Q9186
Q833,P2936,Q646718
Q833,P2936,Q860315
Q833,P2936,Q727694
Q833,P2936,Q4850134
Q833,P2936,Q4842201
Q833,P2936,Q3419746
Q833,P2936,Q3450611
Q833,P2936,Q3450775
Q833,P2936,Q3449510
Q833,P2936,Q3446774
Q833,P2936,Q6895718
Q833,P2936,Q6897407
Q833,P2936,Q6869641
Q833,P2936,Q3474891
Q833,P2936,Q4925684
Q833,P2936,Q4924925
Q833,P2936,Q4943150
Q833,P2936,Q7033959
Q833,P2936,Q2742268
Q833,P2936,Q2742661
Q833,P2936,Q2669169
Q833,P2936,Q2742262
Q833,P2936,Q5224156
Q833,P2936,Q2900881
Q833,P2936,Q2891938
Q833,P2936,Q7082487
Q833,P2936,Q2910053
Q833,P2936,Q2927799
Q833,P2936,Q7132487
Q833,P2936,Q5317225
Q833,P2936,Q5330240
Q833,P2936,Q3025610
Q833,P2936,Q7259892
Q833,P2936,Q5520523
Q833,P2936,Q7312239
Q833,P2936,Q3040468
Q833,P2936,Q3038653
Q833,P2936,Q3914693
Q833,P2936,Q7396535
Q833,P2936,Q3041552
Q833,P2936,Q3111827
Q833,P2936,Q7447132
Q833,P2936,Q7442836
Q833,P2936,Q7442799
Q833,P2936,Q7506806
Q833,P2936,Q7455488
Q833,P2936,Q7455497
Q833,P2936,Q7449713
Q833,P2936,Q7449148
Q833,P2936,Q7449119
Q833,P2936,Q7448844
Q833,P2936,Q3073453
Q833,P2936,Q3135426
Q833,P2936,Q3176748
Q833,P2936,Q7675300
Q833,P2936,Q3229263
Q833,P2936,Q7698205
Q833,P2936,Q7807680
Q833,P2936,Q6348863
Q833,P2936,Q4216968
Q833,P2936,Q6350003
Q833,P2936,Q4208197
Q833,P2936,Q7818692
Q833,P2936,Q6385445
Q833,P2936,Q6391529
Q833,P2936,Q6388963
Q833,P2936,Q6389308
Q833,P2936,Q7842365
Q833,P2936,Q7842360
Q833,P2936,Q4663287
Q833,P2936,Q6364300
Q833,P2936,Q6414335
Q833,P2936,Q7856961
Q833,P2936,Q6433808
Q833,P2936,Q12953594
Q833,P2936,Q12953660
Q833,P2936,Q7878321
Q833,P2936,Q7881227
Q833,P2936,Q6487291
Q833,P2936,Q6685078
Q833,P2936,Q3336135
Q833,P2936,Q13580777
Q833,P2936,Q6736761
Q833,P2936,Q3328150
Q833,P2936,Q12953512
Q833,P2936,Q13479839
Q833,P2936,Q9192
Q833,P2936,Q9237
Q833,P2936,Q33424
Q833,P2936,Q33731
Q833,P2936,Q2880037
Q833,P2936,Q2883794
Q833,P2936,Q2891902
Q833,P2936,Q3259061
Q833,P2936,Q3196845
Q833,P2936,Q3423957
Q833,P2936,Q3259058
Q833,P2936,Q3915909
Q833,P2936,Q10867404
Q833,P2936,Q12641557
Q833,P2936,Q12636092
Q833,P2936,Q12953510
Q833,P2936,Q12953676
Q833,P2936,Q12953674
Q833,P2936,Q12953808
Q833,P2936,Q12953913
Q833,P2936,Q16109975
Q833,P2936,Q18638319
Q833,P2936,Q18638342
Q833,P2936,Q18643518
Q833,P2936,Q18642293
Q833,P2936,Q18642842
Q833,P2936,Q63214959
Q833,P2936,Q63214972
Q833,P2936,Q33420
Q833,P2936,Q3195442
Q833,P2936,Q13324
Q833,P1304,Q806646
Q833,P2596,Q2576866
Q833,P7867,Q84081255
Q833,P1889,Q1469840
Q833,P1889,Q102036405
Q833,P8402,Q97062807
Q833,P8744,Q933429
Q12167,P910,Q8603123
Q12167,P279,Q1361144
Q12167,P279,Q1441305
Q12167,P1995,Q162606
Q12167,P1995,Q679690
Q12167,P5008,Q5460604
Q12167,P5008,Q4099686
Q12167,P31,Q11862829
Q1029,P610,Q1353678
Q1029,P2633,Q1987424
Q1029,P1465,Q7482581
Q1029,P172,Q1075929
Q1029,P172,Q394067
Q1029,P172,Q2704511
Q1029,P172,Q1516782
Q1029,P706,Q27394
Q1029,P530,Q16
Q1029,P530,Q155
Q1029,P530,Q183
Q1029,P530,Q408
Q1029,P530,Q35
Q1029,P530,Q33
Q1029,P530,Q1020
Q1029,P530,Q258
Q1029,P530,Q45
Q1029,P530,Q865
Q1029,P530,Q30
Q1029,P530,Q159
Q1029,P530,Q148
Q1029,P530,Q668
Q1029,P530,Q953
Q1029,P530,Q423
Q1029,P1343,Q17329836
Q1029,P35,Q57392
Q1029,P35,Q5448556
Q1029,P5125,Q16056528
Q1029,P421,Q6723
Q1029,P1313,Q30100629
Q1029,P6,Q19057400
Q1029,P361,Q27407
Q1029,P31,Q7270
Q1029,P31,Q3624078
Q1029,P31,Q6256
Q1029,P31,Q333542
Q1029,P138,Q331099
Q1029,P2853,Q1378312
Q1029,P2853,Q1123613
Q1029,P2853,Q1383497
Q1029,P150,Q466538
Q1029,P150,Q466526
Q1029,P150,Q466547
Q1029,P150,Q622792
Q1029,P150,Q3889
Q1029,P150,Q379658
Q1029,P150,Q622794
Q1029,P150,Q622799
Q1029,P150,Q622801
Q1029,P150,Q605787
Q1029,P150,Q622803
Q1029,P36,Q3889
Q1029,P78,Q43131
Q1029,P1791,Q8328690
Q1029,P1792,Q7087606
Q1029,P1906,Q18565665
Q1029,P1151,Q11132857
Q1029,P2852,Q2807090
Q1029,P2852,Q4547615
Q1029,P2852,Q25648880
Q1029,P30,Q15
Q1029,P85,Q682613
Q1029,P1622,Q13196750
Q1029,P38,Q200753
Q1029,P38,Q600213
Q1029,P163,Q484249
Q1029,P463,Q1065
Q1029,P463,Q7785
Q1029,P463,Q7159
Q1029,P463,Q7825
Q1029,P463,Q47543
Q1029,P463,Q191384
Q1029,P463,Q827525
Q1029,P463,Q656801
Q1029,P463,Q1043527
Q1029,P463,Q899770
Q1029,P463,Q340195
Q1029,P463,Q294278
Q1029,P463,Q182500
Q1029,P463,Q8475
Q1029,P463,Q842490
Q1029,P463,Q233611
Q1029,P463,Q7809
Q1029,P463,Q816706
Q1029,P463,Q17495
Q1029,P463,Q376150
Q1029,P463,Q170424
Q1029,P463,Q7817
Q1029,P1464,Q8063952
Q1029,P5658,Q13196750
Q1029,P237,Q209248
Q1029,P910,Q6893962
Q1029,P208,Q27166183
Q1029,P2184,Q1128112
Q1029,P194,Q1848595
Q1029,P1552,Q47185145
Q1029,P159,Q3889
Q1029,P37,Q5146
Q1029,P47,Q924
Q1029,P47,Q1020
Q1029,P47,Q953
Q1029,P47,Q954
Q1029,P47,Q1050
Q1029,P47,Q258
Q1029,P47,Q970
Q1029,P17,Q1029
Q1029,P17,Q200464
Q1029,P1589,Q165100
Q1029,P1740,Q9695970
Q1029,P1304,Q3363703
Q1029,P2936,Q5146
Q1029,P2936,Q33599
Q1029,P2936,Q3197533
Q1029,P2936,Q33604
Q1029,P2936,Q2085051
Q1029,P2936,Q3437616
Q1029,P2936,Q2520717
Q1029,P2936,Q6927809
Q1029,P2936,Q6900145
Q1029,P2936,Q5118412
Q1029,P2936,Q3553423
Q1029,P2936,Q2963909
Q1029,P2936,Q3553459
Q1029,P2936,Q2964008
Q1029,P2936,Q7071318
Q1029,P2936,Q3042206
Q1029,P2936,Q3081996
Q1029,P2936,Q4121130
Q1029,P2936,Q11030947
Q1029,P2936,Q7820988
Q1029,P2936,Q6740513
Q1029,P2936,Q35172
Q1029,P2936,Q35824
Q1029,P2936,Q36902
Q1029,P2936,Q10179
Q1029,P2936,Q13311
Q1029,P2936,Q33273
Q1029,P2936,Q29930
Q1029,P2936,Q33882
Q1029,P2936,Q34014
Q1029,P2936,Q34327
Q1029,P2936,Q3832970
Q1029,P2936,Q8826802
Q1029,P2936,Q11002622
Q1029,P2936,Q11002891
Q1029,P2936,Q11006056
Q1029,P2936,Q11007144
Q1029,P2936,Q11030092
Q1029,P2936,Q11008159
Q1029,P2936,Q11127231
Q1029,P2936,Q11128833
Q1029,P2936,Q11128329
Q1029,P2596,Q3007361
Q1029,P7867,Q84054553
Q1029,P8744,Q2333341
Q55,P1151,Q10815309
Q55,P5125,Q7112767
Q55,P38,Q4916
Q55,P38,Q788472
Q55,P38,Q4917
Q55,P1792,Q3919824
Q55,P2852,Q1061257
Q55,P2852,Q533806
Q55,P2853,Q1123613
Q55,P2853,Q1378312
Q55,P1313,Q3058109
Q55,P460,Q2118709
Q55,P460,Q2118709
Q55,P17,Q29999
Q55,P1344,Q184425
Q55,P2959,Q25681481
Q55,P2959,Q42294346
Q55,P2959,Q56249287
Q55,P1889,Q29999
Q55,P1889,Q102911
Q55,P1889,Q2118709
Q55,P122,Q3330103
Q55,P1552,Q3174312
Q55,P206,Q1693
Q55,P206,Q4121
Q55,P206,Q939766
Q55,P206,Q26080
Q55,P206,Q1247
Q55,P530,Q38
Q55,P530,Q408
Q55,P530,Q183
Q55,P530,Q212
Q55,P530,Q851
Q55,P530,Q184
Q55,P530,Q801
Q55,P530,Q43
Q55,P530,Q35
Q55,P530,Q215
Q55,P530,Q258
Q55,P530,Q334
Q55,P530,Q1246
Q55,P530,Q31
Q55,P530,Q222
Q55,P530,Q219
Q55,P530,Q794
Q55,P530,Q1028
Q55,P530,Q833
Q55,P530,Q252
Q55,P530,Q96
Q55,P530,Q77
Q55,P530,Q843
Q55,P530,Q865
Q55,P530,Q30
Q55,P530,Q159
Q55,P530,Q17
Q55,P530,Q148
Q55,P530,Q41
Q55,P530,Q28
Q55,P530,Q423
Q55,P35,Q154952
Q55,P35,Q29574
Q55,P35,Q154946
Q55,P35,Q150747
Q55,P35,Q125649
Q55,P35,Q154287
Q55,P35,Q2079957
Q55,P1906,Q2045066
Q55,P1456,Q5456727
Q55,P2184,Q238533
Q55,P37,Q7411
Q55,P37,Q27175
Q55,P37,Q33856
Q55,P37,Q1860
Q55,P1365,Q15864
Q55,P30,Q46
Q55,P30,Q27611
Q55,P36,Q727
Q55,P237,Q200191
Q55,P910,Q1455739
Q55,P1791,Q6389726
Q55,P6,Q57792
Q55,P6,Q133386
Q55,P6,Q221411
Q55,P6,Q159840
Q55,P6,Q318334
Q55,P6,Q318320
Q55,P6,Q471204
Q55,P6,Q345481
Q55,P6,Q380970
Q55,P6,Q736026
Q55,P6,Q719701
Q55,P6,Q781813
Q55,P6,Q735519
Q55,P6,Q12769
Q55,P6,Q735519
Q55,P6,Q634025
Q55,P6,Q951705
Q55,P6,Q693053
Q55,P6,Q686476
Q55,P6,Q983186
Q55,P6,Q693053
Q55,P6,Q686476
Q55,P6,Q983186
Q55,P463,Q7184
Q55,P463,Q41550
Q55,P463,Q8908
Q55,P463,Q13116
Q55,P463,Q42262
Q55,P463,Q141720
Q55,P463,Q152299
Q55,P463,Q406558
Q55,P463,Q151991
Q55,P463,Q81299
Q55,P463,Q461736
Q55,P463,Q488981
Q55,P463,Q192247
Q55,P463,Q309195
Q55,P463,Q42944
Q55,P463,Q8932
Q55,P463,Q212141
Q55,P463,Q82151
Q55,P463,Q1411881
Q55,P463,Q41984
Q55,P463,Q125761
Q55,P463,Q47488
Q55,P463,Q827525
Q55,P463,Q826700
Q55,P463,Q689859
Q55,P463,Q1069175
Q55,P463,Q233611
Q55,P463,Q54129
Q55,P463,Q7804
Q55,P463,Q201054
Q55,P463,Q1071706
Q55,P463,Q8475
Q55,P463,Q40970
Q55,P463,Q472311
Q55,P463,Q15028
Q55,P463,Q376150
Q55,P463,Q842490
Q55,P463,Q81299
Q55,P463,Q1045198
Q55,P463,Q7825
Q55,P463,Q182000
Q55,P463,Q7809
Q55,P463,Q132551
Q55,P463,Q386120
Q55,P463,Q131878
Q55,P463,Q694772
Q55,P463,Q340195
Q55,P463,Q188822
Q55,P463,Q1043527
Q55,P463,Q782942
Q55,P463,Q1153087
Q55,P463,Q848633
Q55,P463,Q3111510
Q55,P463,Q1480793
Q55,P463,Q146905
Q55,P463,Q161549
Q55,P463,Q1377612
Q55,P463,Q663492
Q55,P463,Q1928989
Q55,P463,Q7809
Q55,P463,Q5611262
Q55,P463,Q458
Q55,P463,Q17495
Q55,P463,Q1969730
Q55,P463,Q45177
Q55,P463,Q170424
Q55,P463,Q7817
Q55,P1740,Q7522109
Q55,P208,Q4310949
Q55,P1830,Q167605
Q55,P1830,Q185372
Q55,P1830,Q692381
Q55,P1830,Q3345347
Q55,P1465,Q6334555
Q55,P85,Q131713
Q55,P209,Q133765
Q55,P78,Q493202
Q55,P47,Q183
Q55,P47,Q31
Q55,P31,Q15304003
Q55,P31,Q6256
Q55,P610,Q1301834
Q55,P610,Q159860
Q55,P1464,Q7463294
Q55,P194,Q1371388
Q55,P1622,Q14565199
Q55,P5008,Q5460604
Q55,P1589,Q2077313
Q55,P421,Q6655
Q55,P421,Q6723
Q55,P421,Q2085376
Q55,P421,Q25989
Q55,P421,Q5412088
Q55,P150,Q752
Q55,P150,Q770
Q55,P150,Q775
Q55,P150,Q694
Q55,P150,Q701
Q55,P150,Q773
Q55,P150,Q1101
Q55,P150,Q1093
Q55,P150,Q707
Q55,P150,Q705
Q55,P150,Q772
Q55,P150,Q776
Q55,P150,Q25396
Q55,P150,Q26180
Q55,P150,Q25528
Q55,P163,Q46585
Q55,P131,Q29999
Q55,P1343,Q302556
Q55,P1343,Q602358
Q55,P1343,Q4114391
Q55,P1343,Q19180675
Q55,P1343,Q602358
Q55,P1343,Q4173137
Q55,P1343,Q19180675
Q55,P1343,Q19190511
Q55,P1343,Q1768721
Q55,P1343,Q20078554
Q55,P2633,Q1075528
Q55,P2936,Q7411
Q55,P8402,Q97013475
Q843,P1151,Q13211550
Q843,P1546,Q19605101
Q843,P5125,Q7112402
Q843,P38,Q188289
Q843,P172,Q854323
Q843,P172,Q2556103
Q843,P172,Q1258074
Q843,P172,Q46713
Q843,P172,Q12644212
Q843,P172,Q201501
Q843,P1792,Q7029947
Q843,P2852,Q7314973
Q843,P2852,Q25648869
Q843,P2852,Q25648895
Q843,P2853,Q1378312
Q843,P2853,Q60740126
Q843,P2853,Q1528507
Q843,P2853,Q1383497
Q843,P2633,Q3123475
Q843,P1313,Q735575
Q843,P17,Q843
Q843,P2959,Q27103886
Q843,P122,Q512187
Q843,P1552,Q47185145
Q843,P530,Q16
Q843,P530,Q38
Q843,P530,Q155
Q843,P530,Q183
Q843,P530,Q408
Q843,P530,Q805
Q843,P530,Q159583
Q843,P530,Q184
Q843,P530,Q212
Q843,P530,Q159
Q843,P530,Q148
Q843,P530,Q218
Q843,P530,Q403
Q843,P530,Q1045
Q843,P530,Q1049
Q843,P530,Q219060
Q843,P530,Q145
Q843,P530,Q15180
Q843,P530,Q258
Q843,P530,Q265
Q843,P530,Q334
Q843,P530,Q36
Q843,P530,Q39
Q843,P530,Q43
Q843,P530,Q458
Q843,P530,Q889
Q843,P530,Q833
Q843,P530,Q227
Q843,P530,Q232
Q843,P530,Q664
Q843,P530,Q399
Q843,P530,Q252
Q843,P530,Q222
Q843,P530,Q262
Q843,P530,Q414
Q843,P530,Q40
Q843,P530,Q398
Q843,P530,Q225
Q843,P530,Q1246
Q843,P530,Q917
Q843,P530,Q31
Q843,P530,Q921
Q843,P530,Q424
Q843,P530,Q298
Q843,P530,Q241
Q843,P530,Q35
Q843,P530,Q213
Q843,P530,Q79
Q843,P530,Q33
Q843,P530,Q142
Q843,P530,Q114
Q843,P530,Q817
Q843,P530,Q813
Q843,P530,Q822
Q843,P530,Q796
Q843,P530,Q810
Q843,P530,Q826
Q843,P530,Q233
Q843,P530,Q55
Q843,P530,Q1033
Q843,P530,Q842
Q843,P530,Q1028
Q843,P530,Q20
Q843,P530,Q837
Q843,P530,Q1016
Q843,P530,Q28
Q843,P530,Q16957
Q843,P530,Q29
Q843,P530,Q96
Q843,P530,Q854
Q843,P530,Q858
Q843,P530,Q863
Q843,P530,Q865
Q843,P530,Q869
Q843,P530,Q874
Q843,P530,Q878
Q843,P530,Q881
Q843,P530,Q928
Q843,P530,Q948
Q843,P530,Q954
Q843,P530,Q30
Q843,P530,Q17
Q843,P530,Q41
Q843,P530,Q902
Q843,P530,Q794
Q843,P530,Q423
Q843,P530,Q1027
Q843,P530,Q27
Q843,P530,Q851
Q843,P194,Q2665089
Q843,P2184,Q726994
Q843,P37,Q1860
Q843,P37,Q1617
Q843,P37,Q13955
Q843,P1365,Q129286
Q843,P1365,Q2385925
Q843,P1365,Q2006542
Q843,P30,Q48
Q843,P36,Q1362
Q843,P237,Q201168
Q843,P166,Q7597405
Q843,P166,Q3404636
Q843,P910,Q1455849
Q843,P35,Q4790529
Q843,P35,Q14257286
Q843,P155,Q2006542
Q843,P1791,Q7977456
Q843,P463,Q1065
Q843,P463,Q7785
Q843,P463,Q7825
Q843,P463,Q47543
Q843,P463,Q191384
Q843,P463,Q656801
Q843,P463,Q1043527
Q843,P463,Q899770
Q843,P463,Q384535
Q843,P463,Q7886981
Q843,P463,Q188822
Q843,P463,Q277252
Q843,P463,Q8475
Q843,P463,Q842490
Q843,P463,Q485207
Q843,P463,Q233611
Q843,P463,Q7809
Q843,P463,Q5611262
Q843,P463,Q17495
Q843,P463,Q376150
Q843,P463,Q162656
Q843,P463,Q170424
Q843,P463,Q7817
Q843,P5658,Q13196750
Q843,P706,Q771405
Q843,P1740,Q6428001
Q843,P208,Q3250182
Q843,P421,Q6806
Q843,P1465,Q7482565
Q843,P85,Q213267
Q843,P1906,Q473984
Q843,P78,Q43150
Q843,P47,Q889
Q843,P47,Q668
Q843,P47,Q148
Q843,P47,Q794
Q843,P31,Q3624078
Q843,P31,Q6256
Q843,P610,Q43512
Q843,P1464,Q7463331
Q843,P1622,Q13196750
Q843,P6,Q155164
Q843,P6,Q134068
Q843,P6,Q7461686
Q843,P6,Q6967119
Q843,P5008,Q5460604
Q843,P1589,Q58705
Q843,P150,Q163239
Q843,P150,Q183314
Q843,P150,Q4478
Q843,P150,Q37211
Q843,P150,Q848613
Q843,P150,Q208270
Q843,P150,Q200697
Q843,P138,Q692096
Q843,P163,Q128347
Q843,P2936,Q1860
Q843,P2936,Q7077191
Q843,P2936,Q3241731
Q843,P2936,Q1617
Q843,P2936,Q33269
Q843,P2936,Q1389492
Q843,P2936,Q7967334
Q843,P2936,Q216286
Q843,P2936,Q1334774
Q843,P2936,Q1353320
Q843,P2936,Q1193495
Q843,P2936,Q382273
Q843,P2936,Q1675961
Q843,P2936,Q938216
Q843,P2936,Q2449549
Q843,P2936,Q5061628
Q843,P2936,Q2614111
Q843,P2936,Q2605045
Q843,P2936,Q2665246
Q843,P2936,Q3540446
Q843,P2936,Q8841168
Q843,P2936,Q3877551
Q843,P2936,Q5704314
Q843,P2936,Q5620032
Q843,P2936,Q6150941
Q843,P2936,Q6346358
Q843,P2936,Q3244176
Q843,P2936,Q3246741
Q843,P2936,Q4180871
Q843,P2936,Q3812564
Q843,P2936,Q3812403
Q843,P2936,Q12642194
Q843,P2936,Q3250629
Q843,P2936,Q12645561
Q843,P2936,Q6444265
Q843,P2936,Q7908480
Q843,P2936,Q16112855
Q843,P2936,Q6663513
Q843,P2936,Q13560607
Q843,P2936,Q19572305
Q843,P2936,Q58680
Q843,P2936,Q22808992
Q843,P2936,Q32288
Q843,P2936,Q33049
Q843,P2936,Q33028
Q843,P2936,Q32480
Q843,P2936,Q33086
Q843,P2936,Q32900
Q843,P2936,Q33202
Q843,P2936,Q33416
Q843,P2936,Q33399
Q843,P2936,Q33552
Q843,P2936,Q33894
Q843,P2936,Q33902
Q843,P2936,Q33740
Q843,P2936,Q33739
Q843,P2936,Q33997
Q843,P2936,Q34208
Q843,P2936,Q34179
Q843,P2936,Q10966761
Q843,P2936,Q12634001
Q843,P2936,Q12952252
Q843,P2936,Q12953645
Q843,P2936,Q12953646
Q843,P2936,Q12953669
Q843,P2936,Q12953882
Q843,P2936,Q22964057
Q843,P2936,Q25559289
Q843,P6104,Q15614930
Q843,P1304,Q1323248
Q843,P2596,Q2591804
Q843,P7867,Q8607446
Q843,P190,Q816736
Q843,P8402,Q97062473
Q843,P8744,Q1950255
Q372016,P279,Q1823478
Q372016,P279,Q6804646
Q372016,P31,Q2996394
Q372016,P5008,Q54439832
Q372016,P1889,Q183236
Q372016,P1269,Q87075524
Q928,P1344,Q4654163
Q928,P1151,Q14615000
Q928,P1546,Q25047907
Q928,P5125,Q7112774
Q928,P38,Q17193
Q928,P1792,Q7030029
Q928,P2852,Q60061806
Q928,P2852,Q4547615
Q928,P2853,Q24288454
Q928,P2853,Q24288456
Q928,P2853,Q1378312
Q928,P172,Q1262011
Q928,P172,Q3567287
Q928,P172,Q2527423
Q928,P172,Q1290600
Q928,P172,Q17072635
Q928,P172,Q1293737
Q928,P172,Q3550146
Q928,P2633,Q1418238
Q928,P1313,Q1209571
Q928,P17,Q928
Q928,P2959,Q22828373
Q928,P832,Q6016007
Q928,P832,Q19809
Q928,P832,Q196627
Q928,P832,Q106333
Q928,P832,Q40317
Q928,P832,Q514400
Q928,P832,Q464458
Q928,P832,Q7339069
Q928,P1552,Q47185145
Q928,P530,Q977
Q928,P530,Q34
Q928,P530,Q16
Q928,P530,Q38
Q928,P530,Q408
Q928,P530,Q30
Q928,P530,Q29
Q928,P530,Q148
Q928,P530,Q801
Q928,P530,Q17
Q928,P530,Q252
Q928,P530,Q851
Q928,P530,Q884
Q928,P530,Q159583
Q928,P530,Q212
Q928,P530,Q846
Q928,P530,Q145
Q928,P530,Q15180
Q928,P530,Q218
Q928,P530,Q258
Q928,P530,Q334
Q928,P530,Q36
Q928,P530,Q39
Q928,P530,Q43
Q928,P530,Q458
Q928,P530,Q854
Q928,P530,Q865
Q928,P530,Q869
Q928,P530,Q878
Q928,P530,Q881
Q928,P530,Q414
Q928,P530,Q424
Q928,P530,Q241
Q928,P530,Q35
Q928,P530,Q213
Q928,P530,Q843
Q928,P530,Q794
Q928,P530,Q833
Q928,P530,Q96
Q928,P530,Q695
Q928,P530,Q155
Q928,P530,Q819
Q928,P530,Q8646
Q928,P530,Q189
Q928,P530,Q836
Q928,P530,Q298
Q928,P530,Q224
Q928,P530,Q574
Q928,P530,Q1033
Q928,P530,Q711
Q928,P530,Q691
Q928,P530,Q921
Q928,P530,Q1005
Q928,P530,Q796
Q928,P530,Q1016
Q928,P530,Q958
Q928,P530,Q159
Q928,P530,Q668
Q928,P530,Q183
Q928,P530,Q423
Q928,P530,Q41
Q928,P530,Q902
Q928,P530,Q27
Q928,P1906,Q1209571
Q928,P194,Q1542985
Q928,P37,Q33298
Q928,P37,Q1860
Q928,P1365,Q146328
Q928,P30,Q48
Q928,P36,Q1461
Q928,P237,Q17201
Q928,P47,Q865
Q928,P47,Q252
Q928,P47,Q833
Q928,P47,Q695
Q928,P910,Q6999772
Q928,P1791,Q24986278
Q928,P463,Q1065
Q928,P463,Q7768
Q928,P463,Q7825
Q928,P463,Q170481
Q928,P463,Q191384
Q928,P463,Q827525
Q928,P463,Q656801
Q928,P463,Q1043527
Q928,P463,Q899770
Q928,P463,Q7886981
Q928,P463,Q188822
Q928,P463,Q277252
Q928,P463,Q8475
Q928,P463,Q842490
Q928,P463,Q233611
Q928,P463,Q7809
Q928,P463,Q5611262
Q928,P463,Q17495
Q928,P463,Q376150
Q928,P463,Q162656
Q928,P463,Q170424
Q928,P463,Q7817
Q928,P5658,Q13196750
Q928,P1740,Q7140631
Q928,P208,Q7925797
Q928,P421,Q3543509
Q928,P1465,Q7482594
Q928,P85,Q212725
Q928,P361,Q11708
Q928,P78,Q41840
Q928,P31,Q3624078
Q928,P31,Q13107770
Q928,P31,Q6256
Q928,P610,Q455963
Q928,P1464,Q8077192
Q928,P1622,Q14565199
Q928,P6,Q457786
Q928,P1589,Q159183
Q928,P150,Q12933
Q928,P150,Q13615
Q928,P150,Q13617
Q928,P150,Q13650
Q928,P150,Q13658
Q928,P150,Q13662
Q928,P150,Q13665
Q928,P150,Q13669
Q928,P150,Q13675
Q928,P150,Q13682
Q928,P150,Q13690
Q928,P150,Q13694
Q928,P150,Q13701
Q928,P150,Q13704
Q928,P150,Q24869612
Q928,P150,Q13606
Q928,P150,Q13580
Q928,P150,Q17081785
Q928,P138,Q34417
Q928,P163,Q134627
Q928,P2936,Q1860
Q928,P2936,Q1860
Q928,P2936,Q33239
Q928,P2936,Q33298
Q928,P2936,Q34057
Q928,P2936,Q12640726
Q928,P2936,Q12627559
Q928,P2936,Q12639245
Q928,P2936,Q12953584
Q928,P2936,Q12953602
Q928,P2936,Q12953609
Q928,P2936,Q12953583
Q928,P2936,Q34397870
Q928,P2936,Q1931221
Q928,P2936,Q867086
Q928,P2936,Q3399709
Q928,P2936,Q3438830
Q928,P2936,Q3399682
Q928,P2936,Q3399717
Q928,P2936,Q1775596
Q928,P2936,Q727694
Q928,P2936,Q1002956
Q928,P2936,Q4842057
Q928,P2936,Q4850033
Q928,P2936,Q2400870
Q928,P2936,Q3436621
Q928,P2936,Q6787447
Q928,P2936,Q4921648
Q928,P2936,Q4914553
Q928,P2936,Q3450443
Q928,P2936,Q3448896
Q928,P2936,Q4812603
Q928,P2936,Q4815751
Q928,P2936,Q6895718
Q928,P2936,Q2820163
Q928,P2936,Q5017296
Q928,P2936,Q2592378
Q928,P2936,Q4942634
Q928,P2936,Q5003156
Q928,P2936,Q2669235
Q928,P2936,Q6921430
Q928,P2936,Q6921432
Q928,P2936,Q5228174
Q928,P2936,Q7058116
Q928,P2936,Q5272321
Q928,P2936,Q3508067
Q928,P2936,Q3508085
Q928,P2936,Q7135433
Q928,P2936,Q7135432
Q928,P2936,Q5313599
Q928,P2936,Q5315912
Q928,P2936,Q3551357
Q928,P2936,Q3547080
Q928,P2936,Q2937525
Q928,P2936,Q3571351
Q928,P2936,Q7130477
Q928,P2936,Q5515189
Q928,P2936,Q5753411
Q928,P2936,Q6081098
Q928,P2936,Q6085162
Q928,P2936,Q6068356
Q928,P2936,Q3147383
Q928,P2936,Q6078982
Q928,P2936,Q3915527
Q928,P2936,Q3915515
Q928,P2936,Q7569754
Q928,P2936,Q6346422
Q928,P2936,Q3192339
Q928,P2936,Q7636489
Q928,P2936,Q3915487
Q928,P2936,Q7569611
Q928,P2936,Q3915475
Q928,P2936,Q7563752
Q928,P2936,Q3148787
Q928,P2936,Q3192950
Q928,P2936,Q7675121
Q928,P2936,Q3193895
Q928,P2936,Q4095195
Q928,P2936,Q6374525
Q928,P2936,Q7690594
Q928,P2936,Q7809425
Q928,P2936,Q3206623
Q928,P2936,Q7674700
Q928,P2936,Q7423093
Q928,P2936,Q6410324
Q928,P2936,Q12633026
Q928,P2936,Q12632789
Q928,P2936,Q6373093
Q928,P2936,Q4356243
Q928,P2936,Q12627315
Q928,P2936,Q7857158
Q928,P2936,Q7881585
Q928,P2936,Q12953697
Q928,P2936,Q3362086
Q928,P2936,Q14916911
Q928,P2936,Q3327423
Q928,P2936,Q6747925
Q928,P2936,Q8054343
Q928,P2936,Q7987643
Q928,P2936,Q6729600
Q928,P2936,Q12953698
Q928,P2936,Q6583710
Q928,P2936,Q12952800
Q928,P2936,Q12953699
Q928,P2936,Q16837866
Q928,P2936,Q16839275
Q928,P2936,Q35435
Q928,P2936,Q35455
Q928,P2936,Q35978
Q928,P2936,Q35936
Q928,P2936,Q36121
Q928,P2936,Q8773
Q928,P2936,Q9192
Q928,P2936,Q13202
Q928,P2936,Q13197
Q928,P2936,Q33153
Q928,P2936,Q32964
Q928,P2936,Q29490
Q928,P2936,Q33284
Q928,P2936,Q33281
Q928,P2936,Q33800
Q928,P2936,Q33948
Q928,P2936,Q33879
Q928,P2936,Q34140
Q928,P2936,Q33720
Q928,P2936,Q33717
Q928,P2936,Q34142
Q928,P2936,Q34279
Q928,P2936,Q2880535
Q928,P2936,Q2883511
Q928,P2936,Q3470594
Q928,P2936,Q3192220
Q928,P2936,Q3470593
Q928,P2936,Q3192221
Q928,P2936,Q3287253
Q928,P2936,Q3472206
Q928,P2936,Q11214797
Q928,P2936,Q12626611
Q928,P2936,Q12630884
Q928,P2936,Q12635302
Q928,P2936,Q12627923
Q928,P2936,Q12953795
Q928,P2936,Q12953585
Q928,P2936,Q12953579
Q928,P2936,Q12953578
Q928,P2936,Q12953700
Q928,P2936,Q12953696
Q928,P2936,Q12953796
Q928,P2936,Q12953912
Q928,P2936,Q12953893
Q928,P2936,Q15614922
Q928,P2936,Q12953892
Q928,P2936,Q16115430
Q928,P2936,Q16113894
Q928,P2936,Q16113356
Q928,P2936,Q16117272
Q928,P2936,Q18753303
Q928,P2936,Q18748761
Q928,P2936,Q18755617
Q928,P2936,Q18755512
Q928,P2936,Q18664557
Q928,P2936,Q18753301
Q928,P2936,Q18753307
Q928,P2936,Q18748222
Q928,P2936,Q18603801
Q928,P2936,Q18748769
Q928,P2936,Q18755610
Q928,P2936,Q18753329
Q928,P2936,Q18757427
Q928,P2936,Q18664494
Q928,P2936,Q18748913
Q928,P2936,Q18756514
Q928,P2936,Q18755523
Q928,P2936,Q18664462
Q928,P2936,Q18748906
Q928,P2936,Q18753305
Q928,P2936,Q18753300
Q928,P2936,Q18748212
Q928,P2936,Q18753304
Q928,P2936,Q50934420
Q928,P2936,Q62664215
Q928,P2936,Q63311321
Q928,P2936,Q63308144
Q928,P2936,Q63214936
Q928,P2936,Q63311769
Q928,P2936,Q63311016
Q928,P2936,Q63257803
Q928,P2936,Q63313677
Q928,P1343,Q302556
Q928,P1343,Q4532138
Q928,P206,Q37660
Q928,P206,Q159183
Q928,P206,Q19270
Q928,P1304,Q1853468
Q928,P122,Q7270
Q928,P2184,Q830399
Q928,P2596,Q934605
Q928,P7867,Q8607605
Q928,P8402,Q97062501
Q928,P35,Q457786
Q928,P35,Q1464
Q928,P35,Q123665
Q928,P35,Q212733
Q928,P35,Q215351
Q928,P35,Q1480
Q928,P35,Q1463
Q928,P35,Q312539
Q928,P35,Q319939
Q928,P35,Q117096
Q928,P35,Q319943
Q928,P35,Q223419
Q928,P35,Q319950
Q928,P35,Q360113
Q928,P35,Q1503
Q928,P35,Q188939
Q928,P2579,Q12961646
Q928,P8744,Q1921237
Q293303,P31,Q4167410
Q293303,P460,Q73014775
Q293303,P460,Q73015308
Q293303,P460,Q73015594
Q293303,P460,Q98687823
Q293303,P460,Q98687834
Q293303,P460,Q98687842
Q293303,P460,Q98687861
Q293303,P460,Q98687886
Q293303,P460,Q98687944
Q293303,P1889,Q52815778
Q846,P36,Q3861
Q846,P37,Q13955
Q846,P31,Q189898
Q846,P31,Q3624078
Q846,P31,Q6256
Q846,P35,Q57360
Q846,P35,Q1855372
Q846,P85,Q309476
Q846,P47,Q851
Q846,P78,Q43117
Q846,P163,Q172530
Q846,P6,Q57734
Q846,P6,Q4666105
Q846,P6,Q83849153
Q846,P30,Q48
Q846,P150,Q594208
Q846,P150,Q623609
Q846,P150,Q1147593
Q846,P150,Q1156471
Q846,P150,Q310893
Q846,P150,Q311272
Q846,P150,Q1070191
Q846,P150,Q310872
Q846,P150,Q990414
Q846,P150,Q1069900
Q846,P463,Q1065
Q846,P463,Q7172
Q846,P463,Q7825
Q846,P463,Q47543
Q846,P463,Q191384
Q846,P463,Q656801
Q846,P463,Q1043527
Q846,P463,Q899770
Q846,P463,Q4783148
Q846,P463,Q1137381
Q846,P463,Q624307
Q846,P463,Q8475
Q846,P463,Q842490
Q846,P463,Q233611
Q846,P463,Q7809
Q846,P463,Q17495
Q846,P463,Q376150
Q846,P463,Q7795
Q846,P463,Q162656
Q846,P463,Q170424
Q846,P463,Q7817
Q846,P910,Q7083480
Q846,P237,Q239279
Q846,P38,Q206386
Q846,P38,Q476195
Q846,P17,Q846
Q846,P1465,Q8365619
Q846,P1464,Q7463341
Q846,P421,Q6760
Q846,P1792,Q6994868
Q846,P530,Q16
Q846,P530,Q408
Q846,P530,Q805
Q846,P530,Q858
Q846,P530,Q801
Q846,P530,Q928
Q846,P530,Q851
Q846,P530,Q414
Q846,P530,Q865
Q846,P530,Q902
Q846,P530,Q230
Q846,P530,Q183
Q846,P530,Q458
Q846,P530,Q218
Q846,P530,Q423
Q846,P610,Q1633034
Q846,P1589,Q34675
Q846,P1622,Q14565199
Q846,P2633,Q576594
Q846,P2853,Q60740126
Q846,P2853,Q1528507
Q846,P2852,Q3086706
Q846,P2852,Q1061257
Q846,P1151,Q14616116
Q846,P1313,Q30100647
Q846,P194,Q818691
Q846,P1906,Q25711499
Q846,P1552,Q47185282
Q846,P706,Q7204
Q846,P5125,Q7112422
Q846,P527,Q3861
Q846,P1304,Q3365778
Q846,P1740,Q23721479
Q846,P2936,Q56467
Q846,P2936,Q56385
Q846,P122,Q41614
Q846,P361,Q7204
Q846,P361,Q27293
Q846,P2184,Q944391
Q846,P2596,Q3007363
Q846,P7867,Q84098957
Q846,P8402,Q97097206
Q846,P8744,Q2092906
Q747810,P279,Q49848
Q747810,P279,Q4929239
Q747810,P527,Q97656499
Q681798,P31,Q4167410
Q681798,P460,Q346886
Q401120,P31,Q4167410
Q401120,P460,Q227859
Q401120,P460,Q64760375
Q401120,P460,Q7314562
Q401120,P460,Q64760387
Q401120,P460,Q64760402
Q293585,P31,Q4167410
Q293585,P1889,Q7317559
Q293585,P1889,Q6810881
Q293585,P1889,Q1068737
Q293585,P1889,Q7317567
Q293585,P1889,Q48814365
Q293585,P1889,Q7317574
Q293585,P1889,Q16968531
Q293585,P1889,Q1359894
Q293585,P1889,Q3522499
Q293585,P1889,Q28453057
Q293585,P1889,Q30601616
Q293585,P1889,Q7747367
Q293585,P460,Q31680436
Q293585,P460,Q28492002
Q218,P1151,Q8132332
Q218,P5125,Q7112426
Q218,P38,Q131645
Q218,P1792,Q6993092
Q218,P2852,Q1061257
Q218,P2853,Q1378312
Q218,P2853,Q1123613
Q218,P2633,Q240722
Q218,P1313,Q15304810
Q218,P17,Q218
Q218,P2959,Q27062321
Q218,P122,Q49890
Q218,P1552,Q3174312
Q218,P530,Q16
Q218,P530,Q38
Q218,P530,Q183
Q218,P530,Q408
Q218,P530,Q881
Q218,P530,Q148
Q218,P530,Q212
Q218,P530,Q851
Q218,P530,Q159583
Q218,P530,Q801
Q218,P530,Q142
Q218,P530,Q843
Q218,P530,Q145
Q218,P530,Q215
Q218,P530,Q225
Q218,P530,Q298
Q218,P530,Q657
Q218,P530,Q35
Q218,P530,Q41
Q218,P530,Q28
Q218,P530,Q27
Q218,P530,Q217
Q218,P530,Q37
Q218,P530,Q219060
Q218,P530,Q20
Q218,P530,Q928
Q218,P530,Q36
Q218,P530,Q96
Q218,P530,Q833
Q218,P530,Q265
Q218,P530,Q29
Q218,P530,Q39
Q218,P530,Q43
Q218,P530,Q865
Q218,P530,Q30
Q218,P530,Q403
Q218,P530,Q159
Q218,P530,Q227
Q218,P530,Q399
Q218,P530,Q219
Q218,P530,Q423
Q218,P530,Q15180
Q218,P530,Q794
Q218,P530,Q846
Q218,P530,Q796
Q218,P530,Q878
Q218,P530,Q869
Q218,P1456,Q6623358
Q218,P421,Q6723
Q218,P421,Q6760
Q218,P421,Q5412100
Q218,P421,Q190252
Q218,P421,Q1109976
Q218,P2184,Q216672
Q218,P1365,Q958291
Q218,P1365,Q842794
Q218,P30,Q46
Q218,P36,Q19660
Q218,P237,Q173213
Q218,P47,Q212
Q218,P47,Q28
Q218,P47,Q403
Q218,P47,Q219
Q218,P47,Q217
Q218,P47,Q458
Q218,P47,Q33946
Q218,P47,Q83286
Q218,P47,Q15180
Q218,P47,Q36
Q218,P47,Q37024
Q218,P47,Q36704
Q218,P910,Q11317
Q218,P35,Q57279
Q218,P35,Q701484
Q218,P35,Q189575
Q218,P35,Q189575
Q218,P35,Q299152
Q218,P35,Q80504
Q218,P35,Q80504
Q218,P35,Q309993
Q218,P35,Q294072
Q218,P35,Q362380
Q218,P35,Q317313
Q218,P35,Q612177
Q218,P35,Q930013
Q218,P35,Q212897
Q218,P35,Q930013
Q218,P35,Q57165
Q218,P35,Q57146
Q218,P35,Q57146
Q218,P35,Q294832
Q218,P1791,Q7977879
Q218,P6,Q152362
Q218,P6,Q267857
Q218,P6,Q207473
Q218,P6,Q271966
Q218,P6,Q255022
Q218,P6,Q357004
Q218,P6,Q370856
Q218,P6,Q126671
Q218,P6,Q126660
Q218,P6,Q316823
Q218,P6,Q929248
Q218,P6,Q19003460
Q218,P6,Q513406
Q218,P6,Q322985
Q218,P6,Q380909
Q218,P6,Q362380
Q218,P6,Q309993
Q218,P6,Q294072
Q218,P6,Q317313
Q218,P6,Q279653
Q218,P6,Q368100
Q218,P6,Q554358
Q218,P6,Q2138565
Q218,P6,Q319759
Q218,P6,Q1127800
Q218,P6,Q444472
Q218,P6,Q539251
Q218,P6,Q397108
Q218,P6,Q705500
Q218,P6,Q133896
Q218,P6,Q745963
Q218,P6,Q956953
Q218,P6,Q711113
Q218,P6,Q153047
Q218,P6,Q1827000
Q218,P6,Q928939
Q218,P6,Q538455
Q218,P6,Q554730
Q218,P6,Q1119350
Q218,P6,Q921959
Q218,P6,Q1842040
Q218,P6,Q1127788
Q218,P6,Q2299760
Q218,P6,Q439903
Q218,P6,Q2268352
Q218,P6,Q223414
Q218,P6,Q1842040
Q218,P6,Q1377596
Q218,P6,Q313581
Q218,P6,Q1243658
Q218,P6,Q12735517
Q218,P6,Q9368300
Q218,P6,Q57692
Q218,P6,Q671955
Q218,P6,Q2138565
Q218,P6,Q444472
Q218,P6,Q444472
Q218,P6,Q539251
Q218,P6,Q539251
Q218,P6,Q539251
Q218,P6,Q956953
Q218,P6,Q711113
Q218,P6,Q153047
Q218,P6,Q153047
Q218,P6,Q153047
Q218,P6,Q153047
Q218,P6,Q554730
Q218,P6,Q28950289
Q218,P463,Q458
Q218,P463,Q1065
Q218,P463,Q7184
Q218,P463,Q8908
Q218,P463,Q42262
Q218,P463,Q7825
Q218,P463,Q380340
Q218,P463,Q81299
Q218,P463,Q191384
Q218,P463,Q827525
Q218,P463,Q656801
Q218,P463,Q1043527
Q218,P463,Q899770
Q218,P463,Q782942
Q218,P463,Q663492
Q218,P463,Q41644
Q218,P463,Q191582
Q218,P463,Q1928989
Q218,P463,Q8475
Q218,P463,Q1480793
Q218,P463,Q842490
Q218,P463,Q3866537
Q218,P463,Q1579424
Q218,P463,Q233611
Q218,P463,Q7809
Q218,P463,Q5611262
Q218,P463,Q17495
Q218,P463,Q376150
Q218,P463,Q134102
Q218,P463,Q170424
Q218,P463,Q7817
Q218,P5658,Q14565199
Q218,P1830,Q1413434
Q218,P1830,Q25273242
Q218,P1740,Q7237251
Q218,P208,Q2528718
Q218,P1465,Q6334602
Q218,P85,Q184540
Q218,P1906,Q839139
Q218,P1906,Q36784488
Q218,P1906,Q3409172
Q218,P1906,Q1788734
Q218,P1906,Q36789395
Q218,P361,Q27468
Q218,P78,Q42677
Q218,P31,Q3624078
Q218,P31,Q6256
Q218,P610,Q746524
Q218,P1464,Q8070692
Q218,P194,Q1813360
Q218,P793,Q2031312
Q218,P793,Q174205
Q218,P793,Q1989779
Q218,P793,Q204213
Q218,P793,Q1048169
Q218,P1589,Q166
Q218,P37,Q7913
Q218,P150,Q45868
Q218,P150,Q179559
Q218,P150,Q179567
Q218,P150,Q179779
Q218,P150,Q179588
Q218,P150,Q181513
Q218,P150,Q178861
Q218,P150,Q182614
Q218,P150,Q188503
Q218,P150,Q185309
Q218,P150,Q187925
Q218,P150,Q188948
Q218,P150,Q182624
Q218,P150,Q188505
Q218,P150,Q188959
Q218,P150,Q188797
Q218,P150,Q191065
Q218,P150,Q188796
Q218,P150,Q193055
Q218,P150,Q190406
Q218,P150,Q190702
Q218,P150,Q191071
Q218,P150,Q193044
Q218,P150,Q182888
Q218,P150,Q191670
Q218,P150,Q188813
Q218,P150,Q191717
Q218,P150,Q190711
Q218,P150,Q188661
Q218,P150,Q188945
Q218,P150,Q188665
Q218,P150,Q165459
Q218,P150,Q190690
Q218,P150,Q184797
Q218,P150,Q181209
Q218,P150,Q191653
Q218,P150,Q185586
Q218,P150,Q191078
Q218,P150,Q167199
Q218,P150,Q186838
Q218,P150,Q182778
Q218,P150,Q19660
Q218,P1622,Q14565199
Q218,P163,Q130811
Q218,P1343,Q602358
Q218,P1343,Q19180675
Q218,P1343,Q4173137
Q218,P1304,Q967861
Q218,P2936,Q7913
Q218,P2936,Q2669199
Q218,P2936,Q7362575
Q218,P2936,Q8798
Q218,P2936,Q13201
Q218,P2936,Q9067
Q218,P1344,Q5570670
Q218,P2596,Q1972914
Q218,P7867,Q8607468
Q218,P138,Q1747689
Q218,P8402,Q97098010
Q218,P8744,Q280832
Q405325,P31,Q4167410
Q405325,P1889,Q16425230
Q405325,P1889,Q27243185
Q1045,P122,Q512187
Q1045,P31,Q7270
Q1045,P31,Q3624078
Q1045,P31,Q512187
Q1045,P31,Q6256
Q1045,P30,Q15
Q1045,P36,Q2449
Q1045,P37,Q13275
Q1045,P37,Q13955
Q1045,P35,Q558575
Q1045,P38,Q4603
Q1045,P78,Q126480
Q1045,P85,Q4484804
Q1045,P47,Q977
Q1045,P47,Q115
Q1045,P47,Q114
Q1045,P163,Q159538
Q1045,P6,Q28824125
Q1045,P6,Q97703983
Q1045,P6,Q99605101
Q1045,P150,Q791667
Q1045,P150,Q282471
Q1045,P150,Q806070
Q1045,P150,Q729170
Q1045,P150,Q812064
Q1045,P150,Q876772
Q1045,P150,Q856719
Q1045,P150,Q660040
Q1045,P150,Q1046324
Q1045,P150,Q877042
Q1045,P150,Q877034
Q1045,P150,Q1046329
Q1045,P150,Q751387
Q1045,P150,Q678435
Q1045,P150,Q877028
Q1045,P150,Q848864
Q1045,P150,Q865590
Q1045,P150,Q877021
Q1045,P463,Q1065
Q1045,P463,Q7159
Q1045,P463,Q7172
Q1045,P463,Q47543
Q1045,P463,Q191384
Q1045,P463,Q827525
Q1045,P463,Q656801
Q1045,P463,Q899770
Q1045,P463,Q340195
Q1045,P463,Q294278
Q1045,P463,Q1137381
Q1045,P463,Q624307
Q1045,P463,Q8475
Q1045,P463,Q842490
Q1045,P463,Q7809
Q1045,P463,Q5611262
Q1045,P463,Q17495
Q1045,P463,Q376150
Q1045,P463,Q170424
Q1045,P463,Q7817
Q1045,P832,Q14885577
Q1045,P832,Q196627
Q1045,P421,Q6760
Q1045,P237,Q203362
Q1045,P910,Q6985364
Q1045,P610,Q649162
Q1045,P155,Q1106857
Q1045,P1465,Q8365634
Q1045,P1464,Q8073519
Q1045,P1792,Q7061927
Q1045,P530,Q38
Q1045,P530,Q183
Q1045,P530,Q114
Q1045,P530,Q142
Q1045,P530,Q35
Q1045,P530,Q115
Q1045,P530,Q977
Q1045,P530,Q843
Q1045,P530,Q145
Q1045,P530,Q43
Q1045,P530,Q805
Q1045,P530,Q865
Q1045,P530,Q878
Q1045,P530,Q30
Q1045,P530,Q884
Q1045,P530,Q148
Q1045,P530,Q423
Q1045,P1151,Q11278941
Q1045,P1589,Q1239
Q1045,P1622,Q14565199
Q1045,P2633,Q1340791
Q1045,P2853,Q1378312
Q1045,P2184,Q10862295
Q1045,P17,Q1045
Q1045,P1313,Q1335939
Q1045,P194,Q176597
Q1045,P208,Q5440239
Q1045,P1906,Q19364214
Q1045,P1552,Q47185282
Q1045,P5125,Q7112454
Q1045,P361,Q27407
Q1045,P1424,Q6466088
Q1045,P1424,Q17586311
Q1045,P2852,Q3086706
Q1045,P2852,Q60061962
Q1045,P2852,Q60061960
Q1045,P6104,Q21830805
Q1045,P1304,Q2299534
Q1045,P1740,Q60812927
Q1045,P2936,Q56467
Q1045,P2936,Q13275
Q1045,P2936,Q3197533
Q1045,P2936,Q3447286
Q1045,P2936,Q3514343
Q1045,P2936,Q2910610
Q1045,P2936,Q56616
Q1045,P2936,Q56618
Q1045,P2936,Q56769
Q1045,P2936,Q36221
Q1045,P2936,Q11732489
Q1045,P1343,Q602358
Q1045,P1343,Q4532138
Q1045,P1343,Q4532138
Q1045,P2596,Q3007294
Q1045,P7867,Q8607486
Q1045,P8402,Q96999258
Q29,P1344,Q3024756
Q29,P1344,Q54434
Q29,P1344,Q617333
Q29,P1344,Q40949
Q29,P1344,Q431488
Q29,P1344,Q16640422
Q29,P1344,Q766437
Q29,P1151,Q3249424
Q29,P1546,Q1045726
Q29,P5125,Q7112463
Q29,P172,Q160894
Q29,P1792,Q7096528
Q29,P2852,Q1061257
Q29,P2852,Q25648909
Q29,P2852,Q25648910
Q29,P2853,Q1378312
Q29,P2853,Q1123613
Q29,P1889,Q16775638
Q29,P2633,Q207461
Q29,P1313,Q844587
Q29,P2959,Q21287186
Q29,P2959,Q20820613
Q29,P2959,Q27131893
Q29,P2959,Q55442087
Q29,P122,Q3330103
Q29,P832,Q196627
Q29,P832,Q47499
Q29,P832,Q162691
Q29,P832,Q2745862
Q29,P832,Q420276
Q29,P832,Q185606
Q29,P832,Q19809
Q29,P832,Q132001
Q29,P832,Q40317
Q29,P1552,Q3174312
Q29,P209,Q19746
Q29,P209,Q1566394
Q29,P30,Q46
Q29,P30,Q15
Q29,P530,Q38
Q29,P530,Q155
Q29,P530,Q183
Q29,P530,Q408
Q29,P530,Q928
Q29,P530,Q159583
Q29,P530,Q145
Q29,P530,Q45
Q29,P530,Q414
Q29,P530,Q219
Q29,P530,Q298
Q29,P530,Q224
Q29,P530,Q35
Q29,P530,Q28
Q29,P530,Q766
Q29,P530,Q217
Q29,P530,Q233
Q29,P530,Q96
Q29,P530,Q733
Q29,P530,Q1028
Q29,P530,Q218
Q29,P530,Q17
Q29,P530,Q142
Q29,P530,Q36
Q29,P530,Q252
Q29,P530,Q241
Q29,P530,Q833
Q29,P530,Q739
Q29,P530,Q668
Q29,P530,Q419
Q29,P530,Q225
Q29,P530,Q1025
Q29,P530,Q664
Q29,P530,Q16
Q29,P530,Q710
Q29,P530,Q43
Q29,P530,Q717
Q29,P530,Q77
Q29,P530,Q843
Q29,P530,Q865
Q29,P530,Q881
Q29,P530,Q159
Q29,P530,Q148
Q29,P530,Q41
Q29,P530,Q403
Q29,P530,Q902
Q29,P530,Q230
Q29,P530,Q792
Q29,P530,Q983
Q29,P530,Q423
Q29,P194,Q219692
Q29,P421,Q6655
Q29,P421,Q6723
Q29,P421,Q6574
Q29,P421,Q6655
Q29,P2184,Q7781
Q29,P1365,Q766543
Q29,P1365,Q204920
Q29,P1365,Q80702
Q29,P1365,Q199442
Q29,P1365,Q497777
Q29,P206,Q97
Q29,P206,Q4918
Q29,P206,Q2090594
Q29,P206,Q199408
Q29,P36,Q2807
Q29,P237,Q170600
Q29,P17,Q29
Q29,P2670,Q10742
Q29,P2670,Q162620
Q29,P2670,Q16532593
Q29,P2670,Q2074737
Q29,P47,Q228
Q29,P47,Q45
Q29,P47,Q1028
Q29,P47,Q142
Q29,P47,Q1025
Q29,P47,Q458
Q29,P47,Q1410
Q29,P47,Q7172
Q29,P910,Q1411173
Q29,P35,Q191045
Q29,P35,Q19943
Q29,P1791,Q8328795
Q29,P5008,Q5460604
Q29,P6,Q10819
Q29,P6,Q41395
Q29,P6,Q55637
Q29,P6,Q156799
Q29,P6,Q273129
Q29,P6,Q214367
Q29,P6,Q6070218
Q29,P463,Q7184
Q29,P463,Q458
Q29,P463,Q1065
Q29,P463,Q41550
Q29,P463,Q8908
Q29,P463,Q42262
Q29,P463,Q7825
Q29,P463,Q38130
Q29,P463,Q151991
Q29,P463,Q81299
Q29,P463,Q37470
Q29,P463,Q191384
Q29,P463,Q827525
Q29,P463,Q656801
Q29,P463,Q1043527
Q29,P463,Q899770
Q29,P463,Q340195
Q29,P463,Q188822
Q29,P463,Q782942
Q29,P463,Q190008
Q29,P463,Q663492
Q29,P463,Q421023
Q29,P463,Q5780539
Q29,P463,Q1928989
Q29,P463,Q1072120
Q29,P463,Q8475
Q29,P463,Q1480793
Q29,P463,Q842490
Q29,P463,Q141720
Q29,P463,Q3866537
Q29,P463,Q521227
Q29,P463,Q233611
Q29,P463,Q826700
Q29,P463,Q7809
Q29,P463,Q5611262
Q29,P463,Q17495
Q29,P463,Q376150
Q29,P463,Q1969730
Q29,P463,Q45177
Q29,P463,Q170424
Q29,P463,Q7817
Q29,P706,Q12837
Q29,P706,Q15
Q29,P1740,Q6839331
Q29,P208,Q1194749
Q29,P1465,Q8365641
Q29,P38,Q4916
Q29,P38,Q189097
Q29,P85,Q130940
Q29,P1906,Q3847454
Q29,P3075,Q7882536
Q29,P78,Q37883
Q29,P31,Q3624078
Q29,P31,Q51576574
Q29,P31,Q1250464
Q29,P31,Q6256
Q29,P610,Q38954
Q29,P1464,Q9800589
Q29,P793,Q1990620
Q29,P793,Q1421412
Q29,P793,Q2745432
Q29,P793,Q847664
Q29,P793,Q874209
Q29,P1622,Q14565199
Q29,P1589,Q5775782
Q29,P37,Q1321
Q29,P37,Q9307
Q29,P37,Q8752
Q29,P37,Q7026
Q29,P37,Q14185
Q29,P150,Q5783
Q29,P150,Q5705
Q29,P150,Q5756
Q29,P150,Q5720
Q29,P150,Q3908
Q29,P150,Q5739
Q29,P150,Q3995
Q29,P150,Q5813
Q29,P150,Q5748
Q29,P150,Q5772
Q29,P150,Q4040
Q29,P150,Q3934
Q29,P150,Q5777
Q29,P150,Q5765
Q29,P150,Q4018
Q29,P150,Q3946
Q29,P150,Q5727
Q29,P150,Q5823
Q29,P150,Q5831
Q29,P150,Q191011
Q29,P150,Q689837
Q29,P163,Q121688
Q29,P1343,Q302556
Q29,P1343,Q4114391
Q29,P1343,Q4086271
Q29,P1343,Q602358
Q29,P1343,Q19180675
Q29,P1343,Q4173137
Q29,P6104,Q4521133
Q29,P2936,Q1321
Q29,P2936,Q30007
Q29,P2936,Q300402
Q29,P2936,Q3100814
Q29,P2936,Q5908714
Q29,P2936,Q5146
Q29,P2936,Q35466
Q29,P2936,Q7026
Q29,P2936,Q35768
Q29,P2936,Q8752
Q29,P2936,Q8765
Q29,P2936,Q14185
Q29,P2936,Q9307
Q29,P2936,Q32663
Q29,P2936,Q29507
Q29,P2596,Q1327022
Q29,P138,Q186513
Q29,P7867,Q8607489
Q29,P2579,Q94310568
Q29,P8402,Q97285695
Q29,P361,Q46
Q29,P361,Q458
Q29,P361,Q1849394
Q29,P1830,Q167536
Q29,P1830,Q549696
Q29,P1830,Q2982559
Q29,P8744,Q8050
Q2281983,P31,Q23847174
Q2281983,P31,Q41799099
Q2281983,P31,Q3320743
Q2281983,P361,Q26803
Q2281983,P1269,Q9089
Q2281983,P1343,Q4532138
Q4114622,P361,Q77468620
Q869,P1344,Q4654163
Q869,P1344,Q184425
Q869,P1151,Q14644364
Q869,P5125,Q7112484
Q869,P1792,Q7031648
Q869,P2852,Q25648876
Q869,P2852,Q25648881
Q869,P2852,Q25743536
Q869,P2853,Q24288454
Q869,P2853,Q24288456
Q869,P2853,Q1378312
Q869,P2853,Q1123613
Q869,P172,Q472834
Q869,P172,Q25045392
Q869,P2633,Q1546292
Q869,P1313,Q12376089
Q869,P17,Q869
Q869,P2959,Q27103907
Q869,P2959,Q30302990
Q869,P2959,Q47995170
Q869,P1552,Q47185282
Q869,P530,Q38
Q869,P530,Q183
Q869,P530,Q408
Q869,P530,Q851
Q869,P530,Q403
Q869,P530,Q917
Q869,P530,Q35
Q869,P530,Q142
Q869,P530,Q833
Q869,P530,Q843
Q869,P530,Q928
Q869,P530,Q252
Q869,P530,Q819
Q869,P530,Q865
Q869,P530,Q921
Q869,P530,Q424
Q869,P530,Q96
Q869,P530,Q334
Q869,P530,Q8646
Q869,P530,Q159
Q869,P530,Q902
Q869,P530,Q148
Q869,P530,Q668
Q869,P530,Q884
Q869,P530,Q17
Q869,P530,Q423
Q869,P530,Q218
Q869,P1906,Q27330121
Q869,P194,Q1368318
Q869,P194,Q25352284
Q869,P2184,Q379391
Q869,P37,Q9217
Q869,P30,Q48
Q869,P36,Q1861
Q869,P237,Q188053
Q869,P5008,Q5460604
Q869,P5008,Q54439832
Q869,P47,Q819
Q869,P47,Q424
Q869,P47,Q833
Q869,P47,Q836
Q869,P47,Q1054184
Q869,P910,Q1456388
Q869,P6,Q16140300
Q869,P6,Q2108126
Q869,P35,Q548733
Q869,P155,Q1081620
Q869,P1791,Q25213770
Q869,P463,Q1065
Q869,P463,Q7768
Q869,P463,Q7825
Q869,P463,Q170481
Q869,P463,Q191384
Q869,P463,Q827525
Q869,P463,Q656801
Q869,P463,Q1043527
Q869,P463,Q384535
Q869,P463,Q7886981
Q869,P463,Q188822
Q869,P463,Q795985
Q869,P463,Q277252
Q869,P463,Q8475
Q869,P463,Q842490
Q869,P463,Q233611
Q869,P463,Q7809
Q869,P463,Q5611262
Q869,P463,Q17495
Q869,P463,Q376150
Q869,P463,Q170424
Q869,P463,Q7817
Q869,P5658,Q13196750
Q869,P1740,Q6429943
Q869,P208,Q873675
Q869,P1464,Q9493410
Q869,P1465,Q7482616
Q869,P38,Q177882
Q869,P85,Q207868
Q869,P361,Q11708
Q869,P78,Q43133
Q869,P31,Q41614
Q869,P31,Q3624078
Q869,P31,Q6256
Q869,P610,Q1140075
Q869,P2238,Q133006
Q869,P2238,Q161117
Q869,P2238,Q2141912
Q869,P1622,Q13196750
Q869,P6104,Q15060233
Q869,P1589,Q131217
Q869,P421,Q6940
Q869,P150,Q233588
Q869,P150,Q236419
Q869,P150,Q240495
Q869,P150,Q240540
Q869,P150,Q269270
Q869,P150,Q244698
Q869,P150,Q244618
Q869,P150,Q244652
Q869,P150,Q273794
Q869,P150,Q275740
Q869,P150,Q244699
Q869,P150,Q244628
Q869,P150,Q335492
Q869,P150,Q275758
Q869,P150,Q243791
Q869,P150,Q327510
Q869,P150,Q275377
Q869,P150,Q382144
Q869,P150,Q327533
Q869,P150,Q275388
Q869,P150,Q468554
Q869,P150,Q335119
Q869,P150,Q468547
Q869,P150,Q271737
Q869,P150,Q261241
Q869,P150,Q327737
Q869,P150,Q625463
Q869,P150,Q382125
Q869,P150,Q380761
Q869,P150,Q380757
Q869,P150,Q629024
Q869,P150,Q380752
Q869,P150,Q506598
Q869,P150,Q1001862
Q869,P150,Q243795
Q869,P150,Q476222
Q869,P150,Q1861
Q869,P150,Q459759
Q869,P150,Q273807
Q869,P150,Q336122
Q869,P150,Q466212
Q869,P150,Q334841
Q869,P150,Q239844
Q869,P150,Q242932
Q869,P150,Q459748
Q869,P150,Q240520
Q869,P150,Q237874
Q869,P150,Q275781
Q869,P150,Q380764
Q869,P150,Q271529
Q869,P150,Q334686
Q869,P150,Q459742
Q869,P150,Q337627
Q869,P150,Q334836
Q869,P150,Q272247
Q869,P150,Q244649
Q869,P150,Q334906
Q869,P150,Q327730
Q869,P150,Q207068
Q869,P150,Q321324
Q869,P150,Q335221
Q869,P150,Q381889
Q869,P150,Q241884
Q869,P150,Q244695
Q869,P150,Q236769
Q869,P150,Q244691
Q869,P150,Q271442
Q869,P150,Q236781
Q869,P150,Q273306
Q869,P150,Q243808
Q869,P150,Q182565
Q869,P150,Q236802
Q869,P150,Q236263
Q869,P150,Q235574
Q869,P150,Q240463
Q869,P150,Q243805
Q869,P150,Q242977
Q869,P163,Q134885
Q869,P1304,Q806706
Q869,P2936,Q9217
Q869,P2936,Q33417
Q869,P2936,Q1199751
Q869,P2936,Q116849
Q869,P2936,Q565110
Q869,P2936,Q2031144
Q869,P2936,Q3448919
Q869,P2936,Q6928276
Q869,P2936,Q3441103
Q869,P2936,Q3502234
Q869,P2936,Q4925684
Q869,P2936,Q4925096
Q869,P2936,Q3503717
Q869,P2936,Q5095211
Q869,P2936,Q7058885
Q869,P2936,Q7121294
Q869,P2936,Q3626597
Q869,P2936,Q7187991
Q869,P2936,Q7180184
Q869,P2936,Q5330390
Q869,P2936,Q3914630
Q869,P2936,Q3073465
Q869,P2936,Q3073453
Q869,P2936,Q3915665
Q869,P2936,Q7709156
Q869,P2936,Q7709159
Q869,P2936,Q6391529
Q869,P2936,Q3281057
Q869,P2936,Q13018559
Q869,P2936,Q8054978
Q869,P2936,Q56410
Q869,P2936,Q56508
Q869,P2936,Q56643
Q869,P2936,Q56852
Q869,P2936,Q56482
Q869,P2936,Q36437
Q869,P2936,Q56310
Q869,P2936,Q13349
Q869,P2936,Q33335
Q869,P2936,Q34780
Q869,P2936,Q3033578
Q869,P2936,Q3319380
Q869,P2936,Q3138831
Q869,P2936,Q3082037
Q869,P2936,Q16113806
Q869,P2936,Q18644464
Q869,P2936,Q18648701
Q869,P2936,Q18644465
Q869,P2936,Q25559417
Q869,P2936,Q26425602
Q869,P2596,Q1347711
Q869,P7867,Q84135668
Q869,P8402,Q97128854
Q869,P2579,Q174028
Q869,P8744,Q1901218
Q12204,P1060,Q11986959
Q12204,P910,Q7152382
Q12204,P1995,Q788926
Q12204,P279,Q18553247
Q12204,P279,Q4293079
Q12204,P279,Q506680
Q12204,P279,Q18123741
Q12204,P1542,Q2723627
Q12204,P828,Q130971
Q12204,P2293,Q18037839
Q12204,P2293,Q18047505
Q12204,P2293,Q3826158
Q12204,P2293,Q18046243
Q12204,P2293,Q18027822
Q12204,P2293,Q18046457
Q12204,P2293,Q18036707
Q12204,P2293,Q18037162
Q12204,P2293,Q18035367
Q12204,P31,Q314676
Q12204,P31,Q506680
Q12204,P2176,Q418508
Q12204,P2176,Q414767
Q12204,P2176,Q229924
Q12204,P2176,Q412318
Q12204,P2176,Q415909
Q12204,P2176,Q417571
Q12204,P2176,Q423169
Q12204,P2176,Q423169
Q12204,P2176,Q12751472
Q12204,P2176,Q417571
Q12204,P2176,Q418508
Q12204,P2176,Q414767
Q12204,P924,Q584144
Q12204,P1433,Q564416
Q12204,P5008,Q5460604
Q12204,P5008,Q4099686
Q12204,P2579,Q2624918
Q12204,P780,Q35805
Q12204,P780,Q647099
Q12204,P780,Q718113
Q12204,P780,Q38933
Q12204,P1424,Q20345953
Q948,P1151,Q11646442
Q948,P5125,Q7112493
Q948,P172,Q394067
Q948,P172,Q7325
Q948,P172,Q35323
Q948,P1792,Q4515
Q948,P2852,Q25648833
Q948,P2852,Q25648880
Q948,P2852,Q25648835
Q948,P2852,Q25743553
Q948,P2853,Q1378312
Q948,P2853,Q2335536
Q948,P2633,Q942912
Q948,P1313,Q1064106
Q948,P122,Q4198907
Q948,P122,Q49890
Q948,P832,Q47499
Q948,P832,Q196627
Q948,P832,Q464458
Q948,P832,Q514400
Q948,P832,Q922388
Q948,P832,Q193027
Q948,P832,Q20394044
Q948,P832,Q12228866
Q948,P832,Q3592936
Q948,P832,Q12560060
Q948,P832,Q46959
Q948,P1552,Q3174312
Q948,P30,Q15
Q948,P530,Q38
Q948,P530,Q183
Q948,P530,Q142
Q948,P530,Q30
Q948,P530,Q159
Q948,P530,Q801
Q948,P530,Q403
Q948,P530,Q1028
Q948,P530,Q43
Q948,P530,Q262
Q948,P530,Q843
Q948,P530,Q833
Q948,P530,Q458
Q948,P530,Q865
Q948,P530,Q148
Q948,P530,Q34
Q948,P530,Q28
Q948,P530,Q423
Q948,P35,Q313539
Q948,P35,Q4715
Q948,P35,Q152369
Q948,P35,Q204487
Q948,P35,Q643348
Q948,P35,Q943661
Q948,P35,Q3318530
Q948,P35,Q16120878
Q948,P1906,Q14911897
Q948,P194,Q18342090
Q948,P421,Q6655
Q948,P421,Q25989
Q948,P421,Q6723
Q948,P2184,Q900419
Q948,P206,Q4918
Q948,P36,Q3572
Q948,P237,Q204949
Q948,P138,Q3572
Q948,P166,Q47004555
Q948,P155,Q4899891
Q948,P47,Q1016
Q948,P47,Q262
Q948,P910,Q6018449
Q948,P6,Q3125311
Q948,P6,Q15304780
Q948,P6,Q281184
Q948,P6,Q57699
Q948,P6,Q25391268
Q948,P6,Q3051875
Q948,P6,Q88485687
Q948,P2872,Q16667842
Q948,P1304,Q600137
Q948,P1791,Q7978494
Q948,P463,Q1065
Q948,P463,Q7159
Q948,P463,Q7172
Q948,P463,Q7825
Q948,P463,Q47543
Q948,P463,Q134102
Q948,P463,Q370862
Q948,P463,Q125761
Q948,P463,Q201054
Q948,P463,Q7804
Q948,P463,Q61923
Q948,P463,Q41984
Q948,P463,Q177773
Q948,P463,Q605883
Q948,P463,Q191384
Q948,P463,Q827525
Q948,P463,Q656801
Q948,P463,Q1043527
Q948,P463,Q899770
Q948,P463,Q340195
Q948,P463,Q384535
Q948,P463,Q4783148
Q948,P463,Q1137381
Q948,P463,Q624307
Q948,P463,Q192177
Q948,P463,Q8475
Q948,P463,Q842490
Q948,P463,Q233611
Q948,P463,Q7809
Q948,P463,Q5611262
Q948,P463,Q17495
Q948,P463,Q376150
Q948,P463,Q162656
Q948,P463,Q170424
Q948,P463,Q7817
Q948,P5658,Q13196750
Q948,P1740,Q7140309
Q948,P208,Q526548
Q948,P1465,Q7216151
Q948,P38,Q4602
Q948,P85,Q682679
Q948,P361,Q27381
Q948,P361,Q66458647
Q948,P78,Q43163
Q948,P31,Q6256
Q948,P31,Q3624078
Q948,P31,Q7270
Q948,P31,Q51576574
Q948,P610,Q1232136
Q948,P1464,Q6462387
Q948,P1622,Q14565199
Q948,P1589,Q590855
Q948,P37,Q13955
Q948,P150,Q233116
Q948,P150,Q276576
Q948,P150,Q238555
Q948,P150,Q241129
Q948,P150,Q242263
Q948,P150,Q269968
Q948,P150,Q276580
Q948,P150,Q276574
Q948,P150,Q388047
Q948,P150,Q286063
Q948,P150,Q734328
Q948,P150,Q328199
Q948,P150,Q328164
Q948,P150,Q327087
Q948,P150,Q318102
Q948,P150,Q328145
Q948,P150,Q241145
Q948,P150,Q327097
Q948,P150,Q328115
Q948,P150,Q276565
Q948,P150,Q327045
Q948,P150,Q388059
Q948,P150,Q328109
Q948,P150,Q27916
Q948,P163,Q162789
Q948,P2936,Q56240
Q948,P2936,Q3807949
Q948,P2936,Q150
Q948,P2936,Q13955
Q948,P2936,Q6787694
Q948,P2936,Q7853191
Q948,P2936,Q56467
Q948,P2936,Q636479
Q948,P2936,Q56570
Q948,P2936,Q56597
Q948,P1343,Q4173137
Q948,P1343,Q19180675
Q948,P1343,Q602358
Q948,P17,Q948
Q948,P1365,Q2017684
Q948,P2596,Q2663901
Q948,P7867,Q83986529
Q948,P485,Q2860551
Q948,P190,Q499493
Q948,P8744,Q2914386
Q1563530,P31,Q4167410
Q1563530,P1889,Q17018303
Q1563530,P1889,Q1328988
Q1563530,P460,Q2692114
Q43,P1151,Q13365978
Q43,P5125,Q7112494
Q43,P38,Q172872
Q43,P38,Q14961002
Q43,P172,Q84072
Q43,P172,Q12223
Q43,P1792,Q7031845
Q43,P1792,Q9077925
Q43,P2852,Q1061257
Q43,P2852,Q25648823
Q43,P2852,Q25648862
Q43,P2852,Q25743529
Q43,P2853,Q1123613
Q43,P2853,Q1378312
Q43,P2633,Q217035
Q43,P1313,Q2430415
Q43,P1313,Q1922067
Q43,P17,Q43
Q43,P2959,Q20571352
Q43,P2959,Q27131980
Q43,P122,Q7270
Q43,P1552,Q47185145
Q43,P530,Q16
Q43,P530,Q38
Q43,P530,Q155
Q43,P530,Q159
Q43,P530,Q183
Q43,P530,Q711
Q43,P530,Q408
Q43,P530,Q805
Q43,P530,Q41
Q43,P530,Q801
Q43,P530,Q212
Q43,P530,Q851
Q43,P530,Q159583
Q43,P530,Q148
Q43,P530,Q30
Q43,P530,Q55
Q43,P530,Q219
Q43,P530,Q15180
Q43,P530,Q399
Q43,P530,Q858
Q43,P530,Q298
Q43,P530,Q227
Q43,P530,Q221
Q43,P530,Q142
Q43,P530,Q889
Q43,P530,Q31354462
Q43,P530,Q79
Q43,P530,Q796
Q43,P530,Q414
Q43,P530,Q40
Q43,P530,Q222
Q43,P530,Q262
Q43,P530,Q31
Q43,P530,Q225
Q43,P530,Q33
Q43,P530,Q224
Q43,P530,Q35
Q43,P530,Q115
Q43,P530,Q230
Q43,P530,Q252
Q43,P530,Q29
Q43,P530,Q232
Q43,P530,Q1246
Q43,P530,Q817
Q43,P530,Q219060
Q43,P530,Q664
Q43,P530,Q843
Q43,P530,Q39
Q43,P530,Q1045
Q43,P530,Q218
Q43,P530,Q863
Q43,P530,Q36
Q43,P530,Q948
Q43,P530,Q1049
Q43,P530,Q258
Q43,P530,Q1028
Q43,P530,Q233
Q43,P530,Q833
Q43,P530,Q96
Q43,P530,Q928
Q43,P530,Q865
Q43,P530,Q878
Q43,P530,Q145
Q43,P530,Q794
Q43,P530,Q34
Q43,P530,Q668
Q43,P530,Q403
Q43,P530,Q902
Q43,P530,Q17
Q43,P530,Q28
Q43,P530,Q423
Q43,P194,Q274918
Q43,P2184,Q190876
Q43,P37,Q256
Q43,P1365,Q12560
Q43,P30,Q48
Q43,P30,Q46
Q43,P36,Q3640
Q43,P237,Q199855
Q43,P5008,Q5460604
Q43,P910,Q1411579
Q43,P35,Q39259
Q43,P35,Q42852
Q43,P35,Q165487
Q43,P35,Q151729
Q43,P35,Q151735
Q43,P35,Q183297
Q43,P35,Q5152
Q43,P35,Q1076524
Q43,P35,Q159161
Q43,P35,Q12812897
Q43,P35,Q158500
Q43,P35,Q4544707
Q43,P35,Q216983
Q43,P35,Q313357
Q43,P35,Q343514
Q43,P35,Q180280
Q43,P35,Q462737
Q43,P1791,Q7978516
Q43,P6,Q58198
Q43,P6,Q39259
Q43,P6,Q863496
Q43,P6,Q42852
Q43,P6,Q192634
Q43,P6,Q366692
Q43,P6,Q243550
Q43,P6,Q208377
Q43,P6,Q151729
Q43,P6,Q1348747
Q43,P6,Q558287
Q43,P6,Q180280
Q43,P6,Q375687
Q43,P6,Q39259
Q43,P463,Q41550
Q43,P463,Q8908
Q43,P463,Q7825
Q43,P463,Q19771
Q43,P463,Q380340
Q43,P463,Q1065
Q43,P463,Q7184
Q43,P463,Q81299
Q43,P463,Q191384
Q43,P463,Q827525
Q43,P463,Q656801
Q43,P463,Q1043527
Q43,P463,Q899770
Q43,P463,Q340195
Q43,P463,Q188822
Q43,P463,Q782942
Q43,P463,Q47543
Q43,P463,Q1377612
Q43,P463,Q384535
Q43,P463,Q663492
Q43,P463,Q1928989
Q43,P463,Q1072120
Q43,P463,Q8475
Q43,P463,Q1480793
Q43,P463,Q842490
Q43,P463,Q3866537
Q43,P463,Q233611
Q43,P463,Q826700
Q43,P463,Q7809
Q43,P463,Q5611262
Q43,P463,Q17495
Q43,P463,Q376150
Q43,P463,Q170424
Q43,P463,Q7817
Q43,P5658,Q14565199
Q43,P706,Q46
Q43,P706,Q48
Q43,P1740,Q6839556
Q43,P208,Q12812333
Q43,P1830,Q170495
Q43,P1830,Q221122
Q43,P1830,Q499967
Q43,P1830,Q556417
Q43,P1830,Q573852
Q43,P1830,Q1531422
Q43,P1830,Q1643115
Q43,P1830,Q1721042
Q43,P1830,Q18324962
Q43,P1830,Q28220824
Q43,P1830,Q30621554
Q43,P1830,Q40894456
Q43,P1830,Q6092391
Q43,P1830,Q56884
Q43,P421,Q6760
Q43,P1465,Q7335864
Q43,P85,Q344452
Q43,P1906,Q1922067
Q43,P78,Q41104
Q43,P47,Q41
Q43,P47,Q219
Q43,P47,Q858
Q43,P47,Q796
Q43,P47,Q399
Q43,P47,Q794
Q43,P47,Q230
Q43,P47,Q227
Q43,P47,Q7172
Q43,P47,Q131083
Q43,P47,Q15180
Q43,P47,Q147909
Q43,P47,Q146720
Q43,P47,Q146872
Q43,P47,Q146880
Q43,P47,Q26234937
Q43,P47,Q146885
Q43,P47,Q170468
Q43,P47,Q458
Q43,P47,Q212
Q43,P47,Q229
Q43,P47,Q23681
Q43,P31,Q3624078
Q43,P31,Q1323642
Q43,P31,Q51576574
Q43,P31,Q6256
Q43,P610,Q72303
Q43,P1464,Q7463360
Q43,P1622,Q14565199
Q43,P1589,Q166
Q43,P150,Q40549
Q43,P150,Q43924
Q43,P150,Q45220
Q43,P150,Q80051
Q43,P150,Q80036
Q43,P150,Q2297724
Q43,P150,Q40249
Q43,P150,Q43745
Q43,P150,Q79846
Q43,P150,Q47117
Q43,P150,Q46763
Q43,P150,Q79760
Q43,P150,Q83239
Q43,P150,Q82089
Q43,P150,Q80088
Q43,P150,Q43690
Q43,P150,Q272662
Q43,P150,Q47813
Q43,P150,Q272947
Q43,P150,Q82096
Q43,P150,Q83081
Q43,P150,Q432391
Q43,P150,Q83102
Q43,P150,Q483091
Q43,P150,Q483173
Q43,P150,Q376797
Q43,P150,Q483053
Q43,P150,Q483154
Q43,P150,Q482779
Q43,P150,Q482788
Q43,P150,Q93209
Q43,P150,Q83274
Q43,P150,Q268043
Q43,P150,Q132637
Q43,P150,Q534799
Q43,P150,Q344490
Q43,P150,Q83077
Q43,P150,Q483191
Q43,P150,Q483472
Q43,P150,Q131597
Q43,P150,Q134187
Q43,P150,Q83965
Q43,P150,Q81551
Q43,P150,Q126874
Q43,P150,Q131384
Q43,P150,Q130553
Q43,P150,Q482834
Q43,P150,Q131293
Q43,P150,Q123934
Q43,P150,Q131387
Q43,P150,Q430693
Q43,P150,Q155219
Q43,P150,Q483180
Q43,P150,Q483481
Q43,P150,Q83069
Q43,P150,Q483040
Q43,P150,Q482825
Q43,P150,Q134413
Q43,P150,Q483100
Q43,P150,Q129387
Q43,P150,Q483195
Q43,P150,Q388995
Q43,P150,Q620742
Q43,P150,Q388469
Q43,P150,Q483078
Q43,P150,Q80550
Q43,P150,Q75445
Q43,P150,Q219956
Q43,P150,Q83073
Q43,P150,Q483063
Q43,P150,Q482975
Q43,P150,Q484392
Q43,P150,Q80370
Q43,P150,Q647378
Q43,P150,Q83342
Q43,P150,Q79840
Q43,P150,Q125506
Q43,P150,Q483083
Q43,P150,Q483168
Q43,P150,Q128978
Q43,P150,Q281206
Q43,P163,Q81952
Q43,P1343,Q602358
Q43,P1343,Q19180675
Q43,P1343,Q4173137
Q43,P6104,Q13341450
Q43,P206,Q4918
Q43,P206,Q166
Q43,P206,Q34575
Q43,P1304,Q580829
Q43,P2936,Q256
Q43,P2936,Q36163
Q43,P2936,Q180945
Q43,P2936,Q1160372
Q43,P2936,Q2360396
Q43,P2936,Q56577
Q43,P2936,Q35394
Q43,P2936,Q7918
Q43,P2936,Q8108
Q43,P2936,Q36748
Q43,P2936,Q36931
Q43,P2936,Q36885
Q43,P2936,Q10199
Q43,P2936,Q33290
Q43,P2936,Q33538
Q43,P2936,Q34040
Q43,P2936,Q3449805
Q43,P2936,Q6023868
Q43,P2936,Q22809485
Q43,P361,Q7204
Q43,P361,Q865479
Q43,P361,Q23522
Q43,P361,Q27293
Q43,P1424,Q17586314
Q43,P2596,Q1082380
Q43,P7867,Q8607509
Q43,P2354,Q6645011
Q43,P1889,Q1315785
Q43,P8744,Q431095
Q216151,P31,Q41710
Q216151,P910,Q7024126
Q216151,P1343,Q2657718
Q216151,P17,Q881
Q216151,P17,Q30
Q216151,P17,Q424
Q216151,P17,Q142
Q216151,P17,Q408
Q216151,P17,Q16
Q216151,P17,Q869
Q216151,P17,Q819
Q216151,P17,Q183
Q216151,P17,Q833
Q216151,P17,Q29520
Q216151,P17,Q865
Q216151,P103,Q9199
Q216151,P140,Q748
Q216151,P140,Q9598
Q216151,P140,Q9581
Q216151,P140,Q1841
Q216151,P140,Q23540
Q216151,P140,Q470364
Q216151,P1889,Q3275151
Q216151,P460,Q9613124
Q216151,P279,Q103839813
Q36704,P30,Q46
Q36704,P163,Q381988
Q36704,P85,Q147367
Q36704,P47,Q38
Q36704,P47,Q41
Q36704,P47,Q28
Q36704,P47,Q218
Q36704,P47,Q222
Q36704,P47,Q219
Q36704,P47,Q40
Q36704,P47,Q458
Q36704,P463,Q1065
Q36704,P36,Q3711
Q36704,P910,Q7104121
Q36704,P31,Q3024240
Q36704,P31,Q3624078
Q36704,P31,Q51576574
Q36704,P527,Q191077
Q36704,P527,Q83286
Q36704,P527,Q838261
Q36704,P527,Q37024
Q36704,P1740,Q19361180
Q36704,P1792,Q7030212
Q36704,P2184,Q1516468
Q36704,P37,Q9301
Q36704,P1465,Q8365681
Q36704,P1464,Q8080397
Q36704,P530,Q40
Q36704,P530,Q38
Q36704,P530,Q15180
Q36704,P530,Q16957
Q36704,P530,Q183
Q36704,P38,Q373429
Q36704,P17,Q36704
Q36704,P122,Q7269
Q36704,P122,Q7270
Q36704,P2936,Q9301
Q36704,P2936,Q9063
Q36704,P2936,Q9296
Q36704,P2936,Q8748
Q36704,P7867,Q84078346
Q36704,P78,Q433723
Q36704,P421,Q6655
Q36704,P610,Q1024
Q36704,P206,Q4918
Q357896,P910,Q8221487
Q357896,P279,Q350176
Q22728,P910,Q8310870
Q22728,P279,Q8495
Q22728,P703,Q15978631
Q22728,P2737,Q23766486
Q22728,P2849,Q189961
Q22728,P5008,Q54439832
Q22728,P1582,Q15978631
Q974135,P910,Q8357690
Q974135,P279,Q2575340
Q974135,P279,Q3252988
Q974135,P1542,Q127076
Q974135,P1542,Q3712728
Q974135,P1343,Q2657718
Q974135,P1889,Q3252988
Q1110523,P31,Q4167410
Q1110523,P460,Q702000
Q1110523,P460,Q225800
Q1110523,P460,Q1115425
Q1110523,P460,Q16277480
Q1110523,P460,Q5149974
Q1110523,P460,Q106922
Q1110523,P460,Q1115884
Q1110523,P460,Q446208
Q1110523,P1889,Q37561568
Q376638,P31,Q4167410
Q1877283,P31,Q4167410
Q1877283,P1889,Q37480747
Q246985,P31,Q4167410
Q246985,P1889,Q36896059
Q42918,P279,Q2996394
Q42918,P279,Q102116514
Q42918,P279,Q15304597
Q42918,P527,Q5552256
Q42918,P527,Q2215243
Q42918,P910,Q8803209
Q42918,P1424,Q13501050
Q42918,P1343,Q19190511
Q42918,P1542,Q3285695
Q42918,P828,Q221696
Q121176,P910,Q7013300
Q121176,P31,Q30109942
Q121176,P1424,Q10769058
Q121176,P527,Q2801621
Q121176,P279,Q48768031
Q121176,P3095,Q186360
Q121176,P3095,Q10718797
Q121176,P3095,Q85790021
Q121176,P101,Q70364769
Q162555,P910,Q8934832
Q162555,P31,Q930752
Q162555,P31,Q11862829
Q162555,P1343,Q2657718
Q162555,P2578,Q12078
Q162555,P279,Q11190
Q162555,P3095,Q16062369
Q9618,P910,Q7486227
Q9618,P31,Q9647
Q9618,P31,Q712378
Q9618,P31,Q52193405
Q9618,P1343,Q19558994
Q9618,P2286,Q707436
Q9618,P2289,Q7130422
Q9618,P2288,Q7578544
Q9618,P2288,Q1995284
Q9618,P2288,Q7643652
Q9618,P927,Q682466
Q9618,P3189,Q7130417
Q9618,P3189,Q897760
Q9618,P3189,Q190140
Q9618,P279,Q28846466
Q9618,P4843,Q14859942
Q12140,P910,Q7237918
Q12140,P1963,P769
Q12140,P1963,P2175
Q12140,P1424,Q6033882
Q12140,P366,Q701216
Q12140,P279,Q8386
Q12140,P279,Q28885102
Q12140,P5008,Q5460604
Q12140,P1889,Q8386
Q12140,P1889,Q11190
Q12140,P1889,Q12034587
Q12140,P2959,Q56739955
Q12140,P2849,Q19644607
Q12140,P1343,Q602358
Q12140,P1343,Q19180675
Q12140,P1687,P2176
Q12140,P1552,Q2976049
Q12140,P1552,Q1425437
Q12140,P1552,Q3269441
Q269829,P461,Q1332954
Q269829,P31,Q367359
Q269829,P31,Q483247
Q269829,P1542,Q67526912
Q9625,P910,Q9089688
Q9625,P1343,Q19558994
Q9625,P1343,Q2657718
Q9625,P1343,Q4532138
Q9625,P2286,Q707489
Q9625,P2289,Q4116887
Q9625,P2288,Q5422034
Q9625,P927,Q1547362
Q9625,P31,Q27043948
Q9625,P31,Q4936952
Q9625,P4545,Q1762220
Q9625,P279,Q12229458
Q9625,P279,Q28846466
Q9625,P1056,Q61519248
Q9625,P4843,Q14859938
Q158716,P910,Q8640276
Q158716,P361,Q1340255
Q158716,P361,Q11083
Q158716,P1343,Q19558994
Q158716,P2286,Q384950
Q158716,P2289,Q7643673
Q158716,P2288,Q16989580
Q158716,P279,Q24060765
Q158716,P279,Q66509764
Q158716,P927,Q1547362
Q158716,P31,Q4936952
Q158716,P2789,Q5982337
Q158716,P2789,Q677253
Q158716,P2789,Q2465231
Q1176780,P31,Q4167410
Q9612,P279,Q4620674
Q9612,P279,Q66545296
Q9612,P361,Q844342
Q9612,P1343,Q19558994
Q9612,P1343,Q2041543
Q9612,P1343,Q602358
Q9612,P1343,Q602358
Q9612,P910,Q8963783
Q9612,P2286,Q707419
Q9612,P2286,Q707674
Q9612,P2289,Q1165173
Q9612,P2288,Q6047876
Q9612,P927,Q1547362
Q9612,P366,Q11995
Q9612,P31,Q4936952
Q9612,P4843,Q14902305
Q222174,P910,Q8461208
Q222174,P279,Q19834818
Q222174,P279,Q516751
Q222174,P279,Q71573538
Q222174,P279,Q72185287
Q222174,P31,Q47154513
Q222174,P361,Q22313261
Q222174,P361,Q14909347
Q222174,P361,Q21123538
Q222174,P361,Q22282292
Q222174,P361,Q27116626
Q222174,P361,Q27116627
Q222174,P361,Q22292223
Q396292,P31,Q4167410
Q207123,P31,Q2095
Q207123,P910,Q7157113
Q207123,P279,Q756
Q207123,P1889,Q4892727
Q3649349,P279,Q1058795
Q3649349,P279,Q12334861
Q3649349,P2849,Q1219805
Q3649349,P1889,Q3746560
Q3649349,P1889,Q502525
Q3649349,P1343,Q602358
Q3649349,P1343,Q19180675
Q3649349,P1343,Q4532138
Q407857,P31,Q11173
Q407857,P527,Q623
Q407857,P4952,Q51139288
Q15847822,P31,Q4167410
Q15847822,P1889,Q36919436
Q1430401,P31,Q4167410
Q1379223,P1343,Q2657718
Q1379223,P361,Q30600878
Q1379223,P279,Q14863654
Q1379223,P279,Q22271532
Q1379223,P279,Q22294339
Q1379223,P31,Q2996394
Q1379223,P1542,Q14890574
Q2268871,P31,Q4167410
Q2268871,P1889,Q37024158
Q2268871,P1889,Q29550428
Q5248742,P31,Q4167410
Q2118609,P279,Q57248625
Q2118609,P1889,Q57248774
Q2118609,P1889,Q162919
Q2118609,P460,Q21013262
Q2118609,P366,Q953429
Q2118609,P366,Q99194075
Q42944,P17,Q39
Q42944,P17,Q142
Q42944,P31,Q484652
Q42944,P31,Q31855
Q42944,P910,Q8918014
Q42944,P1037,Q65092
Q42944,P1037,Q546848
Q42944,P1037,Q676260
Q42944,P1037,Q1086825
Q42944,P1037,Q187199
Q42944,P1037,Q71220
Q42944,P1037,Q726083
Q42944,P1037,Q667841
Q42944,P1037,Q667841
Q42944,P1037,Q88380
Q42944,P1037,Q2897997
Q42944,P1037,Q441154
Q42944,P1037,Q667841
Q42944,P1037,Q12714078
Q42944,P1037,Q1403355
Q42944,P1037,Q559815
Q42944,P1037,Q983183
Q42944,P159,Q328385
Q42944,P159,Q68230
Q42944,P166,Q3320352
Q42944,P166,Q7031462
Q42944,P463,Q19861084
Q42944,P463,Q5275956
Q42944,P463,Q858851
Q42944,P463,Q37033
Q42944,P463,Q62391989
Q42944,P793,Q54004690
Q42944,P1830,Q659478
Q42944,P1830,Q20430617
Q42944,P488,Q57087709
Q42944,P488,Q15881934
Q42944,P527,Q27485150
Q42944,P101,Q18334
Q42944,P101,Q350265
Q42944,P2283,Q28135300
Q42944,P37,Q1860
Q42944,P37,Q150
Q154430,P910,Q8819541
Q154430,P1880,Q7690049
Q154430,P1880,Q6373200
Q154430,P1880,Q4878596
Q154430,P1880,Q5644839
Q154430,P1880,Q4524903
Q154430,P279,Q60539481
Q154430,P279,Q169872
Q154430,P279,Q12135
Q154430,P1889,Q35798219
Q154430,P1889,Q544006
Q154430,P2176,Q411457
Q154430,P2176,Q411188
Q154430,P2176,Q407988
Q154430,P2176,Q423364
Q154430,P2176,Q319877
Q154430,P2176,Q421937
Q154430,P2176,Q417240
Q154430,P2176,Q412174
Q154430,P2176,Q2419445
Q154430,P2176,Q407617
Q154430,P2176,Q421930
Q154430,P2176,Q410352
Q154430,P2176,Q218842
Q154430,P2176,Q834280
Q154430,P2176,Q3563148
Q154430,P2176,Q210402
Q154430,P2176,Q251347
Q154430,P2176,Q408471
Q154430,P2176,Q408265
Q154430,P2176,Q408588
Q154430,P2176,Q409672
Q154430,P2176,Q410346
Q154430,P2176,Q201872
Q154430,P2176,Q408535
Q154430,P2176,Q411932
Q154430,P2176,Q422244
Q154430,P2176,Q412443
Q154430,P2176,Q2924764
Q154430,P2176,Q205517
Q154430,P2176,Q898407
Q154430,P2176,Q412194
Q154430,P2176,Q416992
Q154430,P2176,Q423757
Q154430,P1995,Q7867
Q154430,P361,Q77468620
Q154430,P31,Q9415
Q154430,P31,Q169872
Q154430,P1269,Q9418
Q154430,P1269,Q87075524
Q154430,P1552,Q1978097
Q154430,P1479,Q13649246
Q154430,P1542,Q3500368
Q5126959,P31,Q4167410
Q170028,P910,Q7216269
Q170028,P279,Q11024
Q170028,P279,Q600571
Q170028,P1343,Q2041543
Q170028,P1343,Q101314624
Q170028,P1889,Q33056942
Q170028,P1889,Q29485
Q170028,P2283,Q690194
Q170028,P2283,Q4925193
Q170028,P460,Q5282225
Q170028,P1552,Q706622
Q170028,P461,Q337349
Q914068,P31,Q4167410
Q914068,P1889,Q37556570
Q170084,P279,Q151885
Q170084,P461,Q2890061
Q170084,P361,Q44325
Q170084,P361,Q484761
Q170084,P361,Q9471
Q170084,P828,Q23009459
Q170084,P828,Q9420
Q4290,P910,Q7013555
Q4290,P279,Q1369832
Q4290,P279,Q3380760
Q4290,P3095,Q557880
Q108458,P910,Q7483104
Q108458,P31,Q23847174
Q108458,P1269,Q748
Q108458,P1889,Q54894882
Q108458,P279,Q955260
Q108458,P1424,Q24238410
Q1468920,P910,Q8507021
Q1468920,P279,Q7023752
Q1468920,P279,Q5690836
Q1468920,P3095,Q1430956
Q2189995,P279,Q746549
Q2189995,P279,Q14915034
Q2189995,P156,Q182940
Q2189995,P1889,Q96748570
Q1941660,P31,Q41014950
Q1941660,P910,Q8930536
Q1941660,P279,Q8386
Q1941660,P279,Q1976211
Q1941660,P279,Q12830468
Q1941660,P279,Q2622367
Q1941660,P1382,Q208144
Q1941660,P1382,Q2913901
Q29498,P105,Q36602
Q29498,P910,Q7307369
Q29498,P171,Q127341
Q29498,P31,Q16521
Q29498,P1889,Q16667272
Q83093,P910,Q9471386
Q83093,P1963,P787
Q83093,P1963,P789
Q83093,P1963,P785
Q83093,P1963,P784
Q83093,P1963,P788
Q83093,P1963,P786
Q83093,P1889,Q234529
Q83093,P361,Q764
Q83093,P279,Q1132089
Q1436482,P31,Q60539481
Q1436482,P361,Q77468620
Q1436482,P1889,Q843078
Q12187,P279,Q12140
Q12187,P279,Q50377176
Q12187,P279,Q178859
Q12187,P279,Q804539
Q12187,P910,Q7145140
Q12187,P138,Q41579184
Q12187,P138,Q3
Q12187,P5008,Q5460604
Q12187,P31,Q56256173
Q12187,P31,Q12140
Q12187,P1889,Q804539
Q12187,P1552,Q380775
Q80962,P910,Q7132779
Q80962,P2821,Q185716
Q80962,P279,Q8187769
Q80962,P279,Q336
Q80962,P279,Q56299222
Q80962,P361,Q11451
Q80962,P1056,Q103459
Q80962,P31,Q8187769
Q80962,P3095,Q25481074
Q80962,P3095,Q68716602
Q80962,P3095,Q1524582
Q103459,P910,Q9943415
Q103459,P1151,Q19362175
Q103459,P279,Q622852
Q103459,P279,Q57812559
Q103459,P1343,Q2657718
Q103459,P1343,Q1768721
Q292644,P31,Q4167410
Q7663808,P31,Q4167410
Q319827,P910,Q9593935
Q319827,P279,Q36534
Q319827,P2283,Q50315890
Q319827,P366,Q1069061
Q319827,P366,Q1058719
Q319827,P1056,Q3528006
Q16870813,P31,Q101352
Q16870813,P282,Q8229
Q16870813,P460,Q42962045
Q16870813,P5323,Q81945591
Q120569,P910,Q7153057
Q120569,P31,Q930752
Q120569,P361,Q11180
Q120569,P3095,Q71146688
Q120569,P1889,Q171141
Q41861,P910,Q8529658
Q41861,P279,Q1266890
Q41861,P279,Q18965518
Q41861,P279,Q1441305
Q41861,P279,Q95566669
Q41861,P1995,Q3505712
Q41861,P2293,Q18043142
Q41861,P2293,Q18029785
Q41861,P2293,Q18030356
Q41861,P2293,Q14890978
Q41861,P2293,Q18040087
Q41861,P2293,Q18029250
Q41861,P2293,Q18045573
Q41861,P2293,Q14905564
Q41861,P2293,Q18029451
Q41861,P2293,Q17854978
Q41861,P2293,Q4654809
Q41861,P2176,Q155472
Q41861,P2176,Q5199066
Q41861,P2176,Q592802
Q41861,P2176,Q388801
Q41861,P2176,Q424952
Q41861,P2176,Q412534
Q41861,P2176,Q423930
Q41861,P2176,Q425293
Q41861,P2176,Q39111
Q41861,P2176,Q422188
Q41861,P2176,Q412515
Q41861,P2176,Q280786
Q41861,P2176,Q425296
Q41861,P2176,Q410291
Q41861,P2176,Q424165
Q41861,P2176,Q3791957
Q41861,P2176,Q944244
Q41861,P2176,Q412221
Q41861,P2176,Q419987
Q41861,P2176,Q1078392
Q41861,P2176,Q411347
Q41861,P2176,Q412666
Q41861,P2176,Q420673
Q41861,P2176,Q423364
Q41861,P2176,Q422229
Q41861,P2176,Q412208
Q41861,P2176,Q418571
Q41861,P2176,Q546434
Q41861,P2176,Q929420
Q41861,P2176,Q6823919
Q41861,P2176,Q6827783
Q41861,P2176,Q420360
Q41861,P2176,Q947266
Q41861,P2176,Q2889971
Q41861,P2176,Q275926
Q41861,P2176,Q411325
Q41861,P2176,Q1169561
Q41861,P2176,Q1169164
Q41861,P2176,Q418101
Q41861,P2176,Q221520
Q41861,P2176,Q418139
Q41861,P2176,Q5613557
Q41861,P2176,Q277785
Q41861,P2176,Q2072745
Q41861,P2176,Q4890934
Q41861,P2176,Q3332124
Q41861,P2176,Q419995
Q41861,P2176,Q958087
Q41861,P2176,Q729213
Q41861,P2176,Q414873
Q41861,P2176,Q596022
Q41861,P2176,Q419824
Q41861,P2176,Q421156
Q41861,P2176,Q5263885
Q41861,P2176,Q412621
Q41861,P2176,Q420644
Q41861,P2176,Q419939
Q41861,P2176,Q413994
Q41861,P2176,Q7227099
Q41861,P2176,Q415970
Q41861,P2176,Q422185
Q41861,P2176,Q2603363
Q41861,P2176,Q7272222
Q41861,P2176,Q418857
Q41861,P2176,Q407841
Q41861,P2176,Q5613599
Q41861,P2176,Q794162
Q41861,P2176,Q409468
Q41861,P2176,Q2291605
Q41861,P2176,Q3342150
Q41861,P2176,Q5613542
Q41861,P2176,Q410074
Q41861,P2176,Q425289
Q41861,P2176,Q784717
Q41861,P2176,Q421119
Q41861,P2176,Q733186
Q41861,P2176,Q27292429
Q41861,P2176,Q321285
Q41861,P2176,Q27106078
Q41861,P2176,Q419948
Q41861,P2176,Q27281933
Q41861,P2176,Q48566696
Q41861,P2176,Q7700570
Q41861,P2176,Q48566657
Q41861,P2176,Q48566700
Q41861,P2176,Q48566771
Q41861,P2176,Q20078502
Q41861,P2176,Q48566694
Q41861,P2176,Q423804
Q41861,P2176,Q414904
Q41861,P2176,Q48566705
Q41861,P2176,Q48566693
Q41861,P2176,Q48566757
Q41861,P2176,Q48566712
Q41861,P2176,Q48566808
Q41861,P2176,Q420262
Q41861,P2176,Q47495698
Q41861,P2176,Q418130
Q41861,P2176,Q4747075
Q41861,P2176,Q7697766
Q41861,P2176,Q28859607
Q41861,P2176,Q6457467
Q41861,P2176,Q48566655
Q41861,P31,Q63345803
Q41861,P461,Q275419
Q41861,P5131,Q55065076
Q41861,P5131,Q55064813
Q41861,P1542,Q181754
Q41861,P1552,Q5156656
Q41861,P5008,Q4099686
Q101065,P910,Q9692567
Q101065,P279,Q2347178
Q101065,P31,Q785260
Q101065,P31,Q7189713
Q310443,P105,Q7432
Q310443,P171,Q131260
Q310443,P31,Q16521
Q310443,P910,Q55295544
Q310443,P566,Q59452981
Q1184893,P31,Q4167410
Q1184893,P1889,Q37438543
Q16862144,P31,Q4167410
Q169893,P31,Q208469
Q169893,P31,Q68618328
Q169893,P31,Q69197847
Q169893,P31,Q82047057
Q169893,P111,Q309017
Q169893,P111,Q214518
Q169893,P111,Q509598
Q169893,P111,Q79464628
Q169893,P111,Q79466359
Q169893,P138,Q58577
Q169893,P460,Q14850704
Q169893,P1889,Q14850704
Q3440110,P31,Q4830453
Q3440110,P31,Q6881511
Q3440110,P159,Q2885506
Q3440110,P17,Q35
Q3440110,P1454,Q2624520
Q3440110,P131,Q499479
Q3440110,P452,Q31207
Q3440110,P749,Q19903650
Q3706669,P279,Q79529
Q3706669,P279,Q8386
Q3706669,P910,Q5637328
Q3706669,P1382,Q12830468
Q3706669,P1382,Q1572854
Q5166347,P31,Q4167410
Q5166347,P31,Q50843083
Q2453464,P910,Q11714665
Q2453464,P279,Q917447
Q2453464,P279,Q18556754
Q2453464,P1995,Q120569
Q2453464,P1343,Q2657718
Q2453464,P2176,Q412479
Q2453464,P2176,Q256602
Q2453464,P2176,Q7918002
Q2453464,P2176,Q422212
Q2453464,P2176,Q413879
Q2453464,P2176,Q348260
Q2453464,P2176,Q169569
Q2453464,P2176,Q415264
Q2453464,P5008,Q4099686
Q815962,P31,Q1914636
Q815962,P910,Q7669031
Q815962,P1542,Q133156
Q815962,P279,Q2041929
Q5374235,P31,Q4167410
Q83464,P910,Q7400730
Q83464,P461,Q844782
Q83464,P1343,Q2657718
Q83464,P1343,Q3181656
Q83464,P31,Q182545
Q83464,P31,Q1308274
Q83464,P279,Q1969448
Q83464,P279,Q183046
Q83464,P279,Q187931
Q131449,P361,Q175208
Q131449,P361,Q11398
Q131449,P361,Q2074713
Q131449,P910,Q7138049
Q131449,P31,Q151885
Q131449,P461,Q104021
Q131449,P1343,Q2657718
Q131449,P1343,Q602358
Q131449,P1343,Q20078554
Q131449,P1343,Q19180675
Q131449,P279,Q845214
Q131449,P1889,Q1429277
Q5958765,P910,Q8529655
Q5958765,P1995,Q2861470
Q5958765,P1995,Q101929
Q5958765,P279,Q14905642
Q5958765,P279,Q3843811
Q5958765,P279,Q1441305
Q5958765,P2959,Q42982
Q5958765,P2176,Q422252
Q5958765,P2176,Q417222
Q5958765,P2176,Q1074056
Q5958765,P2176,Q424972
Q5958765,P2176,Q11426176
Q5958765,P31,Q2996394
Q5958765,P5642,Q662860
Q5958765,P1542,Q6434647
Q5958765,P1424,Q6330513
Q5958765,P5008,Q4099686
Q1061596,P105,Q34740
Q1061596,P31,Q16521
Q1061596,P910,Q14422476
Q1061596,P427,Q3246083
Q1061596,P2597,Q857288
Q1061596,P171,Q578677
Q1061596,P166,Q22965348
Q1061596,P460,Q6964219
Q251005,P31,Q12140
Q251005,P31,Q35456
Q251005,P31,Q169336
Q251005,P31,Q1259977
Q251005,P2175,Q2886899
Q251005,P2175,Q273510
Q251005,P2175,Q977090
Q251005,P2175,Q3705799
Q251005,P2175,Q11581119
Q251005,P3780,Q48826204
Q251005,P3780,Q48828266
Q251005,P3780,Q47521923
Q251005,P279,Q2519471
Q251005,P2868,Q427492
Q251005,P2868,Q12187
Q251005,P2868,Q415168
Q251005,P2868,Q578726
Q251005,P527,Q27292191
Q7619639,P31,Q4167410
Q1176780,P31,Q4167410
Q23404,P1151,Q8207924
Q23404,P279,Q34749
Q23404,P910,Q7144653
Q23404,P31,Q11862829
Q23404,P31,Q4671286
Q23404,P1343,Q2657718
Q23404,P1343,Q4173137
Q23404,P1343,Q1970746
Q23404,P1343,Q19180675
Q23404,P1343,Q602358
Q23404,P1343,Q602358
Q23404,P1343,Q3181656
Q23404,P3095,Q4773904
Q23404,P2578,Q1156970
Q23404,P5125,Q7112554
Q23404,P361,Q34749
Q23404,P2184,Q3136952
Q23404,P1424,Q7583878
Q5182710,P31,Q4167410
Q277954,P279,Q422812
Q277954,P279,Q11364
Q277954,P279,Q422137
Q277954,P910,Q8424896
Q277954,P361,Q14902297
Q277954,P361,Q14599729
Q277954,P361,Q14865014
Q277954,P361,Q21123543
Q277954,P361,Q14863651
Q277954,P361,Q14902316
Q277954,P361,Q22290462
Q277954,P31,Q56256173
Q101965,P910,Q6479193
Q101965,P279,Q1003030
Q101965,P361,Q3331334
Q101965,P527,Q367158
Q180007,P279,Q16669556
Q180007,P279,Q102186875
Q180007,P1343,Q2657718
Q180007,P1343,Q19190511
Q180007,P361,Q77468620
Q37525,P910,Q7243612
Q37525,P527,Q629
Q37525,P527,Q623
Q37525,P527,Q556
Q37525,P1343,Q2657718
Q37525,P1343,Q20078554
Q37525,P1343,Q602358
Q37525,P1343,Q19180675
Q37525,P1343,Q20078554
Q37525,P31,Q35456
Q37525,P31,Q227790
Q37525,P2868,Q4368298
Q37525,P4952,Q51139288
Q37525,P4952,Q2005334
Q37525,P1889,Q55435676
Q37525,P1889,Q11002
Q37525,P1889,Q101095953
Q37525,P361,Q14863057
Q37525,P361,Q14758903
Q37525,P361,Q14907693
Q37525,P361,Q191835
Q37525,P361,Q14864022
Q37525,P361,Q22281809
Q37525,P361,Q22275617
Q37525,P361,Q22275673
Q37525,P361,Q22281915
Q37525,P361,Q22281913
Q37525,P361,Q22275664
Q37525,P361,Q22275666
Q37525,P361,Q22275677
Q37525,P361,Q21095676
Q37525,P361,Q22275634
Q37525,P361,Q22275633
Q37525,P361,Q22281927
Q37525,P361,Q14859859
Q37525,P361,Q22283268
Q37525,P361,Q14887301
Q37525,P361,Q22324754
Q37525,P361,Q15318080
Q37525,P361,Q21972891
Q37525,P361,Q22324767
Q37525,P361,Q14887304
Q37525,P361,Q22291673
Q37525,P361,Q14863062
Q37525,P361,Q22281920
Q37525,P361,Q14758934
Q37525,P279,Q17339814
Q37525,P279,Q1077067
Q202758,P279,Q18556224
Q202758,P279,Q7130407
Q202758,P1995,Q162606
Q202758,P1343,Q2657718
Q202758,P2176,Q420009
Q202758,P461,Q271993
Q202758,P31,Q12136
Q202758,P31,Q54928607
Q202758,P5008,Q4099686
Q1663054,P279,Q621636
Q1663054,P279,Q9332
Q1663054,P361,Q11978
Q660,P138,Q205668
Q660,P910,Q7469678
Q660,P31,Q11344
Q660,P1343,Q2657718
Q660,P61,Q272512
Q660,P361,Q211331
Q660,P361,Q19563
Q660,P189,Q145
Q660,P1889,Q731
Q660,P279,Q211331
Q660,P279,Q19563
Q1057,P279,Q2996394
Q1057,P910,Q7214712
Q1057,P1424,Q8085091
Q1057,P5008,Q5460604
Q1057,P1343,Q19190511
Q1057,P1343,Q19190511
Q1057,P31,Q2996394
Q1057,P527,Q21130714
Q1057,P527,Q184681
Q7946,P361,Q8063
Q7946,P279,Q79529
Q7946,P279,Q11438
Q7946,P279,Q12037703
Q7946,P279,Q214609
Q7946,P910,Q7215177
Q7946,P1343,Q2657718
Q7946,P1963,P534
Q7946,P1963,P1088
Q7946,P1424,Q52491
Q7946,P5008,Q5460604
Q7946,P1151,Q11110270
Q7946,P2354,Q243479
Q7946,P2354,Q375765
Q7946,P1552,Q1263816
Q7946,P1552,Q895901
Q7946,P2579,Q83353
Q7946,P1889,Q12037703
Q7946,P461,Q7049495
Q654035,P31,Q4167410
Q220193,P1995,Q1221899
Q220193,P279,Q5442760
Q220193,P2176,Q284321
Q220193,P2176,Q186969
Q220193,P2176,Q7129023
Q220193,P2176,Q57055
Q220193,P780,Q474959
Q220193,P780,Q683498
Q220193,P780,Q86
Q220193,P780,Q9690
Q220193,P5008,Q4099686
Q7867,P31,Q930752
Q7867,P31,Q11862829
Q7867,P31,Q483394
Q7867,P910,Q7028954
Q7867,P5125,Q7112710
Q7867,P279,Q11190
Q7867,P527,Q1380905
Q7867,P527,Q2976167
Q7867,P527,Q1407263
Q7867,P527,Q1741745
Q7867,P527,Q1278031
Q7867,P527,Q256771
Q7867,P527,Q5933911
Q7867,P527,Q4681117
Q7867,P527,Q6857804
Q7867,P527,Q28402643
Q7867,P527,Q5263805
Q7867,P527,Q4313186
Q7867,P527,Q57719220
Q7867,P3095,Q211346
Q7867,P1889,Q199906
Q7311709,P31,Q4167410
Q424976,P31,Q11173
Q424976,P31,Q12140
Q424976,P31,Q35456
Q424976,P31,Q15710532
Q424976,P279,Q18225
Q424976,P703,Q15978631
Q424976,P3489,Q28123619
Q424976,P129,Q21120955
Q424976,P361,Q22314329
Q424976,P361,Q22320401
Q424976,P361,Q22324085
Q424976,P361,Q21132747
Q424976,P361,Q21209361
Q424976,P361,Q21112205
Q424976,P361,Q31397189
Q424976,P1889,Q422001
Q299789,P31,Q4167410
Q299789,P1889,Q37504448
Q177911,P910,Q7162167
Q177911,P279,Q174211
Q177911,P279,Q63434725
Q177911,P31,Q47154513
Q177911,P31,Q12140
Q177911,P361,Q14349590
Q177911,P361,Q14864411
Q177911,P361,Q14327702
Q177911,P361,Q14358855
Q7655860,P31,Q4167410
Q2067562,P31,Q4167410
Q2067562,P460,Q59355043
Q2067562,P1889,Q7699630
Q2067562,P1889,Q59355272
Q2067562,P1889,Q59356092
Q7836873,P31,Q2135465
Q127076,P910,Q7106741
Q127076,P828,Q974135
Q127076,P828,Q943897
Q127076,P828,Q133823
Q127076,P828,Q164778
Q127076,P828,Q121041
Q127076,P1343,Q2041543
Q127076,P2176,Q2359690
Q127076,P2176,Q407972
Q127076,P2176,Q251347
Q127076,P2176,Q421095
Q127076,P2176,Q422970
Q127076,P2176,Q7842199
Q127076,P2176,Q510494
Q127076,P2176,Q422252
Q127076,P2176,Q1829318
Q127076,P2176,Q5279734
Q127076,P2176,Q419822
Q127076,P2176,Q190067
Q127076,P2176,Q419079
Q127076,P2176,Q867308
Q127076,P2176,Q372725
Q127076,P2176,Q423520
Q127076,P2176,Q420439
Q127076,P2176,Q4859329
Q127076,P2176,Q421937
Q127076,P2176,Q2393323
Q127076,P2176,Q4890814
Q127076,P2176,Q408265
Q127076,P279,Q1441305
Q127076,P279,Q54926352
Q47071,P31,Q1075
Q47071,P31,Q56053097
Q47071,P910,Q6275057
Q47071,P279,Q9128
Q48040742,P282,Q8229
Q48040742,P31,Q101352
Q48040742,P1889,Q571027
Q243403,P31,Q4167410
Q243403,P1889,Q21147964
Q243403,P1889,Q37546579
Q408032,P31,Q11173
Q408032,P31,Q12140
Q408032,P31,Q47148592
Q408032,P31,Q421948
Q408032,P31,Q72801119
Q408032,P31,Q844593
Q408032,P2175,Q1474877
Q408032,P2868,Q50315890
Q408032,P2868,Q50430480
Q408032,P2868,Q215118
Q408032,P2868,Q189567
Q408032,P4952,Q51139288
Q408032,P1889,Q99239607
Q298755,P31,Q4167410
Q7318167,P31,Q4167410
Q83345,P910,Q8905819
Q83345,P1343,Q302556
Q83345,P1343,Q1138524
Q83345,P1343,Q19190511
Q83345,P1343,Q4173137
Q83345,P1343,Q2041543
Q83345,P1343,Q3181656
Q83345,P1424,Q6925518
Q83345,P279,Q1886589
Q83345,P279,Q3309852
Q83345,P461,Q1583202
Q83345,P461,Q208373
Q83345,P924,Q5121724
Q83345,P5008,Q13382529
Q58,P361,Q842083
Q58,P361,Q181100
Q58,P910,Q7164040
Q58,P279,Q4620674
Q58,P2959,Q22828764
Q58,P527,Q650891
Q58,P527,Q1455226
Q58,P527,Q9386
Q58,P527,Q673203
Q58,P527,Q988343
Q58,P4545,Q873072
Q58,P1419,Q3297588
Q132644,P105,Q7432
Q132644,P31,Q16521
Q132644,P171,Q1061596
Q132644,P2597,Q857288
Q497,P31,Q546776
Q497,P361,Q9649
Q497,P910,Q8879673
Q497,P1343,Q19558994
Q497,P1343,Q602358
Q497,P279,Q546776
Q319450,P31,Q4830453
Q319450,P159,Q1295
Q319450,P17,Q183
Q170538,P910,Q13321507
Q170538,P31,Q11424100
Q170538,P1343,Q2041543
Q10858147,P279,Q1882685
Q365680,P910,Q8271741
Q365680,P279,Q1520311
Q365680,P460,Q81672
Q365680,P1889,Q2911369
Q26830865,P31,Q13406463
Q26830865,P360,Q4390239
Q900406,P910,Q8645312
Q900406,P1343,Q2657718
Q900406,P279,Q3249551
Q900406,P1889,Q79522
Q900406,P31,Q33104069
Q2890076,P31,Q840396
Q26513,P279,Q17013437
Q26513,P279,Q63177820
Q26513,P910,Q55329792
Q26513,P155,Q63177917
Q26513,P1343,Q602358
Q226756,P31,Q4167410
Q1782558,P31,Q4167410
Q452174,P31,Q4167410
Q452174,P1889,Q37532509
Q212254,P910,Q20872985
Q212254,P1343,Q2657718
Q212254,P366,Q549563
Q212254,P366,Q83323
Q212254,P279,Q1783121
Q212254,P2079,Q13222335
Q23538,P31,Q146591
Q23538,P1343,Q1138524
Q23538,P1343,Q63284758
Q23538,P910,Q55329605
Q23538,P1889,Q545439
Q23538,P17,Q1039
Q23538,P17,Q1000
Q23538,P17,Q971
Q23538,P17,Q974
Q23538,P17,Q1036
Q23538,P17,Q114
Q23538,P17,Q1045
Q23538,P17,Q252
Q23538,P17,Q736
Q23538,P17,Q739
Q23538,P17,Q155
Q1553864,P910,Q8495123
Q1553864,P31,Q174834
Q1553864,P1343,Q20743760
Q1553864,P1343,Q2041543
Q1553864,P279,Q1544281
Q1553864,P279,Q11862829
Q1553864,P1424,Q20315518
Q43183,P279,Q15809678
Q43183,P279,Q837171
Q43183,P279,Q8187769
Q43183,P910,Q7013044
Q43183,P2959,Q16109685
Q43183,P361,Q1200977
Q43183,P361,Q189447
Q43183,P1424,Q13091211
Q43183,P1343,Q602358
Q43183,P1343,Q19180675
Q43183,P31,Q268592
Q43183,P31,Q8187769
Q43183,P3342,Q21028005
Q43183,P3095,Q691167
Q43183,P1889,Q2143354
Q43183,P1889,Q977871
Q43183,P1889,Q92121777
Q43183,P1889,Q92122548
Q43183,P1552,Q3546112
Q43183,P2184,Q3635533
Q201989,P361,Q16006998
Q201989,P910,Q8607542
Q201989,P1995,Q788926
Q201989,P1995,Q171171
Q201989,P1995,Q83042
Q201989,P1995,Q10379
Q201989,P279,Q18553247
Q201989,P279,Q16006998
Q201989,P828,Q2723634
Q201989,P1060,Q15304524
Q201989,P1060,Q2714455
Q201989,P1060,Q1497962
Q201989,P2176,Q421713
Q201989,P2176,Q413728
Q201989,P2176,Q201928
Q201989,P2176,Q422442
Q201989,P2176,Q165399
Q201989,P31,Q12136
Q201989,P780,Q2558634
Q201989,P780,Q9690
Q201989,P780,Q86
Q201989,P780,Q683498
Q201989,P780,Q474959
Q201989,P780,Q1397878
Q201989,P780,Q769220
Q201989,P780,Q10686316
Q201989,P780,Q189331
Q201989,P780,Q58490835
Q201989,P780,Q38933
Q201989,P780,Q2307256
Q201989,P780,Q48143
Q201989,P780,Q2346415
Q201989,P780,Q186235
Q201989,P780,Q170990
Q201989,P780,Q1634879
Q201989,P780,Q1364270
Q201989,P1889,Q17103401
Q201989,P923,Q48743
Q201989,P923,Q835153
Q201989,P923,Q332126
Q201989,P923,Q719444
Q201989,P923,Q179991
Q201989,P5008,Q4099686
Q160070,P279,Q1048403
Q160070,P279,Q944806
Q160070,P461,Q1427962
Q160070,P1889,Q11640551
Q160070,P31,Q1048403
Q160070,P910,Q8585389
Q468489,P279,Q24571167
Q468489,P1343,Q2657718
Q468489,P1343,Q1970746
Q468489,P1343,Q602358
Q468489,P1687,P1620
Q468489,P461,Q7315941
Q468489,P460,Q7261572
Q16882019,P31,Q4167410
Q12673555,P105,Q38348
Q12673555,P171,Q3337759
Q12673555,P31,Q16521
Q12673555,P910,Q9121415
Q17221,P31,Q4164871
Q17221,P31,Q28640
Q17221,P910,Q6343855
Q17221,P279,Q11997597
Q17221,P279,Q255274
Q17221,P425,Q43669498
Q17221,P1889,Q3398872
Q657076,P31,Q712378
Q657076,P31,Q52193405
Q657076,P1343,Q602358
Q105650,P910,Q6584898
Q105650,P31,Q930752
Q105650,P31,Q11862829
Q105650,P3095,Q17345122
Q105650,P1343,Q19180675
Q105650,P1889,Q219611
Q58,P361,Q842083
Q58,P361,Q181100
Q58,P910,Q7164040
Q58,P279,Q4620674
Q58,P2959,Q22828764
Q58,P527,Q650891
Q58,P527,Q1455226
Q58,P527,Q9386
Q58,P527,Q673203
Q58,P527,Q988343
Q58,P4545,Q873072
Q58,P1419,Q3297588
Q12174,P1537,Q389735
Q12174,P910,Q8821816
Q12174,P1995,Q162606
Q12174,P1343,Q2657718
Q12174,P1343,Q602358
Q12174,P1343,Q19180675
Q12174,P1343,Q19190511
Q12174,P2176,Q1649219
Q12174,P2176,Q418157
Q12174,P2176,Q3322838
Q12174,P2176,Q413147
Q12174,P2176,Q191924
Q12174,P2176,Q424163
Q12174,P2176,Q2356505
Q12174,P2176,Q255680
Q12174,P2176,Q27888442
Q12174,P2176,Q5280905
Q12174,P2176,Q5103230
Q12174,P2293,Q18053973
Q12174,P2293,Q18037868
Q12174,P2293,Q18026244
Q12174,P2293,Q17709777
Q12174,P2293,Q14912501
Q12174,P2293,Q14863330
Q12174,P2293,Q18031953
Q12174,P2293,Q18034037
Q12174,P2293,Q14911955
Q12174,P2293,Q18037840
Q12174,P2293,Q18030799
Q12174,P2293,Q18052365
Q12174,P2293,Q17917649
Q12174,P2293,Q18043110
Q12174,P2293,Q18053699
Q12174,P2293,Q18044275
Q12174,P2293,Q18029402
Q12174,P2293,Q5204531
Q12174,P2293,Q18048488
Q12174,P2293,Q18041691
Q12174,P2293,Q18049300
Q12174,P2293,Q18036575
Q12174,P2293,Q18031809
Q12174,P2293,Q18048027
Q12174,P2293,Q18035334
Q12174,P2293,Q18257565
Q12174,P2293,Q18035589
Q12174,P2293,Q17914024
Q12174,P2293,Q18048616
Q12174,P2293,Q18036702
Q12174,P2293,Q18048640
Q12174,P2293,Q15311620
Q12174,P2293,Q18047860
Q12174,P2293,Q18045682
Q12174,P2293,Q18034627
Q12174,P2293,Q18031056
Q12174,P2293,Q18030560
Q12174,P2293,Q18024807
Q12174,P2293,Q18053782
Q12174,P2293,Q18047311
Q12174,P2293,Q18031117
Q12174,P2293,Q20767108
Q12174,P2293,Q17855648
Q12174,P2293,Q18046582
Q12174,P2293,Q18036645
Q12174,P2293,Q14916168
Q12174,P2293,Q18046182
Q12174,P2293,Q18036665
Q12174,P2293,Q15330855
Q12174,P2293,Q17854514
Q12174,P2293,Q18032024
Q12174,P2293,Q18041645
Q12174,P2293,Q14906427
Q12174,P2293,Q18050697
Q12174,P2293,Q18053691
Q12174,P2293,Q18048686
Q12174,P2293,Q18026870
Q12174,P2293,Q17915128
Q12174,P2293,Q14908063
Q12174,P2293,Q18041288
Q12174,P2293,Q18028644
Q12174,P2293,Q18037864
Q12174,P2293,Q18031334
Q12174,P2293,Q18047182
Q12174,P2293,Q18035122
Q12174,P2293,Q18041210
Q12174,P2293,Q18030950
Q12174,P2293,Q18053142
Q12174,P2293,Q18050505
Q12174,P2293,Q18033909
Q12174,P2293,Q18048035
Q12174,P2293,Q18049220
Q12174,P2293,Q18045382
Q12174,P2293,Q18039945
Q12174,P2293,Q17848412
Q12174,P2293,Q18047238
Q12174,P2293,Q18030642
Q12174,P2293,Q20785768
Q12174,P2293,Q18026807
Q12174,P2293,Q18030807
Q12174,P2293,Q20763432
Q12174,P2293,Q18051388
Q12174,P2293,Q18038298
Q12174,P2293,Q18046117
Q12174,P2293,Q18046678
Q12174,P2293,Q18053056
Q12174,P2293,Q18052481
Q12174,P2293,Q18042077
Q12174,P2293,Q18038119
Q12174,P2293,Q18030938
Q12174,P2293,Q18033169
Q12174,P2293,Q17914010
Q12174,P2293,Q18045844
Q12174,P2293,Q18035011
Q12174,P2293,Q18030571
Q12174,P2293,Q18046300
Q12174,P2293,Q18042901
Q12174,P2293,Q4682275
Q12174,P2293,Q18039666
Q12174,P2293,Q18052451
Q12174,P2293,Q18037120
Q12174,P2293,Q18041944
Q12174,P2293,Q18036999
Q12174,P2293,Q18047163
Q12174,P2293,Q18031549
Q12174,P2293,Q18058211
Q12174,P2293,Q18046206
Q12174,P2293,Q18026492
Q12174,P2293,Q18031341
Q12174,P2293,Q18039881
Q12174,P2293,Q18041009
Q12174,P2293,Q14907739
Q12174,P2293,Q20781700
Q12174,P2293,Q18025101
Q12174,P2293,Q18055255
Q12174,P2293,Q18041364
Q12174,P2293,Q5145886
Q12174,P2293,Q18049386
Q12174,P2293,Q18029821
Q12174,P2293,Q18036609
Q12174,P2293,Q18049758
Q12174,P2293,Q18038226
Q12174,P2293,Q18050472
Q12174,P2293,Q18048105
Q12174,P2293,Q18031996
Q12174,P2293,Q18036643
Q12174,P2293,Q18046576
Q12174,P2293,Q18049299
Q12174,P2293,Q18035501
Q12174,P2293,Q18051457
Q12174,P2293,Q18041216
Q12174,P2293,Q18046702
Q12174,P2293,Q14864434
Q12174,P2293,Q18042925
Q12174,P2293,Q18035502
Q12174,P2293,Q18034638
Q12174,P2293,Q18048106
Q12174,P2293,Q18034642
Q12174,P2293,Q18043125
Q12174,P2293,Q18048523
Q12174,P2293,Q18028350
Q12174,P2293,Q248215
Q12174,P2293,Q5044069
Q12174,P2293,Q18045729
Q12174,P2293,Q18028136
Q12174,P2293,Q18056715
Q12174,P2293,Q18049381
Q12174,P2293,Q18052509
Q12174,P2293,Q18028304
Q12174,P2293,Q18054420
Q12174,P2293,Q18053078
Q12174,P2293,Q18050946
Q12174,P2293,Q18029805
Q12174,P2293,Q18016416
Q12174,P2293,Q18034058
Q12174,P2293,Q17916236
Q12174,P2293,Q18036957
Q12174,P2293,Q17859830
Q12174,P2293,Q17917132
Q12174,P2293,Q18037055
Q12174,P2293,Q18032648
Q12174,P2293,Q18029694
Q12174,P2293,Q18039842
Q12174,P2293,Q18041775
Q12174,P2293,Q20781641
Q12174,P2293,Q14913016
Q12174,P2293,Q18046841
Q12174,P2293,Q14913093
Q12174,P2293,Q18039812
Q12174,P2293,Q18041995
Q12174,P2293,Q14907479
Q12174,P2293,Q18043139
Q12174,P2293,Q18043088
Q12174,P2293,Q18052265
Q12174,P2293,Q18049238
Q12174,P2293,Q18041070
Q12174,P2293,Q18052225
Q12174,P2293,Q18052370
Q12174,P2293,Q18036690
Q12174,P2293,Q18040719
Q12174,P2293,Q18038823
Q12174,P2293,Q18041753
Q12174,P2293,Q18041720
Q12174,P2293,Q18031692
Q12174,P2293,Q18048527
Q12174,P2293,Q18039766
Q12174,P2293,Q18042664
Q12174,P2293,Q14865077
Q12174,P2293,Q18039878
Q12174,P2293,Q18034925
Q12174,P2293,Q18043134
Q12174,P2293,Q18034615
Q12174,P2293,Q18051841
Q12174,P2293,Q18047088
Q12174,P2293,Q18053009
Q12174,P2293,Q18042565
Q12174,P2293,Q18057391
Q12174,P2293,Q18048093
Q12174,P2293,Q17854930
Q12174,P2293,Q18029847
Q12174,P2293,Q14882921
Q12174,P2293,Q18030409
Q12174,P2293,Q17709656
Q12174,P2293,Q18045846
Q12174,P2293,Q18034882
Q12174,P2293,Q18045594
Q12174,P2293,Q18037683
Q12174,P2293,Q17916054
Q12174,P2293,Q18040397
Q12174,P2293,Q18298365
Q12174,P2293,Q18041972
Q12174,P2293,Q17917642
Q12174,P2293,Q18033875
Q12174,P2293,Q18043072
Q12174,P2293,Q18042617
Q12174,P2293,Q14903153
Q12174,P2293,Q18056535
Q12174,P2293,Q18053590
Q12174,P2293,Q18045477
Q12174,P2293,Q14914156
Q12174,P2293,Q18053460
Q12174,P2293,Q18051095
Q12174,P2293,Q18048880
Q12174,P2293,Q18032199
Q12174,P2293,Q18041679
Q12174,P2293,Q18031100
Q12174,P2293,Q18036452
Q12174,P2293,Q18039714
Q12174,P2293,Q18038318
Q12174,P2293,Q18048056
Q12174,P2293,Q18044809
Q12174,P2293,Q14911859
Q12174,P2293,Q18034584
Q12174,P2293,Q14839826
Q12174,P2293,Q18052491
Q12174,P2293,Q18028073
Q12174,P2293,Q18027475
Q12174,P2293,Q14905674
Q12174,P2293,Q18036664
Q12174,P2293,Q1340834
Q12174,P2293,Q18036672
Q12174,P2293,Q5573603
Q12174,P2293,Q20970098
Q12174,P2293,Q18036675
Q12174,P2293,Q18034740
Q12174,P2293,Q14902310
Q12174,P2293,Q18058955
Q12174,P2293,Q18043142
Q12174,P2293,Q18037755
Q12174,P2293,Q14877701
Q12174,P2293,Q18040412
Q12174,P2293,Q18049666
Q12174,P2293,Q18041088
Q12174,P2293,Q18026481
Q12174,P2293,Q18046721
Q12174,P2293,Q15322924
Q12174,P2293,Q18056481
Q12174,P2293,Q18027645
Q12174,P2293,Q18055892
Q12174,P2293,Q18041136
Q12174,P2293,Q18053695
Q12174,P2293,Q18049968
Q12174,P2293,Q18037030
Q12174,P2293,Q18029917
Q12174,P2293,Q17861975
Q12174,P2293,Q18034688
Q12174,P2293,Q18035350
Q12174,P2293,Q18042069
Q12174,P2293,Q18034993
Q12174,P2293,Q18035082
Q12174,P2293,Q18041544
Q12174,P2293,Q18045467
Q12174,P2293,Q15316617
Q12174,P2293,Q18045546
Q12174,P2293,Q18030785
Q12174,P2293,Q18030218
Q12174,P2293,Q18045547
Q12174,P2293,Q18037595
Q12174,P2293,Q18046312
Q12174,P2293,Q15316514
Q12174,P2293,Q18053538
Q12174,P2293,Q18052377
Q12174,P2293,Q14881694
Q12174,P2293,Q14912969
Q12174,P2293,Q18046806
Q12174,P2293,Q18042708
Q12174,P2293,Q18049080
Q12174,P2293,Q18039623
Q12174,P2293,Q14907990
Q12174,P2293,Q18050606
Q12174,P2293,Q18033233
Q12174,P2293,Q18031635
Q12174,P2293,Q18050821
Q12174,P2293,Q18047169
Q12174,P2293,Q18060170
Q12174,P2293,Q18037904
Q12174,P2293,Q18027898
Q12174,P2293,Q18045627
Q12174,P2293,Q14912092
Q12174,P2293,Q18037889
Q12174,P2293,Q18053504
Q12174,P2293,Q17915447
Q12174,P2293,Q14902484
Q12174,P2293,Q18033774
Q12174,P2293,Q18031156
Q12174,P2293,Q18033776
Q12174,P2293,Q18046540
Q12174,P2293,Q18041572
Q12174,P2293,Q18043047
Q12174,P2293,Q17916097
Q12174,P2293,Q18037897
Q12174,P2293,Q18036733
Q12174,P2293,Q18054353
Q12174,P2293,Q18056808
Q12174,P2293,Q18054763
Q12174,P2293,Q20970198
Q12174,P2293,Q18041512
Q12174,P2293,Q17917694
Q12174,P2293,Q18035630
Q12174,P2293,Q18050866
Q12174,P2293,Q18031587
Q12174,P2293,Q18037060
Q12174,P2293,Q18034042
Q12174,P2293,Q18031360
Q12174,P2293,Q18041732
Q12174,P2293,Q18051063
Q12174,P2293,Q18036984
Q12174,P2293,Q18035326
Q12174,P2293,Q18056527
Q12174,P2293,Q18054365
Q12174,P2293,Q14878336
Q12174,P2293,Q18037123
Q12174,P2293,Q18039975
Q12174,P2293,Q18028566
Q12174,P2293,Q18034027
Q12174,P2293,Q18041607
Q12174,P2293,Q18046745
Q12174,P2293,Q17859798
Q12174,P2293,Q18057689
Q12174,P2293,Q18051824
Q12174,P2293,Q18033112
Q12174,P2293,Q18042559
Q12174,P2293,Q18049956
Q12174,P2293,Q18028894
Q12174,P2293,Q18045327
Q12174,P2293,Q17854978
Q12174,P2293,Q18035035
Q12174,P2293,Q18040102
Q12174,P2293,Q18027576
Q12174,P2293,Q18037069
Q12174,P2293,Q18030965
Q12174,P2293,Q18051862
Q12174,P2293,Q18042886
Q12174,P2293,Q18039741
Q12174,P2293,Q18046652
Q12174,P2293,Q18030356
Q12174,P2293,Q18056164
Q12174,P2293,Q18040542
Q12174,P2293,Q18029872
Q12174,P2293,Q18030378
Q12174,P2293,Q18041856
Q12174,P2293,Q14914279
Q12174,P2293,Q4649948
Q12174,P31,Q87075524
Q12174,P5008,Q5460604
Q12174,P5008,Q4099686
Q12174,P279,Q16956975
Q4781689,P31,Q4167410
Q7112917,P31,Q4830453
Q7112917,P159,Q486860
Q7112917,P127,Q1416215
Q322280,P31,Q4167410
Q101879,P460,Q814728
Q101879,P910,Q9428851
Q101879,P1343,Q2657718
Q101879,P1343,Q16387823
Q101879,P279,Q756
Q101879,P1889,Q10857265
Q101879,P5008,Q99671171
Q133823,P910,Q7460848
Q133823,P1995,Q83042
Q133823,P279,Q576349
Q133823,P1343,Q2657718
Q133823,P2293,Q18045527
Q133823,P2293,Q15324395
Q133823,P2293,Q18034267
Q133823,P2293,Q535544
Q133823,P2293,Q18029011
Q133823,P2293,Q18053521
Q133823,P2293,Q18037030
Q133823,P2293,Q18043161
Q133823,P2293,Q18029218
Q133823,P780,Q209789
Q133823,P780,Q281289
Q133823,P780,Q127076
Q133823,P780,Q86
Q133823,P780,Q186889
Q133823,P2176,Q186969
Q133823,P2176,Q57055
Q133823,P2176,Q423866
Q133823,P2176,Q419186
Q133823,P2176,Q415032
Q133823,P2176,Q421336
Q133823,P2176,Q423364
Q133823,P2176,Q407541
Q133823,P2176,Q221174
Q133823,P2176,Q407721
Q133823,P2176,Q412174
Q133823,P2176,Q218820
Q133823,P2176,Q212171
Q133823,P2176,Q421315
Q133823,P2176,Q410352
Q133823,P2176,Q219957
Q133823,P2176,Q4095199
Q133823,P2176,Q416978
Q133823,P2176,Q409729
Q133823,P2176,Q244408
Q133823,P2176,Q410346
Q133823,P2176,Q58397
Q133823,P2176,Q1215575
Q133823,P2176,Q411932
Q133823,P2176,Q2014797
Q133823,P2176,Q1185089
Q133823,P2176,Q898407
Q133823,P2176,Q5135028
Q133823,P2176,Q409729
Q133823,P924,Q173235
Q133823,P924,Q423866
Q133823,P924,Q816759
Q133823,P924,Q908843
Q133823,P924,Q76560
Q133823,P924,Q576618
Q133823,P924,Q208413
Q133823,P924,Q422248
Q133823,P923,Q835153
Q133823,P923,Q551875
Q133823,P828,Q24238356
Q133823,P5008,Q4099686
Q368718,P910,Q9201693
Q368718,P31,Q188504
Q48143,P689,Q268930
Q48143,P689,Q5
Q48143,P780,Q86
Q48143,P780,Q38933
Q48143,P780,Q186889
Q48143,P780,Q281289
Q48143,P780,Q32069
Q48143,P780,Q127076
Q48143,P910,Q7469778
Q48143,P1995,Q83042
Q48143,P1995,Q788926
Q48143,P279,Q1634879
Q48143,P279,Q5062122
Q48143,P279,Q12040808
Q48143,P2176,Q238490
Q48143,P2176,Q421713
Q48143,P2176,Q415336
Q48143,P2176,Q1994556
Q48143,P2176,Q421713
Q48143,P2176,Q408529
Q48143,P2738,Q23766486
Q48143,P1060,Q871752
Q48143,P1060,Q11986959
Q48143,P828,Q221179
Q48143,P828,Q154625
Q48143,P828,Q1141979
Q48143,P828,Q292015
Q48143,P828,Q808
Q48143,P924,Q701216
Q48143,P924,Q177911
Q48143,P924,Q12187
Q48143,P924,Q846227
Q48143,P5008,Q4099686
Q11192656,P31,Q4167410
Q211159,P361,Q129757
Q211159,P1343,Q602358
Q211159,P1343,Q1970746
Q211159,P1343,Q19180675
Q211159,P279,Q66511773
Q444479,P31,Q4167410
Q8463304,P279,Q11707
Q8463304,P452,Q41958
Q8463304,P1889,Q1206714
Q11004,P279,Q756
Q11004,P279,Q2095
Q11004,P279,Q25403900
Q11004,P910,Q7134776
Q11004,P186,Q1362373
Q11004,P2579,Q173113
Q11004,P2579,Q2375831
Q11004,P5008,Q5460604
Q11004,P361,Q21925565
Q11004,P361,Q209304
Q11004,P1343,Q19190511
Q11004,P1343,Q4086271
Q11004,P1343,Q1768721
Q11004,P2959,Q25423203
Q11004,P1889,Q3314483
Q11004,P527,Q283
Q234064,P31,Q4167410
Q234064,P1889,Q16277237
Q234064,P1889,Q37568458
Q8023592,P31,Q18043413
Q8023592,P159,Q35775
Q8023592,P17,Q30
Q8023592,P452,Q126793
Q42308,P17,Q212
Q42308,P17,Q15180
Q42308,P17,Q46315
Q42308,P17,Q15180
Q42308,P17,Q133356
Q42308,P17,Q243610
Q42308,P17,Q139319
Q42308,P17,Q34266
Q42308,P17,Q186096
Q42308,P17,Q212439
Q42308,P31,Q12134916
Q42308,P31,Q1637706
Q42308,P163,Q4488270
Q42308,P237,Q2024202
Q42308,P6,Q4219653
Q42308,P194,Q4496302
Q42308,P150,Q7242862
Q42308,P150,Q4160816
Q42308,P150,Q4220235
Q42308,P150,Q4304270
Q42308,P150,Q4493135
Q42308,P150,Q2112093
Q42308,P150,Q4229581
Q42308,P150,Q4512330
Q42308,P150,Q4333164
Q42308,P131,Q170666
Q42308,P131,Q4496339
Q42308,P131,Q2363136
Q42308,P131,Q133356
Q42308,P131,Q4423717
Q42308,P131,Q12166942
Q42308,P131,Q4423717
Q42308,P910,Q8573221
Q42308,P421,Q6723
Q42308,P421,Q6760
Q42308,P190,Q3323
Q42308,P190,Q1891
Q42308,P190,Q14960
Q42308,P190,Q173338
Q42308,P190,Q43196
Q42308,P190,Q80021
Q42308,P190,Q93338
Q42308,P190,Q170247
Q42308,P190,Q4115712
Q42308,P190,Q172415
Q42308,P190,Q648
Q42308,P190,Q649
Q42308,P190,Q891
Q42308,P190,Q2090
Q42308,P190,Q268
Q42308,P190,Q201051
Q42308,P190,Q656
Q42308,P190,Q11736
Q42308,P190,Q270
Q42308,P190,Q158064
Q42308,P190,Q6506
Q42308,P190,Q26175
Q42308,P190,Q1355
Q42308,P190,Q133123
Q42308,P1464,Q9224131
Q42308,P1465,Q9914671
Q42308,P1792,Q8738533
Q42308,P1343,Q678259
Q42308,P1343,Q2657718
Q42308,P1151,Q14615003
Q42308,P1791,Q20966526
Q42308,P1830,Q6398755
Q42308,P206,Q1033990
Q42308,P2184,Q4204758
Q42308,P7867,Q84043907
Q42308,P166,Q185493
Q42308,P8744,Q100864733
Q42308,P1376,Q133356
Q42308,P1376,Q170666
Q42308,P1376,Q102428285
Q42308,P1376,Q2631924
Q42308,P1376,Q2363136
Q42308,P1376,Q4423704
Q42308,P1376,Q4496339
Q42308,P1376,Q7744610
Q42308,P1376,Q12166983
Q12206,P1995,Q1207969
Q12206,P910,Q7214357
Q12206,P1542,Q127724
Q12206,P1542,Q945238
Q12206,P1542,Q631361
Q12206,P1542,Q1129105
Q12206,P1343,Q2657718
Q12206,P1343,Q3181656
Q12206,P2176,Q2329715
Q12206,P2176,Q7939403
Q12206,P2176,Q3492616
Q12206,P5008,Q5460604
Q12206,P5008,Q87748614
Q12206,P5008,Q4099686
Q12206,P5125,Q7112608
Q12206,P1889,Q220551
Q12206,P5642,Q56196009
Q12206,P1424,Q18517643
Q12206,P2579,Q1207969
Q12206,P2579,Q162606
Q12206,P279,Q18556224
Q227739,P31,Q4167410
Q227739,P460,Q11824868
Q227739,P1889,Q37464440
Q2477733,P31,Q4167410
Q194520,P910,Q9033452
Q194520,P1343,Q2657718
Q194520,P1269,Q683455
Q194520,P31,Q12136
Q194520,P1889,Q65152739
Q5130589,P31,Q4167410
Q1110546,P31,Q31338769
Q227175,P31,Q4167410
Q227175,P1889,Q16869432
Q227175,P1889,Q27948980
Q162297,P910,Q8529548
Q162297,P279,Q31207
Q162297,P279,Q1773974
Q162297,P527,Q4137993
Q162297,P361,Q17200001
Q162297,P361,Q22692489
Q162297,P1343,Q1970746
Q162297,P1343,Q602358
Q162297,P1343,Q19180675
Q162297,P1343,Q4114391
Q162297,P1343,Q602358
Q162297,P1343,Q4114391
Q162297,P31,Q11862829
Q162297,P31,Q189533
Q162297,P31,Q10354783
Q162297,P3095,Q57651376
Q72204779,P31,Q208569
Q72204779,P175,Q1547803
Q72204779,P264,Q702361
Q72204779,P136,Q325504
Q72204779,P136,Q1641839
Q72204779,P155,Q30512137
Q72204779,P407,Q1860
Q1179073,P31,Q4167410
Q10855101,P31,Q4167410
Q152285,P366,Q105726
Q152285,P910,Q13300767
Q152285,P1343,Q2041543
Q152285,P279,Q1183543
Q152285,P279,Q7857
Q1395219,P910,Q8749474
Q1395219,P1343,Q2657718
Q1395219,P1343,Q63284758
Q1395219,P1343,Q30059240
Q1395219,P1343,Q602358
Q1395219,P1343,Q101314624
Q1395219,P1424,Q8005825
Q1395219,P1382,Q245781
Q1395219,P31,Q2393196
Q1395219,P31,Q622645
Q1395219,P279,Q82785806
Q690838,P279,Q15636274
Q690838,P279,Q949861
Q690838,P1889,Q3106091
Q690838,P31,Q15636234
Q12899755,P31,Q4167410
Q4781459,P31,Q909887
Q10876,P105,Q36732
Q10876,P105,Q19858692
Q10876,P105,Q146481
Q10876,P171,Q19081
Q10876,P171,Q2382443
Q10876,P171,Q842610
Q10876,P910,Q1457013
Q10876,P944,Q743780
Q10876,P31,Q16521
Q10876,P1542,Q727028
Q10876,P1542,Q3776920
Q10876,P1343,Q602358
Q10876,P1343,Q19180675
Q10876,P1343,Q3181656
Q10876,P1889,Q4034791
Q10876,P279,Q39833
Q10876,P5008,Q5460604
Q10876,P1151,Q42353284
Q6430706,P279,Q15980158
Q6430706,P31,Q28640
Q6430706,P425,Q3059502
Q6430706,P910,Q6997791
Q6430706,P2354,Q6614681
Q6430706,P1889,Q3059502
Q21201,P910,Q6642550
Q21201,P2578,Q8425
Q21201,P2578,Q48277
Q21201,P2578,Q3533467
Q21201,P2578,Q8434
Q21201,P2578,Q6958747
Q21201,P2578,Q187588
Q21201,P2578,Q2672648
Q21201,P2578,Q517966
Q21201,P1424,Q8086768
Q21201,P31,Q11862829
Q21201,P31,Q4671286
Q21201,P5125,Q1377671
Q21201,P1343,Q602358
Q21201,P1343,Q19180675
Q21201,P1343,Q4532138
Q21201,P361,Q34749
Q21201,P2184,Q932233
Q21201,P3095,Q2306091
Q21201,P1151,Q85513
Q21201,P2579,Q932233
Q21201,P527,Q461659
Q21201,P527,Q2747152
Q21201,P527,Q15783860
Q21201,P527,Q829367
Q21201,P527,Q610859
Q21201,P527,Q9339103
Q21201,P527,Q847034
Q21201,P527,Q594322
Q21201,P527,Q847486
Q21201,P527,Q1570681
Q21201,P527,Q2167019
Q21201,P527,Q727825
Q21201,P279,Q34749
Q182436,P31,Q28640
Q182436,P31,Q12737077
Q182436,P425,Q199655
Q182436,P910,Q6117609
Q182436,P417,Q44248
Q182436,P417,Q179718
Q182436,P417,Q17590
Q182436,P279,Q1662485
Q182436,P2283,Q7075
Q228258,P31,Q4167410
Q353639,P31,Q4167410
Q353639,P1889,Q17144145
Q21017124,P31,Q431289
Q267591,P31,Q4167410
Q267591,P1889,Q37292030
Q1341073,P31,Q4167410
Q1341073,P1889,Q16423333
Q1341073,P1889,Q28022937
Q1341073,P1889,Q37556626
Q131742,P910,Q7403171
Q131742,P689,Q9368
Q131742,P923,Q886837
Q131742,P923,Q360841
Q131742,P1995,Q120569
Q131742,P1995,Q668064
Q131742,P1995,Q788926
Q131742,P1995,Q11180
Q131742,P1995,Q3505712
Q131742,P279,Q929737
Q131742,P279,Q101991
Q131742,P279,Q102186501
Q131742,P1542,Q147778
Q131742,P1343,Q2657718
Q131742,P828,Q6844
Q131742,P828,Q15326
Q131742,P828,Q18621601
Q131742,P828,Q192360
Q131742,P828,Q1607636
Q131742,P828,Q4112120
Q131742,P828,Q708693
Q131742,P828,Q5731737
Q131742,P780,Q133244
Q131742,P780,Q254327
Q131742,P780,Q183425
Q131742,P780,Q1362864
Q131742,P2176,Q19597688
Q131742,P2176,Q421862
Q131742,P2176,Q7160789
Q131742,P2176,Q420056
Q131742,P2176,Q2502747
Q131742,P5008,Q4099686
Q818481,P105,Q7432
Q818481,P171,Q54016
Q818481,P31,Q16521
Q818481,P566,Q21976294
Q818481,P910,Q55325555
Q818481,P1672,Q96057747
Q11829360,P279,Q546191
Q11829360,P910,Q6272142
Q11829360,P31,Q4936952
Q11829360,P1343,Q602358
Q11829360,P1343,Q3181656
Q11829360,P1889,Q1047050
Q11829360,P1424,Q8085111
Q11829360,P527,Q1029907
Q11829360,P527,Q9639
Q11829360,P527,Q4364110
Q11829360,P361,Q9649
Q11829360,P4843,Q14877292
Q13427002,P279,Q2548752
Q13427002,P279,Q7184903
Q13427002,P1269,Q12684
Q13427002,P1552,Q1357284
Q13427002,P910,Q7483196
Q26686,P105,Q7432
Q26686,P31,Q16521
Q26686,P171,Q2542121
Q26686,P1672,Q5276849
Q26686,P279,Q207123
Q26686,P910,Q55329817
Q26686,P1343,Q602358
Q26686,P1343,Q1138524
Q26686,P1343,Q1768721
Q319141,P279,Q131841
Q319141,P279,Q108163
Q319141,P279,Q3144351
Q319141,P910,Q6248542
Q319141,P1343,Q2657718
Q319141,P1889,Q21653679
Q319141,P6477,Q9081
Q319141,P1552,Q7949
Q319141,P2354,Q848034
Q593362,P31,Q28640
Q593362,P31,Q16335296
Q593362,P279,Q2588761
Q593362,P279,Q437512
Q6678615,P31,Q4167410
Q12192,P910,Q7215471
Q12192,P1995,Q203337
Q12192,P1995,Q788926
Q12192,P279,Q3392853
Q12192,P279,Q3631290
Q12192,P1343,Q2657718
Q12192,P1343,Q19180675
Q12192,P1343,Q602358
Q12192,P1343,Q63284758
Q12192,P2176,Q12187
Q12192,P2176,Q846227
Q12192,P2176,Q1988216
Q12192,P2176,Q1758380
Q12192,P2176,Q48566653
Q12192,P2176,Q48566821
Q12192,P2176,Q420595
Q12192,P2176,Q422442
Q12192,P2176,Q412236
Q12192,P2176,Q47495774
Q12192,P2176,Q424316
Q12192,P2176,Q256602
Q12192,P2176,Q165399
Q12192,P2176,Q863389
Q12192,P2176,Q424940
Q12192,P2176,Q421713
Q12192,P2176,Q411377
Q12192,P2176,Q118551
Q12192,P2176,Q47495791
Q12192,P2176,Q169569
Q12192,P2176,Q410358
Q12192,P2176,Q2552927
Q12192,P2176,Q413728
Q12192,P2176,Q424027
Q12192,P2176,Q165399
Q12192,P2176,Q27116225
Q12192,P2176,Q3995932
Q12192,P2176,Q2552927
Q12192,P31,Q12136
Q12192,P31,Q1931388
Q12192,P31,Q18123741
Q12192,P780,Q35805
Q12192,P780,Q570920
Q12192,P780,Q38933
Q12192,P780,Q188008
Q12192,P780,Q199602
Q12192,P780,Q647099
Q12192,P780,Q205835
Q12192,P923,Q1283318
Q12192,P923,Q32566
Q12192,P923,Q7581635
Q12192,P5008,Q5460604
Q12192,P5008,Q87748614
Q12192,P5008,Q4099686
Q12192,P5642,Q662860
Q12192,P5642,Q178194
Q12192,P5642,Q199804
Q12192,P5642,Q35869
Q12192,P5642,Q12206
Q12192,P5642,Q181754
Q12192,P828,Q166231
Q12192,P828,Q677449
Q12192,P828,Q662860
Q12192,P924,Q12140
Q12192,P1424,Q14459235
Q8084,P279,Q8087
Q8084,P910,Q7034595
Q8084,P31,Q1936384
Q8084,P5008,Q5460604
Q8084,P5125,Q7112803
Q2641256,P279,Q2359691
Q2641256,P31,Q2135465
Q2641256,P1889,Q2588087
Q2641256,P460,Q7743
Q16797811,P31,Q4167410
Q7168,P31,Q336
Q7168,P910,Q7216837
Q7168,P5008,Q54439832
Q7168,P1343,Q602358
Q7168,P1343,Q19180675
Q7168,P1343,Q20078554
Q7168,P3095,Q2552072
Q7168,P1889,Q309
Q4354775,P279,Q781413
Q4354775,P279,Q11398090
Q4354775,P1552,Q706622
Q4354775,P2283,Q191062
Q4354775,P361,Q133500
Q4354775,P366,Q6817456
Q4354775,P460,Q784221
Q213449,P279,Q1663054
Q213449,P910,Q6294036
Q213449,P366,Q208195
Q213449,P366,Q103191
Q213449,P366,Q2138622
Q213449,P460,Q12203305
Q213449,P2283,Q2095
Q213449,P2283,Q9649
Q213449,P461,Q185557
Q213449,P276,Q43164
Q213449,P276,Q11707
Q213449,P276,Q661199
Q213449,P276,Q628858
Q213449,P1889,Q3239189
Q213449,P155,Q38695
Q213449,P155,Q36963
Q213449,P155,Q16920758
Q213449,P1542,Q1562684
Q213449,P828,Q165947
Q213449,P31,Q1914636
Q213449,P3095,Q20984678
Q201664,P910,Q8309236
Q201664,P279,Q3575260
Q201664,P279,Q4470686
Q201664,P1343,Q678259
Q201664,P1343,Q2657718
Q201664,P1343,Q4086271
Q201664,P1343,Q1970746
Q201664,P1343,Q19180675
Q201664,P1343,Q4173137
Q201664,P1343,Q19180675
Q201664,P1343,Q602358
Q43447,P105,Q37517
Q43447,P171,Q25823
Q43447,P31,Q16521
Q43447,P910,Q8873328
Q43447,P910,Q8919754
Q43447,P1343,Q1768721
Q167367,P105,Q37517
Q167367,P910,Q8810978
Q167367,P171,Q25823
Q167367,P31,Q16521
Q167367,P1542,Q4331898
Q167367,P1343,Q1768721
Q167367,P460,Q11185669
Q40520,P22,Q1579827
Q40520,P40,Q289957
Q40520,P40,Q220822
Q40520,P21,Q6581072
Q40520,P31,Q20643955
Q40520,P1441,Q12490438
Q40520,P1441,Q12490436
Q40520,P1441,Q14566197
Q40520,P1441,Q12490439
Q40520,P1441,Q12490441
Q40520,P1441,Q12490440
Q40520,P1441,Q14566207
Q40520,P26,Q671872
Q40520,P1343,Q2041543
Q40520,P1343,Q4086271
Q40520,P1343,Q4173137
Q40520,P1343,Q19180675
Q40520,P1343,Q602358
Q40520,P3373,Q840401
Q40520,P119,Q204200
Q9706,P910,Q8287279
Q9706,P279,Q2162595
Q9706,P31,Q659216
Q253408,P31,Q4167410
Q253408,P1889,Q3284454
Q4925193,P461,Q7949
Q4925193,P910,Q30645538
Q4925193,P279,Q108163
Q4925193,P279,Q17949
Q4925193,P279,Q170028
Q4925193,P31,Q451967
Q4925193,P366,Q170028
Q4925193,P1343,Q1970746
Q4925193,P1343,Q602358
Q4925193,P1343,Q4173137
Q421560,P31,Q4167410
Q146368,P31,Q81163
Q146368,P31,Q11173
Q146368,P31,Q1812439
Q146368,P1343,Q2657718
Q146368,P366,Q2326110
Q146368,P4600,Q338869
Q215840,P21,Q6581097
Q215840,P20,Q49111
Q215840,P31,Q5
Q215840,P108,Q13371
Q215840,P735,Q1249148
Q215840,P19,Q1499068
Q215840,P27,Q183
Q215840,P106,Q18245236
Q215840,P106,Q1622272
Q215840,P1412,Q188
Q2778569,P31,Q101352
Q2778569,P31,Q56219051
Q2778569,P407,Q1860
Q2778569,P1889,Q232457
Q2778569,P1889,Q25392169
Q2778569,P282,Q8229
Q2778569,P460,Q20827080
Q2778569,P460,Q52984204
Q2778569,P460,Q37452929
Q2778569,P460,Q21511109
Q2778569,P460,Q28868754
Q2778569,P460,Q54211963
Q397233,P31,Q4167410
Q1377840,P31,Q781413
Q1377840,P31,Q20888800
Q1377840,P31,Q1121708
Q1377840,P1889,Q54894448
Q1377840,P1889,Q989365
Q1377840,P1479,Q3072083
Q1377840,P461,Q3267244
Q1377840,P5136,Q989365
Q1377840,P1552,Q1375683
Q936684,P31,Q4167410
Q1266835,P31,Q4167410
Q77604,P31,Q930752
Q77604,P910,Q7145943
Q77604,P361,Q11190
Q77604,P279,Q177719
Q483666,P279,Q11372
Q483666,P910,Q7162170
Q483666,P31,Q3918374
Q483666,P31,Q11790203
Q483666,P1424,Q6725243
Q483666,P2184,Q5868895
Q483666,P3095,Q89189132
Q483666,P1889,Q102290484
Q25099033,P31,Q4167410
Q5621641,P31,Q4167410
Q5621641,P1889,Q37195869
Q418784,P31,Q4167410
Q189331,P910,Q7163848
Q189331,P1995,Q10379
Q189331,P2176,Q904071
Q189331,P2176,Q410061
Q189331,P2176,Q216935
Q189331,P2176,Q514534
Q189331,P2176,Q410374
Q189331,P2176,Q757058
Q189331,P2176,Q662511
Q189331,P2176,Q408637
Q189331,P2176,Q422222
Q189331,P2176,Q409468
Q189331,P2176,Q7700570
Q189331,P2176,Q421381
Q189331,P2176,Q20078502
Q189331,P2176,Q413591
Q189331,P2176,Q420262
Q189331,P2176,Q3712521
Q189331,P279,Q190805
Q189331,P279,Q1441305
Q189331,P279,Q44492082
Q189331,P279,Q102186826
Q189331,P31,Q639907
Q189331,P31,Q12136
Q189331,P689,Q933954
Q189331,P461,Q44492277
Q189331,P5008,Q54439832
Q189331,P1542,Q181754
Q189331,P1343,Q4532138
Q1766852,P31,Q4167410
Q3130,P190,Q62
Q3130,P190,Q206895
Q3130,P190,Q11751
Q3130,P190,Q47037646
Q3130,P190,Q16572
Q3130,P190,Q2044
Q3130,P190,Q72259
Q3130,P190,Q490
Q3130,P190,Q1362
Q3130,P190,Q9310
Q3130,P190,Q987
Q3130,P190,Q1461
Q3130,P190,Q1489
Q3130,P190,Q8684
Q3130,P31,Q515
Q3130,P31,Q5119
Q3130,P31,Q200250
Q3130,P31,Q1549591
Q3130,P31,Q1637706
Q3130,P17,Q408
Q3130,P131,Q3224
Q3130,P421,Q7056
Q3130,P910,Q8878509
Q3130,P1464,Q10217686
Q3130,P1465,Q9220087
Q3130,P1740,Q7237194
Q3130,P1792,Q9786798
Q3130,P1376,Q3224
Q3130,P1376,Q1094194
Q3130,P138,Q332533
Q3130,P2633,Q5535240
Q3130,P1151,Q28754020
Q3130,P2184,Q2917709
Q3130,P5008,Q5460604
Q3130,P206,Q648392
Q3130,P2564,Q864320
Q3130,P1441,Q2385
Q3130,P7867,Q84114062
Q3130,P1343,Q4532138
Q3130,P8744,Q5333786
Q420,P1151,Q6726222
Q420,P279,Q7991
Q420,P910,Q1457402
Q420,P31,Q2465832
Q420,P31,Q11862829
Q420,P2578,Q3
Q420,P2578,Q7239
Q420,P1343,Q2657718
Q420,P1343,Q602358
Q420,P1343,Q3181656
Q420,P1343,Q4532138
Q420,P1343,Q19180675
Q420,P1424,Q5896225
Q420,P527,Q183252
Q420,P527,Q7150
Q420,P527,Q441
Q420,P527,Q431
Q420,P527,Q4785356
Q420,P527,Q514
Q420,P527,Q7175
Q420,P3095,Q864503
Q420,P5008,Q5460604
Q420,P2959,Q13053276
Q420,P2184,Q746656
Q420,P6104,Q6723002
Q420,P1552,Q1063
Q420,P1552,Q522190
Q117560,P31,Q4167410
Q117560,P460,Q16633929
Q117560,P460,Q21624361
Q117560,P460,Q1491077
Q117560,P1889,Q16870078
Q342068,P31,Q4167410
Q342068,P910,Q8636778
Q7703250,P31,Q12308941
Q7703250,P282,Q8229
Q7703250,P1533,Q37563729
Q423185,P31,Q11173
Q423185,P31,Q177911
Q423185,P527,Q623
Q423185,P1343,Q2657718
Q423185,P703,Q15978631
Q423185,P2868,Q16909071
Q423185,P2868,Q7447768
Q423185,P2868,Q581996
Q423185,P361,Q22273418
Q423185,P361,Q22273419
Q423185,P361,Q22319486
Q7430,P279,Q123619
Q7430,P279,Q206229
Q7430,P910,Q7217197
Q7430,P527,Q80756
Q7430,P527,Q28745
Q7430,P361,Q40260
Q7430,P361,Q39572
Q7430,P361,Q7020
Q7430,P361,Q271794
Q7430,P361,Q14633858
Q7430,P361,Q14877613
Q7430,P361,Q14901481
Q7430,P361,Q21101125
Q7430,P361,Q22278436
Q7430,P361,Q22288464
Q7430,P361,Q22324811
Q7430,P361,Q22325439
Q7430,P361,Q14888035
Q7430,P361,Q22278441
Q7430,P361,Q22291735
Q7430,P5008,Q5460604
Q7430,P2579,Q1154589
Q7430,P1419,Q201717
Q7430,P1419,Q102836
Q7430,P31,Q47154513
Q9622,P31,Q4936952
Q9622,P1343,Q19558994
Q9622,P2286,Q4381076
Q9622,P2289,Q5947899
Q9622,P2288,Q1619734
Q9622,P279,Q66509661
Q2953166,P31,Q4167410
Q3437264,P31,Q1189745
Q3437264,P31,Q5378616
Q3437264,P282,Q8229
Q3437264,P6254,L371
Q3437264,P407,Q1860
Q188613,P910,Q19474498
Q188613,P279,Q17990877
Q188613,P279,Q628455
Q188613,P140,Q5043
Q188613,P1343,Q4086271
Q188613,P1343,Q602358
Q188613,P1343,Q19180675
Q188613,P1343,Q19190511
Q417351,P910,Q8839527
Q417351,P279,Q3498942
Q417351,P1343,Q2657718
Q417351,P31,Q47154513
Q674,P61,Q77306
Q674,P279,Q19753345
Q674,P279,Q19600
Q674,P910,Q7139372
Q674,P31,Q11344
Q674,P31,Q11173
Q674,P138,Q1775444
Q674,P1343,Q2657718
Q674,P1343,Q19180675
Q674,P1343,Q602358
Q674,P1343,Q602358
Q674,P1343,Q1210353
Q674,P1343,Q4532138
Q674,P1889,Q55435629
Q674,P361,Q211331
Q674,P361,Q106675
Q658,P910,Q8758631
Q658,P279,Q19557
Q658,P279,Q11426
Q658,P279,Q208106
Q658,P31,Q11344
Q658,P31,Q2512777
Q658,P1343,Q2657718
Q658,P1343,Q602358
Q658,P1343,Q19180675
Q658,P1343,Q19190511
Q658,P1343,Q4532138
Q658,P61,Q131761
Q658,P189,Q145
Q658,P703,Q15978631
Q658,P1889,Q3337048
Q658,P1889,Q3963915
Q658,P1889,Q11254
Q658,P361,Q211331
Q658,P361,Q10801007
Q658,P361,Q19557
Q658,P4952,Q51139288
Q658,P366,Q3535009
Q658,P155,Q654
Q131130,P910,Q9742278
Q131130,P1343,Q2657718
Q131130,P1343,Q2041543
Q131130,P1343,Q602358
Q131130,P1343,Q20078554
Q131130,P1343,Q602358
Q131130,P2737,Q23766486
Q131130,P5125,Q7112552
Q131130,P279,Q852859
Q131130,P2579,Q615057
Q223838,P31,Q4167410
Q223838,P1889,Q2277031
Q223838,P1889,Q7488820
Q779753,P31,Q305
Q779753,P5008,Q13382529
Q1465318,P1343,Q678259
Q1465318,P279,Q659974
Q1465318,P527,Q364340
Q1465318,P527,Q1456974
Q1465318,P527,Q16546995
Q1465318,P527,Q1124198
Q1646333,P31,Q4167410
Q18177338,P407,Q188
Q18177338,P1533,Q18177339
Q18177338,P31,Q12308941
Q18177338,P460,Q18182685
Q18177338,P460,Q19987572
Q18177338,P460,Q20706294
Q18177338,P1750,Q2248
Q18177338,P1889,Q2140671
Q18177338,P282,Q8229
Q18177338,P1343,Q151
Q537963,P31,Q1914636
Q537963,P361,Q77468620
Q537963,P1889,Q3748080
Q537963,P1889,Q2052098
Q537963,P1889,Q9058299
Q537963,P1889,Q3899745
Q537963,P1889,Q4652435
Q149082,P31,Q4167410
Q4169795,P31,Q4167410
Q34581,P910,Q7011781
Q34581,P1343,Q2041543
Q34581,P1343,Q1210353
Q34581,P1542,Q576104
Q34581,P279,Q14819852
Q34581,P279,Q3367001
Q34581,P5008,Q5460604
Q34581,P5008,Q54439832
Q34581,P828,Q11995
Q34581,P1889,Q14819852
Q81225,P31,Q11173
Q81225,P31,Q12140
Q81225,P31,Q35456
Q81225,P910,Q7034323
Q81225,P527,Q623
Q81225,P2175,Q81938
Q81225,P2175,Q188008
Q81225,P2175,Q540571
Q81225,P3489,Q3679261
Q81225,P3489,Q28123617
Q81225,P3780,Q47521221
Q81225,P3780,Q47521713
Q81225,P3780,Q47521735
Q81225,P3780,Q47521848
Q81225,P3780,Q6718023
Q81225,P3780,Q47521513
Q81225,P3780,Q48826084
Q81225,P3780,Q48828201
Q81225,P2868,Q50349010
Q81225,P2868,Q427523
Q81225,P2868,Q940
Q81225,P129,Q21115334
Q81225,P129,Q8083989
Q81225,P129,Q5123372
Q81225,P361,Q14911921
Q81225,P361,Q14864774
Q81225,P361,Q22275900
Q81225,P361,Q22275911
Q81225,P361,Q21111901
Q81225,P361,Q22275903
Q208459,P17,Q30
Q208459,P131,Q110739
Q208459,P910,Q8825540
Q208459,P31,Q1093829
Q208459,P31,Q1549591
Q208459,P31,Q13218391
Q208459,P1465,Q55909175
Q208459,P421,Q847142
Q208459,P47,Q486860
Q208459,P47,Q189471
Q208459,P47,Q864124
Q208459,P47,Q159260
Q208459,P47,Q16553
Q208459,P1792,Q10173272
Q208459,P1464,Q32353326
Q208459,P1889,Q2479024
Q42138,P1687,P27
Q42138,P361,Q7275
Q42138,P910,Q9533563
Q42138,P31,Q930933
Q42138,P31,Q33104069
Q42138,P1343,Q678259
Q42138,P1343,Q20743760
Q42138,P1343,Q21002838
Q42138,P1343,Q2041543
Q42138,P1343,Q602358
Q42138,P279,Q60844538
Q42138,P1269,Q7275
Q42138,P1889,Q5583088
Q42138,P1889,Q837313
Q42298454,P279,Q937228
Q1156895,P279,Q2684591
Q1156895,P279,Q1190554
Q1156895,P1889,Q11884698
Q256277,P31,Q4167410
Q256277,P1889,Q2447651
Q256277,P1889,Q28034953
Q256277,P460,Q2447453
Q843905,P31,Q28474
Q843905,P31,Q670036
Q843905,P1889,Q26269311
Q843905,P279,Q126017
Q843905,P4934,Q37221
Q843905,P4934,Q843905
Q843905,P4934,Q173817
Q192520,P279,Q11482290
Q192520,P910,Q6291755
Q192520,P2283,Q25999
Q192520,P1889,Q14085739
Q192520,P3095,Q45199
Q41571,P910,Q8420482
Q41571,P1995,Q83042
Q41571,P1995,Q23688644
Q41571,P279,Q576349
Q41571,P1343,Q2041543
Q41571,P1343,Q602358
Q41571,P1343,Q19180675
Q41571,P1343,Q23705356
Q41571,P1343,Q63284758
Q41571,P1343,Q3181656
Q41571,P2176,Q413690
Q41571,P2176,Q420383
Q41571,P2176,Q219957
Q41571,P2176,Q210402
Q41571,P2176,Q5473363
Q41571,P2176,Q410412
Q41571,P2176,Q2146170
Q41571,P2176,Q407988
Q41571,P2176,Q868658
Q41571,P2176,Q421567
Q41571,P2176,Q421301
Q41571,P2176,Q176301
Q41571,P2176,Q412164
Q41571,P2176,Q410352
Q41571,P2176,Q410346
Q41571,P2176,Q420077
Q41571,P2176,Q408099
Q41571,P2176,Q421663
Q41571,P2176,Q221174
Q41571,P2176,Q410400
Q41571,P2176,Q417227
Q41571,P2176,Q407241
Q41571,P2176,Q412174
Q41571,P2176,Q408099
Q41571,P2176,Q410412
Q41571,P2176,Q7181340
Q41571,P2176,Q221174
Q41571,P2176,Q906414
Q41571,P2176,Q411697
Q41571,P2176,Q421663
Q41571,P2176,Q4533122
Q41571,P2176,Q421301
Q41571,P2293,Q18030938
Q41571,P2293,Q18030575
Q41571,P2293,Q17861955
Q41571,P2293,Q18056155
Q41571,P2293,Q18043114
Q41571,P2293,Q18025166
Q41571,P5008,Q5460604
Q41571,P5008,Q4099686
Q41571,P1542,Q1537070
Q41571,P2579,Q23688644
Q41571,P828,Q2694437
Q231901,P31,Q4167410
Q231901,P1889,Q36905169
Q7628728,P31,Q4167410
Q5159288,P31,Q4167410
Q159341,P1343,Q16387823
Q159341,P1343,Q2041543
Q159341,P1343,Q63284758
Q159341,P910,Q9532932
Q159341,P279,Q764
Q159341,P1889,Q1220207
Q159341,P1889,Q949817
Q187706,P910,Q7370305
Q187706,P279,Q71272629
Q187706,P279,Q407595
Q187706,P279,Q183206
Q187706,P279,Q11173
Q187706,P1889,Q252251
Q187706,P2175,Q3234995
Q187706,P1552,Q216678
Q187706,P61,Q6780705
Q187706,P61,Q268874
Q187706,P61,Q157242
Q1124656,P31,Q4167410
Q1976211,P279,Q3706669
Q1976211,P279,Q50429917
Q1976211,P279,Q50379782
Q1976211,P910,Q8446038
Q1976211,P1542,Q5062120
Q15220494,P31,Q4167410
Q241475,P190,Q191120
Q241475,P190,Q5665
Q241475,P190,Q62868
Q241475,P190,Q182428
Q241475,P190,Q61480
Q241475,P190,Q80021
Q241475,P190,Q191015
Q241475,P131,Q1953388
Q241475,P131,Q3918759
Q241475,P131,Q4261348
Q241475,P131,Q11797232
Q241475,P131,Q11825647
Q241475,P17,Q184
Q241475,P17,Q207272
Q241475,P17,Q34266
Q241475,P17,Q172107
Q241475,P17,Q15180
Q241475,P17,Q15180
Q241475,P17,Q156031
Q241475,P17,Q184
Q241475,P237,Q13133174
Q241475,P1464,Q8061363
Q241475,P1465,Q10061639
Q241475,P1792,Q8740312
Q241475,P910,Q9547620
Q241475,P1376,Q3918759
Q241475,P1376,Q1953388
Q241475,P1376,Q11825647
Q241475,P1376,Q4261348
Q241475,P163,Q17044979
Q241475,P166,Q960966
Q241475,P421,Q6760
Q241475,P1791,Q16602101
Q241475,P206,Q1981128
Q241475,P31,Q79324274
Q241475,P7867,Q84099667
Q8445,P910,Q7301014
Q8445,P1343,Q2041543
Q8445,P1343,Q30059240
Q8445,P1343,Q4086271
Q8445,P1343,Q19211082
Q8445,P1343,Q19180675
Q8445,P1343,Q4173137
Q8445,P1343,Q602358
Q8445,P1343,Q1970746
Q8445,P1343,Q1210353
Q8445,P31,Q1938208
Q8445,P1687,P26
Q8445,P1687,P5982
Q8445,P527,Q16034121
Q8445,P279,Q223642
Q8445,P5008,Q5460604
Q8445,P5008,Q13382529
Q8445,P1552,Q7860953
Q134658,P31,Q11173
Q134658,P31,Q12140
Q134658,P527,Q627
Q134658,P527,Q629
Q134658,P527,Q623
Q134658,P527,Q556
Q134658,P2175,Q221441
Q134658,P2175,Q18554145
Q134658,P703,Q15978631
Q134658,P3780,Q47521893
Q134658,P3780,Q48825997
Q134658,P3780,Q48826219
Q134658,P279,Q7030579
Q134658,P279,Q50430353
Q134658,P2868,Q955332
Q134658,P2868,Q4008956
Q134658,P2868,Q183206
Q134658,P2868,Q30715691
Q134658,P4952,Q51139288
Q134658,P129,Q21156477
Q134658,P129,Q21173485
Q134658,P129,Q21156475
Q134658,P361,Q21173484
Q162555,P910,Q8934832
Q162555,P31,Q930752
Q162555,P31,Q11862829
Q162555,P1343,Q2657718
Q162555,P2578,Q12078
Q162555,P279,Q11190
Q162555,P3095,Q16062369
Q703,P279,Q19557
Q703,P279,Q11426
Q703,P279,Q208106
Q703,P61,Q131761
Q703,P910,Q7215425
Q703,P31,Q11344
Q703,P1343,Q2657718
Q703,P1889,Q658883
Q703,P138,Q10564271
Q703,P4952,Q51139288
Q703,P4952,Q2005334
Q703,P361,Q10801007
Q703,P361,Q239825
Q703,P361,Q19557
Q211346,P31,Q28640
Q211346,P31,Q4164871
Q211346,P279,Q6817473
Q211346,P279,Q39631
Q211346,P425,Q7867
Q211346,P910,Q8804168
Q211346,P460,Q4726509
Q211346,P1963,P5450
Q211346,P6186,Q31960710
Q443214,P31,Q4167410
Q453391,P910,Q8656017
Q453391,P31,Q4167410
Q60797,P910,Q8732541
Q60797,P279,Q190539
Q60797,P279,Q18342738
Q60797,P31,Q223393
Q60797,P2579,Q1038158
Q60797,P1343,Q4086271
Q60797,P1343,Q19180675
Q60797,P1343,Q602358
Q60797,P1343,Q4532138
Q60797,P361,Q1539016
Q60797,P361,Q1545080
Q153988,P279,Q851782
Q153988,P279,Q987767
Q153988,P1343,Q1768721
Q153988,P1889,Q3579073
Q15041366,P31,Q4167410
Q15041366,P1889,Q7498915
Q15041366,P1889,Q16870634
Q614304,P910,Q7214529
Q614304,P31,Q1665984
Q614304,P31,Q4671286
Q614304,P31,Q2465832
Q614304,P361,Q11190
Q614304,P361,Q2329
Q614304,P361,Q420
Q614304,P361,Q8148
Q614304,P1889,Q18498018
Q614304,P1889,Q13107184
Q614304,P279,Q11190
Q614304,P279,Q11351
Q614304,P1343,Q602358
Q614304,P1343,Q19180675
Q614304,P1343,Q2041543
Q614304,P3095,Q105186
Q7863,P366,Q23841
Q7863,P279,Q2024731
Q7863,P61,Q3085359
Q7863,P910,Q65062468
Q7863,P1343,Q602358
Q7863,P361,Q190771
Q202301,P910,Q7013399
Q202301,P1995,Q177635
Q202301,P279,Q185643
Q202301,P2283,Q15043671
Q44595,P910,Q9085497
Q44595,P1343,Q2657718
Q44595,P1343,Q602358
Q44595,P1343,Q19180675
Q44595,P279,Q14819856
Q44595,P279,Q170430
Q44595,P527,Q213449
Q44595,P3095,Q60526706
Q44595,P1889,Q2853058
Q192783,P279,Q182940
Q192783,P279,Q1401891
Q192783,P279,Q746549
Q192783,P279,Q7340417
Q192783,P910,Q7335530
Q192783,P1419,Q12510
Q192783,P1889,Q1093616
Q192783,P2079,Q854618
Q76507,P279,Q21073936
Q76507,P279,Q84048852
Q76507,P31,Q171318
Q76507,P1552,Q6581072
Q76507,P461,Q76557
Q224058,P31,Q4167410
Q224058,P1343,Q2041543
Q224058,P910,Q9737643
Q159701,P910,Q7217266
Q159701,P279,Q3041498
Q159701,P1995,Q161437
Q159701,P2176,Q905952
Q159701,P2176,Q419401
Q159701,P2176,Q413690
Q159701,P2176,Q3706987
Q159701,P2176,Q415401
Q159701,P2176,Q384993
Q159701,P2176,Q1149099
Q159701,P2176,Q412221
Q159701,P2176,Q19856779
Q159701,P2176,Q410595
Q159701,P2176,Q411517
Q159701,P2176,Q27292429
Q159701,P2176,Q2393348
Q159701,P2176,Q2139543
Q159701,P2176,Q411461
Q159701,P2176,Q2193376
Q159701,P2176,Q577377
Q159701,P2176,Q48566671
Q159701,P2176,Q634959
Q159701,P2176,Q414270
Q159701,P2176,Q27077758
Q159701,P2176,Q384993
Q159701,P2293,Q18041576
Q159701,P31,Q12136
Q159701,P1343,Q602358
Q159701,P1343,Q20078554
Q159701,P5008,Q4099686
Q620730,P31,Q11173
Q620730,P31,Q12140
Q620730,P31,Q162657
Q620730,P31,Q8066
Q620730,P31,Q3241589
Q620730,P31,Q9150056
Q620730,P527,Q623
Q620730,P1343,Q2657718
Q620730,P1343,Q602358
Q620730,P1343,Q19180675
Q620730,P1343,Q20078554
Q620730,P2175,Q172941
Q620730,P703,Q15978631
Q620730,P702,Q29018195
Q620730,P702,Q29018196
Q620730,P702,Q29018197
Q620730,P702,Q29018198
Q620730,P2868,Q28208901
Q620730,P2868,Q4368298
Q620730,P129,Q21118862
Q620730,P129,Q21115815
Q620730,P129,Q21115816
Q620730,P129,Q21115819
Q620730,P129,Q21130911
Q620730,P129,Q21103198
Q620730,P361,Q22276229
Q620730,P361,Q22276227
Q620730,P361,Q27116607
Q620730,P361,Q27116608
Q620730,P361,Q22290681
Q620730,P361,Q21117637
Q620730,P361,Q21121374
Q620730,P361,Q22243240
Q620730,P361,Q21103144
Q620730,P361,Q22290679
Q620730,P361,Q22290680
Q620730,P361,Q24467323
Q620730,P361,Q21100327
Q620730,P361,Q21771383
Q620730,P361,Q21106199
Q620730,P361,Q14914191
Q620730,P361,Q22324300
Q620730,P361,Q14861863
Q620730,P361,Q21122824
Q620730,P361,Q21113840
Q620730,P361,Q21127133
Q620730,P361,Q21107829
Q620730,P361,Q21114556
Q620730,P361,Q21209178
Q620730,P361,Q22323498
Q620730,P361,Q22315962
Q620730,P361,Q22320891
Q620730,P361,Q22321561
Q620730,P361,Q21119213
Q620730,P361,Q22324313
Q620730,P361,Q22321614
Q620730,P361,Q22319775
Q620730,P361,Q21209295
Q620730,P361,Q21209248
Q620730,P361,Q22320972
Q620730,P361,Q22320890
Q620730,P361,Q22321547
Q620730,P361,Q22320844
Q620730,P361,Q22320846
Q620730,P361,Q22324270
Q620730,P361,Q22321550
Q620730,P361,Q22319796
Q620730,P361,Q21759491
Q620730,P361,Q28598752
Q620730,P361,Q26868
Q416682,P31,Q11173
Q416682,P31,Q134856
Q416682,P703,Q15978631
Q416682,P2868,Q50349216
Q416682,P361,Q24462144
Q416682,P361,Q24462147
Q44989,P190,Q151920
Q44989,P190,Q41604
Q44989,P190,Q181557
Q44989,P190,Q3933
Q44989,P190,Q210365
Q44989,P190,Q200589
Q44989,P190,Q207695
Q44989,P190,Q204271
Q44989,P31,Q1093829
Q44989,P31,Q1549591
Q44989,P17,Q30
Q44989,P131,Q489481
Q44989,P421,Q5385
Q44989,P910,Q8957934
Q44989,P1464,Q8074782
Q44989,P1465,Q9220229
Q44989,P1740,Q10220467
Q44989,P1792,Q7115093
Q44989,P1376,Q489481
Q44989,P6,Q5268184
Q44989,P6,Q25040837
Q44989,P361,Q5602443
Q44989,P1830,Q2877349
Q44989,P1830,Q3541988
Q44989,P1830,Q7072747
Q44989,P163,Q30637174
Q44989,P7867,Q84051656
Q44989,P1343,Q4532138
Q44989,P8744,Q100868410
Q2006818,P279,Q574360
Q2006818,P1889,Q6279182
Q297385,P31,Q4167410
Q297385,P1889,Q831189
Q297385,P460,Q62916796
Q297385,P460,Q62916965
Q764,P105,Q36732
Q764,P171,Q19088
Q764,P171,Q2943473
Q764,P31,Q16521
Q764,P910,Q1456955
Q764,P944,Q693148
Q764,P1343,Q2041543
Q764,P1343,Q1970746
Q764,P1343,Q19180675
Q764,P1343,Q602358
Q764,P1343,Q1768721
Q764,P1889,Q756
Q764,P5008,Q5460604
Q764,P5125,Q39087041
Q764,P1151,Q10814969
Q764,P527,Q83093
Q764,P527,Q326228
Q764,P2579,Q7175
Q764,P279,Q7239
Q295670,P31,Q4167410
Q295670,P1889,Q11958077
Q295670,P1889,Q37562882
Q32489,P279,Q15407649
Q32489,P910,Q7237889
Q32489,P527,Q330946
Q32489,P527,Q17504947
Q32489,P366,Q196751
Q32489,P366,Q132821
Q32489,P366,Q2668072
Q32489,P1535,Q329737
Q32489,P1535,Q156839
Q32489,P1535,Q931260
Q32489,P1343,Q602358
Q32489,P1343,Q4086271
Q32489,P1343,Q1970746
Q32489,P1343,Q1768721
Q32489,P1382,Q3130638
Q1722406,P31,Q28640
Q1247691,P31,Q4167410
Q1183451,P31,Q4167410
Q1183451,P1889,Q12750856
Q1183451,P1889,Q28859753
Q689044,P910,Q8970657
Q689044,P31,Q986008
Q689044,P279,Q1912682
Q689044,P279,Q4406616
Q2066131,P425,Q349
Q2066131,P425,Q920057
Q2066131,P425,Q35555522
Q2066131,P279,Q50995749
Q2066131,P31,Q12737077
Q2066131,P417,Q183332
Q2066131,P1424,Q5904762
Q2066131,P1424,Q67464273
Q2066131,P910,Q7233579
Q2066131,P6186,Q8923229
Q2066131,P2283,Q768186
Q2066131,P1889,Q11513337
Q186517,P910,Q6510017
Q186517,P527,Q221673
Q186517,P527,Q10253316
Q186517,P279,Q121610
Q186517,P279,Q1764688
Q186517,P279,Q29017578
Q186517,P1343,Q16387823
Q186517,P1343,Q2657718
Q186517,P1343,Q602358
Q4995001,P31,Q4167410
Q4995001,P1889,Q21507955
Q185557,P910,Q6894711
Q185557,P279,Q22299483
Q185557,P461,Q213449
Q185557,P31,Q2996394
Q185557,P1343,Q602358
Q185557,P1056,Q28539843
Q173235,P910,Q7145142
Q173235,P279,Q12140
Q173235,P279,Q50429917
Q173235,P279,Q50430248
Q173235,P1343,Q2657718
Q173235,P31,Q41014950
Q173235,P366,Q484785
Q173235,P1424,Q6678125
Q167934,P31,Q11173
Q167934,P31,Q162657
Q167934,P910,Q8732551
Q167934,P527,Q627
Q167934,P527,Q623
Q167934,P527,Q629
Q167934,P527,Q556
Q167934,P61,Q638355
Q167934,P61,Q6793319
Q167934,P2868,Q7455050
Q167934,P279,Q10705510
Q167934,P129,Q21115043
Q167934,P129,Q288797
Q167934,P129,Q21498666
Q167934,P129,Q21115046
Q167934,P129,Q21115051
Q167934,P129,Q21115052
Q167934,P129,Q1949517
Q167934,P129,Q4639596
Q167934,P129,Q21108118
Q167934,P129,Q21108125
Q167934,P129,Q21109365
Q167934,P129,Q21497941
Q167934,P129,Q21109359
Q167934,P129,Q21497937
Q167934,P129,Q21109363
Q167934,P129,Q21109355
Q167934,P129,Q21497939
Q167934,P129,Q21110867
Q167934,P129,Q21131500
Q167934,P129,Q21121276
Q167934,P361,Q14891379
Q167934,P361,Q14888427
Q167934,P361,Q22243234
Q167934,P361,Q22274804
Q167934,P361,Q22273228
Q167934,P361,Q21108121
Q167934,P361,Q14860799
Q167934,P361,Q14860807
Q167934,P361,Q34299953
Q167934,P361,Q14860816
Q167934,P361,Q14884583
Q167934,P361,Q21097236
Q167934,P361,Q22274807
Q167934,P703,Q2381847
Q28469944,P31,Q4167410
Q7150,P279,Q420
Q7150,P279,Q52106
Q7150,P910,Q1970530
Q7150,P1151,Q11721377
Q7150,P361,Q420
Q7150,P527,Q720858
Q7150,P527,Q1387972
Q7150,P527,Q48997455
Q7150,P527,Q12369009
Q7150,P5008,Q5460604
Q7150,P5125,Q7112610
Q7150,P2578,Q56575300
Q7150,P2578,Q37813
Q7150,P31,Q19935939
Q7150,P31,Q28598684
Q7150,P31,Q11862829
Q7150,P31,Q8148
Q7150,P3095,Q15839134
Q7150,P3095,Q21244999
Q7150,P1889,Q7155
Q7150,P460,Q1640238
Q7150,P1343,Q19180675
Q1069,P31,Q336
Q1069,P31,Q11862829
Q1069,P910,Q2945841
Q1069,P361,Q8008
Q1069,P1151,Q21177154
Q1069,P2578,Q83296
Q1069,P2578,Q10928429
Q1069,P279,Q7991
Q1069,P3095,Q520549
Q1069,P5008,Q5460604
Q1069,P5125,Q7112648
Q1069,P2184,Q1779809
Q1069,P6104,Q14943910
Q1069,P1343,Q2041543
Q1069,P1343,Q20078554
Q1069,P1343,Q602358
Q1069,P1343,Q19180675
Q1069,P1889,Q3508604
Q1069,P1552,Q43521
Q1581290,P31,Q10843872
Q1581290,P279,Q31207
Q1581290,P910,Q30813402
Q11448,P910,Q7010970
Q11448,P31,Q4162444
Q11448,P1343,Q16387823
Q11448,P1343,Q602358
Q11448,P1343,Q867541
Q11448,P5008,Q5460604
Q11448,P279,Q17320256
Q11448,P1552,Q3317792
Q7507657,P31,Q4167410
Q179700,P279,Q860861
Q179700,P279,Q1746392
Q179700,P910,Q8817247
Q179700,P31,Q18783400
Q179700,P1343,Q1138524
Q179700,P1343,Q1768721
Q179700,P1424,Q10563810
Q412843,P31,Q4167410
Q1370219,P279,Q203789
Q1370219,P366,Q13406206
Q1370219,P366,Q38695
Q19968244,P31,Q12308941
Q19968244,P1889,Q224512
Q19968244,P282,Q8229
Q19968244,P1533,Q37028089
Q2920921,P910,Q7012003
Q2920921,P279,Q338754
Q2920921,P279,Q29017603
Q2920921,P279,Q1783823
Q2920921,P1269,Q43229
Q2920921,P2079,Q309100
Q2920921,P2079,Q31728
Q2920921,P2079,Q623971
Q2920921,P460,Q50412353
Q2920921,P31,Q1914636
Q2920921,P31,Q11862829
Q2920921,P3095,Q999897
Q2920921,P3095,Q20481199
Q2920921,P3095,Q978044
Q2920921,P3095,Q2462658
Q2920921,P1424,Q14399581
Q2920921,P361,Q2043282
Q2920921,P1889,Q29017603
Q2920921,P1552,Q1481177
Q2920921,P1552,Q1888611
Q2920921,P1552,Q1474521
Q2920921,P1552,Q96247293
Q162797,P910,Q18575056
Q162797,P31,Q2537829
Q162797,P31,Q24296329
Q162797,P361,Q34726
Q162797,P1343,Q2657718
Q162797,P1343,Q2041543
Q162797,P1343,Q602358
Q162797,P1343,Q19180675
Q162797,P1343,Q30059240
Q162797,P1343,Q867541
Q162797,P25,Q160730
Q162797,P21,Q44148
Q162797,P22,Q41127
Q162797,P4969,Q3411695
Q162797,P4969,Q26273768
Q16862642,P31,Q4167410
Q233855,P31,Q4167410
Q233855,P460,Q5095385
Q233855,P460,Q16089055
Q233855,P1889,Q19830608
Q233855,P1889,Q37532476
Q176140,P361,Q5339
Q176140,P361,Q3574371
Q176140,P361,Q1159201
Q176140,P910,Q8411312
Q176140,P279,Q947546
Q183545,P31,Q4167410
Q1397890,P31,Q83464
Q1397890,P279,Q467
Q167198,P910,Q8878420
Q167198,P279,Q55739694
Q167198,P1343,Q20078554
Q167198,P31,Q47154513
Q167198,P2670,Q1210630
Q167198,P460,Q72174340
Q167198,P361,Q21110865
Q167198,P361,Q14904822
Q167198,P361,Q14916457
Q167198,P361,Q21120124
Q167198,P361,Q22276004
Q167198,P361,Q14906661
Q167198,P361,Q21108120
Q167198,P361,Q22320644
Q167198,P361,Q14916230
Q167198,P361,Q21106441
Q167198,P361,Q22290736
Q167198,P361,Q14916236
Q1273702,P31,Q4167410
Q718,P1151,Q8288922
Q718,P279,Q287618
Q718,P279,Q573573
Q718,P279,Q1188693
Q718,P279,Q2755547
Q718,P31,Q131436
Q718,P31,Q31629
Q718,P31,Q1054898
Q718,P31,Q7858742
Q718,P910,Q7163386
Q718,P1343,Q2041543
Q718,P1343,Q19180675
Q718,P2959,Q22827605
Q718,P2184,Q471257
Q718,P3095,Q10873124
Q718,P2283,Q110079
Q718,P2283,Q208440
Q718,P2283,Q831765
Q718,P5008,Q5460604
Q718,P5125,Q7112579
Q718,P3719,Q102178
Q718,P6104,Q10998176
Q718,P1889,Q71679871
Q152079,P279,Q1128255
Q152079,P279,Q79529
Q152079,P31,Q903495
Q152079,P186,Q50690
Q152079,P186,Q181699
Q152079,P2822,Q133235
Q188863,P910,Q8430557
Q188863,P279,Q1190554
Q188863,P1343,Q2657718
Q188863,P1343,Q1138524
Q188863,P1343,Q1970746
Q188863,P1343,Q602358
Q188863,P1343,Q19180675
Q188863,P1343,Q4173137
Q188863,P1889,Q12765670
Q188863,P1889,Q4129844
Q188863,P1889,Q1716571
Q188863,P1889,Q379693
Q188449,P31,Q930752
Q188449,P31,Q11862829
Q188449,P910,Q9040223
Q188449,P361,Q83042
Q188449,P361,Q40821
Q188449,P3095,Q9385011
Q188449,P425,Q71397674
Q411194,P31,Q4167410
Q682,P910,Q7016318
Q682,P279,Q19753345
Q682,P279,Q19600
Q682,P279,Q104567
Q682,P31,Q11344
Q682,P1343,Q2657718
Q682,P1343,Q602358
Q682,P1343,Q19180675
Q682,P1343,Q4086271
Q682,P1889,Q20674464
Q682,P1889,Q5805138
Q682,P366,Q65967059
Q682,P361,Q211331
Q682,P361,Q104567
Q682,P361,Q22316722
Q682,P361,Q22315944
Q413486,P31,Q11173
Q413486,P31,Q12140
Q413486,P1343,Q2657718
Q413486,P2175,Q187440
Q413486,P2175,Q309067
Q413486,P2175,Q544006
Q413486,P2175,Q1869874
Q413486,P279,Q324089
Q413486,P1909,Q209583
Q413486,P1909,Q1128283
Q413486,P1909,Q1366695
Q413486,P1909,Q178436
Q413486,P1909,Q1162276
Q413486,P3489,Q3679189
Q413486,P3489,Q28123616
Q413486,P2868,Q2853347
Q413486,P2868,Q1328275
Q413486,P2868,Q1868462
Q413486,P2868,Q575136
Q413486,P2868,Q50377192
Q413486,P2868,Q50430264
Q413486,P2868,Q50429534
Q413486,P129,Q309513
Q10283261,P31,Q4167410
Q10283261,P1889,Q37517863
Q21450758,P31,Q101352
Q21450758,P1889,Q1631324
Q21450758,P282,Q8229
Q21450758,P1552,Q89410507
Q11829360,P279,Q546191
Q11829360,P910,Q6272142
Q11829360,P31,Q4936952
Q11829360,P1343,Q602358
Q11829360,P1343,Q3181656
Q11829360,P1889,Q1047050
Q11829360,P1424,Q8085111
Q11829360,P527,Q1029907
Q11829360,P527,Q9639
Q11829360,P527,Q4364110
Q11829360,P361,Q9649
Q11829360,P4843,Q14877292
Q156871,P279,Q324663
Q156871,P279,Q28846466
Q156871,P910,Q8976590
Q156871,P1343,Q19558994
Q156871,P1343,Q2657718
Q156871,P1343,Q17329836
Q156871,P2286,Q23929
Q156871,P2286,Q4319460
Q156871,P155,Q272474
Q156871,P155,Q615264
Q156871,P31,Q4936952
Q156871,P4843,Q14886419
Q422106,P527,Q623
Q422106,P279,Q11364
Q422106,P2849,Q16399
Q190156,P279,Q7706759
Q190156,P279,Q161179
Q190156,P910,Q9481148
Q190156,P1343,Q2657718
Q190156,P31,Q47154513
Q190156,P361,Q21116857
Q190156,P361,Q22282879
Q190156,P361,Q21116858
Q416906,P31,Q4167410
Q416906,P1889,Q2646814
Q475021,P31,Q1969448
Q475021,P910,Q8397782
Q475021,P1889,Q34147
Q1638792,P31,Q4167410
Q1638792,P1889,Q15119657
Q1638792,P460,Q1306104
Q1638792,P460,Q15939139
Q1638792,P460,Q394611
Q2117918,P31,Q4167410
Q2117918,P1889,Q37458023
Q421577,P31,Q4167410
Q421577,P1889,Q16965825
Q421577,P1889,Q1759300
Q421577,P460,Q7948912
Q421577,P460,Q59588225
Q421577,P460,Q59588305
Q1869874,P279,Q177190
Q1869874,P279,Q102187069
Q1869874,P1995,Q83042
Q1869874,P1995,Q7867
Q1869874,P2176,Q414236
Q1869874,P2176,Q415850
Q1869874,P2176,Q4926102
Q1869874,P2176,Q418998
Q1869874,P2176,Q3085140
Q1869874,P2176,Q411457
Q1869874,P2176,Q409558
Q1869874,P2176,Q414796
Q1869874,P2176,Q410608
Q1869874,P2176,Q412143
Q1869874,P2176,Q414788
Q1869874,P2176,Q411940
Q1869874,P2176,Q3045264
Q1869874,P2176,Q7250328
Q1869874,P2176,Q410225
Q1869874,P2176,Q3927403
Q1869874,P2176,Q423390
Q1869874,P2176,Q145052
Q1869874,P2176,Q408265
Q1869874,P2176,Q906220
Q1869874,P2176,Q201872
Q1869874,P2176,Q408535
Q1869874,P2176,Q210402
Q1869874,P2176,Q7650517
Q1869874,P2176,Q407988
Q1869874,P2176,Q412443
Q1869874,P2176,Q421930
Q1869874,P2176,Q410352
Q1869874,P2176,Q218842
Q1869874,P2176,Q416791
Q1869874,P2176,Q319877
Q1869874,P2176,Q413486
Q1869874,P2176,Q413184
Q1869874,P2176,Q58397
Q1869874,P2176,Q417689
Q1869874,P2176,Q7553347
Q1869874,P31,Q12136
Q1869874,P910,Q30823516
Q1869874,P1889,Q213600
Q1869874,P1889,Q11072
Q1869874,P924,Q183257
Q1869874,P2293,Q14866005
Q787410,P136,Q484344
Q787410,P31,Q215380
Q787410,P740,Q1754
Q787410,P527,Q4755383
Q787410,P264,Q2437256
Q787410,P495,Q34
Q6663,P186,Q3200265
Q6663,P186,Q23004
Q6663,P186,Q11004
Q6663,P495,Q30
Q6663,P279,Q28803
Q6663,P279,Q746549
Q6663,P279,Q2095
Q6663,P910,Q7415267
Q6663,P138,Q28803
Q6663,P138,Q1055
Q6663,P527,Q3200265
Q6663,P527,Q10943
Q6663,P527,Q7802
Q6663,P527,Q83193
Q6663,P527,Q20638126
Q6663,P527,Q3406628
Q6663,P31,Q19861951
Q6663,P366,Q213449
Q6663,P366,Q63554032
Q6663,P5869,Q73491844
Q6663,P5869,Q1135327
Q6663,P7767,Q28128222
Q269829,P461,Q1332954
Q269829,P31,Q367359
Q269829,P31,Q483247
Q269829,P1542,Q67526912
Q21837968,P31,Q4167410
Q459477,P31,Q4830453
Q459477,P112,Q324086
Q459477,P414,Q13677
Q459477,P910,Q7214530
Q459477,P159,Q16563
Q459477,P355,Q782557
Q459477,P355,Q474379
Q459477,P355,Q5439886
Q459477,P17,Q30
Q459477,P740,Q33405
Q459477,P1454,Q891723
Q459477,P169,Q324086
Q459477,P361,Q688712
Q459477,P361,Q1546793
Q459477,P361,Q242345
Q459477,P488,Q16106192
Q459477,P488,Q324086
Q459477,P1830,Q1105744
Q459477,P463,Q858851
Q459477,P452,Q177777
Q459477,P452,Q7590
Q459477,P1037,Q324086
Q57055,P279,Q1747785
Q57055,P279,Q582687
Q57055,P31,Q11173
Q57055,P31,Q12140
Q57055,P31,Q35456
Q57055,P769,Q423169
Q57055,P769,Q422652
Q57055,P769,Q1135705
Q57055,P769,Q410400
Q57055,P769,Q410412
Q57055,P769,Q423364
Q57055,P769,Q304088
Q57055,P769,Q177094
Q57055,P636,Q285166
Q57055,P636,Q419892
Q57055,P636,Q640448
Q57055,P636,Q432083
Q57055,P2175,Q242165
Q57055,P2175,Q81938
Q57055,P2175,Q56003062
Q57055,P2175,Q18553870
Q57055,P3493,Q26715239
Q57055,P3489,Q3679189
Q57055,P3489,Q28123617
Q57055,P3780,Q47521928
Q57055,P3780,Q47521665
Q57055,P3780,Q48826513
Q57055,P3780,Q48829111
Q57055,P2868,Q1747785
Q57055,P2868,Q582687
Q57055,P910,Q55331078
Q57055,P129,Q21126810
Q57055,P129,Q415364
Q57055,P3771,Q14906849
Q57055,P361,Q22274462
Q16084228,P31,Q4167410
Q16084228,P1889,Q5273830
Q16084228,P1889,Q37499973
Q2811,P279,Q16391167
Q2811,P279,Q19623198
Q2811,P31,Q2235308
Q2811,P910,Q6812451
Q2811,P460,Q428661
Q2811,P1889,Q361183
Q2811,P1889,Q16104133
Q2811,P1424,Q11182407
Q2811,P1424,Q5872225
Q2811,P1424,Q22726919
Q2811,P1424,Q22897150
Q2811,P1424,Q22897157
Q2811,P1424,Q22900301
Q2811,P5008,Q5460604
Q2811,P1343,Q602358
Q2811,P1343,Q19180675
Q2811,P1343,Q4114391
Q2811,P186,Q967996
Q2811,P186,Q1070521
Q2811,P618,Q12739
Q2811,P618,Q1163778
Q2811,P618,Q789826
Q2811,P361,Q155930
Q402491,P31,Q4167410
Q402491,P1889,Q6409760
Q402491,P1889,Q16871395
Q402491,P1889,Q59641251
Q28578,P279,Q775842
Q28578,P1889,Q178397
Q178069,P910,Q8670327
Q178069,P1343,Q2657718
Q178069,P2176,Q420360
Q178069,P1537,Q2383867
Q178069,P279,Q2057971
Q178069,P279,Q1441305
Q178069,P279,Q102187242
Q226329,P31,Q4167410
Q15178216,P17,Q30
Q15178216,P31,Q1774898
Q15178216,P924,Q12078
Q15178216,P924,Q483677
Q15178216,P924,Q188504
Q15178216,P101,Q2620873
Q618536,P31,Q4164871
Q618536,P1343,Q2041543
Q618536,P1687,P2453
Q618536,P1687,P3602
Q618536,P1687,P991
Q618536,P279,Q830077
Q56441892,P31,Q101352
Q56441892,P282,Q8229
Q56441892,P407,Q809
Q56441892,P1889,Q5001156
Q56441892,P460,Q37080279
Q5470204,P31,Q4167410
Q16797578,P31,Q4167410
Q180614,P910,Q7476779
Q180614,P279,Q192102
Q180614,P279,Q18553402
Q180614,P1995,Q162555
Q180614,P1343,Q2657718
Q180614,P2176,Q186127
Q180614,P2176,Q415571
Q180614,P2176,Q420436
Q180614,P2176,Q425088
Q180614,P2176,Q416975
Q180614,P2176,Q20801763
Q180614,P2176,Q418656
Q180614,P2176,Q415378
Q180614,P2176,Q212272
Q180614,P2176,Q3011604
Q180614,P2176,Q13896859
Q180614,P2176,Q423111
Q180614,P2176,Q15708292
Q180614,P2176,Q7041828
Q180614,P2176,Q413299
Q180614,P2176,Q7833138
Q180614,P2176,Q423762
Q180614,P2176,Q2459042
Q180614,P2176,Q7160789
Q180614,P2176,Q3950557
Q180614,P2293,Q17914050
Q180614,P2293,Q18041257
Q180614,P2293,Q18055650
Q180614,P2293,Q14912501
Q180614,P2293,Q14872807
Q180614,P2293,Q18029688
Q180614,P2293,Q18040047
Q180614,P2293,Q14865358
Q180614,P2293,Q18032890
Q180614,P2293,Q17710375
Q180614,P2293,Q18032913
Q180614,P2293,Q5009957
Q180614,P31,Q929833
Q180614,P5008,Q4099686
Q1471499,P31,Q4167410
Q1471499,P1889,Q3788798
Q1471499,P1889,Q378867
Q1471499,P1889,Q37495796
Q1471499,P1889,Q21285915
Q1471499,P460,Q16220637
Q1471499,P460,Q1097875
Q1471499,P460,Q3801942
Q179661,P910,Q7012769
Q179661,P279,Q796194
Q179661,P279,Q26256310
Q179661,P279,Q31207
Q179661,P1687,P924
Q179661,P1687,P3354
Q179661,P1687,P3355
Q179661,P3095,Q2419397
Q14076,P910,Q7318906
Q14076,P279,Q122224
Q14076,P279,Q949861
Q14076,P186,Q131877
Q14076,P186,Q244680
Q14076,P186,Q146322
Q14076,P186,Q6714735
Q14076,P31,Q35456
Q14076,P5008,Q97285685
Q14076,P366,Q122224
Q14076,P366,Q1717246
Q386215,P279,Q2100893
Q386215,P1419,Q34132
Q386215,P460,Q25896976
Q386215,P186,Q45621
Q386215,P527,Q200266
Q386215,P1343,Q2657718
Q386215,P1343,Q4086271
Q386215,P366,Q876776
Q386215,P4330,Q40050
Q367837,P31,Q4167410
Q1760141,P31,Q28640
Q1760141,P279,Q33394058
Q1760141,P417,Q196653
Q1760141,P910,Q8382352
Q1760141,P425,Q17200001
Q3241671,P910,Q6295591
Q3241671,P31,Q1914636
Q3241671,P31,Q8148
Q3241671,P3095,Q252924
Q3241671,P1056,Q182612
Q3241671,P1889,Q182612
Q3241671,P2283,Q182612
Q154136,P1151,Q10814982
Q154136,P910,Q6003974
Q154136,P279,Q4042967
Q154136,P5125,Q7112659
Q154136,P527,Q4369513
Q154136,P527,Q608
Q154136,P1424,Q7210819
Q154136,P1424,Q15055759
Q154136,P2579,Q170912
Q658096,P910,Q7317631
Q658096,P31,Q31338769
Q658096,P112,Q943655
Q7391,P910,Q7004983
Q7391,P171,Q324132
Q7391,P31,Q713623
Q7391,P1889,Q4773790
Q7391,P1343,Q1138524
Q7391,P1343,Q1210353
Q7391,P1343,Q4173137
Q7391,P1343,Q58450498
Q7391,P4733,Q16533708
Q7391,P5008,Q5460604
Q7391,P279,Q1390
Q13590807,P17,Q218
Q9458574,P910,Q8164943
Q9458574,P31,Q55983715
Q9458574,P279,Q22651
Q9458574,P1343,Q867541
Q9458574,P1343,Q2657718
Q9458574,P1343,Q19190511
Q9458574,P460,Q22864
Q7867,P31,Q930752
Q7867,P31,Q11862829
Q7867,P31,Q483394
Q7867,P910,Q7028954
Q7867,P5125,Q7112710
Q7867,P279,Q11190
Q7867,P527,Q1380905
Q7867,P527,Q2976167
Q7867,P527,Q1407263
Q7867,P527,Q1741745
Q7867,P527,Q1278031
Q7867,P527,Q256771
Q7867,P527,Q5933911
Q7867,P527,Q4681117
Q7867,P527,Q6857804
Q7867,P527,Q28402643
Q7867,P527,Q5263805
Q7867,P527,Q4313186
Q7867,P527,Q57719220
Q7867,P3095,Q211346
Q7867,P1889,Q199906
Q147778,P689,Q5
Q147778,P828,Q15326
Q147778,P828,Q131742
Q147778,P828,Q17135346
Q147778,P828,Q786844
Q147778,P828,Q1058608
Q147778,P828,Q3144934
Q147778,P923,Q360841
Q147778,P923,Q886837
Q147778,P923,Q234904
Q147778,P923,Q32566
Q147778,P1995,Q120569
Q147778,P1995,Q668064
Q147778,P279,Q929737
Q147778,P279,Q12569389
Q147778,P1542,Q623031
Q147778,P2176,Q275926
Q147778,P2176,Q388801
Q147778,P2176,Q418571
Q147778,P2176,Q419948
Q147778,P2176,Q27281933
Q147778,P2176,Q416073
Q147778,P2176,Q19597688
Q147778,P2176,Q15708271
Q147778,P2176,Q2502747
Q147778,P2176,Q7160789
Q147778,P2176,Q410551
Q147778,P2176,Q426132
Q147778,P2176,Q5207712
Q147778,P2176,Q421862
Q147778,P2176,Q353551
Q147778,P2176,Q420056
Q147778,P2176,Q7517689
Q147778,P2176,Q27126952
Q147778,P2293,Q18035589
Q147778,P2293,Q18042335
Q147778,P910,Q28793645
Q147778,P924,Q1368191
Q147778,P927,Q9368
Q147778,P1343,Q602358
Q147778,P5008,Q4099686
Q218275,P31,Q4167410
Q218275,P460,Q12311773
Q592442,P361,Q1192539
Q592442,P31,Q52193405
Q592442,P31,Q26493055
Q592442,P2959,Q65218803
Q592442,P1343,Q4532138
Q592442,P1269,Q1058438
Q592442,P1269,Q87075524
Q658096,P910,Q7317631
Q658096,P31,Q31338769
Q658096,P112,Q943655
Q226168,P31,Q4167410
Q8396,P910,Q7216215
Q8396,P1343,Q19180675
Q8396,P1343,Q602358
Q8396,P1343,Q2041543
Q8396,P1343,Q19190511
Q8396,P279,Q608
Q8396,P279,Q21119405
Q8396,P279,Q23807917
Q8396,P460,Q2049523
Q8396,P910,Q7216215
Q8396,P1343,Q19180675
Q8396,P1343,Q602358
Q8396,P1343,Q2041543
Q8396,P1343,Q19190511
Q8396,P279,Q608
Q8396,P279,Q21119405
Q8396,P279,Q23807917
Q8396,P460,Q2049523
Q261290,P910,Q9937049
Q261290,P1343,Q2657718
Q261290,P279,Q3436958
Q5428607,P31,Q4167410
Q1060890,P279,Q1441305
Q35831,P910,Q7012670
Q35831,P1542,Q25931702
Q35831,P279,Q22299433
Q35831,P279,Q9332
Q35831,P461,Q246710
Q35831,P31,Q2996394
Q35831,P1343,Q602358
Q35831,P1343,Q19180675
Q35831,P1343,Q1970746
Q35831,P1343,Q4532138
Q35831,P1343,Q1768721
Q35831,P1343,Q101314624
Q35831,P2579,Q1752583
Q79990,P1465,Q15940347
Q79990,P190,Q5083
Q79990,P190,Q54108
Q79990,P190,Q11746
Q79990,P190,Q5112
Q79990,P190,Q925424
Q79990,P190,Q467487
Q79990,P190,Q183584
Q79990,P190,Q50415
Q79990,P30,Q538
Q79990,P17,Q664
Q79990,P31,Q515
Q79990,P31,Q1549591
Q79990,P131,Q32159699
Q79990,P461,Q8757
Q79990,P910,Q8365065
Q79990,P1464,Q8059537
Q79990,P1792,Q7234797
Q79990,P361,Q14211569
Q79990,P421,Q7105
Q79990,P421,Q7118
Q79990,P1376,Q657004
Q79990,P1376,Q32159699
Q79990,P1830,Q2122562
Q79990,P1343,Q3181656
Q7519600,P279,Q189819
Q7519600,P279,Q2627975
Q7519600,P279,Q628455
Q7519600,P1889,Q956444
Q1663522,P31,Q4167410
Q407617,P31,Q11173
Q407617,P31,Q12140
Q407617,P769,Q409595
Q407617,P769,Q1747559
Q407617,P769,Q418656
Q407617,P769,Q402633
Q407617,P769,Q420885
Q407617,P2175,Q373822
Q407617,P2175,Q178190
Q407617,P2175,Q544006
Q407617,P2175,Q19000444
Q407617,P2175,Q741713
Q407617,P2175,Q202387
Q407617,P2175,Q845224
Q407617,P2175,Q12135
Q407617,P2175,Q935129
Q407617,P3489,Q3679261
Q407617,P3489,Q28123617
Q407617,P3780,Q47522126
Q407617,P2868,Q334477
Q407617,P2868,Q76560
Q407617,P129,Q410142
Q843958,P910,Q10046815
Q843958,P1056,Q42396623
Q843958,P279,Q3249551
Q843958,P1542,Q59138870
Q843958,P1687,P8791
Q843958,P31,Q11862829
Q753108,P279,Q324509
Q424288,P279,Q407355
Q424288,P910,Q52707429
Q424288,P31,Q67015883
Q424288,P680,Q14903610
Q936969,P31,Q28640
Q936969,P31,Q12737077
Q936969,P279,Q54128
Q936969,P417,Q179718
Q936969,P910,Q9497041
Q936969,P1889,Q553079
Q936969,P425,Q7884093
Q2576499,P279,Q901
Q2576499,P279,Q11974939
Q2576499,P910,Q8690512
Q2576499,P31,Q3922583
Q2576499,P425,Q2138622
Q2576499,P425,Q17652193
Q2576499,P1889,Q12304425
Q2576499,P460,Q56787564
Q655151,P31,Q4167410
Q655151,P1889,Q16275172
Q655151,P1889,Q37467538
Q655151,P1889,Q64211845
Q655151,P1889,Q264137
Q655151,P460,Q729639
Q21491125,P31,Q101352
Q21491125,P1889,Q1695868
Q21491125,P282,Q8229
Q441853,P31,Q4167410
Q441853,P1889,Q37474746
Q63244,P21,Q6581097
Q63244,P19,Q3042
Q63244,P20,Q1726
Q63244,P27,Q183
Q63244,P31,Q5
Q63244,P735,Q632842
Q63244,P106,Q177220
Q63244,P106,Q2865819
Q63244,P106,Q33999
Q63244,P166,Q1300543
Q63244,P166,Q565030
Q63244,P166,Q258552
Q63244,P166,Q13452531
Q63244,P412,Q810480
Q63244,P463,Q812155
Q63244,P69,Q657167
Q63244,P734,Q37506401
Q63244,P1412,Q188
Q63244,P1343,Q51955019
Q63244,P1343,Q67311526
Q63244,P1303,Q17172850
Q191826,P279,Q1286790
Q191826,P31,Q2235308
Q191826,P910,Q6309413
Q191826,P1343,Q602358
Q574360,P279,Q127006
Q574360,P279,Q1441305
Q574360,P1343,Q2657718
Q574360,P2176,Q413762
Q574360,P2176,Q6823309
Q574360,P2176,Q5103226
Q574360,P2176,Q418351
Q574360,P2176,Q3275451
Q574360,P2176,Q3294630
Q574360,P2176,Q3292273
Q574360,P2176,Q5198674
Q574360,P2176,Q423538
Q574360,P2176,Q416905
Q574360,P2176,Q411456
Q574360,P31,Q169872
Q574360,P1889,Q2006818
Q19546,P511,Q1326099
Q19546,P263,Q145093
Q19546,P279,Q611644
Q19546,P279,Q116
Q19546,P279,Q15995642
Q19546,P17,Q237
Q19546,P31,Q4164871
Q19546,P31,Q63188808
Q19546,P1001,Q237
Q19546,P1001,Q170174
Q19546,P2354,Q40483
Q19546,P910,Q5646628
Q19546,P1343,Q2041543
Q19546,P1343,Q602358
Q19546,P1343,Q19180675
Q19546,P3438,Q739445
Q19546,P1308,Q450675
Q19546,P3729,Q45722
Q19546,P2389,Q9592
Q19546,P2389,Q159583
Q19546,P2389,Q665037
Q19546,P2319,Q186431
Q19546,P1830,Q145093
Q19546,P6186,Q7367593
Q19546,P361,Q1195138
Q19546,P1889,Q171692
Q19546,P1889,Q164047
Q19546,P1889,Q7229148
Q19546,P97,Q7229148
Q534866,P31,Q4167410
Q4290,P910,Q7013555
Q4290,P279,Q1369832
Q4290,P279,Q3380760
Q4290,P3095,Q557880
Q133792,P279,Q1979154
Q133792,P279,Q4006
Q133792,P31,Q2623243
Q133792,P910,Q8492885
Q133792,P101,Q42515
Q133792,P1419,Q12507
Q133792,P1889,Q79823
Q571834,P31,Q4167410
Q411962,P31,Q4167410
Q411962,P1889,Q16419994
Q1410542,P279,Q699405
Q1410542,P279,Q56656227
Q1410542,P1343,Q19190511
Q1410542,P910,Q9753918
Q688,P279,Q19753344
Q688,P279,Q19605
Q688,P910,Q8364297
Q688,P31,Q11344
Q688,P31,Q35456
Q688,P1343,Q2657718
Q688,P1343,Q3181656
Q688,P1343,Q4532138
Q688,P61,Q70538
Q688,P1552,Q29147941
Q688,P1889,Q432392
Q688,P1889,Q224479
Q688,P361,Q211331
Q688,P361,Q19605
Q224444,P31,Q4167410
Q224444,P1889,Q37534272
Q224444,P5008,Q99671172
Q403082,P31,Q4167410
Q1139040,P31,Q4167410
Q1139040,P1889,Q37487461
Q1139040,P1889,Q3240715
Q1139040,P460,Q537876
Q50690,P910,Q7165067
Q50690,P279,Q5156940
Q50690,P31,Q47154513
Q50690,P1343,Q602358
Q50690,P1424,Q16738651
Q50690,P1889,Q27110027
Q29023405,P31,Q4167410
Q5463289,P31,Q4167410
Q7814,P106,Q1028181
Q7814,P106,Q42973
Q7814,P106,Q5575361
Q7814,P31,Q5
Q7814,P20,Q2044
Q7814,P19,Q82880
Q7814,P800,Q963954
Q7814,P800,Q3472935
Q7814,P800,Q1140023
Q7814,P735,Q3766029
Q7814,P1343,Q15089621
Q7814,P1343,Q1645493
Q7814,P1343,Q1157807
Q7814,P1343,Q302556
Q7814,P1343,Q51955019
Q7814,P1343,Q67311526
Q7814,P1343,Q58430365
Q7814,P1343,Q602358
Q7814,P910,Q9174954
Q7814,P135,Q979160
Q7814,P135,Q46825
Q7814,P802,Q315835
Q7814,P802,Q366562
Q7814,P22,Q18759307
Q7814,P1299,Q17624913
Q7814,P101,Q12271
Q7814,P101,Q11629
Q7814,P1441,Q16438
Q7814,P1441,Q1645493
Q7814,P1441,Q40185
Q7814,P27,Q38
Q7814,P27,Q148540
Q7814,P21,Q6581097
Q7814,P611,Q9295862
Q7814,P6379,Q163804
Q7814,P6379,Q1700481
Q7814,P6379,Q239303
Q7814,P6379,Q1464509
Q7814,P6379,Q214867
Q7814,P6379,Q842858
Q7814,P6379,Q3558578
Q7814,P6379,Q93141797
Q7814,P6379,Q160236
Q7814,P39,Q984276
Q7814,P7763,Q71887839
Q7814,P937,Q2044
Q7814,P937,Q617
Q7814,P937,Q20103
Q7814,P937,Q13369
Q7814,P937,Q220
Q7814,P937,Q2634
Q7814,P937,Q1891
Q7814,P1066,Q15790
Q7814,P734,Q99586915
Q7814,P136,Q2864737
Q652249,P910,Q8508473
Q652249,P31,Q4167410
Q3788465,P31,Q4167410
Q11570,P31,Q223662
Q11570,P31,Q3647172
Q11570,P31,Q69197847
Q11570,P111,Q11423
Q11570,P1343,Q2657718
Q11570,P1343,Q68977219
Q11570,P1343,Q2041543
Q11570,P361,Q512417
Q11570,P361,Q12457
Q11570,P5008,Q5460604
Q11570,P459,Q12453
Q11570,P459,Q976981
Q11570,P138,Q107428
Q11570,P138,Q41803
Q11570,P1889,Q216880
Q8158390,P31,Q4167410
Q8158390,P1889,Q2721921
Q8158390,P1889,Q16871804
Q40157,P186,Q22731
Q40157,P279,Q42278
Q40157,P910,Q6266166
Q40157,P1889,Q42278
Q40157,P5008,Q5460604
Q60186,P279,Q8063
Q60186,P279,Q6999
Q60186,P910,Q8909453
Q60186,P1343,Q2657718
Q60186,P1343,Q2041543
Q60186,P1343,Q602358
Q60186,P1343,Q19180675
Q60186,P1963,P824
Q60186,P1424,Q6037522
Q60186,P740,Q1
Q40218,P279,Q7194062
Q40218,P910,Q6455540
Q40218,P1963,P1201
Q40218,P1424,Q6050248
Q1022867,P361,Q206717
Q1022867,P279,Q3132741
Q1022867,P910,Q6214716
Q1022867,P1343,Q2657718
Q1022867,P1343,Q2041543
Q1022867,P1424,Q7486740
Q1022867,P31,Q17444909
Q1022867,P1889,Q2199
Q1022867,P1889,Q3863
Q1022867,P1963,P744
Q1022867,P1963,P1016
Q1022867,P2354,Q37651
Q160091,P279,Q271669
Q160091,P31,Q107425
Q160091,P1343,Q2657718
Q160091,P1343,Q2041543
Q160091,P1424,Q17674722
Q160091,P910,Q7217380
Q7205509,P31,Q4167410
Q7205509,P1889,Q42400863
Q13220105,P31,Q4167410
Q13220105,P1889,Q37509458
Q13220105,P1889,Q1358159
Q13220105,P1889,Q78512988
Q13220105,P1889,Q2036925
Q1364934,P910,Q8797613
Q1364934,P361,Q37144
Q1364934,P361,Q318028
Q1364934,P279,Q79529
Q1364934,P279,Q189567
Q1364934,P279,Q837718
Q1364934,P366,Q2583685
Q1364934,P366,Q902751
Q1364934,P1382,Q5376832
Q1270500,P31,Q4167410
Q1270500,P1889,Q37498329
Q1065268,P375,Q11230713
Q1065268,P31,Q26529
Q1065268,P1427,Q1077124
Q1065268,P793,Q797476
Q11114344,P361,Q2151613
Q11114344,P361,Q34735
Q11114344,P31,Q34735
Q5916,P910,Q7142278
Q5916,P793,Q797476
Q5916,P793,Q459967
Q5916,P793,Q21501397
Q5916,P793,Q531716
Q5916,P793,Q801780
Q5916,P793,Q182020
Q5916,P793,Q1093759
Q5916,P793,Q3813456
Q5916,P1963,P1427
Q5916,P1963,P619
Q5916,P1963,P1876
Q5916,P1963,P375
Q5916,P1963,P546
Q5916,P1963,P377
Q5916,P1963,P247
Q5916,P1963,P18
Q5916,P1687,P450
Q5916,P1424,Q15241955
Q5916,P1424,Q14907524
Q5916,P279,Q206021
Q5916,P1151,Q8211015
Q5916,P5008,Q5460604
Q5916,P31,Q8187769
Q5916,P6104,Q8502972
Q5916,P3095,Q11631
Q5916,P3095,Q13188923
Q5916,P3095,Q13188567
Q5916,P3095,Q60319535
Q400922,P31,Q4167410
Q400922,P460,Q439441
Q400922,P460,Q10549538
Q400922,P1889,Q28798063
Q1219334,P31,Q4167410
Q3427,P59,Q10484
Q3427,P31,Q523
Q3427,P31,Q13890
Q3427,P31,Q6243
Q3427,P31,Q836976
Q3427,P31,Q67201574
Q3427,P31,Q67206691
Q3427,P31,Q2154519
Q3427,P31,Q2247863
Q3427,P1343,Q2657718
Q3427,P1343,Q19180675
Q3427,P1343,Q602358
Q3427,P1343,Q4532135
Q3427,P910,Q24069105
Q3427,P361,Q324113
Q3427,P361,Q1049735
Q3427,P881,Q836976
Q3427,P6259,Q1264450
Q3427,P398,Q57032543
Q8072,P1343,Q1970746
Q8072,P1343,Q602358
Q8072,P1343,Q19180675
Q8072,P279,Q29025902
Q8072,P1963,P1886
Q8072,P1963,P3815
Q8072,P138,Q207323
Q8072,P1151,Q11158684
Q8072,P910,Q6454366
Q8072,P1424,Q5665456
Q8072,P5008,Q5460604
Q8072,P527,Q108689
Q8072,P6186,Q18013201
Q8072,P2579,Q1069
Q8072,P2579,Q102904
Q8072,P2579,Q16000119
Q8072,P2579,Q46255
Q8072,P2579,Q152827
Q8072,P186,Q108689
Q8072,P186,Q42278
Q8072,P186,Q40157
Q8072,P186,Q2512740
Q8072,P186,Q209245
Q8072,P186,Q484924
Q8072,P186,Q152079
Q8072,P1889,Q193457
Q8072,P1889,Q820813
Q1270409,P31,Q4167410
Q1270409,P460,Q9090112
Q1270409,P460,Q354955
Q815352,P31,Q1075106
Q815352,P31,Q3918
Q815352,P910,Q8335976
Q815352,P17,Q30
Q815352,P355,Q1026846
Q815352,P355,Q1026868
Q815352,P355,Q498526
Q815352,P355,Q1026926
Q815352,P355,Q1026902
Q815352,P355,Q1026905
Q815352,P355,Q1026912
Q815352,P355,Q1026909
Q815352,P355,Q1026916
Q815352,P355,Q1026919
Q815352,P355,Q1026925
Q815352,P355,Q1026932
Q815352,P355,Q624686
Q815352,P355,Q1026939
Q815352,P355,Q1026941
Q815352,P355,Q1026944
Q815352,P355,Q624691
Q815352,P355,Q624564
Q815352,P355,Q624560
Q815352,P355,Q913861
Q815352,P355,Q1256981
Q815352,P355,Q624571
Q815352,P355,Q1026832
Q815352,P355,Q2558892
Q815352,P159,Q16739
Q815352,P131,Q16739
Q815352,P3876,Q8336000
Q815352,P4195,Q8336007
Q815352,P1416,Q99
Q815352,P1830,Q14682779
Q815352,P463,Q5137944
Q815352,P1889,Q5021159
Q1340619,P279,Q11472
Q224279,P31,Q4167410
Q1496271,P31,Q4167410
Q1496271,P1889,Q28038484
Q2348,P279,Q102165
Q2348,P279,Q2990328
Q2348,P279,Q1195471
Q2348,P279,Q159731
Q2348,P279,Q44363
Q2348,P517,Q11418
Q2348,P517,Q11415
Q2348,P517,Q11412
Q2348,P816,Q15406064
Q2348,P361,Q37147
Q2348,P910,Q7045562
Q2348,P2152,Q156530
Q2348,P31,Q12525553
Q2348,P31,Q22675015
Q2348,P156,Q453105
Q2348,P61,Q80884
Q2348,P527,Q6732
Q2348,P527,Q6745
Q2348,P1889,Q1195471
Q3863,P31,Q17444909
Q3863,P279,Q1022867
Q3863,P279,Q193275
Q3863,P910,Q7033958
Q3863,P1343,Q2041543
Q3863,P1343,Q3181656
Q3863,P1963,P720
Q3863,P5008,Q5460604
Q3863,P1441,Q32020202
Q4828338,P31,Q4167410
Q4828338,P1889,Q1909266
Q16871604,P31,Q101352
Q16871604,P1889,Q451760
Q16871604,P282,Q8229
Q49614,P279,Q82799
Q49614,P460,Q333021
Q49614,P460,Q15622880
Q49614,P460,Q245025
Q49614,P910,Q7486472
Q49614,P1687,P1449
Q49614,P1889,Q11639602
Q49614,P1889,Q1403107
Q49614,P1889,Q61002
Q623149,P279,Q1211272
Q623149,P279,Q811979
Q623149,P279,Q2560056
Q623149,P910,Q8300231
Q623149,P1557,Q37038
Q484416,P910,Q6495819
Q484416,P1343,Q2657718
Q484416,P1343,Q602358
Q484416,P1343,Q19180675
Q484416,P1343,Q20078554
Q484416,P1343,Q3181656
Q484416,P1343,Q1768721
Q484416,P279,Q841628
Q484416,P5869,Q1071516
Q484416,P5008,Q13382529
Q42603,P425,Q10366773
Q42603,P279,Q2259532
Q42603,P279,Q1423891
Q42603,P910,Q8880570
Q42603,P1343,Q2041543
Q42603,P1343,Q19538713
Q42603,P1343,Q602358
Q42603,P31,Q63187345
Q42603,P31,Q4164871
Q42603,P1424,Q22848005
Q42603,P1889,Q83307
Q42603,P1889,Q133485
Q42603,P1889,Q733786
Q42603,P1889,Q831474
Q42603,P1889,Q23035816
Q42603,P1889,Q1423891
Q42603,P1889,Q6116659
Q42603,P1889,Q77525167
Q185153,P31,Q2916980
Q185153,P31,Q82047057
Q185153,P361,Q26240
Q185153,P111,Q11379
Q83087,P279,Q43010
Q83087,P279,Q1070438
Q83087,P1343,Q2657718
Q83087,P1343,Q2041543
Q83087,P186,Q116269
Q83087,P910,Q64667668
Q203764,P910,Q7014667
Q203764,P279,Q1283504
Q203764,P279,Q1914636
Q203764,P279,Q28640
Q203764,P3095,Q15253558
Q203764,P361,Q49773
Q203764,P361,Q4116870
Q203764,P5008,Q13382529
Q396237,P31,Q4167410
Q1031196,P366,Q537769
Q187117,P910,Q7058613
Q187117,P279,Q18603648
Q187117,P1889,Q1666019
Q187117,P138,Q31948
Q187117,P527,Q1666019
Q187117,P1343,Q1768721
Q1247845,P31,Q4167410
Q41171,P910,Q7223163
Q41171,P31,Q11424100
Q41171,P31,Q1920219
Q41171,P3095,Q28790169
Q41171,P461,Q12004616
Q41171,P279,Q3505845
Q41171,P1542,Q69783941
Q41171,P828,Q28485502
Q41171,P1552,Q1787954
Q1569204,P279,Q207822
Q1569204,P1056,Q83808937
Q1569204,P2283,Q3217573
Q1569204,P1889,Q319436
Q1569204,P1889,Q5149209
Q409005,P31,Q4167410
Q409005,P1889,Q41581925
Q6160,P279,Q65659335
Q6160,P910,Q6371816
Q6160,P138,Q42211
Q14890574,P361,Q182353
Q14890574,P2283,Q36786267
Q14890574,P279,Q14885910
Q14890574,P31,Q2996394
Q14890574,P910,Q30008961
Q14890574,P1343,Q19190511
Q1343694,P31,Q4167410
Q240673,P279,Q1499548
Q240673,P361,Q159810
Q240673,P31,Q151885
Q240673,P910,Q7416774
Q240673,P1687,P2130
Q240673,P461,Q2383321
Q451835,P31,Q4167410
Q451835,P1889,Q16871867
Q58848,P910,Q8708729
Q58848,P31,Q12909644
Q58848,P138,Q454
Q58848,P2650,Q454
Q58848,P1343,Q1822290
Q58848,P3095,Q16003550
Q58848,P1889,Q506674
Q4302358,P31,Q4167410
Q1780244,P31,Q4167410
Q1780244,P1889,Q55657615
Q1780244,P1889,Q17456916
Q1780244,P1889,Q831525
Q1780244,P1889,Q1509347
Q1780244,P1889,Q16541253
Q1780244,P1889,Q3699555
Q1780244,P1889,Q2574435
Q1780244,P1889,Q512258
Q177471,P910,Q7464743
Q177471,P279,Q179348
Q177471,P1343,Q2657718
Q309861,P21,Q6581097
Q309861,P27,Q29999
Q309861,P106,Q11063
Q309861,P106,Q169470
Q309861,P106,Q121594
Q309861,P106,Q1622272
Q309861,P463,Q123885
Q309861,P463,Q2370801
Q309861,P463,Q191583
Q309861,P463,Q253439
Q309861,P463,Q938622
Q309861,P463,Q463303
Q309861,P463,Q83172
Q309861,P463,Q543804
Q309861,P463,Q6867
Q309861,P463,Q270794
Q309861,P19,Q41974
Q309861,P20,Q43631
Q309861,P31,Q5
Q309861,P735,Q12173670
Q309861,P735,Q1158181
Q309861,P69,Q850730
Q309861,P166,Q628457
Q309861,P166,Q1607116
Q309861,P166,Q753072
Q309861,P166,Q1730176
Q309861,P166,Q330957
Q309861,P166,Q1711648
Q309861,P166,Q3405365
Q309861,P166,Q18344281
Q309861,P166,Q1660030
Q309861,P166,Q5588147
Q309861,P166,Q658444
Q309861,P166,Q14906020
Q309861,P1343,Q17378135
Q309861,P1343,Q2657718
Q309861,P1343,Q1509493
Q309861,P108,Q156598
Q309861,P108,Q156598
Q309861,P108,Q156598
Q309861,P184,Q2541050
Q309861,P1411,Q38104
Q309861,P1411,Q38104
Q309861,P1411,Q38104
Q309861,P1411,Q38104
Q309861,P1411,Q38104
Q309861,P1411,Q38104
Q309861,P1411,Q38104
Q309861,P910,Q10044500
Q309861,P101,Q333
Q309861,P1066,Q156892
Q309861,P185,Q547240
Q309861,P185,Q329211
Q309861,P185,Q336095
Q309861,P185,Q3907321
Q309861,P734,Q65561320
Q309861,P1412,Q7411
Q309861,P1889,Q77193155
Q20996050,P31,Q101352
Q20996050,P1889,Q1159427
Q20996050,P282,Q8229
Q20996050,P407,Q1860
Q628261,P361,Q474100
Q628261,P361,Q2088729
Q628261,P31,Q49393
Q397970,P31,Q4167410
Q1416670,P31,Q15688633
Q1416670,P31,Q60998096
Q1416670,P31,Q66472631
Q1416670,P1343,Q4114391
Q1416670,P1343,Q1970746
Q1416670,P1343,Q19180675
Q1077518,P910,Q55245337
Q1077518,P31,Q4116214
Q1077518,P279,Q4116214
Q1184065,P1269,Q661518
Q1184065,P1269,Q171251
Q1184065,P1269,Q2920921
Q1184065,P1542,Q1299608
Q1184065,P279,Q43229
Q1191967,P31,Q4167410
Q1191967,P1889,Q37182610
Q1191967,P460,Q2342340
Q130223,P361,Q34726
Q130223,P527,Q2092297
Q130223,P527,Q140
Q130223,P910,Q8501154
Q130223,P1889,Q30167705
Q130223,P279,Q1387388
Q5636895,P31,Q4167410
Q4112212,P361,Q78147576
Q4112212,P1687,P2045
Q4112212,P279,Q107715
Q4112212,P279,Q1357788
Q4112212,P279,Q68297121
Q4112212,P1479,Q34027
Q4112212,P1889,Q179745
Q6667639,P31,Q4167410
Q395372,P31,Q4167410
Q796919,P279,Q685744
Q796919,P279,Q1190554
Q796919,P31,Q66593009
Q796919,P1889,Q1405256
Q796919,P1889,Q17052147
Q796919,P1889,Q946865
Q420725,P31,Q4167410
Q420725,P1889,Q16883455
Q166008,P31,Q483242
Q444861,P31,Q4167410
Q1328068,P910,Q8873908
Q1328068,P1343,Q2657718
Q1328068,P279,Q2448108
Q346075,P31,Q4167410
Q346075,P1889,Q16279738
Q7581924,P31,Q4167410
Q7302161,P31,Q801780
Q105507,P910,Q7298341
Q105507,P1343,Q2041543
Q105507,P279,Q21369154
Q105507,P186,Q5856
Q105507,P186,Q28472
Q188863,P910,Q8430557
Q188863,P279,Q1190554
Q188863,P1343,Q2657718
Q188863,P1343,Q1138524
Q188863,P1343,Q1970746
Q188863,P1343,Q602358
Q188863,P1343,Q19180675
Q188863,P1343,Q4173137
Q188863,P1889,Q12765670
Q188863,P1889,Q4129844
Q188863,P1889,Q1716571
Q188863,P1889,Q379693
Q219067,P279,Q747883
Q219067,P279,Q29051769
Q219067,P279,Q14536140
Q219067,P279,Q56037271
Q219067,P910,Q7014497
Q219067,P1542,Q5347380
Q219067,P361,Q2997362
Q219067,P1424,Q11002617
Q219067,P1424,Q22843086
Q219067,P155,Q760132
Q219067,P156,Q430439
Q219067,P5125,Q7112628
Q219067,P1889,Q12107964
Q219067,P1889,Q3409055
Q219067,P2579,Q103961937
Q406118,P31,Q4167410
Q406118,P1889,Q12804267
Q406118,P1889,Q39057206
Q406118,P1889,Q15079086
Q16968816,P279,Q219858
Q911871,P910,Q8946398
Q911871,P279,Q2249676
Q531716,P910,Q20931491
Q531716,P279,Q79782
Q531716,P1542,Q57654909
Q4130,P361,Q184274
Q4130,P910,Q6453069
Q4130,P279,Q193139
Q4130,P1552,Q4112212
Q4130,P1552,Q104486
Q4130,P1552,Q270897
Q4130,P1552,Q2269302
Q4130,P1552,Q37640
Q4130,P1552,Q1088950
Q4130,P1552,Q2858363
Q4130,P1552,Q218124
Q4130,P1552,Q171594
Q4130,P1552,Q216715
Q4130,P1552,Q2718934
Q4130,P1552,Q1371512
Q4130,P1552,Q2264448
Q4130,P1552,Q2000619
Q4130,P1552,Q1002613
Q4130,P1552,Q3560803
Q4130,P1552,Q1720536
Q4130,P1552,Q200924
Q4130,P2354,Q1467586
Q4130,P1687,P491
Q4130,P1687,P522
Q4130,P31,Q2221906
Q4130,P1424,Q7361592
Q4130,P1343,Q19190511
Q4130,P1343,Q2041543
Q134985,P534,Q23444
Q134985,P279,Q429635
Q134985,P579,Q13406846
Q134985,P579,Q63016949
Q134985,P138,Q389131
Q134985,P556,Q648961
Q134985,P1889,Q21900871
Q134985,P31,Q12089225
Q134985,P1343,Q4086271
Q134985,P1343,Q602358
Q134985,P1343,Q19180675
Q134985,P1343,Q1970746
Q161424,P31,Q193946
Q161424,P279,Q223557
Q161424,P2579,Q11473
Q5152592,P1687,P5204
Q5152592,P279,Q1914636
Q1824527,P31,Q4167410
Q381136,P279,Q16869121
Q381136,P279,Q852998
Q381136,P279,Q4164871
Q381136,P1830,Q1475312
Q381136,P31,Q12737077
Q381136,P31,Q214339
Q381136,P910,Q15361892
Q381136,P910,Q15101950
Q381136,P1382,Q557880
Q736777,P31,Q1799072
Q736777,P31,Q151885
Q736777,P1343,Q2657718
Q736777,P279,Q3249551
Q342217,P31,Q4167410
Q342217,P1889,Q18410370
Q460517,P138,Q3437215
Q460517,P105,Q7432
Q460517,P31,Q16521
Q460517,P171,Q81513
Q460517,P462,Q39338
Q460517,P279,Q81513
Q460517,P1889,Q190024
Q460517,P1672,Q104122554
Q250083,P31,Q4167410
Q179543,P21,Q6581097
Q179543,P31,Q45713
Q179543,P22,Q79999
Q179543,P25,Q93172
Q179543,P40,Q130818
Q179543,P40,Q41054
Q179543,P40,Q83160
Q179543,P40,Q8140979
Q179543,P40,Q59697
Q179543,P40,Q10856281
Q179543,P1343,Q2657718
Q179543,P1343,Q602358
Q179543,P1343,Q19180675
Q179543,P1343,Q867541
Q179543,P1343,Q30059240
Q179543,P1343,Q4091878
Q179543,P26,Q836792
Q179543,P3373,Q108419
Q179543,P3373,Q44204
Q179543,P3373,Q179209
Q179543,P3373,Q159168
Q179543,P3373,Q184232
Q179543,P3373,Q161419
Q179543,P3373,Q184216
Q7012,P279,Q1022867
Q7012,P910,Q7157637
Q7012,P1542,Q131136
Q7012,P1889,Q60186
Q405930,P31,Q4167410
Q224763,P31,Q4167410
Q224763,P1889,Q3495232
Q636582,P31,Q4167410
Q63114705,P279,Q149918
Q396062,P31,Q4167410
Q396062,P460,Q11953000
Q3276328,P1889,Q37154608
Q21072862,P31,Q4167410
Q3149029,P31,Q4167410
Q7158675,P31,Q386724
Q7188,P910,Q54070
Q7188,P1343,Q2657718
Q7188,P1557,Q25107
Q7188,P527,Q35535
Q7188,P5008,Q5460604
Q7188,P5125,Q25113003
Q7188,P1963,P6
Q7188,P1963,P527
Q7188,P1963,P17
Q7188,P1963,P571
Q7188,P1963,P576
Q7188,P1963,P279
Q7188,P1963,P3842
Q7188,P1963,P1313
Q7188,P1963,P355
Q7188,P2388,Q2285706
Q7188,P1889,Q6199
Q7188,P1889,Q188670
Q7188,P1889,Q192424
Q7188,P279,Q7210356
Q7188,P461,Q192852
Q7188,P361,Q35798
Q7188,P1552,Q1307214
Q251741,P910,Q6901221
Q251741,P279,Q645883
Q372713,P279,Q59278717
Q372713,P31,Q6041983
Q406694,P31,Q4167410
Q5306909,P31,Q7884789
Q209499,P31,Q21193581
Q209499,P279,Q605704
Q37547,P910,Q7139523
Q37547,P279,Q333
Q37547,P279,Q413
Q37547,P31,Q2465832
Q37547,P31,Q11862829
Q37547,P1343,Q2657718
Q37547,P1343,Q2041543
Q37547,P3095,Q752129
Q37547,P2578,Q589
Q37547,P2578,Q6472
Q37547,P2578,Q4202
Q37547,P2578,Q79925
Q37547,P2578,Q18343
Q37547,P2578,Q6449
Q37547,P2578,Q4274059
Q37547,P2184,Q61257298
Q37547,P527,Q104499
Q1175327,P31,Q4167410
Q351631,P31,Q4167410
Q179057,P279,Q3249551
Q179057,P279,Q1132455
Q179057,P910,Q8054814
Q179057,P461,Q523919
Q179057,P1343,Q2657718
Q179057,P1343,Q2041543
Q179057,P1343,Q1970746
Q179057,P1542,Q104541
Q179057,P31,Q1931388
Q179057,P828,Q12870
Q179057,P828,Q3054261
Q179057,P828,Q36534
Q179057,P828,Q238323
Q179057,P828,Q207456
Q179057,P1537,Q104541
Q179057,P1889,Q8219800
Q318,P31,Q17444909
Q318,P279,Q249389
Q318,P361,Q17512228
Q318,P910,Q7217159
Q318,P1343,Q2041543
Q318,P1963,P223
Q318,P1424,Q5882327
Q318,P1424,Q26187337
Q318,P2579,Q333
Q318,P2579,Q1995140
Q318,P5008,Q5460604
Q318,P5125,Q48835084
Q318,P5869,Q321
Q318,P5869,Q2469
Q318,P5869,Q872197
Q318,P5869,Q3329830
Q318,P5869,Q14041
Q318,P1889,Q321
Q318,P138,Q321
Q17736,P910,Q8611992
Q17736,P1343,Q2657718
Q17736,P1343,Q4532138
Q17736,P460,Q1396667
Q17736,P361,Q792542
Q17736,P1535,Q11538
Q17736,P1889,Q792548
Q17736,P279,Q2684591
Q17736,P279,Q108163
Q17736,P31,Q24034552
Q4360,P910,Q8965739
Q4360,P279,Q4202
Q4360,P279,Q5871
Q4360,P1343,Q2657718
Q4360,P61,Q233974
Q4360,P61,Q189990
Q4360,P31,Q17444909
Q4360,P1424,Q25825439
Q83373,P361,Q204107
Q83373,P910,Q7282341
Q83373,P279,Q46587
Q83373,P1424,Q8446500
Q83373,P31,Q17444909
Q83373,P2959,Q65310968
Q3937,P279,Q523
Q3937,P279,Q751989
Q3937,P910,Q7144261
Q3937,P1343,Q2657718
Q3937,P1343,Q64223531
Q3937,P1424,Q10978554
Q3937,P5869,Q934700
Q3937,P5869,Q32037
Q3937,P5869,Q546708
Q3937,P5869,Q644956
Q3937,P5869,Q22075587
Q3937,P5869,Q320670
Q3937,P31,Q17444909
Q565166,P31,Q4167410
Q565166,P1889,Q3480578
Q5710255,P279,Q9332
Q5710255,P1889,Q167323
Q619,P106,Q11063
Q619,P106,Q185351
Q619,P106,Q188094
Q619,P106,Q170790
Q619,P106,Q16012028
Q619,P106,Q169470
Q619,P106,Q4964182
Q619,P106,Q333634
Q619,P106,Q39631
Q619,P106,Q193391
Q619,P27,Q1649871
Q619,P20,Q497115
Q619,P910,Q6398735
Q619,P31,Q5
Q619,P19,Q47554
Q619,P1412,Q397
Q619,P1412,Q809
Q619,P735,Q7029481
Q619,P1343,Q302556
Q619,P1343,Q17378135
Q619,P1343,Q19180675
Q619,P1343,Q602358
Q619,P1343,Q2041543
Q619,P1343,Q590208
Q619,P1343,Q51955019
Q619,P1343,Q67311526
Q619,P1343,Q3181656
Q619,P1343,Q99413897
Q619,P140,Q1841
Q619,P937,Q497115
Q619,P22,Q20950516
Q619,P25,Q20950518
Q619,P69,Q189441
Q619,P69,Q193510
Q619,P69,Q131262
Q619,P69,Q955609
Q619,P800,Q675765
Q619,P800,Q845981
Q619,P119,Q478321
Q619,P509,Q12202
Q619,P737,Q140188
Q619,P737,Q348408
Q619,P737,Q969370
Q619,P737,Q34943
Q619,P737,Q868
Q619,P737,Q11079
Q619,P737,Q302835
Q619,P184,Q969370
Q619,P184,Q673421
Q619,P1196,Q3739104
Q619,P108,Q193510
Q619,P108,Q189441
Q619,P101,Q333
Q619,P101,Q395
Q619,P101,Q41217
Q619,P101,Q8134
Q619,P551,Q47554
Q619,P551,Q497115
Q619,P1066,Q217547
Q619,P1066,Q1326883
Q619,P1066,Q969370
Q619,P1066,Q673421
Q619,P5008,Q5460604
Q619,P5008,Q103505599
Q619,P185,Q93588
Q619,P21,Q6581097
Q619,P1441,Q4232309
Q619,P103,Q188
Q619,P734,Q61903433
Q619,P6886,Q397
Q619,P7763,Q71887839
Q12819497,P1382,Q1858477
Q12819497,P31,Q2393196
Q12819497,P31,Q775842
Q12819497,P31,Q60227
Q12819497,P31,Q241625
Q12819497,P361,Q166502
Q11204,P910,Q5902757
Q11204,P279,Q1752346
Q11204,P279,Q895526
Q11204,P279,Q2324993
Q11204,P279,Q178706
Q11204,P279,Q116
Q11204,P1269,Q79896
Q11204,P1687,P194
Q11204,P527,Q4175034
Q11204,P2283,Q3406566
Q188721,P1269,Q18334
Q188721,P1343,Q2657718
Q83197,P279,Q28728771
Q83197,P910,Q7129757
Q83197,P2737,Q23766486
Q83197,P3113,Q102742
Q83197,P3113,Q28726955
Q83197,P3113,Q28921572
Q83197,P2152,Q28921572
Q83197,P461,Q28921572
Q83197,P2670,Q28739684
Q83197,P2670,Q28736567
Q83197,P2670,Q28736576
Q25247370,P17,Q668
Q25247370,P31,Q56436498
Q295785,P31,Q4167410
Q165074,P910,Q8713579
Q165074,P1343,Q2657718
Q165074,P1343,Q20078554
Q165074,P1687,P2214
Q165074,P31,Q29896155
Q165074,P366,Q12453
Q165074,P279,Q1357788
Q339,P61,Q190232
Q339,P61,Q466895
Q339,P138,Q152262
Q339,P31,Q131731
Q339,P31,Q2199
Q339,P31,Q6592
Q339,P31,Q634
Q339,P31,Q6599
Q339,P397,Q525
Q339,P398,Q6604
Q339,P398,Q102694
Q339,P398,Q102701
Q339,P398,Q105636
Q339,P398,Q105713
Q339,P155,Q3454012
Q339,P196,Q6592
Q339,P65,Q466895
Q339,P156,Q3454005
Q339,P910,Q7217168
Q339,P1343,Q2657718
Q339,P3938,Q242989
Q339,P527,Q3628984
Q339,P2633,Q20679649
Q339,P6259,Q1264450
Q339,P276,Q3962257
Q339,P793,Q83478504
Q339,P1889,Q12357306
Q39266,P279,Q9394
Q39266,P279,Q18325799
Q39266,P910,Q55330536
Q505996,P366,Q7590
Q505996,P279,Q207822
Q505996,P910,Q55304149
Q505996,P1889,Q172605
Q182020,P276,Q4169
Q182020,P910,Q24068445
Q182020,P279,Q1914636
Q7798606,P31,Q4167410
Q102798,P279,Q15727345
Q102798,P279,Q3955017
Q102798,P279,Q889659
Q102798,P910,Q6419966
Q102798,P1343,Q678259
Q102798,P1343,Q2657718
Q102798,P1343,Q602358
Q102798,P1343,Q602358
Q102798,P1343,Q19180675
Q102798,P1889,Q20825706
Q102798,P1424,Q17295374
Q102798,P1441,Q32020202
Q209026,P910,Q8169145
Q209026,P31,Q3244175
Q209026,P31,Q559618
Q209026,P31,Q532716
Q209026,P136,Q132311
Q209026,P136,Q24925
Q209026,P1434,Q19595297
Q209026,P123,Q587270
Q209026,P4969,Q926355
Q209026,P4969,Q1061708
Q209026,P4969,Q1061953
Q209026,P4969,Q2004095
Q209026,P4969,Q3492579
Q209026,P4969,Q4317887
Q209026,P4969,Q22019751
Q394304,P31,Q4167410
Q394304,P1889,Q1954605
Q394304,P460,Q457385
Q283308,P31,Q4167410
Q283308,P1889,Q1186164
Q283308,P1889,Q1186342
Q283308,P1889,Q5589432
Q283308,P1889,Q17005388
Q283308,P1889,Q7896797
Q283308,P1889,Q17112105
Q283308,P1889,Q5589432
Q283308,P460,Q15848171
Q1492223,P31,Q12308941
Q1492223,P407,Q1412
Q1492223,P282,Q8229
Q1492223,P460,Q28407194
Q1492223,P460,Q833719
Q1492223,P460,Q18761028
Q1492223,P460,Q11900709
Q228803,P31,Q4167410
Q228803,P460,Q297197
Q228803,P1889,Q3472263
Q228803,P1889,Q37572348
Q159429,P105,Q34740
Q159429,P31,Q16521
Q159429,P171,Q220848
Q159429,P171,Q1152376
Q159429,P910,Q9656576
Q159429,P1343,Q2657718
Q159429,P1343,Q2041543
Q159429,P1343,Q602358
Q159429,P1343,Q4091878
Q159429,P1424,Q14462498
Q174782,P279,Q811979
Q174782,P279,Q294440
Q174782,P279,Q83620
Q174782,P279,Q2015628
Q174782,P910,Q7463177
Q174782,P1343,Q2657718
Q174782,P1343,Q65109596
Q174782,P1424,Q13427271
Q174782,P1889,Q98929991
Q1404101,P279,Q618779
Q1404101,P279,Q4164871
Q1404101,P910,Q28198566
Q1404101,P31,Q618779
Q1404101,P31,Q12737077
Q7590,P1151,Q6895441
Q7590,P527,Q334166
Q7590,P366,Q61509
Q7590,P366,Q177777
Q7590,P366,Q12048048
Q7590,P121,Q376799
Q7590,P121,Q42889
Q7590,P2633,Q795612
Q7590,P31,Q4284762
Q7590,P1889,Q746984
Q7590,P1889,Q61509
Q7590,P910,Q7216108
Q7590,P460,Q12162227
Q7590,P1424,Q11006251
Q7590,P5008,Q5460604
Q7590,P5125,Q7112806
Q7590,P279,Q79782
Q7590,P279,Q17988854
Q7590,P2579,Q2516517
Q7590,P3095,Q1509714
Q7590,P1552,Q334166
Q7590,P1343,Q101314624
Q29539,P910,Q7331020
Q29539,P31,Q5725005
Q29539,P31,Q1924249
Q29539,P1687,P2054
Q29539,P1343,Q2657718
Q29539,P1343,Q26711933
Q29539,P1343,Q26711938
Q29539,P1343,Q73391977
Q29539,P1343,Q63284758
Q29539,P279,Q107715
Q29539,P279,Q3387041
Q29539,P4934,Q11423
Q29539,P4934,Q39297
Q29539,P8111,Q844211
Q1207583,P31,Q4167410
Q165769,P40,Q3907372
Q165769,P40,Q2722978
Q165769,P40,Q3621444
Q165769,P40,Q192482
Q165769,P26,Q47231
Q165769,P26,Q1333887
Q165769,P21,Q6581072
Q165769,P31,Q22988604
Q165769,P1343,Q2657718
Q165769,P1343,Q2041543
Q165769,P1343,Q602358
Q165769,P1343,Q19180675
Q165769,P1343,Q867541
Q165769,P22,Q1658054
Q165769,P1441,Q35160
Q165769,P1441,Q63144425
Q165769,P25,Q17197552
Q165769,P25,Q2102882
Q165769,P1049,Q34726
Q299480,P31,Q4167410
Q347130,P31,Q4167410
Q347130,P460,Q1256977
Q347130,P460,Q420016
Q347130,P1889,Q1060371
Q341851,P31,Q4167410
Q341851,P1889,Q16871577
Q539975,P31,Q4167410
Q281066,P279,Q2424752
Q281066,P910,Q6304626
Q281066,P2354,Q17098503
Q281066,P1382,Q2498244
Q281066,P828,Q2081312
Q281066,P1889,Q15733887
Q12299254,P910,Q20929476
Q12299254,P1269,Q558066
Q12299254,P1269,Q284602
Q12299254,P279,Q19829125
Q12299254,P279,Q48655
Q15808312,P31,Q4167410
Q15808312,P1889,Q38222743
Q15808312,P460,Q64769834
Q15808312,P460,Q64770007
Q15808312,P460,Q3502786
Q15808312,P460,Q64770170
Q15808312,P460,Q64770256
Q15808312,P460,Q10374630
Q1770203,P910,Q9284152
Q1770203,P1343,Q2657718
Q1770203,P279,Q2041172
Q1770203,P279,Q167676
Q9609,P279,Q988343
Q9609,P279,Q66592151
Q9609,P910,Q7163650
Q9609,P1343,Q2657718
Q9609,P1343,Q602358
Q9609,P527,Q11663654
Q9609,P461,Q9655
Q9609,P2789,Q388209
Q9609,P2789,Q1072
Q9609,P2579,Q2440756
Q9609,P1424,Q6509326
Q9609,P1687,P2289
Q9609,P1889,Q9655
Q9609,P31,Q103914748
Q9609,P4843,Q14905178
Q349876,P31,Q4167410
Q349876,P1889,Q20726813
Q349876,P1889,Q78933655
Q465165,P1365,Q1835136
Q465165,P1365,Q17398991
Q465165,P1365,Q87066781
Q465165,P31,Q1391145
Q465165,P463,Q1634011
Q465165,P17,Q30
Q465165,P131,Q1375280
Q465165,P159,Q1375280
Q1576,P366,Q662860
Q1576,P910,Q7042352
Q1576,P186,Q1566
Q1576,P279,Q44106
Q1576,P1419,Q3297588
Q1576,P1343,Q2041543
Q1576,P2283,Q1566
Q207649,P31,Q4830453
Q207649,P31,Q6881511
Q207649,P159,Q145
Q207649,P1454,Q1589009
Q207649,P112,Q123525
Q3559,P31,Q17444909
Q3559,P279,Q193275
Q3559,P910,Q7217170
Q3559,P361,Q206717
Q3559,P1424,Q5623690
Q3559,P2354,Q37554
Q3559,P5008,Q5460604
Q3559,P527,Q1773534
Q3559,P1343,Q3181656
Q3559,P1889,Q2855300
Q2740624,P31,Q4167410
Q2740624,P460,Q21073877
Q2740624,P460,Q202400
Q2740624,P460,Q1248088
Q224271,P31,Q4167410
Q1323078,P31,Q4167410
Q1323078,P1889,Q1921640
Q1323078,P460,Q73670284
Q209867,P910,Q8834489
Q209867,P279,Q42848
Q209867,P527,Q167676
Q209867,P527,Q5607897
Q209867,P527,Q5290
Q209867,P527,Q13557414
Q186117,P910,Q5659542
Q186117,P279,Q28923
Q186117,P1963,P580
Q186117,P1963,P582
Q186117,P1963,P585
Q186117,P1889,Q1703608
Q186117,P2354,Q131000
Q21509131,P31,Q101352
Q21509131,P1889,Q1216694
Q21509131,P282,Q8229
Q477354,P31,Q4167410
Q439664,P31,Q4167410
Q439664,P1343,Q2657718
Q278835,P407,Q1860
Q278835,P407,Q809
Q278835,P460,Q221774
Q278835,P460,Q18130894
Q278835,P460,Q16275627
Q278835,P460,Q18130926
Q278835,P460,Q1282258
Q278835,P460,Q18130901
Q278835,P460,Q18130902
Q278835,P460,Q18130907
Q278835,P460,Q18130910
Q278835,P460,Q18031774
Q278835,P460,Q6063951
Q278835,P460,Q19999996
Q278835,P460,Q18130908
Q278835,P460,Q18699849
Q278835,P460,Q16355654
Q278835,P460,Q15731557
Q278835,P460,Q2014680
Q278835,P460,Q17190238
Q278835,P460,Q16721684
Q278835,P460,Q48771959
Q278835,P460,Q96633913
Q278835,P1533,Q21405537
Q278835,P31,Q12308941
Q278835,P1889,Q6405222
Q278835,P282,Q8229
Q278835,P5323,Q21644845
Q278835,P361,Q21405540
Q106901,P31,Q4167410
Q106901,P1889,Q37493840
Q106901,P460,Q61750950
Q6612,P106,Q372391
Q6612,P22,Q131122
Q6612,P25,Q131203
Q6612,P31,Q22989102
Q6612,P31,Q2803758
Q6612,P21,Q6581097
Q6612,P1049,Q855270
Q6612,P1269,Q1521549
Q6612,P1889,Q1067918
Q6612,P1343,Q30059240
Q6612,P1343,Q602358
Q6612,P1343,Q3181656
Q37129,P910,Q7484950
Q37129,P31,Q11173
Q37129,P31,Q41581
Q37129,P31,Q27105731
Q37129,P527,Q623
Q37129,P527,Q556
Q37129,P1343,Q2657718
Q37129,P1343,Q602358
Q37129,P1343,Q19180675
Q37129,P1343,Q4091875
Q37129,P1343,Q2041543
Q37129,P4952,Q51139288
Q37129,P1552,Q11567495
Q37129,P1552,Q30007162
Q37129,P366,Q42501
Q37129,P366,Q1408137
Q37129,P361,Q22281435
Q37129,P361,Q22275999
Q37129,P361,Q22282966
Q37129,P361,Q22282965
Q37129,P361,Q22274768
Q37129,P361,Q22281436
Q37129,P361,Q22274769
Q37129,P361,Q22282960
Q37129,P361,Q22276000
Q37129,P361,Q22276001
Q37129,P361,Q22276002
Q37129,P361,Q22282962
Q37129,P361,Q22282963
Q37129,P361,Q22282964
Q37129,P361,Q22282961
Q37129,P361,Q22317269
Q37129,P361,Q22321066
Q37129,P2868,Q167336
Q37129,P4147,Q3333513
Q83481,P361,Q4130
Q83481,P279,Q44946
Q83481,P279,Q167312
Q83481,P279,Q126017
Q83481,P1343,Q4532135
Q83481,P1343,Q19180675
Q83481,P1343,Q2041543
Q83481,P1269,Q272626
Q83481,P1269,Q333
Q83481,P1889,Q14948964
Q83481,P31,Q21484471
Q83481,P921,Q1088950
Q83481,P921,Q2858363
Q223868,P31,Q4167410
Q223868,P1343,Q2657718
Q1310479,P31,Q4167410
Q1310479,P1889,Q21510031
Q18787,P31,Q577
Q18787,P361,Q35702
Q18787,P155,Q18792
Q18787,P156,Q18782
Q18787,P910,Q5610322
Q18787,P2959,Q31802779
Q18787,P527,Q13065746
Q18787,P527,Q3092735
Q18787,P527,Q13071442
Q18787,P527,Q13080402
Q18787,P527,Q13072242
Q18787,P527,Q16647378
Q18787,P527,Q13066003
Q18787,P527,Q13080472
Q18787,P527,Q16676350
Q18787,P527,Q16667731
Q18787,P527,Q13068482
Q18787,P527,Q13067881
Q297627,P31,Q4167410
Q227333,P31,Q4167410
Q423096,P31,Q4167410
Q408128,P31,Q4167410
Q408128,P1889,Q16870230
Q2294128,P31,Q4167410
Q402502,P31,Q4167410
Q402502,P1889,Q20727132
Q402502,P910,Q66711880
Q11391,P279,Q11386
Q11391,P361,Q133139
Q11391,P910,Q8857539
Q11391,P1542,Q127724
Q11391,P1343,Q2657718
Q11391,P1343,Q3181656
Q11391,P5008,Q5460604
Q344480,P31,Q4167410
Q344480,P460,Q61958004
Q499618,P910,Q18912554
Q499618,P31,Q63254493
Q499618,P1441,Q18010882
Q499618,P360,Q1969448
Q420307,P31,Q4167410
Q427287,P279,Q5393308
Q427287,P1889,Q1301968
Q427287,P527,Q1897071
Q427287,P527,Q677405
Q427287,P527,Q18159445
Q1271326,P31,Q4167410
Q18597,P31,Q577
Q18597,P361,Q36297
Q18597,P155,Q5188
Q18597,P156,Q18591
Q18597,P910,Q5611101
Q18597,P2959,Q31802863
Q18597,P527,Q2874550
Q18597,P527,Q5439752
Q18597,P527,Q6155696
Q18597,P527,Q6310473
Q18597,P527,Q6312000
Q18597,P527,Q6756721
Q18597,P527,Q6796278
Q18597,P527,Q13067893
Q18597,P527,Q13080005
Q18597,P527,Q13080483
Q18597,P527,Q17006625
Q18597,P527,Q13068498
Q18597,P1889,Q13143053
Q449543,P31,Q4167410
Q449543,P1889,Q16869991
Q34486,P279,Q949801
Q34486,P910,Q6571493
Q34486,P31,Q20026879
Q34486,P1343,Q2657718
Q34486,P1343,Q4114391
Q34486,P1535,Q24175396
Q34486,P1889,Q1258304
Q34486,P366,Q765633
Q34486,P1424,Q14385255
Q34486,P121,Q1343028
Q2064,P31,Q3186692
Q2064,P361,Q34653
Q2064,P155,Q2425
Q2064,P156,Q2062
Q2064,P910,Q6938654
Q2064,P2959,Q31803036
Q2064,P527,Q12364951
Q2064,P527,Q3092767
Q2064,P527,Q3294924
Q2064,P527,Q2874568
Q2064,P527,Q3277975
Q2064,P527,Q3188262
Q2064,P527,Q3188196
Q2064,P527,Q2858052
Q2064,P527,Q3478980
Q2064,P527,Q3348939
Q2064,P527,Q3345438
Q2064,P527,Q3042495
Q2064,P1889,Q44069931
Q4087,P31,Q11173
Q4087,P31,Q4832226
Q4087,P31,Q25385701
Q4087,P527,Q627
Q4087,P527,Q556
Q4087,P1542,Q21167772
Q4087,P1343,Q4532135
Q4087,P1343,Q602358
Q4087,P1343,Q3181656
Q4087,P4149,Q4026895
Q4087,P4147,Q190901
Q4087,P4952,Q51139288
Q4087,P361,Q190901
Q4087,P361,Q22273220
Q4087,P361,Q22273221
Q4087,P361,Q21109142
Q4087,P361,Q21106411
Q4087,P2079,Q213669
Q4087,P1889,Q421888
Q4087,P1889,Q2992797
Q4087,P366,Q1408137
Q4087,P910,Q33116284
Q678146,P279,Q645883
Q678146,P910,Q8304702
Q678146,P1343,Q4114391
Q678146,P1424,Q25883419
Q4995555,P31,Q4167410
Q4995555,P1889,Q25937107
Q4995555,P1889,Q36855726
Q223879,P31,Q4167410
Q223879,P1889,Q16865429
Q223879,P1830,Q15944441
Q159557,P910,Q15099826
Q159557,P1343,Q2657718
Q159557,P1995,Q83042
Q159557,P1995,Q679690
Q159557,P279,Q4313500
Q159557,P279,Q1441305
Q159557,P279,Q15788410
Q159557,P1889,Q161736
Q166583,P31,Q185357
Q166583,P1343,Q2657718
Q166583,P461,Q6452502
Q166583,P2283,Q29147941
Q166583,P1542,Q29115643
Q166583,P2579,Q11473
Q243707,P31,Q4167410
Q243707,P1889,Q37203319
Q298223,P31,Q4167410
Q8068,P828,Q18447212
Q8068,P828,Q8070
Q8068,P828,Q2369493
Q8068,P828,Q1550470
Q8068,P828,Q7925
Q8068,P279,Q8065
Q8068,P279,Q30017
Q8068,P910,Q6457081
Q8068,P910,Q15088885
Q8068,P1542,Q4
Q8068,P1542,Q554774
Q8068,P1542,Q1033074
Q8068,P1343,Q2041543
Q8068,P1343,Q19190511
Q8068,P1343,Q1768721
Q8068,P2959,Q22828670
Q8068,P5008,Q5460604
Q8068,P1424,Q11008383
Q108754,P31,Q4167410
Q11412,P31,Q104934
Q11412,P31,Q1293220
Q11412,P910,Q6429350
Q11412,P1343,Q2657718
Q11412,P1542,Q25288
Q11412,P1542,Q11868838
Q11412,P1542,Q29652844
Q11412,P1269,Q11455
Q11412,P1269,Q11452
Q11412,P1269,Q856292
Q11412,P1269,Q761383
Q11412,P5008,Q5460604
Q11412,P461,Q38084560
Q11412,P527,Q11402
Q11412,P527,Q18373
Q11412,P527,Q11423
Q11412,P527,Q126017
Q55623,P31,Q4167410
Q55623,P1889,Q19689437
Q55623,P1889,Q37261868
Q2230516,P21,Q6581097
Q2230516,P106,Q36180
Q2230516,P106,Q4853732
Q2230516,P106,Q39631
Q2230516,P31,Q5
Q2230516,P19,Q992
Q2230516,P800,Q10699793
Q2230516,P735,Q19997456
Q2230516,P735,Q471788
Q2230516,P27,Q29999
Q2230516,P103,Q7411
Q2230516,P20,Q1075656
Q2230516,P1412,Q7411
Q2230516,P7763,Q73555012
Q2230516,P734,Q99180014
Q622772,P910,Q8543611
Q622772,P2283,Q13416228
Q622772,P186,Q45701
Q622772,P1056,Q152079
Q622772,P279,Q37305821
Q622772,P279,Q133235
Q1812346,P31,Q4167410
Q1812346,P1889,Q27062798
Q1812346,P1889,Q54807265
Q1812346,P1889,Q54825806
Q1812346,P1889,Q2358400
Q1812346,P1889,Q5321991
Q1812346,P460,Q2107793
Q913850,P910,Q32894097
Q913850,P279,Q16132073
Q913850,P1269,Q601319
Q913850,P1269,Q838950
Q913850,P1889,Q65326747
Q913850,P460,Q65326747
Q25261,P910,Q7213754
Q25261,P1424,Q10628332
Q25261,P31,Q336
Q25261,P31,Q11862829
Q25261,P1343,Q2657718
Q25261,P5125,Q7112683
Q25261,P279,Q8008
Q25261,P2578,Q11663
Q25261,P2578,Q3230
Q25261,P3095,Q2310145
Q25261,P1889,Q394
Q106884,P31,Q4167410
Q106884,P1889,Q783934
Q106884,P1889,Q598459
Q106884,P1889,Q75046007
Q106884,P1889,Q512281
Q332,P138,Q3954
Q332,P397,Q525
Q332,P61,Q104154
Q332,P61,Q20015
Q332,P61,Q76431
Q332,P61,Q155013
Q332,P65,Q698950
Q332,P398,Q16062
Q332,P398,Q19447
Q332,P398,Q19454
Q332,P398,Q19464
Q332,P398,Q19471
Q332,P398,Q16081
Q332,P398,Q3359
Q332,P398,Q16076
Q332,P398,Q19507
Q332,P398,Q19517
Q332,P398,Q19527
Q332,P398,Q19535
Q332,P398,Q19574
Q332,P398,Q13938622
Q332,P398,Q48400
Q332,P398,Q2824069
Q332,P398,Q2859429
Q332,P398,Q3094782
Q332,P398,Q3218345
Q332,P398,Q3228065
Q332,P398,Q3616602
Q332,P398,Q3616603
Q332,P398,Q3616607
Q332,P398,Q3616604
Q332,P398,Q3616605
Q332,P398,Q2139
Q332,P361,Q3962257
Q332,P31,Q1319599
Q332,P31,Q30014
Q332,P910,Q7034109
Q332,P1343,Q2041543
Q332,P1343,Q19180675
Q332,P1343,Q602358
Q332,P1343,Q19190511
Q332,P527,Q3843313
Q332,P5008,Q5460604
Q332,P5125,Q30589066
Q332,P276,Q3962257
Q22570371,P31,Q13406463
Q356897,P31,Q4167410
Q402285,P31,Q4167410
Q402285,P460,Q9061903
Q7318464,P31,Q4167410
Q81710,P279,Q12059906
Q81710,P910,Q8736375
Q81710,P425,Q1790941
Q81710,P1889,Q1260304
Q81710,P31,Q28640
Q324,P361,Q3962257
Q324,P138,Q79999
Q324,P138,Q104002
Q324,P397,Q525
Q324,P398,Q15613
Q324,P398,Q15616
Q324,P398,Q15629
Q324,P398,Q15633
Q324,P398,Q15637
Q324,P398,Q15643
Q324,P398,Q15644
Q324,P398,Q15646
Q324,P398,Q15655
Q324,P398,Q15658
Q324,P398,Q15660
Q324,P398,Q15662
Q324,P398,Q15667
Q324,P398,Q3352
Q324,P398,Q3343
Q324,P398,Q3338
Q324,P398,Q3322
Q324,P398,Q3332
Q324,P398,Q18465
Q324,P398,Q18481
Q324,P398,Q18488
Q324,P398,Q18494
Q324,P398,Q18495
Q324,P398,Q18496
Q324,P398,Q18497
Q324,P398,Q18500
Q324,P398,Q18501
Q324,P398,Q171473
Q324,P398,Q511479
Q324,P398,Q615967
Q324,P398,Q628325
Q324,P398,Q1132027
Q324,P398,Q2851398
Q324,P398,Q2851399
Q324,P398,Q2851401
Q324,P398,Q2851426
Q324,P398,Q2851428
Q324,P398,Q2851444
Q324,P398,Q3616611
Q324,P398,Q3680062
Q324,P398,Q2851408
Q324,P31,Q1319599
Q324,P31,Q30014
Q324,P910,Q7033774
Q324,P61,Q14277
Q324,P913,Q3594854
Q324,P527,Q1708494
Q324,P527,Q3843312
Q324,P1343,Q2041543
Q324,P1343,Q602358
Q324,P1343,Q19180675
Q324,P5008,Q5460604
Q324,P1424,Q6416482
Q324,P5125,Q30589067
Q324,P276,Q3962257
Q324,P793,Q21002732
Q324,P793,Q1036457
Q12567,P910,Q8208875
Q12567,P31,Q2472587
Q12567,P31,Q11514315
Q12567,P31,Q11042
Q12567,P31,Q1292119
Q12567,P1343,Q20078554
Q12567,P5008,Q5460604
Q155257,P31,Q4167410
Q44468,P31,Q40687
Q389772,P910,Q7014408
Q389772,P279,Q47868913
Q389772,P1552,Q1424639
Q5190502,P31,Q4167410
Q5190502,P910,Q9573628
Q5456415,P31,Q4167410
Q21449952,P31,Q101352
Q21449952,P1889,Q1535813
Q21449952,P282,Q8229
Q21449952,P407,Q8641
Q1202221,P527,Q5194699
Q1202221,P527,Q2796766
Q1202221,P279,Q18679149
Q1202221,P279,Q28100128
Q1202221,P495,Q30
Q1202221,P1889,Q2302413
Q1202221,P1269,Q84184760
Q182020,P276,Q4169
Q182020,P910,Q24068445
Q182020,P279,Q1914636
Q1175643,P31,Q4167410
Q1681365,P461,Q2184715
Q1681365,P910,Q7214127
Q1681365,P279,Q28877
Q350919,P31,Q4167410
Q376693,P279,Q17489160
Q376693,P279,Q179700
Q376693,P138,Q41484
Q376693,P1343,Q2657718
Q376693,P1343,Q602358
Q376693,P1343,Q19180675
Q376693,P1343,Q20078554
Q376693,P31,Q18783400
Q376693,P180,Q3409626
Q376693,P180,Q4620674
Q376693,P180,Q262959
Q121998,P279,Q1251687
Q121998,P279,Q15217354
Q121998,P279,Q4164871
Q121998,P361,Q938711
Q121998,P361,Q3917681
Q121998,P910,Q7031792
Q121998,P31,Q303618
Q121998,P31,Q28640
Q121998,P1963,P39
Q121998,P1963,P106
Q121998,P6186,Q59521690
Q121998,P1343,Q2041543
Q121998,P1343,Q3181656
Q131288,P279,Q177626
Q131288,P910,Q8420848
Q131288,P1343,Q2657718
Q131288,P1343,Q602358
Q131288,P1343,Q19180675
Q131288,P461,Q187668
Q131288,P5008,Q13382529
Q131288,P1889,Q187668
Q131288,P1889,Q856681
Q131288,P1889,Q5999048
Q131288,P1889,Q301370
Q131288,P1889,Q177626
Q131288,P1889,Q332988
Q131288,P1269,Q98280868
Q4667485,P31,Q14073567
Q4667485,P527,Q40326001
Q4667485,P527,Q40326019
Q4667485,P841,Q2238
Q1388215,P31,Q4167410
Q422770,P31,Q4167410
Q422770,P1889,Q10977348
Q340724,P31,Q4167410
Q340724,P1343,Q2657718
Q340724,P1343,Q2041543
Q342433,P31,Q4167410
Q342433,P180,Q18511800
Q192375,P279,Q41176
Q192375,P279,Q55697304
Q192375,P279,Q1433344
Q192375,P910,Q14436424
Q192375,P1343,Q2041543
Q29912990,P31,Q4167410
Q16033661,P31,Q4167410
Q16059837,P31,Q4167410
Q16059837,P1889,Q11864996
Q16059837,P1889,Q37165962
Q16059837,P460,Q227211
Q175821,P31,Q1978718
Q175821,P31,Q208469
Q175821,P111,Q36253
Q605177,P31,Q245065
Q605177,P159,Q340
Q605177,P112,Q16
Q605177,P112,Q142
Q605177,P112,Q30
Q605177,P112,Q15180
Q305876,P31,Q40056
Q305876,P31,Q18343316
Q305876,P31,Q131212
Q305876,P31,Q28919945
Q305876,P31,Q9143
Q305876,P144,Q283992
Q305876,P178,Q6513516
Q305876,P287,Q6513516
Q305876,P737,Q283992
Q305876,P3966,Q187432
Q305876,P3966,Q287472
Q305876,P751,Q42214913
Q305876,P4810,Q47517764
Q305876,P4810,Q47517765
Q305876,P4810,Q47517767
Q305876,P4810,Q47517768
Q305876,P4810,Q47517769
Q305876,P4810,Q47517774
Q305876,P306,Q14656
Q305876,P1889,Q64122515
Q4839732,P31,Q4167410
Q190776,P375,Q54363
Q190776,P31,Q26540
Q190776,P31,Q25956
Q190776,P31,Q7217761
Q190776,P17,Q30
Q190776,P137,Q23548
Q190776,P522,Q663611
Q190776,P1029,Q213076
Q190776,P1029,Q446917
Q190776,P1029,Q536632
Q190776,P1029,Q310924
Q190776,P1029,Q507046
Q190776,P1029,Q363976
Q190776,P1029,Q644837
Q190776,P1029,Q390344
Q190776,P1029,Q460440
Q190776,P361,Q618933
Q190776,P910,Q8750695
Q190776,P1343,Q2657718
Q190776,P1427,Q845774
Q190776,P793,Q51258357
Q190776,P793,Q797476
Q190776,P793,Q531716
Q228728,P31,Q4167410
Q228728,P1889,Q626823
Q15803740,P31,Q4167410
Q341282,P31,Q4167410
Q341282,P1889,Q1622107
Q341282,P1889,Q250669
Q341282,P460,Q1417371
Q131189,P31,Q41581
Q131189,P31,Q11173
Q131189,P31,Q1115533
Q131189,P1542,Q21175071
Q131189,P1343,Q2657718
Q131189,P1343,Q4532138
Q131189,P4952,Q51139288
Q131189,P910,Q55249484
Q131189,P1889,Q151324
Q60602,P279,Q178777
Q60602,P279,Q743004
Q60602,P910,Q6279997
Q7303272,P31,Q4167410
Q533668,P279,Q11402
Q35140,P279,Q1656682
Q35140,P279,Q855395
Q35140,P279,Q16686448
Q35140,P910,Q8882941
Q35140,P1889,Q22672348
Q35140,P1424,Q13033746
Q35140,P4646,Q43099500
Q35140,P1687,P5027
Q35140,P31,Q4671286
Q35140,P361,Q77468620
Q1423664,P31,Q4167410
Q1423664,P1889,Q25114389
Q182461,P31,Q4167410
Q191086,P31,Q2083910
Q191086,P279,Q82794
Q191086,P279,Q37813
Q191086,P1343,Q2657718
Q191086,P1889,Q27466065
Q82583,P31,Q4167410
Q82583,P1889,Q16883547
Q82583,P1889,Q7558436
Q82583,P1889,Q7558425
Q82583,P1889,Q3964372
Q82583,P1889,Q28452649
Q82583,P1889,Q30612192
Q82583,P1889,Q58562166
Q82583,P460,Q3964343
Q2351730,P31,Q3249551
Q2351730,P910,Q30815074
Q10294,P910,Q7023063
Q10294,P279,Q3505845
Q10294,P279,Q1920219
Q10294,P461,Q200535
Q10294,P828,Q2039238
Q10294,P1343,Q4086271
Q10294,P1343,Q602358
Q10294,P1343,Q4173137
Q10294,P1343,Q2041543
Q10294,P1542,Q69783941
Q10294,P1542,Q21171811
Q10294,P1889,Q20418222
Q1356874,P31,Q4167410
Q1356874,P1889,Q42565390
Q1356874,P1889,Q65483311
Q1356874,P1889,Q65484032
Q1356874,P1889,Q7318512
Q224435,P31,Q4167410
Q224435,P1889,Q4818262
Q224435,P1889,Q15729880
Q4967516,P31,Q215380
Q4967516,P495,Q30
Q4967516,P136,Q484641
Q538685,P279,Q11446
Q538685,P910,Q8448406
Q7950214,P31,Q4167410
Q970793,P31,Q4167410
Q421,P279,Q30898410
Q421,P279,Q1413181
Q421,P910,Q7145395
Q421,P2959,Q27148616
Q421,P2579,Q219611
Q1797928,P31,Q4167410
Q3375544,P31,Q4167410
Q3375544,P1889,Q21509630
Q2584411,P31,Q4167410
Q2584411,P1889,Q37455122
Q939244,P31,Q4167410
Q26576,P31,Q41710
Q26576,P140,Q748
Q26576,P36,Q108155
Q26576,P36,Q182159
Q26576,P910,Q8508610
Q26576,P2936,Q756651
Q26576,P1343,Q1768721
Q26576,P1365,Q11774
Q14387,P155,Q14382
Q14387,P156,Q14390
Q14387,P361,Q8216
Q14387,P144,Q12221448
Q14387,P31,Q19793459
Q14387,P1889,Q374797
Q14387,P910,Q15016877
Q227727,P31,Q4167410
Q832306,P17,Q142
Q832306,P131,Q3105
Q832306,P131,Q701915
Q832306,P131,Q702854
Q832306,P31,Q484170
Q832306,P47,Q668451
Q832306,P47,Q210736
Q832306,P47,Q745719
Q832306,P47,Q902724
Q832306,P47,Q750223
Q832306,P421,Q6655
Q832306,P421,Q6723
Q832306,P1313,Q65444154
Q832306,P7938,Q1726240
Q215646,P1464,Q8079930
Q215646,P17,Q17
Q215646,P910,Q8401342
Q215646,P31,Q486972
Q215646,P31,Q909458
Q215646,P31,Q1025961
Q215646,P1376,Q205662
Q215646,P1465,Q20991827
Q215646,P1792,Q7933767
Q215646,P131,Q10876926
Q215646,P1366,Q7473516
Q215646,P1343,Q602358
Q215646,P4777,Q11521529
Q215646,P1313,Q4262763
Q215646,P527,Q67406560
Q215646,P793,Q3149858
Q215646,P361,Q11357620
Q215646,P2579,Q11551012
Q215646,P206,Q11551101
Q215646,P206,Q11509579
Q215646,P206,Q11550995
Q215646,P460,Q11436832
Q215646,P2936,Q11259242
Q215646,P7867,Q84133828
Q215646,P3842,Q308891
Q834191,P910,Q7448410
Q834191,P1343,Q2657718
Q834191,P361,Q3972943
Q834191,P279,Q194105
Q834191,P3095,Q356139
Q343503,P31,Q4167410
Q343503,P460,Q50246389
Q83203,P910,Q7488657
Q83203,P31,Q15707583
Q83203,P279,Q20902363
Q83203,P279,Q22988604
Q83203,P1343,Q2657718
Q83203,P1343,Q30059240
Q83203,P1343,Q602358
Q83203,P1343,Q19180675
Q83203,P1343,Q867541
Q83203,P1343,Q3181656
Q83203,P1889,Q42058680
Q83203,P1889,Q2606272
Q83203,P1889,Q10734
Q83203,P527,Q2261656
Q83203,P527,Q726
Q83203,P5008,Q99671171
Q207380,P21,Q6581097
Q207380,P119,Q1574424
Q207380,P19,Q72259
Q207380,P463,Q123885
Q207380,P463,Q1665181
Q207380,P31,Q5
Q207380,P20,Q84
Q207380,P166,Q15631401
Q207380,P27,Q174193
Q207380,P509,Q12202
Q207380,P106,Q13582652
Q207380,P106,Q1906857
Q207380,P106,Q42973
Q207380,P106,Q81096
Q207380,P106,Q66711686
Q207380,P22,Q445306
Q207380,P800,Q1570586
Q207380,P800,Q162170
Q207380,P800,Q843251
Q207380,P800,Q744086
Q207380,P800,Q733293
Q207380,P800,Q946641
Q207380,P910,Q7835344
Q207380,P25,Q7562894
Q207380,P40,Q5725440
Q207380,P40,Q76116782
Q207380,P40,Q76282144
Q207380,P40,Q96087498
Q207380,P1343,Q15987216
Q207380,P1343,Q67311526
Q207380,P1343,Q602358
Q207380,P1343,Q3181656
Q207380,P69,Q568554
Q207380,P69,Q1878600
Q207380,P103,Q1860
Q207380,P1412,Q1860
Q207380,P802,Q4954713
Q207380,P6886,Q1860
Q207380,P734,Q16860593
Q207380,P26,Q96087496
Q207380,P3373,Q96087609
Q207380,P3373,Q96087501
Q416546,P31,Q4167410
Q416546,P1889,Q16865798
Q22349996,P31,Q4167410
Q22349996,P1889,Q1451887
Q22349996,P460,Q1904601
Q22349996,P407,Q8641
Q349763,P31,Q4167410
Q28021107,P31,Q4167410
Q1391877,P21,Q6581097
Q1391877,P106,Q36180
Q1391877,P106,Q212238
Q1391877,P106,Q214917
Q1391877,P106,Q49757
Q1391877,P106,Q4853732
Q1391877,P106,Q333634
Q1391877,P31,Q5
Q1391877,P166,Q6970486
Q1391877,P19,Q662985
Q1391877,P735,Q2648973
Q1391877,P20,Q16506
Q1391877,P69,Q31519
Q1391877,P108,Q9170816
Q1391877,P800,Q1106906
Q1391877,P1343,Q17378135
Q1391877,P1343,Q67311526
Q1391877,P1412,Q150
Q1391877,P1412,Q188
Q1391877,P1412,Q11059
Q1391877,P1412,Q9056
Q1391877,P119,Q118967
Q1391877,P734,Q15735066
Q1391877,P27,Q28513
Q7316896,P279,Q13442814
Q7316896,P279,Q567303
Q7316896,P1889,Q26256296
Q7316896,P1889,Q45203135
Q7316896,P1687,P5824
Q14595968,P31,Q4167410
Q332237,P31,Q4167410
Q3304628,P31,Q4167410
Q12190,P1582,Q843136
Q12190,P279,Q306264
Q12190,P279,Q522244
Q12190,P279,Q28370569
Q12190,P61,Q37064
Q12190,P910,Q9236342
Q12190,P527,Q627
Q12190,P527,Q629
Q12190,P527,Q623
Q12190,P3489,Q28123616
Q12190,P1343,Q2657718
Q12190,P31,Q17339814
Q12190,P2868,Q12187
Q12190,P1542,Q7162853
Q12190,P361,Q21199060
Q12190,P361,Q22276030
Q12190,P361,Q22276032
Q12190,P361,Q22276036
Q829492,P910,Q8794806
Q829492,P1382,Q13373512
Q829492,P1382,Q1824146
Q829492,P361,Q492886
Q829492,P279,Q601401
Q829492,P2283,Q643327
Q7233433,P31,Q4167410
Q230097,P31,Q4167410
Q230097,P1889,Q37534667
Q1215792,P31,Q4167410
Q1181836,P1889,Q12046144
Q1181836,P460,Q2615915
Q1181836,P31,Q54989186
Q3110838,P31,Q4167410
Q3110838,P1889,Q16276036
Q3110838,P1889,Q37511719
Q15078136,P31,Q4167410
Q2030873,P31,Q215380
Q2030873,P740,Q23276
Q2030873,P136,Q132438
Q2030873,P264,Q1474604
Q2030873,P495,Q145
Q104680,P1611,Q18536827
Q104680,P279,Q1053745
Q104680,P1343,Q678259
Q104680,P1343,Q2041543
Q104680,P1343,Q602358
Q104680,P910,Q7958123
Q104680,P31,Q56019
Q104680,P3729,Q493898
Q104680,P3730,Q152956
Q394415,P31,Q4167410
Q394415,P1889,Q30440450
Q394415,P460,Q28805687
Q123509,P910,Q7014407
Q123509,P279,Q12769393
Q123509,P279,Q16672848
Q123509,P461,Q39350
Q123509,P1343,Q602358
Q18216,P31,Q11173
Q18216,P31,Q12140
Q18216,P31,Q21073023
Q18216,P31,Q35456
Q18216,P31,Q55427776
Q18216,P31,Q72941151
Q18216,P636,Q285166
Q18216,P910,Q8271402
Q18216,P527,Q629
Q18216,P527,Q623
Q18216,P527,Q556
Q18216,P1542,Q21167614
Q18216,P2175,Q242165
Q18216,P2175,Q81938
Q18216,P2175,Q101991
Q18216,P2175,Q187255
Q18216,P2175,Q62736
Q18216,P2175,Q6081223
Q18216,P2175,Q753904
Q18216,P2175,Q18558122
Q18216,P2175,Q190805
Q18216,P2175,Q815819
Q18216,P2175,Q266018
Q18216,P3493,Q26715239
Q18216,P166,Q1366018
Q18216,P3489,Q3679261
Q18216,P3489,Q28123617
Q18216,P769,Q413690
Q18216,P769,Q188543
Q18216,P769,Q414275
Q18216,P769,Q1075324
Q18216,P769,Q407431
Q18216,P769,Q422232
Q18216,P769,Q410400
Q18216,P769,Q900898
Q18216,P769,Q240642
Q18216,P2868,Q721432
Q18216,P2868,Q188724
Q18216,P2868,Q7250944
Q18216,P2868,Q582687
Q18216,P2868,Q20522059
Q18216,P2868,Q50573636
Q18216,P3780,Q47521514
Q18216,P3780,Q10420388
Q18216,P279,Q188724
Q18216,P4954,Q12152
Q18216,P61,Q903529
Q18216,P61,Q76621
Q18216,P61,Q446900
Q18216,P61,Q76618
Q18216,P61,Q61232
Q18216,P129,Q21102111
Q18216,P129,Q21126810
Q18216,P129,Q415364
Q18216,P2184,Q5867393
Q18216,P1716,Q10420388
Q18216,P1889,Q10420388
Q179366,P910,Q8309086
Q179366,P279,Q32602941
Q179366,P138,Q455534
Q179366,P461,Q1047533
Q179366,P1343,Q602358
Q179366,P361,Q301468
Q47016687,P31,Q4167410
Q47016687,P460,Q1177912
Q47016687,P460,Q48654259
Q401865,P31,Q4167410
Q401865,P1889,Q37046533
Q401865,P460,Q16767371
Q208351,P31,Q60539481
Q208351,P31,Q16748867
Q208351,P2579,Q9357054
Q208351,P461,Q24238252
Q208351,P361,Q77468620
Q134041,P279,Q147538
Q134041,P910,Q7214089
Q134041,P527,Q227816
Q134041,P495,Q30
Q134041,P462,Q15699769
Q233958,P31,Q4167410
Q233958,P1889,Q17516282
Q868,P135,Q194414
Q868,P1066,Q859
Q868,P1343,Q4239850
Q868,P1343,Q19180675
Q868,P1343,Q602358
Q868,P1343,Q867541
Q868,P1343,Q20743760
Q868,P1343,Q21065550
Q868,P1343,Q19211082
Q868,P1343,Q4173137
Q868,P1343,Q27680201
Q868,P1343,Q4532135
Q868,P1343,Q302556
Q868,P1343,Q16082057
Q868,P1343,Q20078554
Q868,P1343,Q30059240
Q868,P1343,Q1138524
Q868,P1343,Q51955019
Q868,P1343,Q602358
Q868,P1343,Q67311526
Q868,P1343,Q3181656
Q868,P1343,Q99413897
Q868,P20,Q200133
Q868,P106,Q864503
Q868,P106,Q2998308
Q868,P106,Q14565331
Q868,P106,Q350979
Q868,P106,Q4263842
Q868,P106,Q170790
Q868,P106,Q5403434
Q868,P106,Q15632482
Q868,P106,Q18930007
Q868,P106,Q270141
Q868,P106,Q18930236
Q868,P106,Q36180
Q868,P106,Q4964182
Q868,P106,Q11063
Q868,P106,Q901402
Q868,P106,Q37226
Q868,P106,Q901222
Q868,P31,Q5
Q868,P910,Q8881853
Q868,P172,Q539051
Q868,P19,Q846127
Q868,P40,Q2217419
Q868,P26,Q462582
Q868,P26,Q1987698
Q868,P737,Q859
Q868,P737,Q913
Q868,P737,Q41155
Q868,P737,Q125551
Q868,P737,Q132157
Q868,P737,Q41980
Q868,P737,Q42458
Q868,P737,Q43216
Q868,P737,Q5264
Q868,P737,Q83375
Q868,P802,Q8409
Q868,P802,Q160362
Q868,P802,Q335156
Q868,P802,Q352621
Q868,P802,Q358482
Q868,P802,Q736433
Q868,P802,Q943529
Q868,P802,Q2955937
Q868,P802,Q3347025
Q868,P802,Q2980452
Q868,P802,Q89407534
Q868,P22,Q3050463
Q868,P735,Q27648524
Q868,P2959,Q22665576
Q868,P1412,Q35497
Q868,P2596,Q11772
Q868,P1830,Q35025797
Q868,P1830,Q16463
Q868,P69,Q193093
Q868,P1196,Q3739104
Q868,P1196,Q10737
Q868,P5008,Q5460604
Q868,P5008,Q103505599
Q868,P551,Q1524
Q868,P551,Q1524
Q868,P451,Q1987698
Q868,P101,Q5891
Q868,P509,Q3055380
Q868,P21,Q6581097
Q868,P800,Q69539
Q868,P800,Q474537
Q868,P800,Q661655
Q868,P800,Q1051198
Q868,P800,Q500930
Q868,P800,Q264714
Q868,P800,Q382282
Q868,P6886,Q35497
Q868,P7763,Q71887839
Q342319,P31,Q4167410
Q5418725,P31,Q4167410
Q5418725,P1889,Q29868187
Q1192405,P183,Q1019
Q1192405,P910,Q6266254
Q1192405,P105,Q2136103
Q1192405,P171,Q37212
Q1192405,P31,Q16521
Q534746,P31,Q4167410
Q23413,P910,Q6493590
Q23413,P279,Q57821
Q23413,P279,Q41176
Q23413,P1151,Q19332893
Q23413,P1343,Q2657718
Q23413,P1343,Q19538713
Q23413,P1343,Q4114391
Q23413,P1343,Q602358
Q23413,P1343,Q19180675
Q23413,P2579,Q2941393
Q23413,P1424,Q10805532
Q23413,P1382,Q751876
Q23413,P1889,Q751876
Q23413,P2868,Q29688905
Q23413,P2868,Q699405
Q23413,P2868,Q1758228
Q23413,P527,Q96597597
Q23413,P527,Q91165
Q23413,P527,Q57346
Q23413,P527,Q2244647
Q438297,P31,Q4167410
Q438297,P460,Q12263749
Q16774952,P31,Q101352
Q16774952,P1889,Q1113495
Q16774952,P407,Q1860
Q16774952,P282,Q8229
Q1547817,P31,Q4167410
Q600571,P910,Q8218801
Q600571,P279,Q3769299
Q600571,P279,Q1920219
Q600571,P279,Q87075524
Q600571,P527,Q366
Q600571,P527,Q124490
Q600571,P1424,Q6667141
Q9312,P737,Q37160
Q9312,P737,Q82049
Q9312,P737,Q76510
Q9312,P737,Q6527
Q9312,P737,Q316367
Q9312,P737,Q935
Q9312,P737,Q859
Q9312,P737,Q63081
Q9312,P737,Q41568
Q9312,P737,Q9191
Q9312,P737,Q9047
Q9312,P737,Q9353
Q9312,P737,Q309818
Q9312,P737,Q35802
Q9312,P119,Q225459
Q9312,P103,Q188
Q9312,P106,Q4964182
Q9312,P106,Q4773904
Q9312,P106,Q169470
Q9312,P106,Q182436
Q9312,P106,Q36180
Q9312,P106,Q1231865
Q9312,P106,Q1622272
Q9312,P106,Q170790
Q9312,P19,Q4120832
Q9312,P20,Q4120832
Q9312,P27,Q27306
Q9312,P27,Q27306
Q9312,P910,Q7847063
Q9312,P31,Q5
Q9312,P463,Q329464
Q9312,P463,Q83172
Q9312,P800,Q220002
Q9312,P800,Q870851
Q9312,P800,Q1056332
Q9312,P800,Q1761342
Q9312,P800,Q812981
Q9312,P800,Q1214817
Q9312,P800,Q1215763
Q9312,P800,Q1550565
Q9312,P734,Q11271031
Q9312,P734,Q5788033
Q9312,P1343,Q17378135
Q9312,P1343,Q590208
Q9312,P1343,Q4173137
Q9312,P1343,Q19180675
Q9312,P1343,Q602358
Q9312,P1343,Q867541
Q9312,P1343,Q2498180
Q9312,P1343,Q67311526
Q9312,P1343,Q99413897
Q9312,P22,Q21179195
Q9312,P69,Q672420
Q9312,P551,Q4120832
Q9312,P2959,Q23013869
Q9312,P1066,Q70793
Q9312,P1066,Q1694154
Q9312,P5008,Q5460604
Q9312,P5008,Q103505599
Q9312,P172,Q42884
Q9312,P108,Q672420
Q9312,P140,Q75809
Q9312,P135,Q679842
Q9312,P101,Q9471
Q9312,P101,Q35277
Q9312,P101,Q9465
Q9312,P1412,Q188
Q9312,P185,Q60865
Q9312,P185,Q72151
Q9312,P185,Q102585
Q9312,P185,Q112258
Q9312,P185,Q112258
Q9312,P21,Q6581097
Q9312,P802,Q70666
Q9312,P802,Q77881
Q9312,P802,Q102585
Q9312,P802,Q72151
Q9312,P6886,Q188
Q9312,P735,Q18199901
Q9312,P7763,Q71887839
Q39017,P31,Q38672
Q39017,P910,Q9241258
Q59507,P31,Q4830453
Q59507,P414,Q82059
Q59507,P452,Q3477363
Q59507,P159,Q16559
Q59507,P112,Q4932076
Q1303892,P5008,Q15304953
Q1737681,P31,Q4167410
Q1737681,P1889,Q16871315
Q5003624,P279,Q4989906
Q5003624,P527,Q721747
Q5003624,P460,Q4989906
Q5003624,P910,Q8964086
Q5003624,P1343,Q2041543
Q5003624,P1343,Q65109596
Q5003624,P1963,P18
Q5003624,P1963,P625
Q5003624,P1963,P131
Q5003624,P1963,P373
Q5003624,P1963,P186
Q5003624,P1963,P1557
Q5003624,P1963,P170
Q5003624,P1963,P137
Q5003624,P1963,P1684
Q5003624,P1963,P571
Q5003624,P1963,P547
Q5003624,P1963,P1814
Q5003624,P1963,P1920
Q5003624,P1963,P1656
Q5003624,P1963,P17
Q5003624,P1963,P2044
Q56563754,P31,Q4167410
Q26540,P279,Q40218
Q26540,P279,Q1297322
Q26540,P910,Q6327070
Q26540,P397,Q2
Q26540,P361,Q967145
Q26540,P1424,Q28869388
Q167323,P910,Q8236608
Q167323,P1343,Q21002838
Q167323,P31,Q157811
Q167323,P461,Q238350
Q167323,P1889,Q5710255
Q167323,P1889,Q95492778
Q167323,P1382,Q9169855
Q32096,P910,Q7217119
Q32096,P279,Q21140826
Q32096,P641,Q41323
Q32096,P17,Q30
Q32096,P664,Q1215884
Q32096,P31,Q1079023
Q32096,P31,Q18608583
Q407442,P31,Q4167410
Q407442,P1889,Q37564353
Q407442,P1889,Q41965834
Q212525,P31,Q4167410
Q212525,P1343,Q2657718
Q223855,P31,Q4167410
Q447023,P31,Q4167410
Q447023,P1889,Q37240387
Q721587,P910,Q6157147
Q721587,P279,Q11024
Q721587,P2184,Q5868998
Q721587,P3095,Q2024200
Q721587,P2283,Q6987428
Q721587,P31,Q49845
Q721587,P452,Q49845
Q3427336,P279,Q182353
Q3427336,P279,Q3427333
Q3427336,P910,Q6968330
Q3578589,P31,Q12737077
Q3578589,P425,Q832237
Q3578589,P425,Q2855609
Q3578589,P425,Q2685659
Q3578589,P279,Q15253558
Q3578589,P910,Q8420170
Q422486,P31,Q4167410
Q422486,P460,Q2886986
Q422486,P460,Q162490
Q422486,P460,Q3837857
Q422486,P1889,Q37475445
Q422486,P1889,Q64596218
Q422486,P1889,Q96064725
Q422486,P1889,Q96622990
Q227902,P31,Q4167410
Q5373803,P31,Q151885
Q2134866,P31,Q4167410
Q2134866,P1889,Q18331486
Q11223,P121,Q20993626
Q11223,P121,Q192443
Q11223,P121,Q218636
Q11223,P121,Q180285
Q11223,P121,Q174534
Q11223,P121,Q182012
Q11223,P121,Q552893
Q11223,P121,Q211369
Q11223,P121,Q1554307
Q11223,P121,Q861792
Q11223,P121,Q667988
Q11223,P121,Q1161870
Q11223,P121,Q386403
Q11223,P121,Q2877369
Q11223,P121,Q889408
Q11223,P121,Q6497
Q11223,P121,Q182027
Q11223,P121,Q217935
Q11223,P121,Q261384
Q11223,P121,Q499179
Q11223,P121,Q498786
Q11223,P121,Q373171
Q11223,P121,Q736765
Q11223,P121,Q29251
Q11223,P121,Q133324
Q11223,P121,Q29261
Q11223,P121,Q1364986
Q11223,P121,Q585162
Q11223,P121,Q829092
Q11223,P121,Q198024
Q11223,P121,Q816695
Q11223,P121,Q5430063
Q11223,P121,Q189064
Q11223,P121,Q162066
Q11223,P121,Q381196
Q11223,P121,Q159186
Q11223,P121,Q955950
Q11223,P121,Q814025
Q11223,P121,Q164523
Q11223,P121,Q6457696
Q11223,P121,Q1341050
Q11223,P121,Q1208678
Q11223,P121,Q685211
Q11223,P121,Q154106
Q11223,P121,Q683041
Q11223,P121,Q221414
Q11223,P121,Q645289
Q11223,P121,Q2908500
Q11223,P121,Q6498
Q11223,P121,Q844656
Q11223,P17,Q30
Q11223,P910,Q7010680
Q11223,P31,Q61883
Q11223,P31,Q781132
Q11223,P361,Q11211
Q11223,P945,Q11698
Q11223,P607,Q8663
Q11223,P607,Q8740
Q11223,P607,Q612739
Q11223,P607,Q501866
Q11223,P607,Q922661
Q11223,P607,Q459282
Q11223,P607,Q37643
Q11223,P607,Q243620
Q11223,P607,Q160774
Q11223,P607,Q155723
Q11223,P607,Q182865
Q11223,P607,Q545449
Q11223,P607,Q878102
Q11223,P607,Q17507684
Q11223,P607,Q18702324
Q11223,P159,Q11208
Q11223,P527,Q407015
Q11223,P527,Q407064
Q11223,P527,Q407140
Q11223,P527,Q407147
Q11223,P527,Q407191
Q11223,P527,Q407203
Q11223,P527,Q407200
Q11223,P527,Q407588
Q11223,P527,Q2045517
Q11223,P527,Q520693
Q11223,P527,Q4698220
Q11223,P527,Q937064
Q11223,P527,Q2825671
Q11223,P527,Q94291
Q11223,P527,Q19829636
Q11223,P527,Q4697969
Q11223,P527,Q4697735
Q11223,P527,Q4708663
Q11223,P527,Q5165233
Q11223,P527,Q19833810
Q11223,P527,Q7057809
Q11223,P527,Q6851963
Q11223,P527,Q19838999
Q11223,P527,Q7889245
Q11223,P527,Q1331280
Q11223,P527,Q4697897
Q11223,P527,Q4697934
Q11223,P527,Q19839274
Q11223,P112,Q11268
Q11223,P1411,Q1425151
Q11223,P1411,Q111332
Q11223,P1151,Q10815187
Q11223,P749,Q11209
Q11223,P749,Q1465252
Q11223,P355,Q1331280
Q11223,P355,Q3607176
Q11223,P355,Q4697913
Q11223,P355,Q2577056
Q11223,P355,Q1298115
Q11223,P355,Q3498988
Q11223,P355,Q6269109
Q11223,P355,Q407875
Q11223,P355,Q577946
Q11223,P1830,Q907843
Q11223,P1830,Q2776874
Q11223,P1830,Q3510995
Q11223,P1830,Q6549210
Q11223,P1830,Q6675494
Q11223,P1830,Q6940779
Q11223,P1830,Q17183515
Q11223,P1830,Q21164969
Q11223,P1830,Q50348425
Q11223,P1830,Q50349766
Q11223,P1830,Q50350675
Q11223,P1830,Q50356496
Q11223,P1830,Q1655754
Q11223,P1365,Q741723
Q11223,P163,Q5456894
Q11223,P2354,Q6638902
Q11223,P1687,P897
Q11223,P6379,Q188740
Q11223,P166,Q92429087
Q11223,P166,Q92429087
Q11223,P166,Q92429087
Q11223,P1889,Q1465252
Q11223,P1424,Q14370376
Q170579,P910,Q8584563
Q170579,P31,Q327968
Q170579,P1343,Q4086271
Q170579,P1343,Q1970746
Q170579,P1343,Q602358
Q170579,P1343,Q19180675
Q170579,P1343,Q4532138
Q170579,P1889,Q22113739
Q170579,P1889,Q14619005
Q170579,P1889,Q35874
Q170579,P279,Q2844542
Q5507838,P31,Q4167410
Q4620674,P361,Q7239
Q4620674,P361,Q20645683
Q4620674,P279,Q712378
Q4620674,P279,Q43022214
Q4620674,P910,Q7165075
Q4620674,P1343,Q2041543
Q4620674,P156,Q1784017
Q4620674,P1889,Q4369513
Q4620674,P4843,Q14905488
Q4620674,P31,Q4936952
Q171764,P910,Q8227224
Q171764,P31,Q9174
Q171764,P112,Q312952
Q171764,P279,Q432
Q780122,P488,Q85551
Q780122,P31,Q2986807
Q1991663,P910,Q8382103
Q1991663,P461,Q221284
Q1991663,P31,Q9332
Q226141,P31,Q4167410
Q226141,P1889,Q21501722
Q226141,P1889,Q21079762
Q226141,P1889,Q19631597
Q226141,P460,Q81203833
Q226141,P460,Q5446001
Q404156,P31,Q4167410
Q404156,P1889,Q56245443
Q974853,P31,Q12308941
Q974853,P407,Q13955
Q974853,P407,Q7411
Q974853,P1560,Q28819515
Q974853,P1533,Q37277491
Q974853,P282,Q8229
Q974853,P5323,Q21644845
Q350621,P31,Q4167410
Q350621,P1889,Q37432939
Q2136786,P31,Q4167410
Q3240539,P279,Q3769299
Q3240539,P279,Q1920219
Q3240539,P910,Q17024685
Q441215,P31,Q4167410
Q41710,P279,Q16334295
Q41710,P910,Q4048336
Q41710,P910,Q9777849
Q41710,P1889,Q2472587
Q41710,P1889,Q6266
Q41710,P1889,Q231002
Q41710,P1687,P172
Q41710,P1424,Q5827917
Q41710,P1424,Q14407193
Q41710,P1963,P103
Q41710,P1963,P1846
Q41710,P1963,P276
Q41710,P6104,Q15305025
Q41710,P31,Q5962346
Q41710,P460,Q12839330
Q41710,P460,Q2531956
Q41710,P1552,Q25379866
Q41710,P1343,Q2657718
Q445162,P31,Q4167410
Q445162,P460,Q18233911
Q445162,P1889,Q37445565
Q445162,P1889,Q53796867
Q299572,P31,Q4167410
Q299572,P1889,Q16881041
Q41064,P361,Q208190
Q41064,P361,Q19786
Q41064,P361,Q3257275
Q41064,P910,Q7482153
Q41064,P31,Q179461
Q41064,P31,Q29154430
Q41064,P1343,Q21065550
Q41064,P1343,Q2657718
Q41064,P1343,Q2041543
Q41064,P1343,Q4173137
Q41064,P1343,Q19180675
Q41064,P1343,Q602358
Q41064,P1343,Q4086271
Q41064,P1343,Q4532138
Q41064,P2959,Q25689959
Q41064,P527,Q1811253
Q41064,P527,Q3945671
Q41064,P527,Q1628521
Q41064,P527,Q1479763
Q41064,P527,Q1628502
Q41064,P527,Q1888137
Q41064,P527,Q1628514
Q41064,P527,Q1887181
Q41064,P527,Q1629213
Q41064,P527,Q3409459
Q41064,P527,Q1628774
Q41064,P527,Q1451217
Q41064,P527,Q388837
Q41064,P527,Q3409474
Q41064,P527,Q1629226
Q41064,P527,Q1431602
Q41064,P527,Q764216
Q41064,P527,Q4207147
Q41064,P527,Q1630038
Q41064,P527,Q678866
Q41064,P527,Q1325954
Q41064,P527,Q1968076
Q41064,P527,Q383102
Q41064,P527,Q1628536
Q41064,P527,Q1357262
Q41064,P527,Q1628546
Q41064,P527,Q1888863
Q41064,P527,Q1630080
Q41064,P527,Q601090
Q41064,P527,Q1785547
Q41064,P527,Q1631849
Q41064,P527,Q952048
Q41064,P527,Q2423874
Q41064,P527,Q1361196
Q41064,P527,Q4207846
Q41064,P527,Q4207899
Q41064,P527,Q4207884
Q41064,P527,Q3066515
Q41064,P527,Q1417612
Q41064,P527,Q3545484
Q41064,P527,Q3076938
Q41064,P527,Q573200
Q41064,P527,Q3132177
Q41064,P527,Q1326003
Q41064,P527,Q3138708
Q41064,P527,Q2410461
Q41064,P527,Q3067299
Q41064,P527,Q1794488
Q41064,P527,Q1696393
Q41064,P527,Q3409475
Q41064,P527,Q1349033
Q41064,P527,Q3409477
Q41064,P527,Q1628527
Q41064,P527,Q654477
Q41064,P527,Q4207855
Q41064,P527,Q3409479
Q41064,P527,Q1793180
Q41064,P527,Q1323529
Q41064,P527,Q2115595
Q41064,P527,Q1725387
Q41064,P527,Q1323556
Q41064,P527,Q1325988
Q41064,P527,Q3409480
Q41064,P527,Q3409481
Q41064,P527,Q7253933
Q41064,P527,Q7253932
Q41064,P527,Q1689664
Q41064,P527,Q3071320
Q41064,P527,Q1628170
Q41064,P527,Q3409482
Q41064,P527,Q7253934
Q41064,P527,Q3409483
Q41064,P527,Q7253935
Q41064,P527,Q2067712
Q41064,P527,Q660274
Q41064,P527,Q1326493
Q41064,P527,Q2115598
Q41064,P527,Q3368568
Q41064,P527,Q1628508
Q41064,P527,Q3409487
Q41064,P527,Q7253937
Q41064,P527,Q925313
Q41064,P527,Q1489217
Q41064,P527,Q1323538
Q41064,P527,Q1325941
Q41064,P527,Q594331
Q41064,P527,Q1888150
Q41064,P527,Q1628786
Q41064,P527,Q1344257
Q41064,P527,Q2115607
Q41064,P527,Q764027
Q41064,P527,Q2067731
Q41064,P527,Q593955
Q41064,P527,Q1326484
Q41064,P527,Q917120
Q41064,P527,Q1628764
Q41064,P527,Q1326467
Q41064,P527,Q1326476
Q41064,P527,Q7253943
Q41064,P527,Q3068829
Q41064,P527,Q3409454
Q41064,P527,Q3438601
Q41064,P527,Q672578
Q41064,P527,Q379245
Q41064,P527,Q7253916
Q41064,P527,Q7253918
Q41064,P527,Q7253917
Q41064,P527,Q3409455
Q41064,P527,Q4251660
Q41064,P527,Q3945670
Q41064,P527,Q7253920
Q41064,P527,Q3071755
Q41064,P527,Q1326513
Q41064,P527,Q919477
Q41064,P527,Q7253922
Q41064,P527,Q7253923
Q41064,P527,Q572885
Q41064,P527,Q7253924
Q41064,P527,Q683904
Q41064,P527,Q3409458
Q41064,P527,Q581962
Q41064,P527,Q118182
Q41064,P527,Q1325967
Q41064,P527,Q281757
Q41064,P527,Q3409461
Q41064,P527,Q3409463
Q41064,P527,Q2747834
Q41064,P527,Q3066198
Q41064,P527,Q3409464
Q41064,P527,Q582050
Q41064,P527,Q2094667
Q41064,P527,Q3409467
Q41064,P527,Q3067292
Q41064,P527,Q2362016
Q41064,P527,Q7253925
Q41064,P527,Q2918307
Q41064,P527,Q2115611
Q41064,P527,Q3409468
Q41064,P527,Q1519011
Q41064,P527,Q3071426
Q41064,P527,Q2662024
Q41064,P527,Q3409469
Q41064,P527,Q3409470
Q41064,P527,Q3409472
Q41064,P527,Q3071407
Q41064,P527,Q3066991
Q41064,P527,Q3071400
Q41064,P527,Q4216015
Q41064,P527,Q3067303
Q41064,P527,Q2508201
Q41064,P407,Q1982248
Q41064,P460,Q1369122
Q41064,P747,Q964740
Q41064,P747,Q40554339
Q41064,P747,Q64362235
Q41064,P136,Q546729
Q8461,P279,Q179742
Q8461,P279,Q83267
Q8461,P910,Q7022629
Q8461,P460,Q19542027
Q8461,P461,Q582965
Q8461,P1269,Q2914650
Q8461,P1269,Q76074
Q8461,P1269,Q7257
Q8461,P1269,Q96649416
Q8461,P1889,Q166005
Q8461,P1889,Q1141593
Q8461,P31,Q12909644
Q8461,P5008,Q5460604
Q8461,P5008,Q24909800
Q8461,P5008,Q13382529
Q8461,P1542,Q22126538
Q8461,P1424,Q8081571
Q8461,P361,Q96108364
Q8461,P3095,Q28528178
Q2920963,P279,Q746549
Q2920963,P279,Q2095
Q2920963,P910,Q8818087
Q2920963,P527,Q11004
Q2920963,P31,Q19861951
Q523195,P31,Q4167410
Q523195,P1889,Q191778
Q16859872,P31,Q4167410
Q29182,P910,Q7144849
Q29182,P31,Q11773926
Q29182,P31,Q63188683
Q29182,P140,Q5043
Q29182,P361,Q177826
Q29182,P511,Q1067610
Q29182,P1889,Q611644
Q29182,P1889,Q60232704
Q29182,P1889,Q63385538
Q29182,P1889,Q15283040
Q29182,P1001,Q665487
Q29182,P1001,Q285181
Q29182,P1424,Q10810306
Q29182,P2389,Q665487
Q29182,P6186,Q59522495
Q29182,P279,Q1423891
Q29182,P279,Q42603
Q29182,P279,Q4164871
Q29182,P1343,Q602358
Q29182,P1343,Q4086271
Q29182,P1343,Q19211082
Q29182,P1343,Q1970746
Q29182,P1343,Q19180675
Q29182,P1343,Q3181656
Q29182,P1343,Q97879676
Q1735729,P910,Q15723516
Q1735729,P2579,Q1383285
Q1735729,P2579,Q1735721
Q1735729,P1343,Q19190511
Q7291455,P31,Q4167410
Q7291455,P1889,Q20165761
Q7291455,P1889,Q30188846
Q410653,P31,Q4167410
Q9614,P31,Q4936952
Q9614,P910,Q6923133
Q9614,P366,Q124794
Q9614,P366,Q1322198
Q9614,P366,Q2917928
Q9614,P1343,Q19558994
Q9614,P1343,Q602358
Q9614,P1343,Q63284758
Q9614,P1343,Q19180675
Q9614,P2286,Q497582
Q9614,P2286,Q486797
Q9614,P2289,Q5306281
Q9614,P2959,Q12715474
Q9614,P1889,Q34770
Q9614,P279,Q66561296
Q9614,P31,Q4936952
Q9614,P910,Q6923133
Q9614,P366,Q124794
Q9614,P366,Q1322198
Q9614,P366,Q2917928
Q9614,P1343,Q19558994
Q9614,P1343,Q602358
Q9614,P1343,Q63284758
Q9614,P1343,Q19180675
Q9614,P2286,Q497582
Q9614,P2286,Q486797
Q9614,P2289,Q5306281
Q9614,P2959,Q12715474
Q9614,P1889,Q34770
Q9614,P279,Q66561296
Q35856,P1687,P1636
Q35856,P910,Q8869483
Q35856,P279,Q13537604
Q35856,P279,Q20871782
Q35856,P279,Q49703
Q35856,P31,Q1190554
Q35856,P361,Q5043
Q35856,P1343,Q3181656
Q160598,P461,Q383258
Q160598,P910,Q8508774
Q160598,P1343,Q678259
Q160598,P1343,Q4086271
Q160598,P1343,Q19180675
Q160598,P1343,Q602358
Q160598,P1343,Q867541
Q160598,P1343,Q302556
Q160598,P1343,Q2657718
Q160598,P1343,Q2041543
Q160598,P1343,Q19538713
Q160598,P279,Q117850
Q160598,P279,Q7311342
Q160598,P279,Q7311382
Q160598,P527,Q23670057
Q160598,P31,Q117850
Q160598,P1889,Q1211464
Q49703,P279,Q628455
Q49703,P910,Q8696308
Q49703,P1343,Q4086271
Q49703,P1343,Q19180675
Q49703,P1343,Q602358
Q5109210,P1889,Q15794160
Q5109210,P282,Q8229
Q5109210,P31,Q11879590
Q5109210,P1533,Q37441634
Q400800,P460,Q1184448
Q400800,P460,Q4725571
Q400800,P31,Q4167410
Q537963,P31,Q1914636
Q537963,P361,Q77468620
Q537963,P1889,Q3748080
Q537963,P1889,Q2052098
Q537963,P1889,Q9058299
Q537963,P1889,Q3899745
Q537963,P1889,Q4652435
Q346786,P31,Q4167410
Q346786,P460,Q9033387
Q346786,P1889,Q37306629
Q7268804,P31,Q4167410
Q7268804,P1889,Q37190335
Q841594,P31,Q3562482
Q841594,P1889,Q12774503
Q841594,P140,Q1841
Q841594,P140,Q23540
Q403345,P31,Q4167410
Q568285,P279,Q6460735
Q568285,P910,Q96760509
Q395523,P31,Q4167410
Q395523,P1889,Q7799537
Q395523,P1889,Q37087482
Q1296151,P31,Q4167410
Q1296151,P1889,Q37217792
Q443877,P31,Q4167410
Q443877,P1889,Q21502176
Q25193805,P31,Q4167410
Q2729863,P279,Q79871
Q2729863,P279,Q191797
Q2729863,P31,Q9332
Q2729863,P31,Q169872
Q2729863,P361,Q77468620
Q160128,P910,Q7006734
Q160128,P279,Q83267
Q160128,P1343,Q19180675
Q160128,P1343,Q602358
Q160128,P1343,Q2041543
Q160128,P92,Q674827
Q34394,P279,Q54989186
Q34394,P910,Q7216536
Q34394,P1343,Q2041543
Q34394,P1343,Q3181656
Q34394,P460,Q1048607
Q34394,P3095,Q17573152
Q34394,P461,Q16547842
Q34394,P1889,Q34302
Q34394,P31,Q5303685
Q5533399,P31,Q4167410
Q5533399,P1889,Q16275942
Q5533399,P1889,Q37037423
Q1913135,P279,Q168658
Q1913135,P910,Q6274841
Q1913135,P1889,Q2003564
Q398000,P31,Q4167410
Q189233,P279,Q44666669
Q189233,P910,Q8852952
Q189233,P1343,Q602358
Q189233,P1343,Q19180675
Q189233,P1343,Q4086271
Q12544,P140,Q35032
Q12544,P910,Q5819039
Q12544,P31,Q48349
Q12544,P31,Q3024240
Q12544,P31,Q11042
Q12544,P31,Q1292119
Q12544,P31,Q11514315
Q12544,P36,Q182009
Q12544,P36,Q16869
Q12544,P156,Q8575586
Q12544,P156,Q12490507
Q12544,P156,Q12560
Q12544,P156,Q178913
Q12544,P156,Q603771
Q12544,P1343,Q302556
Q12544,P1343,Q3181656
Q12544,P37,Q36387
Q12544,P122,Q184558
Q12544,P38,Q231455
Q12544,P38,Q1018755
Q12544,P38,Q202018
Q12544,P1792,Q6993774
Q12544,P1465,Q13993758
Q12544,P17,Q12544
Q12544,P1906,Q18577504
Q12544,P1464,Q8049025
Q12544,P5008,Q5460604
Q12544,P5125,Q7112751
Q12544,P2579,Q648154
Q12544,P30,Q46
Q12544,P1344,Q698985
Q12544,P1365,Q2277
Q12544,P1366,Q603771
Q12544,P1366,Q12560
Q12544,P1366,Q1152508
Q12544,P1830,Q2302532
Q12544,P1830,Q2968035
Q12544,P1830,Q301376
Q12544,P2936,Q397
Q12544,P2936,Q36387
Q12544,P2936,Q107358
Q12544,P3075,Q35032
Q12544,P3075,Q3333484
Q12544,P7867,Q8607587
Q12544,P1151,Q10632741
Q12544,P2184,Q2993777
Q12544,P8744,Q2091298
Q12544,P1424,Q13100134
Q187900,P910,Q9127185
Q187900,P279,Q216545
Q187900,P2578,Q302
Q187900,P31,Q60310061
Q187900,P1343,Q3181656
Q187900,P1343,Q12609286
Q66086,P910,Q8426328
Q66086,P31,Q98088085
Q66086,P31,Q49703
Q66086,P361,Q1539016
Q66086,P1343,Q2041543
Q66086,P1343,Q602358
Q66086,P1343,Q4532138
Q66086,P144,Q51633
Q66086,P279,Q20871782
Q66086,P279,Q13537604
Q910375,P910,Q15734773
Q910375,P279,Q1383443
Q910375,P279,Q34178
Q183091,P910,Q19733535
Q183091,P910,Q19733535
Q1784426,P31,Q4167410
Q1784426,P460,Q49168145
Q215495,P279,Q646754
Q215495,P1343,Q2657718
Q215495,P1343,Q602358
Q215495,P1343,Q19180675
Q215495,P1343,Q4532138
Q215495,P31,Q223393
Q215495,P910,Q9667641
Q215495,P361,Q18813
Q138481,P31,Q4167410
Q138481,P1889,Q22952605
Q138481,P1889,Q26000356
Q138481,P1889,Q27306303
Q138481,P1889,Q15875460
Q251097,P31,Q4167410
Q251097,P1889,Q1745228
Q251097,P1889,Q20094850
Q251097,P1889,Q36951984
Q251097,P1889,Q42373577
Q139150,P31,Q4167410
Q139150,P1889,Q37515603
Q257329,P31,Q4167410
Q257329,P1889,Q16884650
Q9087719,P31,Q4167410
Q9087719,P1889,Q15885954
Q9087719,P1889,Q37571583
Q9087719,P460,Q15874179
Q407003,P31,Q4167410
Q142999,P21,Q6581097
Q142999,P31,Q5
Q142999,P106,Q1234713
Q142999,P106,Q42603
Q142999,P106,Q1743122
Q142999,P106,Q36180
Q142999,P106,Q2259532
Q142999,P106,Q201788
Q142999,P19,Q319242
Q142999,P20,Q319242
Q142999,P735,Q18220126
Q142999,P735,Q18220128
Q142999,P1343,Q4173137
Q142999,P1343,Q19180675
Q142999,P1343,Q602358
Q142999,P1343,Q21065550
Q142999,P1343,Q929625
Q142999,P1343,Q20078554
Q142999,P1343,Q1138524
Q142999,P1343,Q67311526
Q142999,P1343,Q51955019
Q142999,P1343,Q3181656
Q142999,P910,Q21809627
Q142999,P2348,Q217050
Q142999,P1412,Q35497
Q142999,P1412,Q397
Q142999,P27,Q1747689
Q142999,P800,Q1235854
Q142999,P800,Q67567962
Q142999,P39,Q611644
Q142999,P361,Q182603
Q142999,P6886,Q35497
Q142999,P140,Q3333484
Q142999,P172,Q25688688
Q142999,P7763,Q71887839
Q421261,P31,Q1969448
Q421261,P279,Q9081
Q48420,P910,Q6389693
Q48420,P1343,Q21065550
Q48420,P3095,Q22679434
Q48420,P1889,Q288928
Q48420,P279,Q49447
Q7711515,P31,Q4167410
Q7711515,P1889,Q37536890
Q497263,P460,Q19622444
Q497263,P1889,Q54895125
Q497263,P31,Q1190554
Q1903867,P31,Q4167410
Q16877499,P31,Q4167410
Q16877499,P1889,Q37253220
Q12029,P279,Q9332
Q12029,P279,Q2057971
Q12029,P279,Q1299714
Q12029,P910,Q7703775
Q12029,P1343,Q20749109
Q12029,P5008,Q5460604
Q12029,P2579,Q2362817
Q12029,P1424,Q8094302
Q12029,P1889,Q3378593
Q53706,P279,Q1520311
Q53706,P279,Q857984
Q53706,P279,Q2727213
Q53706,P910,Q8670234
Q53706,P1343,Q2657718
Q53706,P1343,Q2041543
Q53706,P1343,Q19180675
Q53706,P1343,Q602358
Q53706,P1343,Q4086271
Q53706,P1343,Q4173137
Q53706,P1343,Q1138524
Q53706,P1343,Q30059240
Q53706,P1889,Q2352205
Q53706,P1889,Q7294269
Q53706,P1889,Q2727213
Q53706,P92,Q674827
Q53706,P3095,Q10659189
Q53706,P3712,Q200535
Q53706,P2283,Q3858303
Q229931,P31,Q4167410
Q229931,P1889,Q12294444
Q229931,P1889,Q12664711
Q2721121,P910,Q13244176
Q2721121,P1687,P945
Q2721121,P1889,Q16687903
Q2721121,P460,Q1132131
Q2721121,P460,Q2119376
Q2721121,P279,Q1132131
Q5367532,P31,Q4167410
Q394847,P31,Q4167410
Q394847,P1889,Q347528
Q1326354,P910,Q7348543
Q1326354,P910,Q9202860
Q1326354,P910,Q32897831
Q1326354,P361,Q27908081
Q1326354,P279,Q9332
Q1326354,P1343,Q2657718
Q1326354,P1343,Q1970746
Q1326354,P1343,Q19180675
Q1326354,P1343,Q30059240
Q1326354,P1343,Q602358
Q1326354,P1343,Q20078554
Q1326354,P1343,Q1768721
Q1326354,P1889,Q4395886
Q1326354,P1424,Q13012234
Q1326354,P460,Q17192852
Q1326354,P527,Q8434
Q1326354,P1269,Q83705447
Q1326354,P1269,Q7922
Q1326354,P1552,Q1366259
Q234213,P910,Q15696622
Q234213,P1343,Q302556
Q234213,P1343,Q2041543
Q234213,P1343,Q1138524
Q234213,P1343,Q20078554
Q234213,P1343,Q4532138
Q234213,P279,Q629129
Q234213,P279,Q2914621
Q234213,P460,Q1772698
Q234213,P461,Q31207759
Q234213,P3095,Q78952848
Q8392,P910,Q7931880
Q8392,P1343,Q19180675
Q8392,P1343,Q602358
Q8392,P1995,Q7867
Q8392,P1995,Q9418
Q8392,P279,Q178059
Q8392,P279,Q83267
Q8392,P5008,Q4099686
Q15326,P279,Q182413
Q15326,P279,Q7331102
Q15326,P279,Q16697828
Q15326,P1995,Q7867
Q15326,P1995,Q6806614
Q15326,P1995,Q9418
Q15326,P1995,Q6130303
Q15326,P1995,Q4313186
Q15326,P910,Q8234370
Q15326,P1542,Q94796
Q15326,P1542,Q147778
Q15326,P1542,Q45462238
Q15326,P1542,Q181754
Q15326,P1343,Q2041543
Q15326,P1343,Q602358
Q15326,P1343,Q602358
Q15326,P1343,Q19180675
Q15326,P1343,Q4173137
Q15326,P1343,Q4114391
Q15326,P1343,Q3181656
Q15326,P828,Q2647488
Q15326,P924,Q183257
Q15326,P924,Q15760733
Q927079,P1343,Q1138524
Q927079,P279,Q629129
Q927079,P279,Q6498477
Q927079,P1343,Q1138524
Q927079,P279,Q629129
Q927079,P279,Q6498477
Q1174835,P31,Q4167410
Q626217,P1343,Q19180675
Q626217,P1343,Q602358
Q1430956,P1343,Q678259
Q1430956,P31,Q12737077
Q1430956,P425,Q1468920
Q12498580,P461,Q5419252
Q12498580,P361,Q77468620
Q396568,P31,Q2393196
Q396568,P31,Q151885
Q396568,P1889,Q3286081
Q396568,P1343,Q101314624
Q396568,P279,Q622645
Q858236,P361,Q3391846
Q858236,P279,Q485027
Q858236,P279,Q50414857
Q858236,P461,Q28791652
Q858236,P366,Q9645
Q858236,P1343,Q19190511
Q40231,P910,Q4273219
Q40231,P279,Q189760
Q40231,P279,Q841654
Q40231,P361,Q7163
Q40231,P1424,Q5855584
Q40231,P1424,Q6447667
Q40231,P1963,P991
Q40231,P1963,P541
Q40231,P1963,P726
Q40231,P1963,P2319
Q40231,P1963,P585
Q40231,P1963,P17
Q40231,P1343,Q2041543
Q40231,P1343,Q602358
Q40231,P1889,Q33057326
Q40231,P1889,Q5172455
Q40231,P1687,P5892
Q40231,P1687,P6672
Q40231,P6186,Q52635615
Q16869123,P31,Q21278897
Q193203,P527,Q7024054
Q193203,P279,Q131133
Q193203,P31,Q117850
Q193203,P1343,Q4532138
Q236339,P31,Q4167410
Q400485,P31,Q4167410
Q400485,P1889,Q1474819
Q400485,P1889,Q37037364
Q227823,P31,Q4167410
Q227823,P1889,Q16862531
Q227823,P1889,Q37443104
Q353673,P361,Q4300665
Q353673,P1889,Q16318679
Q353673,P1889,Q18489480
Q353673,P279,Q467
Q353673,P1344,Q49836
Q353673,P31,Q954007
Q866081,P910,Q8446220
Q866081,P1880,Q4884980
Q866081,P461,Q1076509
Q866081,P31,Q214339
Q866081,P1269,Q467
Q866081,P1269,Q48277
Q866081,P1269,Q6581072
Q1076509,P910,Q8610763
Q1076509,P1880,Q4884980
Q1076509,P1880,Q16928343
Q1076509,P1880,Q16845897
Q1076509,P461,Q866081
Q1076509,P1269,Q48277
Q1076509,P1269,Q6581097
Q1076509,P1269,Q8441
Q210064,P910,Q8933031
Q210064,P279,Q391414
Q210064,P279,Q11271324
Q210064,P279,Q268592
Q210064,P2283,Q16491
Q210064,P2283,Q138502
Q210064,P2579,Q33110552
Q210064,P828,Q235783
Q210064,P1687,P8228
Q329381,P361,Q936044
Q329381,P361,Q2509280
Q329381,P527,Q15916459
Q329381,P279,Q7748
Q329381,P279,Q108163
Q329381,P279,Q4503801
Q329381,P1889,Q20660994
Q1176163,P31,Q4167410
Q37090,P31,Q117850
Q37090,P1343,Q2657718
Q37090,P527,Q186350
Q37090,P527,Q1141210
Q37090,P527,Q58646537
Q37090,P2283,Q13134154
Q37090,P279,Q3451071
Q37090,P460,Q825
Q37090,P910,Q6324474
Q37090,P31,Q117850
Q37090,P1343,Q2657718
Q37090,P527,Q186350
Q37090,P527,Q1141210
Q37090,P527,Q58646537
Q37090,P2283,Q13134154
Q37090,P279,Q3451071
Q37090,P460,Q825
Q37090,P910,Q6324474
Q37208224,P31,Q101352
Q37208224,P282,Q8229
Q37208224,P5323,Q92953148
Q398703,P31,Q4167410
Q165947,P910,Q6489051
Q165947,P31,Q309252
Q165947,P461,Q1562684
Q165947,P1889,Q10505172
Q165947,P1889,Q7740990
Q165947,P1542,Q213449
Q165947,P1343,Q20078554
Q539106,P31,Q4167410
Q471855,P279,Q1151067
Q471855,P910,Q8569260
Q471855,P361,Q207892
Q471855,P1343,Q2657718
Q471855,P1343,Q63284758
Q471855,P1889,Q5982983
Q168414,P138,Q185073
Q168414,P910,Q7453560
Q168414,P31,Q13414953
Q168414,P279,Q5043
Q168414,P1343,Q19190511
Q4721010,P31,Q4167410
Q168414,P138,Q185073
Q168414,P910,Q7453560
Q168414,P31,Q13414953
Q168414,P279,Q5043
Q168414,P1343,Q19190511
Q185073,P21,Q6581097
Q185073,P39,Q60719
Q185073,P39,Q611644
Q185073,P31,Q5
Q185073,P19,Q134703
Q185073,P20,Q203751
Q185073,P27,Q858
Q185073,P27,Q12544
Q185073,P106,Q42603
Q185073,P106,Q2259532
Q185073,P106,Q36180
Q185073,P2348,Q12544
Q185073,P140,Q168414
Q185073,P1399,Q160598
Q185073,P411,Q43115
Q185073,P841,Q2954
Q185073,P1343,Q602358
Q185073,P1343,Q19190511
Q185073,P1412,Q397
Q185073,P119,Q428570
Q185073,P6886,Q35497
Q185073,P7763,Q71887839
Q44024,P21,Q6581097
Q44024,P31,Q5
Q44024,P19,Q87
Q44024,P411,Q4411339
Q44024,P27,Q1747689
Q44024,P20,Q87
Q44024,P39,Q15283040
Q44024,P39,Q58451
Q44024,P39,Q622216
Q44024,P106,Q19340487
Q44024,P106,Q17166634
Q44024,P106,Q1234713
Q44024,P106,Q29182
Q44024,P106,Q36180
Q44024,P910,Q8882620
Q44024,P1343,Q678259
Q44024,P1343,Q19180675
Q44024,P1343,Q602358
Q44024,P1343,Q19211082
Q44024,P1343,Q4532135
Q44024,P1343,Q929625
Q44024,P1343,Q4173137
Q44024,P1343,Q20078554
Q44024,P1343,Q1138524
Q44024,P1343,Q46002746
Q44024,P1343,Q67311526
Q44024,P1343,Q3181656
Q44024,P735,Q12359882
Q44024,P2348,Q2886278
Q44024,P1412,Q35497
Q44024,P1412,Q397
Q44024,P841,Q2289
Q44024,P841,Q2562
Q44024,P841,Q2545
Q44024,P511,Q192499
Q44024,P140,Q35032
Q44024,P361,Q182603
Q44024,P6886,Q35497
Q44024,P69,Q2470799
Q44024,P7763,Q71887839
Q204085,P1269,Q13231188
Q204085,P31,Q1228746
Q204085,P31,Q620749
Q204085,P31,Q41521
Q204085,P1343,Q3181656
Q207937,P156,Q13231188
Q207937,P31,Q183770
Q207937,P747,Q19074651
Q207937,P279,Q183770
Q340935,P31,Q4167410
Q340935,P1889,Q37528875
Q42614,P361,Q34990
Q42614,P361,Q732870
Q42614,P361,Q19786
Q42614,P361,Q14405870
Q42614,P361,Q29334
Q42614,P361,Q245719
Q42614,P361,Q162062
Q42614,P136,Q179461
Q42614,P910,Q8305690
Q42614,P31,Q179461
Q42614,P31,Q29154430
Q42614,P1343,Q2041543
Q42614,P1343,Q602358
Q42614,P1343,Q4173137
Q42614,P1343,Q3181656
Q42614,P2959,Q25689948
Q42614,P407,Q1982248
Q42614,P527,Q4204458
Q42614,P527,Q12523086
Q42614,P527,Q12523087
Q42614,P527,Q12523090
Q42614,P527,Q12523091
Q42614,P527,Q12523088
Q42614,P527,Q12523089
Q42614,P527,Q12523094
Q42614,P527,Q12523095
Q42614,P527,Q12523092
Q42614,P527,Q12523093
Q42614,P527,Q12523098
Q42614,P527,Q12523099
Q42614,P527,Q12523096
Q42614,P527,Q12523097
Q42614,P527,Q12523102
Q42614,P527,Q12523103
Q42614,P527,Q12523100
Q42614,P527,Q12523101
Q42614,P527,Q12523106
Q42614,P527,Q12523107
Q42614,P527,Q12523104
Q42614,P527,Q12523105
Q42614,P527,Q12523108
Q42614,P527,Q12523109
Q42614,P527,Q16160094
Q42614,P527,Q16160515
Q42614,P527,Q16160975
Q42614,P527,Q16161003
Q42614,P527,Q16161038
Q42614,P527,Q16161307
Q42614,P527,Q17997441
Q42614,P527,Q20426326
Q42614,P527,Q20426324
Q42614,P747,Q96279648
Q42614,P747,Q19417722
Q42614,P747,Q96279693
Q42614,P747,Q19128650
Q416157,P31,Q4167410
Q416157,P1889,Q16870631
Q16866010,P31,Q4167410
Q455595,P279,Q215627
Q455595,P31,Q12737077
Q455595,P425,Q1636090
Q455595,P461,Q702269
Q8162,P279,Q80083
Q8162,P910,Q5613665
Q8162,P527,Q40998
Q8162,P527,Q38311
Q8162,P527,Q37437
Q8162,P527,Q39645
Q8162,P527,Q181839
Q8162,P527,Q35395
Q8162,P527,Q661093
Q8162,P527,Q1428721
Q8162,P527,Q8091
Q8162,P2184,Q1478235
Q8162,P2959,Q20829360
Q8162,P2578,Q315
Q8162,P2578,Q28923954
Q8162,P2578,Q17376908
Q8162,P2578,Q33384
Q8162,P2578,Q34770
Q8162,P1343,Q17329836
Q8162,P1343,Q602358
Q8162,P1343,Q13537252
Q8162,P1343,Q602358
Q8162,P1424,Q6202681
Q8162,P5008,Q5460604
Q8162,P5125,Q7112675
Q8162,P31,Q11862829
Q8162,P31,Q4671286
Q8162,P3095,Q14467526
Q8162,P6104,Q10857957
Q8162,P460,Q64810203
Q33203,P910,Q7484947
Q33203,P279,Q23540
Q33203,P31,Q13414953
Q33203,P112,Q213393
Q33203,P3095,Q97344615
Q33203,P140,Q23540
Q7233180,P31,Q4167410
Q7302728,P31,Q4167410
Q28510,P31,Q1413287
Q373752,P2579,Q645938
Q373752,P279,Q602884
Q19796412,P31,Q4167410
Q77776,P279,Q101991
Q77776,P279,Q1441305
Q77776,P1479,Q2142251
Q6765918,P527,Q24962887
Q6765918,P1382,Q1456832
Q6765918,P279,Q1914636
Q6765918,P3095,Q99485144
Q8452,P910,Q6156380
Q8452,P1343,Q302556
Q8452,P1343,Q2657718
Q8452,P1343,Q1138524
Q8452,P1343,Q2041543
Q8452,P31,Q7189713
Q8452,P31,Q55214844
Q8452,P1889,Q28693
Q8452,P1889,Q745832
Q8452,P1889,Q625506
Q8452,P1889,Q916412
Q8452,P92,Q674827
Q8452,P92,Q747110
Q8452,P5008,Q5460604
Q8452,P5008,Q13382529
Q8452,P279,Q663296
Q8452,P279,Q796194
Q8452,P279,Q96649463
Q8452,P1995,Q5284418
Q8452,P7084,Q8762067
Q189279,P910,Q8347276
Q189279,P1343,Q2657718
Q189279,P1343,Q602358
Q189279,P279,Q12617225
Q189279,P31,Q223393
Q189279,P5869,Q528092
Q1050629,P31,Q9143
Q1050629,P31,Q18109
Q1050629,P31,Q14663
Q1050629,P31,Q28922885
Q1050629,P31,Q28937412
Q1050629,P361,Q725779
Q1050629,P361,Q7200878
Q1050629,P361,Q4646465
Q1050629,P287,Q92850
Q1050629,P178,Q217365
Q1050629,P3966,Q275596
Q1050629,P3966,Q1418502
Q341104,P31,Q4167410
Q341104,P1889,Q52286729
Q152002,P910,Q8951035
Q152002,P31,Q63188683
Q152002,P279,Q4504549
Q152002,P1343,Q2041543
Q152002,P1343,Q602358
Q152002,P1343,Q19180675
Q152002,P361,Q5043
Q152002,P1424,Q22859058
Q152002,P6186,Q59576177
Q152002,P460,Q352507
Q178169,P279,Q101849
Q178169,P910,Q7045405
Q178169,P31,Q13414953
Q178169,P1343,Q2657718
Q178169,P1343,Q455
Q178169,P1343,Q867541
Q178169,P1343,Q4532138
Q178169,P138,Q831474
Q111161,P279,Q1530022
Q111161,P279,Q2761147
Q111161,P910,Q9851021
Q111161,P1343,Q2657718
Q111161,P1343,Q602358
Q111161,P460,Q10551516
Q111161,P1889,Q52572620
Q208555,P910,Q9071733
Q208555,P31,Q223393
Q208555,P1343,Q21065550
Q208555,P1343,Q2041543
Q208555,P460,Q21322403
Q208555,P279,Q1318295
Q208555,P279,Q36192
Q2166722,P279,Q3537603
Q2166722,P461,Q1132131
Q2166722,P1535,Q14948222
Q2166722,P3095,Q100998501
Q2166722,P1382,Q3537603
Q2166722,P1343,Q101314624
Q3235597,P279,Q8454
Q3235597,P910,Q8430856
Q3235597,P31,Q15169167
Q3235597,P1343,Q4086271
Q3235597,P1343,Q4173137
Q3235597,P1343,Q19180675
Q3235597,P1343,Q602358
Q3235597,P1343,Q30059240
Q3235597,P1343,Q1138524
Q3235597,P1343,Q602358
Q3235597,P1343,Q4086271
Q3092752,P910,Q6471018
Q3092752,P910,Q22013143
Q3092752,P31,Q223393
Q3092752,P1889,Q170207
Q3092752,P1343,Q19211082
Q3092752,P1343,Q19190511
Q3092752,P279,Q47461344
Q3092752,P527,Q170207
Q358735,P31,Q4167410
Q358735,P1889,Q3661893
Q358735,P1889,Q16865425
Q201410,P910,Q8375605
Q201410,P31,Q179461
Q201410,P361,Q19786
Q201410,P1535,Q9592
Q201410,P1343,Q2041543
Q201410,P1889,Q3620673
Q201410,P1889,Q170207
Q12562,P910,Q6892637
Q12562,P31,Q41521
Q12562,P2959,Q22827749
Q12562,P5008,Q5460604
Q12562,P1542,Q17022530
Q12562,P1269,Q101849
Q12562,P1269,Q23540
Q12562,P279,Q1800439
Q12562,P527,Q1645505
Q12562,P1889,Q1323572
Q1379405,P460,Q178885
Q1379405,P279,Q4271324
Q1379405,P31,Q34394
Q125331,P31,Q4167410
Q941482,P31,Q4167410
Q941482,P1889,Q545971
Q941482,P1889,Q37540628
Q941482,P1889,Q18012535
Q941482,P460,Q8846200
Q941482,P460,Q5408253
Q941482,P460,Q441329
Q566,P31,Q24334893
Q566,P31,Q23847174
Q566,P361,Q1084084
Q566,P910,Q26129097
Q566,P279,Q3249551
Q566,P1343,Q2041543
Q566,P1889,Q7261197
Q398703,P31,Q4167410
Q21476555,P31,Q101352
Q21476555,P1889,Q4925155
Q21476555,P282,Q8229
Q345754,P31,Q4167410
Q345754,P460,Q231491
Q345754,P460,Q2125180
Q345754,P460,Q16867718
Q345754,P460,Q65465020
Q345754,P460,Q65465024
Q345754,P460,Q65465031
Q158857,P1889,Q3235794
Q158857,P31,Q117850
Q158857,P361,Q216545
Q12621536,P279,Q781413
Q12621536,P1269,Q1331926
Q12621536,P31,Q33104279
Q12621536,P1889,Q108163
Q12621536,P1889,Q3769186
Q12621536,P1343,Q101314624
Q21512281,P31,Q101352
Q21512281,P1889,Q1952243
Q21512281,P282,Q8229
Q188681,P527,Q12184524
Q188681,P910,Q9486836
Q188681,P1343,Q20961706
Q188681,P1343,Q4173137
Q188681,P1343,Q4086271
Q188681,P1343,Q12609286
Q188681,P31,Q98088085
Q188681,P279,Q1190554
Q188681,P1382,Q2997437
Q220,P1151,Q11381903
Q220,P5125,Q48740750
Q220,P1792,Q10142763
Q220,P1313,Q23936560
Q220,P417,Q33923
Q220,P417,Q9200
Q220,P2959,Q22665612
Q220,P1376,Q18288160
Q220,P1376,Q38
Q220,P1376,Q1282
Q220,P1376,Q15119
Q220,P1376,Q170174
Q220,P1376,Q1558632
Q220,P1376,Q3528124
Q220,P1376,Q1747689
Q220,P1376,Q172579
Q220,P1376,Q3940419
Q220,P194,Q48617968
Q220,P131,Q15119
Q220,P131,Q170174
Q220,P131,Q1558632
Q220,P131,Q1747689
Q220,P131,Q17167
Q220,P131,Q2277
Q220,P131,Q42834
Q220,P131,Q3940419
Q220,P2596,Q1747689
Q220,P206,Q13712
Q220,P206,Q546600
Q220,P206,Q38882
Q220,P17,Q38
Q220,P17,Q170174
Q220,P17,Q3755547
Q220,P17,Q583038
Q220,P17,Q12544
Q220,P17,Q1747689
Q220,P17,Q38
Q220,P5008,Q5460604
Q220,P190,Q90
Q220,P190,Q31487
Q220,P190,Q34647
Q220,P190,Q43196
Q220,P190,Q132830
Q220,P190,Q484799
Q220,P190,Q1819965
Q220,P190,Q1490
Q220,P190,Q8717
Q220,P190,Q13437
Q220,P190,Q8684
Q220,P190,Q3689056
Q220,P190,Q459
Q220,P190,Q1899
Q220,P190,Q61
Q220,P190,Q2844
Q220,P190,Q956
Q220,P910,Q8682052
Q220,P1791,Q7977790
Q220,P6,Q405098
Q220,P6,Q23766020
Q220,P6,Q463130
Q220,P6,Q535345
Q220,P6,Q319547
Q220,P6,Q1394623
Q220,P1740,Q6469667
Q220,P1830,Q642958
Q220,P1830,Q737333
Q220,P1830,Q1105486
Q220,P1830,Q1189119
Q220,P1830,Q2033373
Q220,P1830,Q42949340
Q220,P1465,Q9689571
Q220,P47,Q241693
Q220,P47,Q241733
Q220,P47,Q242105
Q220,P47,Q242513
Q220,P47,Q242558
Q220,P47,Q19326
Q220,P47,Q242637
Q220,P47,Q242645
Q220,P47,Q242703
Q220,P47,Q242942
Q220,P47,Q242965
Q220,P47,Q242954
Q220,P47,Q242998
Q220,P47,Q243168
Q220,P47,Q243172
Q220,P47,Q243311
Q220,P47,Q243497
Q220,P47,Q140255
Q220,P47,Q191115
Q220,P47,Q241911
Q220,P47,Q242120
Q220,P47,Q190963
Q220,P47,Q242661
Q220,P47,Q242926
Q220,P47,Q243133
Q220,P47,Q243188
Q220,P47,Q159605
Q220,P47,Q242710
Q220,P47,Q243364
Q220,P31,Q515
Q220,P31,Q902814
Q220,P31,Q1549591
Q220,P31,Q1637706
Q220,P31,Q747074
Q220,P31,Q2202509
Q220,P1464,Q8070169
Q220,P112,Q2186
Q220,P112,Q1242632
Q220,P150,Q550592
Q220,P150,Q16494134
Q220,P150,Q16003470
Q220,P150,Q16003516
Q220,P150,Q16481953
Q220,P150,Q16481961
Q220,P150,Q16481966
Q220,P150,Q16482005
Q220,P150,Q16495467
Q220,P150,Q16481947
Q220,P150,Q16481977
Q220,P150,Q16481986
Q220,P150,Q16481992
Q220,P150,Q16481997
Q220,P150,Q16482002
Q220,P1343,Q4086271
Q220,P1343,Q4173137
Q220,P1343,Q19180675
Q220,P1343,Q602358
Q220,P1343,Q20961706
Q220,P1343,Q1138524
Q220,P1343,Q30059240
Q220,P1343,Q602358
Q220,P1343,Q602358
Q220,P1343,Q602358
Q220,P1343,Q602358
Q220,P1343,Q602358
Q220,P1343,Q867541
Q220,P1343,Q4532138
Q220,P1343,Q3181656
Q220,P832,Q150139
Q220,P793,Q3625518
Q220,P793,Q465627
Q220,P793,Q13554386
Q220,P793,Q1834148
Q220,P793,Q60794019
Q220,P793,Q3460799
Q220,P7867,Q6701024
Q220,P37,Q652
Q220,P421,Q6655
Q220,P421,Q6723
Q220,P8402,Q97061858
Q220,P163,Q9260409
Q220,P8744,Q5333757
Q131175,P31,Q86860
Q131175,P655,Q44248
Q131175,P629,Q1845
Q131175,P910,Q9812352
Q131175,P747,Q20155158
Q131175,P747,Q158075
Q131175,P747,Q4031020
Q131175,P747,Q25406476
Q131175,P747,Q7533226
Q131175,P747,Q7943551
Q131175,P747,Q2259379
Q131175,P747,Q87648409
Q131175,P747,Q87753248
Q131175,P1343,Q602358
Q131175,P1343,Q4173137
Q131175,P1343,Q19180675
Q131175,P407,Q397
Q9089,P910,Q1983910
Q9089,P1151,Q8587787
Q9089,P1343,Q2657718
Q9089,P1343,Q20078554
Q9089,P1343,Q19190511
Q9089,P1343,Q19180675
Q9089,P5008,Q5460604
Q9089,P31,Q9174
Q9089,P2184,Q1192933
Q9089,P3095,Q10090
Q299101,P31,Q4167410
Q299101,P1889,Q754161
Q4309523,P31,Q4167410
Q5159196,P31,Q4167410
Q177826,P910,Q6416304
Q177826,P1343,Q2657718
Q177826,P1343,Q602358
Q177826,P1343,Q19180675
Q177826,P1343,Q4114391
Q177826,P31,Q657326
Q177826,P31,Q874405
Q177826,P460,Q2259532
Q177826,P1424,Q8559680
Q177826,P1424,Q9630537
Q177826,P461,Q15407657
Q207857,P361,Q38311
Q207857,P910,Q17169745
Q207857,P1343,Q2657718
Q207857,P1343,Q67386293
Q207857,P1343,Q13537252
Q207857,P1343,Q67386140
Q207857,P279,Q1150070
Q207857,P1687,P5913
Q39864,P910,Q8720827
Q39864,P31,Q60075825
Q39864,P31,Q2398229
Q39864,P31,Q1401522
Q39864,P31,Q98088085
Q39864,P837,Q14915584
Q39864,P1343,Q2657718
Q39864,P1343,Q2041543
Q39864,P2894,Q132
Q39864,P2894,Q105
Q39864,P140,Q5043
Q39864,P156,Q2512993
Q39864,P547,Q65560542
Q39864,P155,Q2635159
Q2650699,P31,Q4167410
Q2650699,P1889,Q210485
Q2650699,P1889,Q60711826
Q41493,P910,Q6499653
Q41493,P156,Q7234117
Q41493,P1343,Q2041543
Q41493,P1269,Q309
Q41493,P31,Q186081
Q41493,P31,Q1047113
Q41493,P5125,Q28453687
Q41493,P1889,Q486761
Q41493,P279,Q309
Q41493,P527,Q486761
Q41493,P527,Q269678
Q41493,P527,Q11768
Q41493,P1424,Q6678356
Q191778,P910,Q8351163
Q191778,P1343,Q678259
Q191778,P1343,Q2657718
Q191778,P1343,Q1138524
Q191778,P1343,Q2041543
Q191778,P1343,Q20078554
Q191778,P1343,Q602358
Q191778,P1343,Q19180675
Q191778,P1343,Q4173137
Q191778,P1343,Q19211082
Q191778,P279,Q813912
Q191778,P1889,Q1094637
Q343586,P31,Q4167410
Q5165186,P31,Q5633421
Q5165186,P123,Q251266
Q5165186,P17,Q30
Q5165186,P407,Q1860
Q5165186,P921,Q21201
Q35245,P279,Q8162
Q35245,P910,Q7453383
Q35245,P3095,Q16312408
Q35245,P6104,Q21830291
Q35245,P1343,Q63284758
Q35245,P1889,Q39286
Q244783,P910,Q8430447
Q244783,P279,Q2407954
Q244783,P279,Q275456
Q244783,P1343,Q21083510
Q244783,P2579,Q13408737
Q244783,P3095,Q21185790
Q11451,P31,Q268592
Q11451,P31,Q3958441
Q11451,P31,Q11862829
Q11451,P279,Q8148
Q11451,P279,Q11862829
Q11451,P279,Q2207288
Q11451,P279,Q55640
Q11451,P910,Q5658978
Q11451,P417,Q379685
Q11451,P1343,Q2041543
Q11451,P1343,Q1768721
Q11451,P1343,Q101314624
Q11451,P1151,Q8210598
Q11451,P361,Q55640
Q11451,P361,Q5465532
Q11451,P155,Q2991771
Q11451,P5008,Q5460604
Q11451,P5125,Q7112548
Q11451,P527,Q3606845
Q11451,P3095,Q19261760
Q11451,P3095,Q131512
Q11451,P3095,Q55630100
Q11451,P6104,Q59078555
Q11451,P1424,Q10963661
Q11451,P2579,Q396077
Q1035954,P31,Q17888
Q1035954,P910,Q8509270
Q1035954,P527,Q25267467
Q1035954,P527,Q25267463
Q1035954,P461,Q339014
Q1035954,P1889,Q3733713
Q1035954,P279,Q1632385
Q243540,P31,Q4167410
Q243540,P1889,Q16858521
Q243540,P1889,Q6838159
Q188413,P910,Q7430017
Q188413,P31,Q1684600
Q188413,P31,Q1153191
Q188413,P291,Q60
Q188413,P407,Q1860
Q188413,P495,Q30
Q188413,P101,Q38926
Q188413,P159,Q60
Q188413,P4195,Q8678412
Q188413,P127,Q3121014
Q188413,P17,Q30
Q188413,P921,Q41298
Q188413,P485,Q72941560
Q188413,P1889,Q99002888
Q188413,P8875,Q371467
Q401660,P31,Q4167410
Q401660,P1889,Q7227282
Q401660,P1889,Q87454315
Q36633,P910,Q6491519
Q36633,P361,Q837322
Q36633,P361,Q50851
Q36633,P1343,Q2041543
Q36633,P1343,Q4532138
Q36633,P31,Q1914636
Q36633,P279,Q7833728
Q36633,P2184,Q948371
Q36633,P3095,Q14915751
Q36633,P3095,Q187958
Q36633,P3095,Q828544
Q47092,P910,Q7011471
Q47092,P279,Q673281
Q47092,P1995,Q2861470
Q47092,P3095,Q22962951
Q47092,P1552,Q2148678
Q47092,P1552,Q19358049
Q47092,P31,Q5801919
Q47092,P7084,Q6628760
Q81009,P910,Q8619722
Q81009,P31,Q1047113
Q81009,P31,Q11862829
Q81009,P31,Q4671286
Q81009,P361,Q11024
Q81009,P1343,Q4239850
Q81009,P1343,Q2657718
Q81009,P1343,Q602358
Q81009,P1343,Q19180675
Q81009,P3095,Q361809
Q81009,P2579,Q97008347
Q81009,P2579,Q14623843
Q81009,P279,Q1799072
Q60227,P910,Q7242748
Q60227,P910,Q8747830
Q60227,P1343,Q2041543
Q60227,P1343,Q4086271
Q60227,P279,Q451967
Q60227,P279,Q6765918
Q60227,P1889,Q15962815
Q60227,P1269,Q1559849
Q60227,P461,Q157811
Q60227,P2579,Q940590
Q7998316,P910,Q24048193
Q7998316,P1889,Q1483951
Q7998316,P460,Q15292
Q7998316,P31,Q31172650
Q47217,P910,Q7458991
Q47217,P279,Q3109572
Q47217,P279,Q273120
Q47217,P1343,Q20743760
Q51669,P361,Q961603
Q51669,P31,Q2472587
Q51669,P31,Q4204501
Q51669,P460,Q2605404
Q51669,P910,Q9870621
Q3306661,P31,Q1969448
Q3306661,P31,Q60539481
Q3306661,P361,Q77468620
Q125331,P31,Q4167410
Q203788,P279,Q1184840
Q203788,P279,Q1112950
Q203788,P279,Q728
Q203788,P910,Q8356531
Q203788,P1343,Q2657718
Q203788,P1343,Q4114391
Q203788,P1343,Q602358
Q203788,P1343,Q19180675
Q203788,P1343,Q30059240
Q213924,P279,Q87167
Q213924,P910,Q6215678
Q213924,P1343,Q1138524
Q213924,P155,Q66100145
Q213924,P155,Q2073537
Q213924,P527,Q65769576
Q213924,P1889,Q66100145
Q3554759,P31,Q4167410
Q3554759,P1343,Q2657718
Q3554759,P460,Q8501802
Q6537946,P31,Q4167410
Q6537946,P1889,Q406174
Q6537946,P1889,Q37476695
Q6537946,P17,Q142
Q5194627,P105,Q34740
Q5194627,P171,Q389901
Q5194627,P910,Q7564900
Q5194627,P31,Q16521
Q5194627,P1343,Q2041543
Q5194627,P1343,Q4086271
Q5194627,P1343,Q602358
Q5194627,P1343,Q19180675
Q5194627,P1343,Q1970746
Q5194627,P1343,Q4173137
Q5194627,P1343,Q1768721
Q5194627,P4000,Q147768
Q5194627,P427,Q159811
Q11199149,P461,Q187234
Q11199149,P910,Q26215592
Q11199149,P31,Q157811
Q11199149,P31,Q31172650
Q11199149,P1269,Q5043
Q11199149,P279,Q1186677
Q2733470,P279,Q911922
Q2733470,P279,Q1570182
Q2733470,P1552,Q1075
Q2733470,P1552,Q36534
Q2733470,P910,Q55291629
Q2733470,P1343,Q1970746
Q22350282,P31,Q4167410
Q16918358,P31,Q4167410
Q16918358,P1889,Q37438968
Q1052698,P279,Q11306265
Q5162375,P31,Q4167410
Q1411108,P31,Q4167410
Q750652,P1343,Q2657718
Q750652,P1343,Q602358
Q750652,P1343,Q602358
Q750652,P1343,Q19180675
Q750652,P1343,Q4086271
Q750652,P1343,Q4173137
Q750652,P1343,Q1970746
Q750652,P31,Q60539481
Q750652,P460,Q1026040
Q750652,P910,Q28108364
Q359371,P31,Q4167410
Q359371,P460,Q3985676
Q359371,P460,Q71855417
Q4961354,P31,Q11879590
Q4961354,P460,Q16727197
Q4961354,P460,Q21514671
Q4961354,P460,Q27529205
Q4961354,P460,Q12898996
Q4961354,P1889,Q787351
Q4961354,P1889,Q16727197
Q4961354,P407,Q150
Q4961354,P407,Q1860
Q4961354,P407,Q7411
Q4961354,P282,Q8229
Q4961354,P5323,Q21644845
Q423558,P31,Q4167410
Q1763329,P31,Q182545
Q229395,P31,Q4167410
Q229395,P1889,Q26107481
Q194253,P910,Q7774998
Q194253,P1343,Q20743760
Q194253,P1343,Q3181656
Q194253,P279,Q23540
Q194253,P279,Q346575
Q194253,P31,Q995347
Q194253,P1889,Q346575
Q194253,P140,Q23540
Q8236,P910,Q8598729
Q8236,P461,Q485100
Q8236,P279,Q205961
Q8236,P1343,Q2657718
Q8236,P1343,Q602358
Q8236,P1343,Q19180675
Q8236,P1343,Q4173137
Q8236,P5008,Q5460604
Q8236,P1889,Q1084976
Q8236,P460,Q24892987
Q8236,P828,Q8434
Q8236,P1687,P6897
Q8236,P31,Q11862829
Q6736778,P31,Q838795
Q7093711,P31,Q4167410
Q483978,P910,Q9074526
Q483978,P910,Q9074530
Q483978,P31,Q879146
Q483978,P279,Q3425524
Q483978,P279,Q23540
Q483978,P279,Q194253
Q483978,P138,Q65560542
Q253279,P31,Q4167410
Q253279,P460,Q401207
Q253279,P460,Q451950
Q253279,P460,Q1798717
Q253279,P460,Q364473
Q253279,P460,Q605279
Q253279,P1889,Q16883899
Q1076131,P279,Q7673893
Q228378,P31,Q4167410
Q228378,P1889,Q37202918
Q7310094,P279,Q11514315
Q7310094,P279,Q524572
Q7310094,P1269,Q3446302
Q219477,P31,Q28640
Q219477,P279,Q4504549
Q219477,P417,Q163900
Q219477,P1343,Q2657718
Q219477,P6186,Q59522229
Q219477,P425,Q51647
Q219477,P910,Q7024882
Q289891,P1552,Q5275945
Q289891,P1889,Q10484067
Q289891,P461,Q17297777
Q289891,P1687,P7047
Q47611,P131,Q344490
Q47611,P463,Q193235
Q47611,P910,Q8420330
Q47611,P17,Q43
Q47611,P17,Q11772
Q47611,P17,Q389688
Q47611,P17,Q2277
Q47611,P17,Q12544
Q47611,P17,Q12560
Q47611,P31,Q1708422
Q47611,P31,Q839954
Q47611,P31,Q570116
Q47611,P31,Q148837
Q47611,P1435,Q43113623
Q47611,P1464,Q8080341
Q47611,P1465,Q9218296
Q47611,P1792,Q8250555
Q47611,P1343,Q30059240
Q47611,P1343,Q4086271
Q47611,P1343,Q19180675
Q47611,P1343,Q602358
Q47611,P1343,Q4532138
Q47611,P1343,Q20078554
Q47611,P1889,Q64699469
Q47611,P1889,Q93429379
Q47611,P361,Q64699469
Q47611,P7867,Q84053538
Q8275,P674,Q159666
Q8275,P674,Q19376
Q8275,P674,Q140001
Q8275,P674,Q65770432
Q8275,P674,Q65770448
Q8275,P674,Q40901
Q8275,P674,Q65770440
Q8275,P674,Q199923
Q8275,P674,Q103107
Q8275,P674,Q1134694
Q8275,P674,Q37122
Q8275,P674,Q41127
Q8275,P674,Q38012
Q8275,P674,Q44384
Q8275,P674,Q41484
Q8275,P674,Q184437
Q8275,P674,Q34201
Q8275,P674,Q1862189
Q8275,P674,Q184570
Q8275,P674,Q131125
Q8275,P674,Q180287
Q8275,P674,Q189347
Q8275,P674,Q41746
Q8275,P674,Q128176
Q8275,P674,Q242319
Q8275,P674,Q172725
Q8275,P674,Q748909
Q8275,P674,Q725527
Q8275,P674,Q170779
Q8275,P674,Q736813
Q8275,P674,Q208256
Q8275,P674,Q854056
Q8275,P674,Q193433
Q8275,P674,Q164061
Q8275,P674,Q82732
Q8275,P674,Q1081453
Q8275,P674,Q674319
Q8275,P674,Q171839
Q8275,P674,Q466830
Q8275,P674,Q193267
Q8275,P674,Q1057384
Q8275,P674,Q167646
Q8275,P674,Q186271
Q8275,P674,Q1436842
Q8275,P674,Q170473
Q8275,P674,Q1061782
Q8275,P674,Q762520
Q8275,P674,Q47231
Q8275,P674,Q1331224
Q8275,P674,Q3608994
Q8275,P674,Q3854652
Q8275,P674,Q3135996
Q8275,P674,Q348668
Q8275,P910,Q7213745
Q8275,P136,Q2367164
Q8275,P136,Q1097273
Q8275,P31,Q37484
Q8275,P747,Q17566229
Q8275,P747,Q17559055
Q8275,P747,Q3796407
Q8275,P747,Q16547641
Q8275,P747,Q21666067
Q8275,P747,Q19210515
Q8275,P747,Q19090449
Q8275,P747,Q19828573
Q8275,P747,Q19090438
Q8275,P747,Q21716706
Q8275,P747,Q21716786
Q8275,P747,Q21716827
Q8275,P747,Q21716838
Q8275,P747,Q21716866
Q8275,P747,Q32845498
Q8275,P747,Q48227927
Q8275,P747,Q49160069
Q8275,P747,Q55816319
Q8275,P747,Q21714772
Q8275,P747,Q59872993
Q8275,P747,Q19090444
Q8275,P747,Q60552957
Q8275,P747,Q60552922
Q8275,P747,Q19141031
Q8275,P747,Q64692417
Q8275,P747,Q21716844
Q8275,P747,Q100388853
Q8275,P361,Q578605
Q8275,P155,Q1075630
Q8275,P156,Q410483
Q8275,P156,Q1998710
Q8275,P50,Q6691
Q8275,P2551,Q5254470
Q8275,P407,Q990062
Q8275,P407,Q35497
Q8275,P5008,Q5460604
Q8275,P4969,Q186587
Q8275,P4969,Q1601950
Q8275,P4969,Q697203
Q8275,P4969,Q340281
Q8275,P4969,Q938924
Q8275,P4969,Q3144892
Q8275,P495,Q11772
Q2514663,P361,Q9174
Q2514663,P910,Q9675982
Q2514663,P31,Q23847174
Q2514663,P279,Q33111788
Q2514663,P1889,Q5658250
Q160232,P31,Q60539481
Q160232,P910,Q7023199
Q160232,P461,Q316
Q160232,P279,Q13631330
Q160232,P1542,Q770480
Q160232,P1343,Q1970746
Q160232,P361,Q77468620
Q342870,P31,Q4167410
Q342870,P1343,Q2657718
Q294316,P31,Q4167410
Q294316,P460,Q20013362
Q294316,P1889,Q26710831
Q294316,P1889,Q5154244
Q294316,P1889,Q73255309
Q3329596,P910,Q8567308
Q3329596,P361,Q18813
Q3329596,P1343,Q21065550
Q3329596,P50,Q2740129
Q3329596,P527,Q36766
Q3329596,P527,Q131101
Q3329596,P527,Q131453
Q3329596,P527,Q131462
Q3329596,P527,Q42040
Q108458,P910,Q7483104
Q108458,P31,Q23847174
Q108458,P1269,Q748
Q108458,P1889,Q54894882
Q108458,P279,Q955260
Q108458,P1424,Q24238410
Q123705,P279,Q48907157
Q123705,P279,Q56061
Q123705,P910,Q5189380
Q123705,P460,Q16837104
Q123705,P460,Q604435
Q123705,P361,Q515
Q123705,P1963,P276
Q123705,P1963,P131
Q123705,P1963,P625
Q123705,P1963,P17
Q123705,P1963,P281
Q123705,P1963,P373
Q123705,P1963,P18
Q123705,P1889,Q18114025
Q123705,P1889,Q1348006
Q123705,P1889,Q2983893
Q123705,P1889,Q61089180
Q123705,P279,Q56061
Q123705,P279,Q48907157
Q123705,P910,Q5189380
Q123705,P460,Q16837104
Q123705,P460,Q604435
Q123705,P361,Q515
Q123705,P1963,P276
Q123705,P1963,P131
Q123705,P1963,P625
Q123705,P1963,P17
Q123705,P1963,P281
Q123705,P1963,P373
Q123705,P1963,P18
Q123705,P1889,Q18114025
Q123705,P1889,Q1348006
Q123705,P1889,Q2983893
Q123705,P1889,Q61089180
Q123705,P1343,Q101314624
Q1644573,P279,Q61509
Q1644573,P279,Q1083397
Q1644573,P279,Q1656682
Q1644573,P910,Q7012149
Q1644573,P1343,Q2041543
Q1644573,P1343,Q19538713
Q1644573,P3095,Q542704
Q1644573,P31,Q2270606
Q131572,P910,Q6461072
Q131572,P279,Q706601
Q131572,P1343,Q2657718
Q131572,P1889,Q564811
Q131572,P5008,Q13382529
Q131572,P31,Q187588
Q131572,P31,Q12737077
Q815726,P910,Q9271881
Q815726,P31,Q489168
Q815726,P461,Q46904368
Q111054,P910,Q6210687
Q111054,P166,Q2521339
Q111054,P31,Q2061186
Q111054,P31,Q2088357
Q111054,P17,Q142
Q111054,P2388,Q56220345
Q111054,P488,Q658920
Q111054,P488,Q123134
Q111054,P112,Q123134
Q111054,P131,Q12736
Q111054,P159,Q501933
Q402285,P31,Q4167410
Q402285,P460,Q9061903
Q351401,P31,Q4167410
Q351401,P1889,Q37462314
Q185935,P910,Q8605594
Q185935,P461,Q4340209
Q185935,P1995,Q7867
Q185935,P1995,Q1916597
Q185935,P1995,Q183257
Q185935,P279,Q188638
Q185935,P31,Q56815734
Q185935,P1889,Q58854080
Q185935,P1343,Q602358
Q272999,P910,Q8611017
Q272999,P31,Q1914636
Q272999,P31,Q811906
Q272999,P1889,Q18087969
Q272999,P1889,Q41726
Q272999,P3095,Q327321
Q272999,P279,Q150737
Q201861,P21,Q6581097
Q201861,P1441,Q28739446
Q201861,P1343,Q2657718
Q201861,P1343,Q19190511
Q201861,P1343,Q2041543
Q201861,P1343,Q602358
Q201861,P31,Q20643955
Q201861,P22,Q1138595
Q201861,P40,Q14933103
Q201861,P40,Q47036567
Q201861,P106,Q116
Q201861,P910,Q60526732
Q41523,P19,Q549874
Q41523,P31,Q5
Q41523,P20,Q75459
Q41523,P106,Q11774202
Q41523,P106,Q42603
Q41523,P106,Q4594605
Q41523,P106,Q864380
Q41523,P106,Q201788
Q41523,P106,Q36180
Q41523,P106,Q4964182
Q41523,P910,Q7345263
Q41523,P27,Q1747689
Q41523,P1066,Q473381
Q41523,P1343,Q19180675
Q41523,P1343,Q602358
Q41523,P1343,Q2041543
Q41523,P1343,Q27680201
Q41523,P1343,Q30059240
Q41523,P1343,Q51955019
Q41523,P1343,Q867541
Q41523,P1343,Q67311526
Q41523,P1343,Q63284758
Q41523,P39,Q121998
Q41523,P40,Q10952645
Q41523,P40,Q11934328
Q41523,P1412,Q397
Q41523,P1412,Q35497
Q41523,P2348,Q2277
Q41523,P1424,Q13362650
Q41523,P136,Q36279
Q41523,P800,Q842337
Q41523,P172,Q539051
Q41523,P735,Q91153015
Q41523,P21,Q6581097
Q41523,P6886,Q35497
Q41523,P1889,Q131708
Q8445,P910,Q7301014
Q8445,P1343,Q2041543
Q8445,P1343,Q30059240
Q8445,P1343,Q4086271
Q8445,P1343,Q19211082
Q8445,P1343,Q19180675
Q8445,P1343,Q4173137
Q8445,P1343,Q602358
Q8445,P1343,Q1970746
Q8445,P1343,Q1210353
Q8445,P31,Q1938208
Q8445,P1687,P26
Q8445,P1687,P5982
Q8445,P527,Q16034121
Q8445,P279,Q223642
Q8445,P5008,Q5460604
Q8445,P5008,Q13382529
Q8445,P1552,Q7860953
Q178934,P910,Q5614293
Q178934,P1343,Q2657718
Q178934,P1343,Q602358
Q178934,P1343,Q19180675
Q178934,P1343,Q19190511
Q178934,P279,Q3769299
Q178934,P279,Q9081
Q178934,P279,Q49447
Q178934,P279,Q483677
Q178934,P3095,Q12797895
Q2304859,P279,Q1097498
Q2304859,P31,Q12737077
Q2304859,P6186,Q49750488
Q1215266,P31,Q4167410
Q1215266,P1343,Q2657718
Q1186677,P31,Q157811
Q1186677,P31,Q19829125
Q1186677,P1343,Q4086271
Q1186677,P1343,Q4173137
Q1186677,P460,Q4424525
Q1186677,P461,Q777939
Q1186677,P461,Q735766
Q1186677,P1889,Q21879026
Q1186677,P361,Q686919
Q1186677,P3113,Q2663273
Q666985,P31,Q157811
Q666985,P1269,Q5043
Q666985,P361,Q337349
Q666985,P1343,Q101314624
Q6765918,P527,Q24962887
Q6765918,P1382,Q1456832
Q6765918,P279,Q1914636
Q6765918,P3095,Q99485144
Q656365,P31,Q853725
Q656365,P910,Q6642305
Q656365,P1269,Q6958747
Q656365,P1552,Q685744
Q656365,P1552,Q675059
Q656365,P1552,Q629411
Q656365,P1552,Q1500858
Q656365,P1552,Q1054723
Q656365,P1552,Q2992308
Q656365,P1552,Q7434443
Q656365,P1424,Q13406437
Q656365,P1889,Q192581
Q656365,P1889,Q12004616
Q656365,P279,Q8148
Q35760,P279,Q7725634
Q35760,P1343,Q678259
Q35760,P1343,Q1768721
Q35760,P910,Q6144234
Q35760,P31,Q223393
Q35760,P31,Q4263830
Q35760,P3095,Q11774202
Q35760,P361,Q27801
Q167918,P461,Q3603531
Q167918,P31,Q171318
Q167918,P279,Q402152
Q167918,P279,Q24882651
Q354539,P31,Q4167410
Q638009,P279,Q657709
Q638009,P1343,Q2657718
Q638009,P1889,Q2117385
Q170028,P910,Q7216269
Q170028,P279,Q11024
Q170028,P279,Q600571
Q170028,P1343,Q2041543
Q170028,P1343,Q101314624
Q170028,P1889,Q33056942
Q170028,P1889,Q29485
Q170028,P2283,Q690194
Q170028,P2283,Q4925193
Q170028,P460,Q5282225
Q170028,P1552,Q706622
Q170028,P461,Q337349
Q252837,P31,Q2717702
Q252837,P31,Q4167410
Q252837,P461,Q7325
Q252837,P460,Q503125
Q252837,P279,Q5
Q252837,P1889,Q503125
Q732413,P910,Q8424119
Q732413,P21,Q6581072
Q732413,P1441,Q131068
Q732413,P31,Q20643955
Q732413,P1343,Q4086271
Q732413,P1343,Q4173137
Q732413,P1343,Q19180675
Q732413,P1343,Q602358
Q732413,P1343,Q4086271
Q732413,P20,Q389688
Q732413,P1889,Q18638253
Q732413,P26,Q1370497
Q732413,P19,Q389688
Q732413,P841,Q2700
Q732413,P53,Q1812965
Q1919362,P31,Q4167410
Q444936,P31,Q4167410
Q6343,P31,Q133442
Q6343,P31,Q15661340
Q6343,P31,Q655593
Q6343,P17,Q948
Q6343,P17,Q10416611
Q6343,P17,Q246737
Q6343,P17,Q2429397
Q6343,P1343,Q2041543
Q6343,P1343,Q1138524
Q6343,P1343,Q30059240
Q6343,P1343,Q4114391
Q6343,P1343,Q4173137
Q6343,P1343,Q602358
Q6343,P1343,Q19180675
Q6343,P1343,Q3181656
Q6343,P1889,Q2429397
Q6343,P1889,Q28151514
Q6343,P1889,Q52284968
Q6343,P1376,Q10416611
Q6343,P1376,Q246737
Q6343,P1376,Q2429397
Q6343,P793,Q815160
Q6343,P793,Q20102510
Q6343,P30,Q15
Q6343,P1344,Q596373
Q385848,P31,Q4167410
Q228235,P31,Q4167410
Q228235,P460,Q16956974
Q6382533,P279,Q66737643
Q6382533,P279,Q2663712
Q6382533,P361,Q8473
Q6382533,P910,Q7267571
Q6382533,P31,Q21506450
Q6382533,P1343,Q602358
Q6382533,P1343,Q4114391
Q6382533,P1343,Q19180675
Q6382533,P1343,Q19190511
Q131677,P910,Q8327545
Q131677,P279,Q5182961
Q131677,P3349,Q1262699
Q131677,P1535,Q102109059
Q401031,P31,Q4167410
Q401031,P1889,Q1090944
Q1189956,P1343,Q2041543
Q1189956,P1889,Q6592876
Q1189956,P1889,Q5259653
Q1189956,P279,Q451967
Q1206648,P31,Q4167410
Q958560,P31,Q47461344
Q958560,P123,Q5677798
Q958560,P50,Q43293
Q958560,P136,Q8261
Q958560,P136,Q583976
Q958560,P495,Q258
Q958560,P166,Q160082
Q958560,P407,Q1860
Q373069,P31,Q1914636
Q373069,P361,Q5043
Q373069,P3095,Q28659570
Q373069,P910,Q9792287
Q373069,P460,Q51647
Q373069,P1889,Q194253
Q359564,P31,Q4167410
Q5518044,P31,Q4167410
Q18128466,P1269,Q8060
Q18128466,P279,Q1137656
Q425003,P31,Q4167410
Q425003,P1889,Q19967934
Q425003,P1889,Q12790730
Q425003,P1889,Q16276278
Q345656,P31,Q4167410
Q9288,P910,Q6423150
Q9288,P1999,Q20672086
Q9288,P1018,Q190400
Q9288,P5996,Q8568257
Q9288,P17,Q801
Q9288,P4132,Q651641
Q9288,P31,Q34770
Q9288,P31,Q1288568
Q9288,P282,Q33513
Q9288,P2341,Q51669
Q9288,P2341,Q801
Q9288,P2184,Q12201900
Q9288,P2579,Q739465
Q9288,P3823,Q29051546
Q9288,P279,Q747547
Q9288,P279,Q615948
Q9288,P138,Q570868
Q9288,P5008,Q5460604
Q9288,P1343,Q21065550
Q9288,P1343,Q4173137
Q9288,P1343,Q19180675
Q9288,P1343,Q602358
Q9288,P7084,Q84969482
Q44777,P1343,Q2657718
Q44777,P1343,Q1970746
Q44777,P1343,Q602358
Q44777,P1343,Q19180675
Q44777,P1343,Q602358
Q44777,P279,Q733981
Q15637420,P31,Q179630
Q15637420,P1343,Q2657718
Q15637420,P279,Q1441305
Q15637420,P279,Q9690
Q15637420,P1995,Q83042
Q21488355,P31,Q101352
Q21488355,P1889,Q349081
Q21488355,P282,Q8229
Q253550,P31,Q4167410
Q253550,P1889,Q16880479
Q253550,P1889,Q15733778
Q193279,P279,Q7569
Q193279,P1552,Q21616204
Q193279,P910,Q9576487
Q193279,P1889,Q40308411
Q124734,P279,Q180684
Q124734,P279,Q13418847
Q124734,P910,Q6969040
Q124734,P910,Q7467067
Q124734,P1889,Q6107280
Q124734,P1343,Q2041543
Q124734,P1343,Q4114391
Q124734,P1343,Q602358
Q124734,P1343,Q19180675
Q124734,P1343,Q19190511
Q124734,P1424,Q6229891
Q124734,P3095,Q1125062
Q1211186,P31,Q4167410
Q1211186,P1889,Q37222746
Q1211186,P1889,Q3044927
Q1211186,P1889,Q64969498
Q1211186,P1889,Q64968443
Q1196258,P910,Q16808668
Q1196258,P279,Q386724
Q1196258,P279,Q176763
Q1196258,P279,Q1190554
Q7971027,P31,Q4167410
Q8037685,P31,Q4167410
Q34627,P279,Q44539
Q34627,P279,Q1530022
Q34627,P279,Q24398318
Q34627,P140,Q9268
Q34627,P140,Q182651
Q34627,P910,Q8839587
Q34627,P1343,Q2041543
Q34627,P1343,Q4086271
Q34627,P1424,Q10805605
Q34627,P1269,Q9268
Q34627,P527,Q863418
Q298813,P31,Q4167410
Q103931230,P279,Q4393922
Q168796,P910,Q7478519
Q168796,P279,Q781413
Q168796,P1151,Q14920373
Q168796,P5125,Q7112737
Q168796,P3095,Q484260
Q168796,P3095,Q42603
Q168796,P3095,Q733786
Q168796,P461,Q101490283
Q4962,P31,Q4167410
Q4962,P1889,Q378694
Q4962,P1889,Q37478625
Q6649,P31,Q17888
Q6649,P910,Q7415196
Q6649,P1343,Q19180675
Q6649,P1343,Q602358
Q6649,P1343,Q1138524
Q6649,P461,Q25267463
Q6649,P279,Q6636
Q6649,P279,Q17884
Q6649,P138,Q128087
Q6649,P5008,Q24909800
Q6649,P5008,Q15092984
Q6649,P5008,Q97285685
Q970295,P31,Q4167410
Q970295,P1889,Q37497921
Q5684,P31,Q3624078
Q5684,P31,Q3024240
Q5684,P31,Q2974842
Q5684,P910,Q8285454
Q5684,P17,Q389688
Q5684,P17,Q83958
Q5684,P17,Q93180
Q5684,P17,Q1986139
Q5684,P17,Q1986139
Q5684,P17,Q83891
Q5684,P17,Q12490507
Q5684,P17,Q796
Q5684,P17,Q1747689
Q5684,P131,Q243846
Q5684,P1343,Q302556
Q5684,P1343,Q602358
Q5684,P1343,Q4086271
Q5684,P1343,Q4114391
Q5684,P1343,Q4173137
Q5684,P1343,Q19180675
Q5684,P1343,Q1138524
Q5684,P1343,Q602358
Q5684,P1343,Q30059240
Q5684,P1343,Q3181656
Q5684,P1376,Q624887
Q5684,P1376,Q389688
Q5684,P1376,Q93180
Q5684,P460,Q277372
Q5684,P1465,Q9217576
Q5684,P1464,Q9223345
Q5684,P1792,Q9237101
Q5684,P1889,Q15489401
Q5684,P793,Q71319220
Q5684,P793,Q6646260
Q5684,P7867,Q84074081
Q5684,P30,Q48
Q17955,P279,Q3059502
Q17955,P910,Q7450218
Q17955,P460,Q3059502
Q17955,P1889,Q54894883
Q17955,P31,Q4894405
Q17955,P31,Q223393
Q3207383,P31,Q4167410
Q1939210,P31,Q1762471
Q1872285,P31,Q4167410
Q1872285,P1889,Q4701219
Q1872285,P1889,Q26203667
Q829697,P279,Q189819
Q41490,P361,Q34990
Q41490,P361,Q19786
Q41490,P361,Q83367
Q41490,P361,Q14405870
Q41490,P361,Q245719
Q41490,P361,Q162062
Q41490,P910,Q8305693
Q41490,P31,Q179461
Q41490,P31,Q7725634
Q41490,P31,Q29154430
Q41490,P2959,Q25690028
Q41490,P1343,Q4086271
Q41490,P1343,Q19180675
Q41490,P1343,Q602358
Q41490,P1343,Q4173137
Q41490,P407,Q1982248
Q41490,P527,Q4207337
Q41490,P527,Q12486367
Q41490,P527,Q12486364
Q41490,P527,Q12486365
Q41490,P527,Q12486370
Q41490,P527,Q12486371
Q41490,P527,Q12486368
Q41490,P527,Q12486369
Q41490,P527,Q12486374
Q41490,P527,Q12486375
Q41490,P527,Q12486372
Q41490,P527,Q12486373
Q41490,P527,Q12486378
Q41490,P527,Q12486379
Q41490,P527,Q12486376
Q41490,P527,Q12486377
Q41490,P527,Q12486382
Q41490,P527,Q12486380
Q41490,P527,Q12486381
Q41490,P527,Q14623662
Q41490,P527,Q14623666
Q41490,P527,Q14623667
Q41490,P527,Q14623664
Q41490,P527,Q14623665
Q41490,P527,Q14623670
Q41490,P527,Q14623671
Q41490,P527,Q14623668
Q41490,P155,Q9190
Q41490,P156,Q43099
Q41490,P50,Q9077
Q41490,P1433,Q1786390
Q43414,P910,Q6613331
Q43414,P279,Q5801919
Q43414,P279,Q600571
Q43414,P279,Q2352921
Q927079,P1343,Q1138524
Q927079,P279,Q629129
Q927079,P279,Q6498477
Q165363,P279,Q153556
Q165363,P279,Q1765245
Q165363,P279,Q1384616
Q165363,P910,Q8892380
Q165363,P1343,Q4114391
Q165363,P1343,Q4532138
Q165363,P1424,Q22834650
Q140732,P910,Q8690281
Q140732,P31,Q8011595
Q140732,P3095,Q79136455
Q24826,P190,Q8686
Q24826,P190,Q6506
Q24826,P190,Q1761
Q24826,P190,Q1874
Q24826,P190,Q34370
Q24826,P190,Q365
Q24826,P190,Q8678
Q24826,P17,Q145
Q24826,P421,Q6574
Q24826,P421,Q6655
Q24826,P31,Q515
Q24826,P31,Q1549591
Q24826,P131,Q21665571
Q24826,P910,Q7997422
Q24826,P1464,Q8061289
Q24826,P1465,Q9218928
Q24826,P1740,Q11827343
Q24826,P1792,Q7117048
Q24826,P166,Q1245979
Q24826,P1791,Q13249226
Q24826,P6,Q6208356
Q24826,P1889,Q21665571
Q24826,P1376,Q23100
Q24826,P1151,Q56695951
Q24826,P1343,Q602358
Q24826,P7867,Q84120885
Q24826,P7959,Q67311452
Q24826,P8744,Q5333711
Q656751,P31,Q151885
Q656751,P1687,P2660
Q656751,P2354,Q246526
Q656751,P1659,P2044
Q656751,P279,Q186131
Q55550991,P31,Q4167410
Q55550991,P1889,Q7439273
Q206426,P1269,Q60227
Q206426,P1269,Q154136
Q206426,P279,Q608
Q206426,P31,Q5153559
Q206426,P1343,Q2041543
Q206426,P5008,Q97285685
Q206426,P138,Q3297078
Q1797944,P31,Q4167410
Q417570,P31,Q4167410
Q29536,P910,Q8708871
Q29536,P527,Q12756954
Q29536,P279,Q9174
Q29536,P1343,Q2041543
Q29536,P1343,Q63284758
Q29536,P460,Q12371796
Q29536,P31,Q49447
Q5038992,P31,Q4167410
Q5038992,P1889,Q17514526
Q7644480,P279,Q40953
Q20999220,P31,Q4167410
Q956444,P279,Q189819
Q956444,P461,Q16635429
Q956444,P1889,Q7519600
Q3324533,P31,Q4167410
Q201410,P910,Q8375605
Q201410,P31,Q179461
Q201410,P361,Q19786
Q201410,P1535,Q9592
Q201410,P1343,Q2041543
Q201410,P1889,Q3620673
Q201410,P1889,Q170207
Q15814585,P31,Q4167410
Q15814585,P1889,Q21494199
Q2266263,P460,Q20722367
Q2266263,P279,Q1920566
Q2266263,P1269,Q40953
Q400019,P910,Q8591566
Q400019,P793,Q7930888
Q400019,P31,Q164950
Q400019,P1343,Q602358
Q400019,P1343,Q19180675
Q400019,P1343,Q4173137
Q400019,P1343,Q4086271
Q400019,P841,Q2788
Q400019,P276,Q104028
Q2438144,P31,Q4167410
Q2438144,P1889,Q19968411
Q296504,P31,Q4167410
Q296504,P527,Q10429496
Q296504,P1889,Q16833408
Q296504,P1889,Q27976222
Q18094,P190,Q200575
Q18094,P190,Q1533
Q18094,P190,Q8684
Q18094,P190,Q190187
Q18094,P190,Q845857
Q18094,P190,Q30002
Q18094,P190,Q57906
Q18094,P190,Q1822
Q18094,P190,Q9248
Q18094,P190,Q51103
Q18094,P190,Q205956
Q18094,P190,Q1467
Q18094,P190,Q633911
Q18094,P190,Q662694
Q18094,P190,Q25444
Q18094,P190,Q189823
Q18094,P190,Q34664
Q18094,P190,Q36167
Q18094,P190,Q20934
Q18094,P190,Q181557
Q18094,P190,Q39738
Q18094,P190,Q12919
Q18094,P190,Q9085
Q18094,P190,Q1461
Q18094,P190,Q225641
Q18094,P190,Q1156
Q18094,P190,Q540312
Q18094,P190,Q181966
Q18094,P190,Q58560
Q18094,P190,Q3551
Q18094,P190,Q41211
Q18094,P190,Q235004
Q18094,P190,Q68814
Q18094,P190,Q59223
Q18094,P190,Q111739
Q18094,P17,Q30
Q18094,P17,Q156418
Q18094,P17,Q2593459
Q18094,P17,Q1057542
Q18094,P31,Q62049
Q18094,P31,Q21518270
Q18094,P31,Q1549591
Q18094,P131,Q487704
Q18094,P131,Q547795
Q18094,P421,Q3241537
Q18094,P910,Q7403253
Q18094,P1465,Q9218625
Q18094,P1464,Q8050973
Q18094,P1740,Q8458125
Q18094,P1792,Q7119132
Q18094,P1376,Q782
Q18094,P1376,Q2593459
Q18094,P1376,Q487704
Q18094,P1376,Q156418
Q18094,P1343,Q602358
Q18094,P1343,Q20078554
Q18094,P6,Q6415403
Q18094,P1313,Q11722691
Q18094,P1791,Q7975598
Q18094,P2184,Q16901667
Q18094,P706,Q131347
Q18094,P1299,Q72009507
Q18094,P7867,Q83987677
Q18094,P8194,Q96579240
Q18094,P8402,Q97234905
Q240562,P31,Q8171
Q1347468,P31,Q4167410
Q80973,P279,Q6460735
Q80973,P910,Q8310861
Q80973,P1343,Q2041543
Q80973,P156,Q12896105
Q16903610,P31,Q21278897
Q7075743,P31,Q813912
Q2935,P279,Q830
Q2935,P279,Q1516282
Q2935,P279,Q12038335
Q2935,P1672,Q326900
Q2935,P1672,Q10498626
Q2935,P1672,Q1542282
Q2935,P1672,Q49951
Q2935,P1672,Q1722084
Q2935,P1672,Q957434
Q2935,P1672,Q64065384
Q2935,P31,Q55983715
Q8564326,P31,Q1121708
Q8564326,P3095,Q100837033
Q3305411,P155,Q3492942
Q3305411,P156,Q513168
Q4989906,P279,Q811979
Q4989906,P460,Q5003624
Q4989906,P460,Q20820251
Q4989906,P910,Q7164788
Q4989906,P1343,Q2041543
Q4989906,P1424,Q5900171
Q4989906,P1963,P547
Q4989906,P1687,P1456
Q4989906,P361,Q210272
Q37110,P31,Q355567
Q37110,P31,Q4164871
Q37110,P910,Q7019695
Q37110,P1001,Q11768
Q37110,P1424,Q5623769
Q37110,P279,Q1097498
Q37110,P279,Q116
Q37110,P2354,Q189754
Q37110,P460,Q4484957
Q37110,P460,Q659203
Q37110,P17,Q11768
Q37110,P1343,Q4086271
Q37110,P1343,Q1970746
Q37110,P1343,Q602358
Q37110,P1343,Q19180675
Q37110,P1343,Q4173137
Q482,P1151,Q11774659
Q482,P31,Q4263830
Q482,P910,Q8263
Q482,P1343,Q2657718
Q482,P1343,Q2041543
Q482,P1343,Q602358
Q482,P1343,Q19180675
Q482,P1343,Q4532138
Q482,P1343,Q1768721
Q482,P279,Q7725634
Q482,P279,Q223393
Q482,P2959,Q27131931
Q482,P1889,Q5185279
Q482,P3095,Q49757
Q482,P5008,Q5460604
Q482,P5125,Q7112700
Q482,P5869,Q18146776
Q482,P5869,Q520372
Q482,P5869,Q258331
Q482,P5869,Q27214182
Q482,P5869,Q44590028
Q169251,P461,Q935526
Q169251,P461,Q8
Q169251,P31,Q60539481
Q169251,P31,Q16748867
Q169251,P361,Q9357054
Q169251,P361,Q77468620
Q169251,P910,Q9567928
Q169251,P460,Q290620
Q169251,P279,Q9415
Q7617261,P264,Q277626
Q7617261,P31,Q482994
Q7617261,P175,Q60676751
Q7617261,P136,Q486263
Q7617261,P361,Q60677128
Q7617261,P7937,Q208569
Q7617261,P291,Q30
Q7617261,P407,Q20923490
Q3826351,P279,Q488383
Q3826351,P279,Q4164871
Q3826351,P1269,Q15098095
Q200303,P910,Q8549387
Q200303,P1343,Q2657718
Q200303,P1343,Q2041543
Q200303,P1343,Q602358
Q200303,P1343,Q19180675
Q200303,P279,Q1864008
Q21431196,P31,Q101352
Q21431196,P1889,Q251894
Q21431196,P282,Q8229
Q16869,P1376,Q12544
Q16869,P1376,Q2277
Q16869,P1376,Q178897
Q16869,P1376,Q12560
Q16869,P31,Q515
Q16869,P31,Q839954
Q16869,P31,Q56061
Q16869,P138,Q8413
Q16869,P30,Q46
Q16869,P156,Q406
Q16869,P910,Q7494925
Q16869,P17,Q12544
Q16869,P17,Q178897
Q16869,P17,Q12560
Q16869,P17,Q12544
Q16869,P1464,Q8059005
Q16869,P155,Q13089982
Q16869,P1792,Q6805163
Q16869,P1465,Q9218161
Q16869,P460,Q2008228
Q16869,P1343,Q4114391
Q16869,P1343,Q602358
Q16869,P1343,Q19180675
Q16869,P1343,Q4173137
Q16869,P1343,Q1138524
Q16869,P1343,Q3181656
Q16869,P1791,Q20760412
Q16869,P793,Q160077
Q16869,P793,Q700886
Q16869,P793,Q16827799
Q16869,P793,Q3485863
Q16869,P793,Q61072733
Q16869,P793,Q61072729
Q16869,P793,Q3485862
Q16869,P793,Q61072724
Q16869,P793,Q2155032
Q16869,P793,Q2742323
Q16869,P793,Q1750892
Q16869,P793,Q767844
Q16869,P793,Q956679
Q16869,P793,Q3181408
Q16869,P793,Q27900
Q16869,P793,Q61072718
Q16869,P793,Q399482
Q16869,P793,Q61072715
Q16869,P793,Q3625465
Q16869,P793,Q312268
Q16869,P7867,Q84133403
Q16869,P131,Q406
Q3708947,P31,Q4167410
Q3708947,P361,Q25580506
Q3708947,P1889,Q37293708
Q228198,P31,Q4167410
Q228198,P1889,Q1719303
Q477220,P31,Q4167410
Q1165349,P31,Q958314
Q1165349,P462,Q23444
Q1165349,P495,Q41
Q4928115,P1533,Q7811599
Q4928115,P31,Q12308941
Q4928115,P460,Q18327528
Q4928115,P460,Q19016422
Q4928115,P460,Q29019736
Q4928115,P460,Q21147333
Q4928115,P460,Q58327386
Q4928115,P460,Q20088037
Q4928115,P460,Q13099113
Q4928115,P460,Q19968409
Q4928115,P460,Q84476999
Q4928115,P460,Q14592929
Q4928115,P460,Q11898147
Q4928115,P460,Q21146296
Q4928115,P460,Q19968411
Q4928115,P1750,Q2892
Q4928115,P1750,Q2996
Q4928115,P407,Q1860
Q4928115,P407,Q7411
Q4928115,P282,Q8229
Q4928115,P1889,Q3992099
Q4928115,P5323,Q21644845
Q4928115,P1343,Q151
Q397,P910,Q7142639
Q397,P4132,Q539808
Q397,P4132,Q318917
Q397,P4132,Q661936
Q397,P1018,Q48509
Q397,P1018,Q2247653
Q397,P1018,Q1071346
Q397,P5109,Q1775415
Q397,P5109,Q499327
Q397,P5109,Q1775461
Q397,P2959,Q12715487
Q397,P2579,Q1806979
Q397,P2579,Q841090
Q397,P31,Q45762
Q397,P31,Q436240
Q397,P31,Q34770
Q397,P31,Q839470
Q397,P5206,Q53768605
Q397,P5206,Q53768720
Q397,P5206,Q54295441
Q397,P5206,Q54295818
Q397,P282,Q8229
Q397,P282,Q41670
Q397,P3103,Q623742
Q397,P279,Q33478
Q397,P279,Q85380120
Q397,P2989,Q131105
Q397,P2989,Q185077
Q397,P2989,Q146078
Q397,P2989,Q146233
Q397,P2989,Q145599
Q397,P2989,Q202142
Q397,P2989,Q156986
Q397,P5008,Q5460604
Q397,P1343,Q19180675
Q397,P1343,Q602358
Q397,P3823,Q61954942
Q397,P17,Q237
Q397,P2341,Q237
Q397,P138,Q1048669
Q397,P527,Q78612407
Q397,P527,Q29448469
Q397,P7084,Q84969425
Q397,P366,Q8269924
Q397,P366,Q1713997
Q35856,P1687,P1636
Q35856,P910,Q8869483
Q35856,P279,Q13537604
Q35856,P279,Q20871782
Q35856,P279,Q49703
Q35856,P279,Q594939
Q35856,P31,Q1190554
Q35856,P361,Q5043
Q35856,P1343,Q3181656
Q337381,P17,Q43
Q337381,P361,Q34726
Q337381,P1343,Q678259
Q337381,P1343,Q30059240
Q337381,P1343,Q3181656
Q337381,P31,Q15661340
Q337381,P31,Q148837
Q337381,P460,Q932886
Q337381,P793,Q26697102
Q15326,P279,Q182413
Q15326,P279,Q7331102
Q15326,P279,Q16697828
Q15326,P1995,Q7867
Q15326,P1995,Q6806614
Q15326,P1995,Q9418
Q15326,P1995,Q6130303
Q15326,P1995,Q4313186
Q15326,P910,Q8234370
Q15326,P1542,Q94796
Q15326,P1542,Q147778
Q15326,P1542,Q45462238
Q15326,P1542,Q181754
Q15326,P1343,Q2041543
Q15326,P1343,Q602358
Q15326,P1343,Q602358
Q15326,P1343,Q19180675
Q15326,P1343,Q4173137
Q15326,P1343,Q4114391
Q15326,P1343,Q3181656
Q15326,P828,Q2647488
Q15326,P924,Q183257
Q15326,P924,Q15760733
Q1218602,P31,Q4167410
Q296131,P31,Q4167410
Q2514663,P361,Q9174
Q2514663,P910,Q9675982
Q2514663,P31,Q23847174
Q2514663,P279,Q33111788
Q2514663,P1889,Q5658250
Q558093,P31,Q39614
Q558093,P31,Q846659
Q558093,P17,Q801
Q558093,P131,Q1218
Q558093,P1343,Q1138524
Q558093,P1343,Q4173137
Q558093,P1343,Q602358
Q558093,P1343,Q4086271
Q5647755,P31,Q4167410
Q223681,P527,Q619801
Q223681,P527,Q864968
Q223681,P527,Q2390763
Q223681,P910,Q8257297
Q223681,P1269,Q9174
Q223681,P1269,Q8458
Q223681,P1343,Q2041543
Q223681,P1343,Q602358
Q223681,P1343,Q3181656
Q223681,P1382,Q904756
Q223681,P279,Q7313594
Q5130584,P31,Q4167410
Q28212128,P31,Q11424
Q28212128,P364,Q1860
Q28212128,P58,Q4886738
Q28212128,P495,Q30
Q28212128,P57,Q3038902
Q28212128,P1040,Q18354431
Q28212128,P2684,Q23649983
Q28212128,P136,Q130232
Q28212128,P161,Q298347
Q28212128,P161,Q16298544
Q28212128,P161,Q357762
Q28212128,P161,Q16728739
Q28212128,P161,Q313501
Q28212128,P161,Q3395911
Q28212128,P161,Q1176588
Q28212128,P161,Q6187270
Q28212128,P161,Q597936
Q28212128,P161,Q19841128
Q28212128,P161,Q463321
Q28212128,P840,Q65
Q1049517,P279,Q58778
Q1049517,P31,Q58778
Q1049517,P31,Q66739753
Q55718501,P31,Q101352
Q55718501,P282,Q8229
Q55718501,P1889,Q2228552
Q8068187,P31,Q4167410
Q8068187,P1889,Q16867584
Q224000,P31,Q4167410
Q92767912,P31,Q4167410
Q535341,P31,Q4167410
Q535341,P1889,Q14915261
Q34698,P279,Q8171
Q34698,P31,Q82042
Q34698,P31,Q503992
Q34698,P1343,Q2041543
Q34698,P1343,Q4532138
Q34698,P910,Q9427615
Q87,P17,Q79
Q87,P31,Q2264924
Q87,P31,Q15284
Q87,P31,Q1549591
Q87,P31,Q1637706
Q87,P138,Q8409
Q87,P131,Q29943
Q87,P131,Q202311
Q87,P131,Q1018761
Q87,P131,Q1228622
Q87,P910,Q8876885
Q87,P421,Q6723
Q87,P421,Q190252
Q87,P190,Q1780
Q87,P190,Q7903
Q87,P190,Q79808
Q87,P190,Q5468
Q87,P190,Q192926
Q87,P190,Q66568
Q87,P190,Q175459
Q87,P190,Q199500
Q87,P190,Q1874
Q87,P190,Q8686
Q87,P190,Q656
Q87,P190,Q17151
Q87,P190,Q374365
Q87,P190,Q220445
Q87,P190,Q1476
Q87,P190,Q28870916
Q87,P190,Q37320
Q87,P190,Q40816
Q87,P190,Q5092
Q87,P1464,Q9228360
Q87,P1465,Q9220527
Q87,P1792,Q6741125
Q87,P1343,Q302556
Q87,P1343,Q4086271
Q87,P1343,Q4114391
Q87,P1343,Q4173137
Q87,P1343,Q4173137
Q87,P1343,Q19180675
Q87,P1343,Q19211082
Q87,P1343,Q602358
Q87,P1343,Q867541
Q87,P1343,Q302556
Q87,P1343,Q3181656
Q87,P1343,Q2041543
Q87,P1343,Q20078554
Q87,P1376,Q29943
Q87,P2184,Q2595730
Q87,P361,Q463871
Q87,P1791,Q32410902
Q87,P2614,Q23038972
Q87,P2614,Q23038976
Q87,P2614,Q23038980
Q87,P1435,Q1459900
Q87,P37,Q13955
Q87,P793,Q3485805
Q87,P793,Q3625431
Q87,P793,Q815105
Q87,P793,Q16208146
Q87,P7867,Q83991834
Q87,P1889,Q19258896
Q298093,P31,Q4167410
Q239623,P31,Q4167410
Q239623,P1889,Q4848330
Q239623,P1889,Q2658113
Q402307,P31,Q4167410
Q402307,P1889,Q16860278
Q402307,P1889,Q50905171
Q43706,P20,Q2140586
Q43706,P39,Q60719
Q43706,P39,Q48629921
Q43706,P31,Q5
Q43706,P841,Q2284
Q43706,P411,Q4411339
Q43706,P19,Q200441
Q43706,P106,Q1234713
Q43706,P106,Q36180
Q43706,P106,Q42603
Q43706,P106,Q161944
Q43706,P106,Q25393460
Q43706,P27,Q12544
Q43706,P735,Q4925477
Q43706,P1343,Q678259
Q43706,P1343,Q4173137
Q43706,P1343,Q19180675
Q43706,P1343,Q602358
Q43706,P1343,Q21065550
Q43706,P1343,Q929625
Q43706,P1343,Q67311526
Q43706,P1343,Q3181656
Q43706,P910,Q15934015
Q43706,P2348,Q2277
Q43706,P1412,Q35497
Q43706,P511,Q192499
Q43706,P1576,Q45996
Q43706,P140,Q5043
Q43706,P140,Q9592
Q43706,P21,Q6581097
Q43706,P802,Q770938
Q43706,P1598,Q365941
Q43706,P6886,Q35497
Q43706,P25,Q99535513
Q230034,P31,Q4167410
Q230034,P460,Q350035
Q230034,P460,Q2979256
Q230034,P460,Q347061
Q230034,P460,Q9787572
Q230034,P460,Q1106123
Q230034,P460,Q1152407
Q230034,P460,Q1171423
Q230034,P460,Q12029330
Q230034,P460,Q451985
Q230034,P1889,Q18180121
Q230034,P1889,Q18415570
Q34997882,P31,Q12308941
Q34997882,P282,Q8229
Q34997882,P460,Q674360
Q34997882,P460,Q18177157
Q34997882,P460,Q6415170
Q34997882,P460,Q4221339
Q34997882,P460,Q16278165
Q34997882,P460,Q19802353
Q34997882,P460,Q19802355
Q34997882,P460,Q19832225
Q34997882,P460,Q19802290
Q34997882,P460,Q19802291
Q34997882,P460,Q19802354
Q34997882,P460,Q19802356
Q34997882,P460,Q19802357
Q34997882,P460,Q51954439
Q34997882,P460,Q60344890
Q34997882,P1889,Q29427575
Q34997882,P1889,Q867569
Q34997882,P1889,Q16278165
Q34997882,P1343,Q151
Q34997882,P1533,Q37489201
Q844515,P31,Q4167410
Q623398,P291,Q84
Q623398,P910,Q8279752
Q623398,P31,Q86860
Q623398,P629,Q1845
Q623398,P747,Q19076529
Q623398,P747,Q20155177
Q623398,P747,Q19089858
Q623398,P747,Q7978859
Q623398,P407,Q1860
Q623398,P6216,Q19652
Q623398,P6216,Q19652
Q623398,P136,Q179461
Q623398,P1343,Q3181656
Q623398,P1424,Q83377812
Q623398,P655,Q1801816
Q29334,P629,Q83367
Q29334,P629,Q3620673
Q29334,P629,Q1845
Q29334,P629,Q19786
Q29334,P629,Q7882596
Q29334,P910,Q7416507
Q29334,P31,Q3331189
Q29334,P747,Q20278655
Q29334,P747,Q75164247
Q29334,P747,Q4961699
Q29334,P1343,Q19180675
Q29334,P1343,Q602358
Q29334,P1343,Q867541
Q29334,P407,Q35497
Q29334,P1889,Q18522764
Q29334,P136,Q86860
Q29334,P527,Q1052253
Q29334,P361,Q55017318
Q43414,P910,Q6613331
Q43414,P279,Q5801919
Q43414,P279,Q600571
Q43414,P279,Q2352921
Q342299,P31,Q4167410
Q7553426,P31,Q4167410
Q188022,P190,Q437
Q188022,P190,Q214651
Q188022,P17,Q43
Q188022,P910,Q7485231
Q188022,P31,Q515
Q188022,P31,Q1147395
Q188022,P31,Q2716259
Q188022,P1464,Q10017702
Q188022,P1343,Q2657718
Q188022,P1792,Q8088898
Q188022,P421,Q6760
Q188022,P131,Q131293
Q188022,P1889,Q1899312
Q188022,P1435,Q1459900
Q188022,P1376,Q131293
Q188022,P2614,Q23038976
Q188022,P2614,Q23038977
Q188022,P2614,Q23038978
Q542704,P910,Q19590754
Q542704,P425,Q1644573
Q542704,P279,Q2110808
Q542704,P31,Q22813352
Q18640910,P31,Q4167410
Q7721297,P31,Q4167410
Q7721297,P460,Q1035159
Q7721297,P460,Q5036956
Q16870794,P31,Q101352
Q16870794,P1889,Q28731174
Q16870794,P282,Q8229
Q83931,P910,Q10039584
Q83931,P31,Q55983715
Q83931,P31,Q60526706
Q83931,P1542,Q6624990
Q83931,P1343,Q1768721
Q7247897,P31,Q4167410
Q7310557,P31,Q4167410
Q7624180,P31,Q4167410
Q121627,P31,Q4167410
Q121627,P460,Q9201918
Q121627,P460,Q16279980
Q121627,P1889,Q27104195
Q121627,P1889,Q265867
Q403458,P31,Q4167410
Q9254073,P31,Q4167410
Q9254073,P1889,Q476155
Q9254073,P1889,Q16869832
Q27831654,P31,Q4167410
Q4618,P910,Q8834177
Q4618,P1343,Q2657718
Q4618,P1343,Q3181656
Q4618,P1343,Q101314624
Q4618,P279,Q1445650
Q4618,P279,Q251777
Q4618,P279,Q288514
Q4618,P279,Q11483816
Q4618,P279,Q132241
Q4618,P1889,Q48315612
Q4618,P1889,Q15843011
Q4618,P460,Q1975890
Q404180,P31,Q4167410
Q404180,P1889,Q1615822
Q7242126,P31,Q4167410
Q6926793,P31,Q4167410
Q750652,P1343,Q2657718
Q750652,P1343,Q602358
Q750652,P1343,Q602358
Q750652,P1343,Q19180675
Q750652,P1343,Q4086271
Q750652,P1343,Q4173137
Q750652,P1343,Q1970746
Q750652,P31,Q60539481
Q750652,P460,Q1026040
Q750652,P910,Q28108364
Q15916459,P361,Q329381
Q15916459,P910,Q8766769
Q15916459,P279,Q108163
Q15916459,P279,Q2684591
Q15916459,P279,Q1190554
Q15916459,P1687,P1437
Q2022000,P31,Q5378616
Q2022000,P460,Q4466935
Q2022000,P31,Q5378616
Q2022000,P460,Q4466935
Q2022000,P6254,L18745
Q1955025,P31,Q11032
Q1955025,P3912,Q665319
Q1955025,P407,Q1860
Q1955025,P1387,Q6587194
Q1955025,P159,Q1352
Q1471717,P1889,Q3216716
Q1471717,P361,Q77468620
Q1084,P279,Q8171
Q1084,P279,Q1401131
Q1084,P31,Q82042
Q1084,P910,Q9557799
Q1084,P361,Q1401131
Q1035954,P31,Q17888
Q1035954,P910,Q8509270
Q1035954,P527,Q25267467
Q1035954,P527,Q25267463
Q1035954,P461,Q339014
Q1035954,P1889,Q3733713
Q1035954,P279,Q1632385
Q27787259,P31,Q4167410
Q379652,P31,Q15661340
Q379652,P31,Q839954
Q379652,P31,Q9259
Q379652,P31,Q148837
Q379652,P17,Q41
Q379652,P1343,Q678259
Q379652,P1343,Q4532138
Q379652,P1343,Q4086271
Q379652,P131,Q187352
Q379652,P112,Q130650
Q379652,P138,Q130650
Q379652,P1435,Q9259
Q379652,P1435,Q29048715
Q379652,P2614,Q23038977
Q379652,P2614,Q23038978
Q379652,P910,Q8251127
Q379652,P7867,Q84120205
Q379652,P2596,Q11772
Q347500,P31,Q4167410
Q474187,P910,Q9799383
Q474187,P1343,Q2657718
Q474187,P1542,Q876776
Q474187,P461,Q2290559
Q474187,P828,Q194290
Q474187,P279,Q3955369
Q474187,P279,Q1441305
Q474187,P279,Q102187242
Q31184,P31,Q171318
Q31184,P279,Q25098571
Q31184,P910,Q19327993
Q31184,P361,Q16979650
Q31184,P1687,P3373
Q1159064,P21,Q6581097
Q1159064,P54,Q205033
Q1159064,P19,Q1384
Q1159064,P20,Q65
Q1159064,P27,Q30
Q1159064,P31,Q5
Q1159064,P69,Q1191335
Q1159064,P735,Q2487038
Q1159064,P106,Q19204627
Q1159064,P166,Q778412
Q1159064,P413,Q25113
Q1159064,P734,Q37192681
Q1159064,P1532,Q30
Q1159064,P641,Q41323
Q8096,P279,Q23622
Q8096,P279,Q91828006
Q8096,P910,Q7173645
Q8096,P2579,Q184524
Q1128903,P279,Q175263
Q484692,P279,Q7366
Q484692,P279,Q24055548
Q484692,P31,Q20202269
Q484692,P31,Q188451
Q484692,P1343,Q27680201
Q484692,P1343,Q602358
Q484692,P1343,Q19180675
Q484692,P1424,Q5618829
Q484692,P1889,Q541947
Q484692,P1889,Q23691
Q484692,P1889,Q3515869
Q484692,P2579,Q1640693
Q484692,P1382,Q541947
Q484692,P910,Q8871795
Q423962,P31,Q4167410
Q423962,P1889,Q18219684
Q423962,P1889,Q1484457
Q423962,P1889,Q16652258
Q423962,P1889,Q26933328
Q423962,P460,Q10988221
Q423962,P460,Q16231233
Q423962,P460,Q25990475
Q423962,P460,Q3804644
Q423962,P460,Q3789934
Q423962,P460,Q224322
Q423962,P460,Q226670
Q423962,P460,Q18195528
Q423962,P460,Q397210
Q423962,P460,Q399950
Q423962,P460,Q419336
Q423962,P460,Q18197861
Q423962,P460,Q414438
Q423962,P460,Q423887
Q423962,P460,Q999160
Q423962,P460,Q1177820
Q423962,P460,Q1179393
Q423962,P460,Q1158391
Q423962,P460,Q10289446
Q423962,P460,Q1379652
Q423962,P460,Q1691910
Q423962,P460,Q1655434
Q423962,P460,Q19801203
Q2728730,P279,Q9415
Q2728730,P910,Q25338729
Q2728730,P461,Q16523851
Q2728730,P1889,Q19456929
Q2728730,P361,Q77468620
Q2728730,P31,Q9415
Q2728730,P1269,Q9418
Q1123855,P1343,Q2657718
Q1123855,P1343,Q20078554
Q1123855,P279,Q9420
Q1123855,P31,Q1914636
Q418737,P31,Q4167410
Q418737,P1889,Q16872547
Q3796713,P1269,Q9465
Q3796713,P31,Q31172650
Q3796713,P461,Q48324
Q3796713,P1889,Q474046
Q133485,P31,Q63187384
Q133485,P31,Q3320743
Q133485,P910,Q86289208
Q133485,P279,Q15995642
Q133485,P279,Q3320743
Q133485,P1343,Q2657718
Q133485,P1343,Q4173137
Q133485,P1343,Q19180675
Q133485,P1343,Q1970746
Q133485,P1343,Q602358
Q133485,P1343,Q20961706
Q133485,P1343,Q2041543
Q133485,P460,Q2796156
Q133485,P1889,Q42603
Q133485,P1889,Q11833168
Q133485,P1889,Q3421679
Q436859,P31,Q4167410
Q170516,P31,Q54050
Q170516,P131,Q1003997
Q170516,P1343,Q2657718
Q170516,P1343,Q1138524
Q170516,P1343,Q4086271
Q170516,P1343,Q3181656
Q170516,P17,Q801
Q170516,P1889,Q371752
Q170516,P1889,Q47315
Q7943422,P17,Q2415003
Q21450400,P31,Q101352
Q21450400,P1889,Q1620666
Q21450400,P282,Q8229
Q229067,P31,Q4167410
Q229067,P1889,Q21501738
Q10855101,P31,Q4167410
Q669458,P31,Q5767753
Q626217,P1343,Q19180675
Q626217,P1343,Q602358
Q21450278,P31,Q101352
Q21450278,P1889,Q1669826
Q21450278,P282,Q8229
Q233324,P279,Q24398318
Q233324,P279,Q1971849
Q233324,P910,Q6609433
Q233324,P1343,Q2657718
Q233324,P366,Q1412471
Q233324,P1424,Q13763959
Q233324,P1889,Q576603
Q356160,P31,Q4167410
Q356160,P1889,Q17125538
Q40118,P31,Q21199
Q40118,P31,Q49008
Q40118,P31,Q207264
Q40118,P31,Q2661866
Q40118,P31,Q13366129
Q40118,P5236,Q40118
Q436660,P31,Q4167410
Q4392946,P31,Q4167410
Q4392946,P1889,Q73191180
Q3750514,P425,Q166955
Q3750514,P279,Q121594
Q3750514,P31,Q16335296
Q3750514,P910,Q8772512
Q3750514,P1343,Q2657718
Q3750514,P1343,Q2041543
Q3750514,P1343,Q602358
Q3750514,P1343,Q19180675
Q3750514,P1343,Q4532138
Q3750514,P1343,Q30059240
Q3750514,P1889,Q166955
Q3030775,P1889,Q1088794
Q3030775,P279,Q3249551
Q3030775,P1269,Q944806
Q3030775,P1343,Q101314624
Q8445,P910,Q7301014
Q8445,P1343,Q2041543
Q8445,P1343,Q30059240
Q8445,P1343,Q4086271
Q8445,P1343,Q19211082
Q8445,P1343,Q19180675
Q8445,P1343,Q4173137
Q8445,P1343,Q602358
Q8445,P1343,Q1970746
Q8445,P1343,Q1210353
Q8445,P31,Q1938208
Q8445,P1687,P26
Q8445,P1687,P5982
Q8445,P527,Q16034121
Q8445,P279,Q223642
Q8445,P5008,Q5460604
Q8445,P5008,Q13382529
Q8445,P1552,Q7860953
Q3130224,P136,Q484344
Q3130224,P31,Q215380
Q3130224,P17,Q155
Q412745,P31,Q4167410
Q1120514,P31,Q4167410
Q227817,P31,Q4167410
Q227817,P460,Q1895728
Q227817,P460,Q365358
Q227817,P460,Q1625365
Q227817,P1889,Q734578
Q227817,P1889,Q26904156
Q227817,P1889,Q50809379
Q108631,P31,Q11879590
Q108631,P460,Q1158388
Q108631,P460,Q1735678
Q108631,P460,Q2942178
Q108631,P460,Q1561114
Q108631,P460,Q6376612
Q108631,P460,Q5053022
Q108631,P460,Q15729581
Q108631,P460,Q16947202
Q108631,P460,Q2218095
Q108631,P460,Q16947217
Q108631,P460,Q16277703
Q108631,P460,Q1365692
Q108631,P460,Q17317978
Q108631,P460,Q1050684
Q108631,P460,Q3409323
Q108631,P460,Q16277712
Q108631,P460,Q17317988
Q108631,P460,Q1150607
Q108631,P460,Q5051251
Q108631,P460,Q17317997
Q108631,P460,Q16277723
Q108631,P460,Q17318005
Q108631,P460,Q16275182
Q108631,P460,Q17597434
Q108631,P460,Q1814118
Q108631,P460,Q18524243
Q108631,P460,Q19868643
Q108631,P460,Q253010
Q108631,P460,Q1736622
Q108631,P460,Q16290359
Q108631,P460,Q19481221
Q108631,P460,Q20000499
Q108631,P460,Q27229814
Q108631,P460,Q19882641
Q108631,P460,Q20155836
Q108631,P460,Q21470407
Q108631,P460,Q18107759
Q108631,P460,Q1221747
Q108631,P460,Q11869012
Q108631,P460,Q18760796
Q108631,P460,Q5438832
Q108631,P460,Q27556952
Q108631,P460,Q16290395
Q108631,P460,Q17318008
Q108631,P460,Q20767257
Q108631,P460,Q6349039
Q108631,P460,Q54879341
Q108631,P460,Q58656839
Q108631,P1889,Q3813359
Q108631,P282,Q8229
Q108631,P1533,Q36894633
Q108631,P1343,Q151
Q108325,P279,Q16970
Q108325,P279,Q24398318
Q108325,P910,Q6483961
Q108325,P1343,Q2657718
Q108325,P1343,Q27680201
Q108325,P1343,Q602358
Q108325,P1889,Q56750657
Q108325,P1889,Q66424076
Q108325,P140,Q5043
Q108325,P1424,Q98090242
Q5141563,P31,Q4167410
Q973736,P175,Q1378643
Q973736,P264,Q183387
Q973736,P31,Q134556
Q973736,P155,Q6787825
Q973736,P495,Q30
Q973736,P361,Q6544686
Q973736,P162,Q273055
Q973736,P156,Q17020998
Q27787969,P31,Q4167410
Q127683,P910,Q8543582
Q127683,P279,Q43414
Q127683,P1343,Q1138524
Q127683,P1343,Q602358
Q127683,P1424,Q20350173
Q127683,P92,Q674827
Q421706,P31,Q4167410
Q421706,P1889,Q19819750
Q421706,P1889,Q16882049
Q421706,P1889,Q22981710
Q421706,P460,Q298112
Q1778063,P31,Q4830453
Q1778063,P31,Q6881511
Q1778063,P159,Q994478
Q1778063,P1454,Q149789
Q1778063,P17,Q30
Q1778063,P452,Q3966
Q191609,P461,Q3000869
Q191609,P361,Q7366
Q191609,P1343,Q2657718
Q191609,P1343,Q602358
Q191609,P31,Q20202269
Q191609,P279,Q2115663
Q191609,P1552,Q18699055
Q191609,P136,Q8341
Q191609,P1889,Q1075277
Q191609,P1889,Q1093232
Q1416898,P31,Q851587
Q1416898,P279,Q731112
Q1416898,P279,Q1166072
Q901222,P279,Q974144
Q901222,P31,Q28640
Q901222,P1889,Q27680118
Q901222,P1889,Q2070313
Q901222,P425,Q15986589
Q5282362,P31,Q4167410
Q224788,P31,Q4167410
Q210501,P279,Q781413
Q210501,P361,Q77468620
Q370201,P31,Q4167410
Q224580,P31,Q4167410
Q398804,P31,Q4167410
Q1572679,P279,Q8134
Q1572679,P1343,Q19190511
Q544178,P1343,Q678259
Q544178,P1343,Q2657718
Q544178,P279,Q193391
Q544178,P31,Q303618
Q544178,P31,Q4164871
Q544178,P527,Q3605086
Q544178,P527,Q1390369
Q544178,P527,Q4693949
Q544178,P527,Q302691
Q544178,P527,Q2869867
Q544178,P527,Q95178823
Q544178,P527,Q88595999
Q544178,P527,Q4178004
Q544178,P527,Q4698293
Q134461,P910,Q8954663
Q134461,P21,Q6581097
Q134461,P19,Q1218
Q134461,P31,Q5
Q134461,P20,Q220
Q134461,P106,Q36180
Q134461,P106,Q201788
Q134461,P27,Q1747689
Q134461,P1412,Q397
Q134461,P1412,Q35497
Q134461,P1343,Q17378135
Q134461,P1343,Q21065550
Q134461,P1343,Q19180675
Q134461,P1343,Q602358
Q134461,P1343,Q4173137
Q134461,P1343,Q929625
Q134461,P1343,Q51955019
Q134461,P1343,Q67311526
Q134461,P1343,Q30059240
Q134461,P460,Q7254410
Q134461,P22,Q20556638
Q134461,P40,Q5458123
Q134461,P40,Q5458141
Q134461,P40,Q5458125
Q134461,P172,Q7325
Q134461,P2348,Q787204
Q134461,P3373,Q6791507
Q134461,P2359,Q32979165
Q134461,P5025,Q12885801
Q134461,P6886,Q35497
Q134461,P800,Q44276
Q134461,P800,Q1232616
Q134461,P800,Q2915316
Q134461,P800,Q331135
Q134461,P135,Q26403
Q134461,P2358,Q21473990
Q134461,P7763,Q71887839
Q211354,P910,Q6585565
Q211354,P710,Q8441
Q211354,P710,Q3010
Q211354,P1343,Q19180675
Q211354,P1343,Q602358
Q211354,P1343,Q20078554
Q211354,P1343,Q2041543
Q211354,P1343,Q30059240
Q211354,P1343,Q234535
Q211354,P460,Q7223882
Q211354,P31,Q223642
Q211354,P2348,Q486761
Q211354,P2596,Q11772
Q211354,P1889,Q8388
Q206883,P1343,Q602358
Q206883,P31,Q1445650
Q206883,P17,Q11772
Q256472,P31,Q4167410
Q256472,P1889,Q56650589
Q256472,P1889,Q52160388
Q1173877,P31,Q4167410
Q1343870,P279,Q2684591
Q1968967,P1889,Q16579430
Q1968967,P279,Q63872616
Q1968967,P361,Q868954
Q35856,P1687,P1636
Q35856,P910,Q8869483
Q35856,P279,Q13537604
Q35856,P279,Q20871782
Q35856,P279,Q49703
Q35856,P279,Q594939
Q35856,P31,Q1190554
Q35856,P361,Q5043
Q35856,P1343,Q3181656
Q3961011,P31,Q4167410
Q3961011,P910,Q5648412
Q5195318,P31,Q4167410
Q30718,P279,Q152910
Q7169,P910,Q6493631
Q7169,P31,Q12909644
Q7169,P1151,Q14615388
Q7169,P1343,Q20743760
Q7169,P1343,Q3181656
Q7169,P61,Q165792
Q7169,P5008,Q5460604
Q7169,P1889,Q1088777
Q1151419,P31,Q151885
Q1151419,P31,Q98088085
Q1151419,P279,Q21651927
Q219760,P1343,Q234535
Q219760,P1343,Q602358
Q219760,P1343,Q19180675
Q219760,P460,Q132510
Q219760,P460,Q330284
Q219760,P279,Q17350442
Q219760,P279,Q330284
Q219760,P279,Q13226383
Q219760,P279,Q811979
Q219760,P1889,Q4866257
Q219760,P910,Q8294189
Q3240539,P279,Q3769299
Q3240539,P279,Q1920219
Q3240539,P910,Q17024685
Q7205543,P31,Q4167410
Q21507329,P31,Q101352
Q21507329,P1889,Q2161100
Q21507329,P282,Q8229
Q21507329,P460,Q36927358
Q21507329,P460,Q37433656
Q21507329,P460,Q24699076
Q21507329,P1552,Q89410507
Q1151419,P31,Q151885
Q1151419,P31,Q98088085
Q1151419,P279,Q21651927
Q182651,P910,Q8700575
Q182651,P31,Q11197007
Q182651,P17,Q801
Q182651,P103,Q9288
Q182651,P103,Q13955
Q182651,P140,Q9268
Q182651,P140,Q42529347
Q182651,P1343,Q1138524
Q182651,P2936,Q56502
Q182651,P1382,Q42529347
Q182651,P361,Q7325
Q182651,P1889,Q162858
Q182651,P1889,Q261103
Q182651,P1889,Q7408851
Q193777,P31,Q15169167
Q193777,P279,Q8454
Q193777,P5008,Q13382529
Q193777,P1343,Q30059240
Q45930557,P31,Q4167410
Q186075,P361,Q6495391
Q186075,P361,Q816829
Q186075,P279,Q309
Q186075,P910,Q6958983
Q186075,P31,Q11514315
Q186075,P155,Q3281534
Q1401607,P1343,Q678259
Q1401607,P1343,Q101314624
Q1401607,P461,Q208160
Q1401607,P31,Q2393196
Q364735,P31,Q4167410
Q364735,P1889,Q37262735
Q179224,P910,Q8388938
Q179224,P190,Q6454
Q179224,P190,Q2033307
Q179224,P190,Q1663
Q179224,P17,Q145
Q179224,P131,Q24666009
Q179224,P31,Q3957
Q179224,P1464,Q8053095
Q179224,P1465,Q9218265
Q179224,P1792,Q7912900
Q179224,P421,Q6574
Q179224,P1376,Q1971967
Q179224,P7867,Q84112865
Q179224,P7959,Q67479626
Q179224,P1343,Q2041543
Q179224,P1343,Q3181656
Q396068,P31,Q4167410
Q2079632,P31,Q4167410
Q2079632,P1889,Q27094683
Q2079632,P460,Q251905
Q2079632,P460,Q1694177
Q3925982,P31,Q4167410
Q7337797,P31,Q4022
Q7337797,P17,Q145
Q7337797,P131,Q23106
Q7337797,P403,Q7337084
Q7337797,P974,Q7337909
Q7337797,P7959,Q67533246
Q7897151,P31,Q4167410
Q1522423,P279,Q380057
Q2749,P190,Q160493
Q2749,P190,Q213318
Q2749,P190,Q3031572
Q2749,P190,Q132404
Q2749,P190,Q34739
Q2749,P190,Q146351
Q2749,P190,Q170247
Q2749,P190,Q174091
Q2749,P190,Q844130
Q2749,P190,Q10086
Q2749,P17,Q183
Q2749,P17,Q7318
Q2749,P17,Q41304
Q2749,P17,Q43287
Q2749,P17,Q154195
Q2749,P17,Q256961
Q2749,P17,Q12548
Q2749,P131,Q10557
Q2749,P131,Q1669636
Q2749,P131,Q760200
Q2749,P138,Q765823
Q2749,P910,Q7931079
Q2749,P31,Q22865
Q2749,P31,Q1549591
Q2749,P31,Q1187811
Q2749,P31,Q1547289
Q2749,P31,Q253030
Q2749,P31,Q42744322
Q2749,P31,Q19953632
Q2749,P31,Q85631896
Q2749,P31,Q134626
Q2749,P47,Q10414
Q2749,P47,Q10415
Q2749,P47,Q503300
Q2749,P47,Q1394948
Q2749,P1464,Q15069281
Q2749,P1465,Q9220646
Q2749,P1792,Q6191588
Q2749,P6,Q118336
Q2749,P206,Q155841
Q2749,P206,Q701650
Q2749,P206,Q882520
Q2749,P166,Q467233
Q2749,P150,Q760481
Q2749,P150,Q760496
Q2749,P150,Q760472
Q2749,P150,Q760474
Q2749,P150,Q760475
Q2749,P150,Q760488
Q2749,P150,Q760487
Q2749,P150,Q760497
Q2749,P150,Q760478
Q2749,P150,Q760462
Q2749,P150,Q760501
Q2749,P150,Q760480
Q2749,P150,Q760477
Q2749,P150,Q760476
Q2749,P150,Q760484
Q2749,P150,Q760467
Q2749,P150,Q760506
Q2749,P1376,Q10557
Q2749,P1376,Q760200
Q2749,P1376,Q1669636
Q2749,P1376,Q10414
Q2749,P463,Q27862084
Q2749,P463,Q747279
Q2749,P463,Q812378
Q2749,P485,Q2326524
Q2749,P1791,Q7974768
Q2749,P1343,Q1138524
Q2749,P1343,Q602358
Q2749,P1343,Q3181656
Q2749,P1343,Q316838
Q2749,P832,Q760539
Q2749,P1830,Q672377
Q2749,P1830,Q760574
Q2749,P421,Q6655
Q2749,P421,Q6723
Q2749,P7867,Q84043145
Q6986684,P31,Q4167410
Q6986684,P1889,Q37475316
Q5112,P190,Q8678
Q5112,P190,Q79990
Q5112,P190,Q209801
Q5112,P190,Q61092
Q5112,P190,Q485329
Q5112,P31,Q515
Q5112,P31,Q1549591
Q5112,P31,Q1637706
Q5112,P17,Q408
Q5112,P17,Q174193
Q5112,P131,Q35715
Q5112,P138,Q57645
Q5112,P910,Q6423965
Q5112,P1464,Q15923279
Q5112,P1465,Q11239795
Q5112,P421,Q7048
Q5112,P421,Q7065
Q5112,P1740,Q8458024
Q5112,P1792,Q7118657
Q5112,P1376,Q35715
Q5112,P1343,Q2041543
Q5112,P1343,Q20078554
Q5112,P1343,Q602358
Q5112,P1343,Q3181656
Q5112,P150,Q1094063
Q5112,P150,Q353997
Q5112,P150,Q1016835
Q5112,P150,Q1030580
Q5112,P150,Q1066185
Q5112,P150,Q1847617
Q5112,P150,Q1624414
Q5112,P150,Q1812769
Q5112,P150,Q1279553
Q5112,P150,Q905608
Q5112,P150,Q1812778
Q5112,P150,Q976355
Q5112,P150,Q1533526
Q5112,P150,Q1537228
Q5112,P150,Q947334
Q5112,P150,Q2062776
Q5112,P150,Q1766439
Q5112,P150,Q1521840
Q5112,P150,Q1813391
Q5112,P287,Q2067103
Q5112,P7867,Q8607276
Q125375,P279,Q2627975
Q125375,P279,Q189819
Q125375,P461,Q73397932
Q125375,P461,Q16635429
Q1377840,P31,Q781413
Q1377840,P461,Q3267244
Q1377840,P1889,Q54894448
Q898830,P279,Q1656682
Q898830,P279,Q175331
Q898830,P910,Q15631345
Q898830,P31,Q628455
Q1644460,P31,Q4167410
Q1644460,P1889,Q37440367
Q10392614,P31,Q4167410
Q2737172,P31,Q636497
Q2737172,P279,Q162244
Q2737172,P279,Q102083
Q2737172,P460,Q890402
Q3310140,P105,Q34740
Q3310140,P171,Q44448
Q3310140,P171,Q19911695
Q3310140,P31,Q16521
Q3310140,P910,Q15972046
Q3726419,P31,Q4167410
Q1900824,P31,Q4167410
Q1900824,P1889,Q36988240
Q1208937,P279,Q16334295
Q5417860,P31,Q4167410
Q76904,P31,Q79529
Q76904,P31,Q21009057
Q76904,P31,Q169336
Q76904,P527,Q623
Q76904,P1542,Q21174797
Q76904,P1343,Q2657718
Q76904,P1889,Q21952415
Q76904,P361,Q1814735
Q76904,P361,Q22656
Q76904,P279,Q42501
Q16878283,P31,Q21278897
Q851824,P910,Q7014736
Q851824,P279,Q124490
Q851824,P279,Q252000
Q851824,P279,Q1920219
Q415910,P31,Q4167410
Q415910,P1889,Q27632254
Q415910,P1889,Q37557642
Q415910,P1889,Q56640332
Q415910,P460,Q9242155
Q415910,P460,Q1552713
Q415910,P460,Q2114372
Q408035,P31,Q4167410
Q224373,P31,Q4167410
Q224373,P1889,Q37474931
Q5206221,P31,Q4167410
Q223831,P31,Q4167410
Q223831,P1889,Q2780561
Q223831,P1889,Q1407764
Q699405,P910,Q19338700
Q699405,P461,Q7045225
Q699405,P461,Q7551384
Q699405,P1687,P551
Q699405,P366,Q7493941
Q699405,P366,Q7743
Q699405,P1535,Q259059
Q699405,P527,Q41615809
Q699405,P527,Q7743
Q699405,P279,Q17334923
Q699405,P279,Q811979
Q699405,P2959,Q64576680
Q699405,P1424,Q26171632
Q699405,P1889,Q628858
Q699405,P1889,Q2063507
Q699405,P1889,Q475018
Q699405,P1889,Q157136
Q403776,P31,Q4167410
Q967914,P31,Q4167410
Q922510,P31,Q4167410
Q922510,P1889,Q37433151
Q11038979,P910,Q6151340
Q11038979,P279,Q874405
Q11038979,P279,Q1920219
Q11038979,P3095,Q43373553
Q11038979,P2283,Q743263
Q11038979,P1889,Q756820
Q11038979,P1889,Q19097
Q170579,P910,Q8584563
Q170579,P31,Q327968
Q170579,P1343,Q4086271
Q170579,P1343,Q1970746
Q170579,P1343,Q602358
Q170579,P1343,Q19180675
Q170579,P1343,Q4532138
Q170579,P1889,Q22113739
Q170579,P1889,Q14619005
Q170579,P1889,Q35874
Q170579,P279,Q2844542
Q340775,P31,Q4167410
Q340775,P1889,Q15709639
Q182180,P31,Q179405
Q182180,P31,Q327968
Q5384225,P31,Q4167410
Q132050,P279,Q1097498
Q132050,P910,Q8969309
Q132050,P31,Q294414
Q132050,P31,Q828803
Q132050,P31,Q4164871
Q132050,P1889,Q24841821
Q132050,P2098,Q66716743
Q231220,P31,Q4167410
Q737139,P178,Q7735575
Q737139,P275,Q10513450
Q737139,P31,Q1172313
Q737139,P31,Q341
Q737139,P1072,Q42332
Q737139,P1072,Q218170
Q737139,P1072,Q334677
Q737139,P1072,Q215106
Q737139,P1072,Q901031
Q737139,P1072,Q977900
Q737139,P277,Q15777
Q737139,P277,Q2407
Q737139,P361,Q44316
Q737139,P1414,Q189464
Q737139,P144,Q3093351
Q737139,P306,Q388
Q737139,P366,Q1172313
Q737139,P1365,Q3093351
Q43414,P910,Q6613331
Q43414,P279,Q5801919
Q43414,P279,Q600571
Q43414,P279,Q2352921
Q342988,P31,Q4167410
Q342988,P1889,Q37560571
Q1099830,P31,Q4167410
Q1099830,P1889,Q18180135
Q1099830,P1889,Q16275213
Q389782,P910,Q9039745
Q389782,P279,Q11472
Q389782,P1343,Q2657718
Q389782,P366,Q549563
Q389782,P1889,Q21490671
Q389782,P1889,Q7463524
Q3444710,P279,Q987767
Q3444710,P279,Q1395006
Q840343,P361,Q1932565
Q840343,P361,Q9530
Q840343,P461,Q2197000
Q840343,P4774,Q47474989
Q840343,P1889,Q10268830
Q840343,P828,Q28793111
Q840343,P279,Q30892994
Q840343,P31,Q621636
Q486396,P279,Q1046481
Q486396,P279,Q1064392
Q486396,P910,Q8742588
Q486396,P31,Q15142889
Q486396,P31,Q12796
Q486396,P1343,Q2657718
Q486396,P1343,Q1970746
Q486396,P1343,Q19180675
Q486396,P1343,Q602358
Q486396,P1343,Q4091878
Q486396,P1343,Q4114391
Q6432159,P31,Q4167410
Q363384,P31,Q4167410
Q236818,P31,Q4167410
Q236818,P1889,Q25712475
Q236818,P1889,Q100600889
Q2710737,P279,Q1584134
Q1927705,P31,Q1377182
Q1927705,P31,Q23002054
Q1927705,P910,Q8873201
Q1927705,P17,Q30
Q1927705,P2643,Q23336065
Q1927705,P2643,Q23623479
Q1927705,P2643,Q23662477
Q1927705,P2643,Q23622825
Q1927705,P2643,Q23662737
Q1927705,P2643,Q23662432
Q1927705,P3876,Q8873200
Q1927705,P4195,Q8873202
Q1927705,P1416,Q5176420
Q1927705,P131,Q33486
Q1171,P36,Q214681
Q1171,P17,Q668
Q1171,P30,Q48
Q1171,P131,Q668
Q1171,P131,Q323904
Q1171,P47,Q1191
Q1171,P47,Q1185
Q1171,P910,Q7145963
Q1171,P31,Q12443800
Q1171,P1465,Q15715419
Q1171,P1464,Q18880283
Q1171,P1740,Q8458104
Q1171,P1792,Q8734849
Q1171,P2959,Q25689869
Q1171,P6,Q28222879
Q1171,P35,Q12447464
Q1171,P1313,Q55018632
Q1171,P361,Q1151567
Q1171,P2937,Q37002670
Q1171,P37,Q34239
Q1171,P421,Q6828
Q1171,P194,Q5575081
Q1171,P5125,Q28169744
Q1171,P208,Q5575081
Q1171,P3403,Q57156450
Q1171,P1889,Q57156450
Q1171,P1889,Q12390135
Q1171,P1365,Q2918348
Q1171,P2936,Q5575236
Q1171,P2936,Q7278686
Q1171,P2936,Q6446193
Q1171,P2936,Q3350576
Q1171,P2936,Q56431
Q1171,P2936,Q1571
Q1171,P2936,Q36137
Q1171,P2936,Q33223
Q1171,P2936,Q33673
Q1171,P7867,Q84044028
Q1171,P1343,Q20078554
Q4170938,P31,Q4070702
Q326921,P1995,Q2861470
Q326921,P1995,Q83042
Q326921,P279,Q1995526
Q326921,P1343,Q286567
Q326921,P1343,Q4532138
Q326921,P910,Q29524096
Q326921,P2176,Q57055
Q326921,P2176,Q188724
Q326921,P780,Q86
Q326921,P780,Q186889
Q326921,P780,Q4930803
Q326921,P780,Q177190
Q326921,P780,Q7933601
Q326921,P828,Q9687
Q326921,P828,Q11868838
Q326921,P828,Q193078
Q326921,P1889,Q5158717
Q168983,P910,Q4992738
Q168983,P279,Q3196
Q168983,P279,Q3839081
Q168983,P1343,Q2041543
Q168983,P1343,Q29551022
Q168983,P1343,Q602358
Q168983,P1343,Q1768721
Q168983,P1343,Q4114391
Q168983,P2959,Q22828666
Q168983,P1424,Q20689365
Q168983,P1424,Q13034041
Q168983,P461,Q9505308
Q168983,P1536,Q130768
Q168983,P1536,Q17781833
Q168983,P1536,Q109607
Q16801261,P31,Q4167410
Q7075743,P31,Q813912
Q26197884,P31,Q101352
Q26197884,P407,Q9056
Q26197884,P407,Q9058
Q26197884,P282,Q8229
Q26197884,P1889,Q1267603
Q26197884,P460,Q26197900
Q26197884,P460,Q26197885
Q26197884,P460,Q26197880
Q26197884,P460,Q26197888
Q26197884,P5323,Q81945591
Q671510,P910,Q8661717
Q671510,P31,Q1061197
Q671510,P31,Q17084016
Q671510,P159,Q61
Q671510,P17,Q30
Q671510,P169,Q19667942
Q671510,P2541,Q30
Q671510,P112,Q4910870
Q671510,P166,Q845188
Q671510,P166,Q1789030
Q671510,P166,Q92429087
Q671510,P1365,Q4810011
Q671510,P1687,P8561
Q671510,P1687,P5840
Q671510,P1343,Q58515250
Q41482,P1343,Q2657718
Q41482,P1343,Q2041543
Q41482,P460,Q12185490
Q41482,P279,Q116646
Q41482,P279,Q177719
Q41482,P3712,Q12772819
Q41482,P361,Q21004260
Q41482,P1056,Q16644043
Q41482,P1056,Q176763
Q254109,P31,Q4167410
Q254109,P1889,Q20000282
Q254109,P1889,Q16829670
Q1247970,P31,Q4167410
Q814696,P1343,Q2041543
Q814696,P1343,Q19180675
Q814696,P1343,Q602358
Q814696,P279,Q371174
Q814696,P279,Q1322478
Q814696,P1889,Q2836583
Q171995,P910,Q7132785
Q171995,P31,Q7257
Q171995,P461,Q237789
Q171995,P461,Q221284
Q153936,P279,Q207320
Q153936,P910,Q8632314
Q153936,P1343,Q4114391
Q153936,P1343,Q602358
Q153936,P1343,Q1970746
Q153936,P1343,Q19180675
Q153936,P1889,Q1058330
Q91122,P279,Q2611489
Q91122,P910,Q8327746
Q91122,P361,Q3491429
Q202251,P910,Q6189723
Q202251,P1542,Q21167876
Q202251,P1343,Q2657718
Q202251,P1343,Q602358
Q202251,P1343,Q3181656
Q202251,P1343,Q4532138
Q202251,P1343,Q20078554
Q202251,P1889,Q189259
Q202251,P279,Q214609
Q202251,P279,Q169336
Q188619,P910,Q6511158
Q188619,P361,Q43229
Q188619,P361,Q8425
Q188619,P461,Q31895
Q188619,P461,Q1616178
Q188619,P1343,Q2657718
Q188619,P1343,Q101314624
Q188619,P1552,Q7100719
Q188619,P279,Q58778
Q188619,P279,Q6671777
Q7884360,P31,Q4167410
Q340724,P31,Q4167410
Q340724,P1343,Q2657718
Q340724,P1343,Q2041543
Q80831,P186,Q670
Q80831,P186,Q422819
Q80831,P186,Q15119237
Q80831,P186,Q663
Q80831,P186,Q753
Q80831,P361,Q1815901
Q80831,P361,Q31087
Q80831,P279,Q11653
Q80831,P279,Q1815901
Q80831,P910,Q7483838
Q80831,P527,Q1072430
Q80831,P527,Q1074550
Q80831,P1424,Q22871582
Q80831,P793,Q4198739
Q3976699,P31,Q4167410
Q1263450,P1889,Q1759147
Q1134614,P31,Q15987302
Q1134614,P279,Q599151
Q1134614,P910,Q8419269
Q1134614,P1343,Q602358
Q578478,P279,Q3349703
Q578478,P279,Q599151
Q578478,P31,Q28640
Q578478,P31,Q4164871
Q578478,P1343,Q602358
Q578478,P1343,Q602358
Q578478,P1343,Q4532138
Q578478,P1343,Q63284758
Q578478,P910,Q8736489
Q578478,P1889,Q21493449
Q404616,P31,Q4167410
Q404616,P1889,Q15728103
Q404616,P1889,Q19766311
Q14392,P155,Q14390
Q14392,P156,Q14394
Q14392,P156,Q129481
Q14392,P361,Q8216
Q14392,P361,Q2839562
Q14392,P144,Q12221447
Q14392,P31,Q19793459
Q14392,P1889,Q394629
Q14392,P1889,Q9907
Q14392,P1889,Q30431
Q14392,P910,Q31950586
Q378312,P279,Q174219
Q378312,P186,Q250423
Q378312,P186,Q283
Q378312,P186,Q161179
Q15621275,P31,Q4167410
Q299457,P31,Q4167410
Q22349440,P31,Q4167410
Q442591,P31,Q4167410
Q442591,P1889,Q33104793
Q570,P279,Q1718024
Q570,P279,Q11653
Q570,P279,Q3749263
Q570,P910,Q7149712
Q570,P186,Q1369121
Q570,P61,Q1293995
Q570,P61,Q5093769
Q570,P361,Q1209975
Q570,P1889,Q216217
Q570,P1889,Q27094
Q570,P1889,Q186819
Q570,P1889,Q59123
Q570,P1889,Q390573
Q243007,P17,Q30
Q243007,P31,Q1093829
Q243007,P31,Q1549591
Q243007,P112,Q6249928
Q243007,P112,Q6285744
Q243007,P910,Q8662777
Q243007,P47,Q2668907
Q243007,P131,Q483942
Q243007,P131,Q109626
Q243007,P1464,Q8064833
Q243007,P1792,Q8743387
Q243007,P190,Q26397
Q243007,P190,Q1021051
Q243007,P421,Q5385
Q243007,P421,Q5390
Q952509,P31,Q4167410
Q3882220,P279,Q16973098
Q3882220,P279,Q1520311
Q3882220,P910,Q7496598
Q3882220,P1343,Q2041543
Q3882220,P1889,Q132821
Q3882220,P1889,Q1295558
Q3882220,P1889,Q706848
Q3882220,P92,Q674827
Q3882220,P92,Q19727767
Q3882220,P460,Q118322
Q160070,P279,Q1048403
Q160070,P279,Q944806
Q160070,P461,Q1427962
Q160070,P1889,Q11640551
Q160070,P31,Q1048403
Q160070,P910,Q8585389
Q510487,P279,Q87929050
Q510487,P910,Q8833831
Q510487,P2670,Q1116074
Q658645,P279,Q108325
Q658645,P279,Q255595
Q189656,P31,Q151885
Q189656,P366,Q1307337
Q189656,P366,Q185451
Q189656,P910,Q9695736
Q189656,P1424,Q29052048
Q189656,P279,Q13579947
Q189656,P1889,Q25345174
Q189656,P1889,Q13579947
Q189656,P5008,Q87748614
Q816261,P279,Q1914636
Q816261,P279,Q2755547
Q816261,P1889,Q105674
Q816261,P460,Q12030013
Q35824231,P31,Q4167410
Q5467581,P31,Q4167410
Q5508543,P31,Q4167410
Q16801326,P31,Q4167410
Q1225329,P279,Q22731
Q1225329,P279,Q2259909
Q1225329,P1343,Q19180675
Q1225329,P1343,Q602358
Q1225329,P1343,Q602358
Q190512,P279,Q911881
Q190512,P279,Q3639228
Q190512,P279,Q11432
Q190512,P279,Q50430156
Q190512,P5008,Q13382529
Q190512,P1542,Q11820606
Q190512,P1542,Q21112283
Q190512,P1542,Q1799146
Q190512,P1542,Q166019
Q190512,P1542,Q10874
Q190512,P1542,Q2141836
Q190512,P1542,Q16242752
Q190512,P1542,Q56565070
Q190512,P2283,Q28948212
Q190512,P910,Q8579698
Q128244,P793,Q258873
Q128244,P31,Q1093829
Q128244,P31,Q1549591
Q128244,P17,Q30
Q128244,P131,Q111368
Q128244,P910,Q7367368
Q128244,P1464,Q8077030
Q128244,P138,Q7958867
Q128244,P421,Q2086913
Q128244,P1792,Q8753003
Q128244,P1465,Q47142213
Q128244,P206,Q903306
Q128244,P1376,Q111368
Q128244,P1343,Q2041543
Q128244,P1343,Q602358
Q217577,P279,Q49848
Q217577,P279,Q189533
Q217577,P31,Q705914
Q217577,P1889,Q5978719
Q217577,P910,Q8614059
Q188094,P31,Q28640
Q188094,P279,Q15319501
Q188094,P425,Q8134
Q188094,P910,Q7217609
Q188094,P1424,Q8839924
Q188094,P527,Q10752757
Q188094,P527,Q6785179
Q188094,P527,Q6785187
Q188094,P2354,Q857180
Q398089,P31,Q4167410
Q4175034,P910,Q8586946
Q4175034,P425,Q49371
Q4175034,P279,Q82955
Q4175034,P279,Q28640
Q4175034,P279,Q192581
Q4175034,P361,Q11204
Q4175034,P31,Q12737077
Q21507473,P31,Q101352
Q21507473,P1889,Q1576934
Q21507473,P282,Q8229
Q21507473,P407,Q8641
Q439294,P31,Q4167410
Q439294,P1889,Q37560387
Q1428170,P31,Q4167410
Q1428170,P1889,Q16275846
Q1428170,P1889,Q1158860
Q37534872,P31,Q101352
Q37534872,P282,Q8229
Q37534872,P1889,Q1786811
Q37534872,P5323,Q92953148
Q155644,P176,Q1148423
Q155644,P176,Q747353
Q155644,P176,Q1538336
Q155644,P176,Q2826721
Q155644,P287,Q60962
Q155644,P607,Q49101
Q155644,P607,Q49077
Q155644,P607,Q49100
Q155644,P607,Q213394
Q155644,P607,Q609836
Q155644,P607,Q1993848
Q155644,P739,Q135550
Q155644,P739,Q158715
Q155644,P739,Q158803
Q155644,P739,Q2894884
Q155644,P495,Q801
Q155644,P279,Q178550
Q155644,P910,Q55267745
Q155644,P31,Q15142894
Q155644,P31,Q2424752
Q1962634,P279,Q15078788
Q1962634,P910,Q8983011
Q1962634,P31,Q15961987
Q1962634,P1269,Q11030
Q1962634,P1269,Q38926
Q1962634,P136,Q1857766
Q11750728,P31,Q1408288
Q11750728,P279,Q1797057
Q11750728,P279,Q3249551
Q11750728,P910,Q32767407
Q11750728,P1343,Q602358
Q1452900,P31,Q4167410
Q482594,P495,Q15180
Q482594,P287,Q1333962
Q482594,P739,Q259196
Q482594,P607,Q362
Q482594,P279,Q2291248
Q482594,P910,Q55303323
Q482594,P4969,Q11735459
Q482594,P31,Q15142894
Q8333,P910,Q6847870
Q8333,P31,Q47913
Q8333,P31,Q20858006
Q8333,P31,Q327333
Q8333,P1001,Q30
Q8333,P101,Q501700
Q8333,P112,Q210435
Q8333,P112,Q33866
Q8333,P112,Q919015
Q8333,P17,Q30
Q8333,P1343,Q2657718
Q8333,P749,Q1553390
Q8333,P749,Q22222677
Q8333,P2388,Q1057168
Q8333,P1037,Q30148517
Q8333,P37,Q1860
Q8333,P3320,Q49560243
Q8333,P793,Q941606
Q8333,P355,Q5424573
Q8333,P355,Q5424594
Q8333,P159,Q61
Q8333,P488,Q30148517
Q16742056,P279,Q42045
Q16742056,P1343,Q2657718
Q246142,P31,Q4167410
Q406759,P31,Q4167410
Q406759,P1889,Q37540656
Q660651,P279,Q49848
Q660651,P910,Q8620844
Q660651,P1889,Q12497972
Q660651,P31,Q37866906
Q157171,P910,Q8652953
Q157171,P1343,Q678259
Q157171,P1343,Q602358
Q157171,P1343,Q602358
Q157171,P1343,Q19180675
Q157171,P1343,Q1970746
Q157171,P1343,Q4173137
Q157171,P1343,Q4173137
Q157171,P1343,Q20078554
Q157171,P279,Q93288
Q157171,P279,Q837171
Q82640,P17,Q145
Q82640,P31,Q532
Q82640,P31,Q1115575
Q82640,P131,Q21695028
Q82640,P7959,Q163
Q13406253,P31,Q4167410
Q13406253,P460,Q413640
Q16280585,P31,Q4167410
Q16280585,P1889,Q37492791
Q191797,P910,Q7352099
Q191797,P1343,Q21002838
Q191797,P1343,Q2041543
Q191797,P1889,Q3606850
Q191797,P1889,Q1754990
Q191797,P279,Q4026292
Q191797,P279,Q25395884
Q191797,P1552,Q1754990
Q191797,P828,Q1754990
Q3882219,P279,Q132821
Q3882219,P910,Q7216205
Q3882219,P1889,Q81672
Q3882219,P1889,Q132821
Q3882219,P1889,Q4676786
Q3882219,P1889,Q149086
Q3882219,P1889,Q1642263
Q3882219,P460,Q9026907
Q3882219,P460,Q1139665
Q3882219,P3095,Q55983771
Q3882219,P1382,Q1139665
Q3882219,P1343,Q1768721
Q740,P138,Q1064669
Q740,P910,Q7215254
Q740,P279,Q186752
Q740,P31,Q11344
Q740,P31,Q187661
Q740,P1542,Q5138720
Q740,P1343,Q2657718
Q740,P1343,Q602358
Q740,P1343,Q19180675
Q740,P1343,Q2041543
Q740,P2868,Q7831165
Q740,P1552,Q184207
Q740,P61,Q473225
Q740,P361,Q239825
Q740,P361,Q208107
Q149086,P279,Q844482
Q149086,P279,Q74948922
Q149086,P910,Q6678206
Q149086,P1889,Q81672
Q149086,P1889,Q3882219
Q149086,P1889,Q6317275
Q149086,P1889,Q132821
Q149086,P1542,Q4
Q149086,P828,Q124490
Q149086,P31,Q2438541
Q1907938,P31,Q4167410
Q37552679,P31,Q101352
Q37552679,P1889,Q1410199
Q37552679,P282,Q8229
Q37552679,P5323,Q92953148
Q7598657,P31,Q4167410
Q107711,P279,Q327055
Q107711,P279,Q17126809
Q107711,P910,Q6586613
Q107711,P31,Q28640
Q107711,P425,Q897825
Q107711,P417,Q298845
Q107711,P417,Q229190
Q107711,P417,Q192816
Q107711,P463,Q6498663
Q107711,P3828,Q13627046
Q107711,P3828,Q1333024
Q107711,P3828,Q7434
Q107711,P163,Q2019498
Q97367012,P31,Q4167410
Q4672587,P31,Q4167410
Q1495368,P31,Q4167410
Q47231,P21,Q6581097
Q47231,P26,Q165769
Q47231,P40,Q192482
Q47231,P40,Q2827213
Q47231,P40,Q3830649
Q47231,P40,Q3830648
Q47231,P40,Q682332
Q47231,P40,Q3337178
Q47231,P40,Q1333887
Q47231,P40,Q1401858
Q47231,P40,Q779406
Q47231,P40,Q3907372
Q47231,P40,Q4787871
Q47231,P40,Q3907369
Q47231,P40,Q11905701
Q47231,P40,Q3621444
Q47231,P40,Q782308
Q47231,P22,Q748296
Q47231,P25,Q576170
Q47231,P31,Q24434794
Q47231,P31,Q21070568
Q47231,P910,Q8691967
Q47231,P1343,Q35160
Q47231,P1343,Q19180675
Q47231,P1343,Q19190511
Q47231,P1343,Q602358
Q47231,P1343,Q30059240
Q47231,P1343,Q20078554
Q47231,P1343,Q867541
Q47231,P1049,Q34726
Q47231,P607,Q42937
Q47231,P451,Q48961
Q47231,P451,Q187602
Q47231,P451,Q1029600
Q47231,P451,Q3650858
Q47231,P1441,Q8275
Q47231,P1441,Q35160
Q47231,P1441,Q63144425
Q47231,P1830,Q519334
Q47231,P4969,Q573988
Q47231,P735,Q27827496
Q47231,P175,Q3085505
Q7114062,P31,Q7889
Q7114062,P404,Q6895044
Q7114062,P404,Q208850
Q7114062,P400,Q8079
Q7114062,P136,Q270948
Q7114062,P479,Q56898
Q7114062,P479,Q1152460
Q7114062,P495,Q17
Q7114062,P178,Q11311879
Q594939,P910,Q9199288
Q594939,P279,Q1131696
Q594939,P31,Q628455
Q1002697,P279,Q234460
Q1002697,P279,Q732577
Q1002697,P279,Q2217301
Q1002697,P279,Q15621286
Q1002697,P279,Q28314507
Q1002697,P279,Q340169
Q1002697,P910,Q9531345
Q1002697,P461,Q9158425
Q1002697,P461,Q12040692
Q1002697,P527,Q28869365
Q1002697,P527,Q1238720
Q1002697,P1151,Q15657033
Q1002697,P1343,Q19180675
Q1002697,P1343,Q602358
Q1002697,P1343,Q4173137
Q1002697,P1343,Q19180675
Q1002697,P1963,P2896
Q1002697,P1963,P1042
Q1002697,P1963,P1058
Q1002697,P1963,P1270
Q1002697,P1963,P1156
Q1002697,P1963,P1209
Q1002697,P1963,P1230
Q1002697,P1963,P1250
Q1002697,P1963,P2733
Q1002697,P1963,P2735
Q1002697,P1963,P2768
Q1002697,P1963,P3127
Q1002697,P1963,P3131
Q1002697,P1963,P236
Q1002697,P1963,P7213
Q1002697,P1552,Q443564
Q1002697,P6186,Q59241037
Q957434,P910,Q8229283
Q957434,P279,Q10990
Q957434,P1582,Q2935
Q43250,P910,Q7007220
Q43250,P31,Q214183
Q43250,P31,Q2101516
Q43250,P112,Q47906
Q43250,P1001,Q7318
Q43250,P155,Q480016
Q43250,P488,Q60940
Q43250,P1343,Q2657718
Q43250,P159,Q2110526
Q43250,P749,Q152698
Q43250,P5008,Q13382529
Q43250,P17,Q7318
Q43250,P1365,Q480016
Q43250,P1889,Q548226
Q1426922,P31,Q59544
Q1426922,P31,Q9174
Q1426922,P910,Q10176902
Q1426922,P140,Q752660
Q342348,P31,Q4167410
Q16867159,P31,Q101352
Q16867159,P282,Q8229
Q187181,P279,Q14873267
Q187181,P279,Q70551253
Q187181,P31,Q5058355
Q187181,P1687,P926
Q187181,P1687,P925
Q187181,P910,Q55273881
Q830183,P31,Q20643955
Q830183,P31,Q4271324
Q830183,P31,Q4349921
Q830183,P361,Q58701
Q830183,P40,Q205365
Q830183,P40,Q313421
Q830183,P40,Q107626
Q830183,P40,Q23992730
Q830183,P40,Q9639242
Q830183,P40,Q5681043
Q830183,P26,Q70899
Q830183,P21,Q6581072
Q830183,P1441,Q28754
Q830183,P1441,Q12490446
Q830183,P1441,Q428
Q830183,P735,Q31207471
Q830183,P1343,Q602358
Q830183,P1343,Q19180675
Q830183,P1343,Q4086271
Q830183,P1343,Q4173137
Q830183,P1343,Q602358
Q830183,P19,Q19014
Q830183,P551,Q19014
Q830183,P119,Q204200
Q830183,P910,Q87267415
Q830183,P841,Q2705
Q395326,P31,Q4167410
Q2685,P19,Q571822
Q2685,P106,Q33999
Q2685,P106,Q82955
Q2685,P106,Q3282637
Q2685,P106,Q10800557
Q2685,P106,Q2526255
Q2685,P106,Q3427922
Q2685,P106,Q4991371
Q2685,P106,Q131524
Q2685,P106,Q15982795
Q2685,P106,Q18814623
Q2685,P106,Q43845
Q2685,P106,Q519076
Q2685,P106,Q23845879
Q2685,P106,Q124100
Q2685,P106,Q13235160
Q2685,P102,Q29468
Q2685,P39,Q887010
Q2685,P40,Q4521676
Q2685,P40,Q901541
Q2685,P40,Q23800185
Q2685,P40,Q28109921
Q2685,P40,Q28109928
Q2685,P40,Q28109928
Q2685,P22,Q3288486
Q2685,P27,Q40
Q2685,P27,Q30
Q2685,P26,Q230654
Q2685,P69,Q1033692
Q2685,P69,Q10943718
Q2685,P69,Q174710
Q2685,P69,Q55044
Q2685,P910,Q8264594
Q2685,P31,Q5
Q2685,P1343,Q17290934
Q2685,P1343,Q67311526
Q2685,P166,Q17454734
Q2685,P166,Q17505835
Q2685,P166,Q1534906
Q2685,P166,Q4220901
Q2685,P166,Q36001
Q2685,P166,Q10855271
Q2685,P166,Q163569
Q2685,P166,Q163569
Q2685,P166,Q163569
Q2685,P166,Q538661
Q2685,P166,Q1426204
Q2685,P166,Q630018
Q2685,P166,Q4743395
Q2685,P166,Q1153891
Q2685,P166,Q585872
Q2685,P166,Q538661
Q2685,P735,Q3623461
Q2685,P735,Q575207
Q2685,P551,Q571822
Q2685,P551,Q846426
Q2685,P103,Q188
Q2685,P103,Q29540
Q2685,P1283,Q777740
Q2685,P734,Q21449706
Q2685,P25,Q23800370
Q2685,P140,Q1841
Q2685,P140,Q9592
Q2685,P172,Q237534
Q2685,P1424,Q22675138
Q2685,P1412,Q188
Q2685,P1412,Q1860
Q2685,P1412,Q306626
Q2685,P1411,Q4220901
Q2685,P1411,Q602299
Q2685,P1038,Q24004771
Q2685,P3373,Q38196234
Q2685,P21,Q6581097
Q2685,P101,Q124100
Q2685,P101,Q222749
Q2685,P101,Q7163
Q2685,P6886,Q1860
Q2685,P6886,Q188
Q2685,P641,Q213796
Q2685,P793,Q209572
Q2685,P451,Q75494768
Q2685,P800,Q162255
Q2685,P800,Q170564
Q2685,P800,Q29054009
Q2685,P800,Q15140437
Q2685,P800,Q39072454
Q2685,P1050,Q531019
Q5350110,P31,Q4167410
Q5242962,P279,Q35831
Q3914,P279,Q2385804
Q3914,P279,Q811979
Q3914,P910,Q7483675
Q3914,P1424,Q5618975
Q3914,P1424,Q10962958
Q3914,P527,Q48942
Q3914,P527,Q2251335
Q3914,P527,Q362165
Q3914,P527,Q1076099
Q3914,P527,Q1244442
Q3914,P1343,Q2041543
Q3914,P1343,Q1768721
Q3914,P1687,P7121
Q3914,P7084,Q8762127
Q3914,P5869,Q100000001
Q1962634,P279,Q15078788
Q1962634,P910,Q8983011
Q1962634,P31,Q15961987
Q1962634,P1269,Q11030
Q1962634,P1269,Q38926
Q1962634,P136,Q1857766
Q34486,P279,Q949801
Q34486,P910,Q6571493
Q34486,P31,Q20026879
Q34486,P1343,Q2657718
Q34486,P1343,Q4114391
Q34486,P1535,Q24175396
Q34486,P1889,Q1258304
Q34486,P366,Q765633
Q34486,P1424,Q14385255
Q34486,P121,Q1343028
Q226638,P31,Q4167410
Q103996973,P31,Q4167410
Q158689,P31,Q6867670
Q158689,P17,Q7318
Q158689,P159,Q2029167
Q158689,P485,Q685753
Q39495057,P31,Q4167410
Q162351,P910,Q7400457
Q162351,P279,Q332142
Q162351,P1343,Q2041543
Q162351,P1343,Q1138524
Q162351,P1343,Q5375741
Q1553339,P910,Q8356051
Q1553339,P279,Q27939
Q1553339,P31,Q20202269
Q1553339,P31,Q188451
Q1553339,P1889,Q1033831
Q52946,P910,Q7013403
Q52946,P1889,Q10485156
Q52946,P461,Q9510
Q52946,P279,Q11024
Q52946,P279,Q4127956
Q52946,P2079,Q170475
Q52946,P366,Q11024
Q52946,P121,Q712819
Q52946,P527,Q25481968
Q52946,P1343,Q4532138
Q42817,P31,Q21199
Q42817,P31,Q223722
Q42817,P31,Q638185
Q42817,P31,Q375355
Q42817,P31,Q1418543
Q42817,P31,Q18949
Q42817,P31,Q13366104
Q42817,P31,Q1486643
Q42817,P31,Q18450836
Q42817,P31,Q50707
Q42817,P5236,Q200
Q42817,P5236,Q201
Q42817,P5236,Q203
Q42817,P629,Q64532985
Q137512,P31,Q4167410
Q137512,P1889,Q37202461
Q41370,P106,Q12059906
Q41370,P106,Q2304859
Q41370,P106,Q49757
Q41370,P106,Q36180
Q41370,P106,Q1251441
Q41370,P106,Q1278335
Q41370,P22,Q45090
Q41370,P21,Q6581097
Q41370,P26,Q272277
Q41370,P26,Q4416778
Q41370,P26,Q12630462
Q41370,P26,Q1341397
Q41370,P26,Q400266
Q41370,P26,Q5638717
Q41370,P26,Q33026741
Q41370,P26,Q2364291
Q41370,P53,Q2701168
Q41370,P39,Q43459871
Q41370,P910,Q8364157
Q41370,P19,Q5776
Q41370,P40,Q37085
Q41370,P40,Q205372
Q41370,P40,Q2418113
Q41370,P40,Q2917173
Q41370,P40,Q3437128
Q41370,P40,Q360378
Q41370,P40,Q361636
Q41370,P40,Q5984013
Q41370,P40,Q6182203
Q41370,P40,Q11727237
Q41370,P40,Q9351247
Q41370,P40,Q42797621
Q41370,P40,Q9352021
Q41370,P40,Q9252681
Q41370,P20,Q1218
Q41370,P735,Q39135684
Q41370,P460,Q1257863
Q41370,P1441,Q161953
Q41370,P1441,Q9813916
Q41370,P1441,Q131066
Q41370,P1441,Q1975029
Q41370,P1441,Q209720
Q41370,P1441,Q209746
Q41370,P1441,Q209719
Q41370,P1441,Q174677
Q41370,P1441,Q51670
Q41370,P1441,Q131635
Q41370,P1441,Q178390
Q41370,P1441,Q131590
Q41370,P1441,Q131640
Q41370,P1441,Q184030
Q41370,P1441,Q4579
Q41370,P1441,Q41064
Q41370,P1441,Q131072
Q41370,P1441,Q80038
Q41370,P1441,Q155980
Q41370,P1441,Q131737
Q41370,P1441,Q179769
Q41370,P1441,Q131489
Q41370,P1441,Q40309
Q41370,P1441,Q42040
Q41370,P1441,Q128608
Q41370,P1441,Q36766
Q41370,P1441,Q39939
Q41370,P1441,Q107388
Q41370,P1441,Q392302
Q41370,P1441,Q48203
Q41370,P1441,Q13472331
Q41370,P1441,Q16159714
Q41370,P119,Q1177750
Q41370,P25,Q7041639
Q41370,P172,Q7325
Q41370,P140,Q3571322
Q41370,P1343,Q4086271
Q41370,P1343,Q4173137
Q41370,P1343,Q19180675
Q41370,P1343,Q602358
Q41370,P1343,Q3181656
Q41370,P27,Q3185305
Q41370,P1066,Q6577515
Q41370,P802,Q2590260
Q41370,P2283,Q199771
Q41370,P97,Q116
Q41370,P841,Q2862
Q41370,P1889,Q39135684
Q41370,P1303,Q17172850
Q41370,P1303,Q47369
Q41370,P31,Q20643955
Q41370,P361,Q64584948
Q41370,P1412,Q1982248
Q41370,P411,Q43115
Q41370,P7763,Q71887839
Q1381565,P31,Q4167410
Q452965,P31,Q4167410
Q452965,P1889,Q10594721
Q49393,P279,Q4406616
Q49393,P279,Q223557
Q49393,P279,Q2424752
Q49393,P910,Q7352956
Q49393,P366,Q1194773
Q2266109,P31,Q4167410
Q48422,P910,Q9001397
Q48422,P279,Q170494
Q48422,P279,Q2937981
Q48422,P1343,Q1210353
Q48422,P1557,Q4
Q48422,P1889,Q7729306
Q6554155,P31,Q4167410
Q6554155,P1889,Q5068913
Q6554155,P1889,Q1060070
Q6554155,P460,Q68814962
Q3269500,P31,Q5
Q3269500,P735,Q18060451
Q3269500,P106,Q1114448
Q3269500,P106,Q1622272
Q3269500,P106,Q715301
Q3269500,P27,Q30
Q3269500,P19,Q1569965
Q3269500,P69,Q941731
Q3269500,P5008,Q24909800
Q3269500,P108,Q838330
Q3269500,P1412,Q1860
Q3269500,P734,Q808994
Q3269500,P21,Q6581072
Q3269500,P1343,Q58488719
Q3269500,P1343,Q67311526
Q3269500,P166,Q1543268
Q3269500,P937,Q5083
Q3269500,P937,Q1297
Q3269500,P937,Q43788
Q3269500,P7763,Q73555012
Q1102,P138,Q152262
Q1102,P910,Q7236986
Q1102,P31,Q11344
Q1102,P61,Q48973
Q1102,P61,Q19009
Q1102,P61,Q472997
Q1102,P61,Q1708246
Q1102,P1343,Q2657718
Q1102,P361,Q244979
Q1102,P361,Q19577
Q8023567,P31,Q4167410
Q8023567,P1889,Q37534189
Q854875,P31,Q4167410
Q854875,P1889,Q37432672
Q1229735,P910,Q8425232
Q5021307,P31,Q4167410
Q365680,P910,Q8271741
Q365680,P279,Q1520311
Q365680,P460,Q81672
Q365680,P1889,Q2911369
Q177257,P279,Q152079
Q177257,P361,Q133235
Q177257,P460,Q911679
Q2125865,P31,Q4167410
Q2125865,P460,Q3416499
Q143518,P279,Q8205328
Q143518,P366,Q1192478
Q143518,P186,Q953515
Q143518,P186,Q1741042
Q143518,P186,Q925477
Q143518,P186,Q1956937
Q143518,P186,Q4739090
Q143518,P186,Q253671
Q143518,P186,Q59672484
Q143518,P186,Q33971
Q143518,P186,Q43238
Q143518,P31,Q1724915
Q185716,P279,Q83323
Q185716,P279,Q1783121
Q185716,P2822,Q80962
Q185716,P366,Q13438506
Q185716,P1343,Q602358
Q185716,P1343,Q19180675
Q185716,P1343,Q19190511
Q185716,P1343,Q4086271
Q185716,P186,Q496
Q185716,P2079,Q41760
Q2406205,P279,Q650711
Q2406205,P279,Q5618454
Q365680,P910,Q8271741
Q365680,P279,Q1520311
Q365680,P460,Q81672
Q365680,P1889,Q2911369
Q5494248,P31,Q4167410
Q6223,P31,Q28108
Q6223,P31,Q12909644
Q6223,P910,Q6584827
Q6223,P461,Q210189
Q6223,P1151,Q6640299
Q6223,P5008,Q5460604
Q6223,P138,Q328712
Q6223,P495,Q172579
Q6223,P1552,Q38352698
Q6223,P1552,Q6229
Q6223,P3095,Q88110348
Q1272171,P31,Q4167410
Q1272171,P1889,Q966596
Q1272171,P1889,Q1932991
Q1272171,P460,Q43086215
Q1936459,P31,Q4167410
Q2280200,P31,Q4167410
Q2280200,P1889,Q56244477
Q225199,P31,Q4167410
Q225199,P460,Q974838
Q225199,P460,Q15732746
Q225199,P460,Q225177
Q225199,P460,Q1168896
Q225199,P1889,Q21018786
Q225199,P1889,Q27651134
Q225199,P1889,Q20661016
Q16770020,P31,Q4167410
Q6223,P31,Q28108
Q6223,P31,Q12909644
Q6223,P910,Q6584827
Q6223,P461,Q210189
Q6223,P1151,Q6640299
Q6223,P5008,Q5460604
Q6223,P138,Q328712
Q6223,P495,Q172579
Q6223,P1552,Q38352698
Q6223,P1552,Q6229
Q6223,P3095,Q88110348
Q1199427,P31,Q4167410
Q1199427,P1889,Q37529418
Q340437,P31,Q4167410
Q340437,P1889,Q30131649
Q157171,P910,Q8652953
Q157171,P1343,Q678259
Q157171,P1343,Q602358
Q157171,P1343,Q602358
Q157171,P1343,Q19180675
Q157171,P1343,Q1970746
Q157171,P1343,Q4173137
Q157171,P1343,Q4173137
Q157171,P1343,Q20078554
Q157171,P279,Q93288
Q157171,P279,Q837171
Q600571,P910,Q8218801
Q600571,P279,Q3769299
Q600571,P279,Q1920219
Q600571,P279,Q87075524
Q600571,P527,Q366
Q600571,P527,Q124490
Q600571,P1424,Q6667141
Q2390542,P31,Q4167410
Q408352,P31,Q4167410
Q408352,P1889,Q16944413
Q408352,P910,Q73126672
Q362,P1151,Q3247957
Q362,P31,Q103495
Q362,P910,Q6816704
Q362,P828,Q8736
Q362,P828,Q714999
Q362,P828,Q352
Q362,P710,Q43056
Q362,P710,Q329888
Q362,P2959,Q25681543
Q362,P2959,Q21777981
Q362,P2959,Q27643331
Q362,P276,Q159
Q362,P276,Q46
Q362,P276,Q15
Q362,P276,Q98
Q362,P276,Q4918
Q362,P276,Q48
Q362,P276,Q97
Q362,P276,Q7204
Q362,P276,Q11708
Q362,P276,Q21195
Q362,P1792,Q6620691
Q362,P155,Q361
Q362,P1424,Q5928186
Q362,P5008,Q5460604
Q362,P5125,Q16056531
Q362,P527,Q184425
Q362,P527,Q189266
Q362,P527,Q157627
Q362,P527,Q154720
Q362,P527,Q16470
Q362,P527,Q151018
Q362,P527,Q2026089
Q362,P527,Q23908696
Q362,P527,Q696817
Q362,P527,Q871373
Q362,P527,Q327052
Q362,P527,Q697022
Q362,P527,Q83055
Q362,P527,Q52418
Q362,P527,Q79080907
Q362,P527,Q317295
Q362,P527,Q1052651
Q362,P1542,Q23020032
Q362,P6104,Q10653810
Q362,P2184,Q327039
Q362,P2184,Q16973783
Q362,P7867,Q8607521
Q1140662,P31,Q4167410
Q1140662,P1889,Q37252546
Q1387137,P31,Q4167410
Q1387137,P460,Q3800793
Q5196349,P31,Q4167410
Q292048,P31,Q4167410
Q292048,P1889,Q389281
Q292048,P1889,Q62579599
Q292048,P1889,Q63107624
Q292048,P460,Q20894884
Q816425,P910,Q8826767
Q816425,P31,Q1914636
Q816425,P361,Q131089
Q816425,P279,Q2695280
Q816425,P279,Q11862829
Q816425,P3095,Q294126
Q816425,P1343,Q1768721
Q4232202,P279,Q10843872
Q4232202,P1542,Q11869044
Q4232202,P3095,Q104095192
Q4232202,P31,Q1914636
Q15621274,P1012,Q171441
Q15621274,P1012,Q933394
Q15621274,P279,Q56061
Q15621274,P910,Q15958816
Q15621274,P1889,Q3053780
Q157512,P910,Q7458710
Q157512,P1343,Q2041543
Q157512,P1343,Q19190511
Q157512,P1889,Q17285911
Q157512,P279,Q1425577
Q157512,P279,Q1188986
Q157512,P461,Q12814152
Q157512,P1542,Q98688601
Q416708,P31,Q4167410
Q208791,P910,Q8258073
Q208791,P279,Q2551525
Q208791,P1889,Q1140845
Q208791,P1424,Q19833008
Q208791,P1343,Q20078554
Q1368409,P31,Q2207288
Q1368409,P425,Q227675
Q1368409,P279,Q327055
Q405105,P31,Q4167410
Q131172,P910,Q7014739
Q131172,P279,Q953045
Q131172,P279,Q10843872
Q131172,P279,Q1480529
Q131172,P1343,Q2657718
Q131172,P3095,Q836328
Q131172,P1889,Q13389141
Q131172,P31,Q10843872
Q2393642,P279,Q15123051
Q343917,P31,Q4167410
Q343917,P1889,Q16479438
Q343917,P460,Q165478
Q511138,P279,Q4164871
Q511138,P279,Q19476593
Q298629,P31,Q4167410
Q298629,P1889,Q1735678
Q298629,P1889,Q26736179
Q298629,P460,Q2941752
Q298629,P460,Q3813359
Q298629,P460,Q4035931
Q298629,P460,Q233692
Q298629,P460,Q348103
Q256118,P31,Q4167410
Q256118,P1889,Q645699
Q256118,P1889,Q37524934
Q256118,P460,Q228535
Q256118,P460,Q350727
Q256118,P460,Q2014619
Q256118,P460,Q2014138
Q3316261,P31,Q2135465
Q3316261,P279,Q83267
Q3316261,P279,Q104493
Q3316261,P1382,Q11640551
Q3316261,P527,Q1914636
Q3316261,P527,Q104493
Q217541,P910,Q8825479
Q217541,P279,Q37501
Q217541,P279,Q1065579
Q217541,P279,Q14524031
Q217541,P1557,Q11391
Q852175,P910,Q13350034
Q852175,P31,Q1810265
Q49225,P31,Q1093829
Q49225,P31,Q1549591
Q49225,P17,Q30
Q49225,P131,Q484340
Q49225,P910,Q8652893
Q49225,P1464,Q8070183
Q49225,P1465,Q17538785
Q49225,P190,Q10313
Q49225,P190,Q2588837
Q49225,P190,Q2061
Q49225,P190,Q816331
Q49225,P190,Q245023
Q49225,P190,Q15174
Q49225,P190,Q5265
Q49225,P1792,Q6452281
Q49225,P1376,Q484340
Q49225,P421,Q847142
Q814696,P1343,Q2041543
Q814696,P1343,Q19180675
Q814696,P1343,Q602358
Q814696,P279,Q371174
Q814696,P279,Q1322478
Q814696,P1889,Q2836583
Q2992372,P279,Q1190554
Q2992372,P31,Q1931388
Q2992372,P1269,Q2252077
Q796919,P279,Q685744
Q796919,P279,Q1190554
Q796919,P31,Q66593009
Q796919,P1889,Q1405256
Q796919,P1889,Q17052147
Q796919,P1889,Q946865
Q2354157,P31,Q4167410
Q2354157,P1889,Q30136501
Q7358,P31,Q28640
Q7358,P279,Q10774753
Q7358,P279,Q17307272
Q7358,P1343,Q2657718
Q7358,P910,Q8383844
Q7358,P425,Q4224122
Q7358,P937,Q47928
Q7358,P5008,Q99671171
Q183670,P279,Q23757
Q183670,P279,Q3300034
Q183670,P462,Q23444
Q183670,P910,Q8354955
Q183670,P1343,Q2657718
Q183670,P1343,Q602358
Q183670,P1343,Q19190511
Q183670,P1343,Q1970746
Q183670,P1889,Q3843551
Q1780133,P279,Q4991371
Q1780133,P31,Q6857706
Q1780133,P138,Q2746009
Q174692,P31,Q4167410
Q174692,P1889,Q37434178
Q402285,P31,Q4167410
Q402285,P460,Q9061903
Q188055,P279,Q273976
Q188055,P910,Q91689
Q188055,P910,Q6614363
Q188055,P361,Q198
Q188055,P2184,Q13030566
Q188055,P1343,Q1138524
Q188055,P1343,Q602358
Q188055,P1343,Q30059240
Q188055,P1343,Q4114391
Q188055,P1343,Q4086271
Q188055,P1687,P607
Q188055,P31,Q207645
Q188055,P1889,Q273976
Q188055,P1889,Q159377
Q728,P279,Q39546
Q728,P279,Q18643213
Q728,P910,Q7166566
Q728,P366,Q1174599
Q728,P366,Q332142
Q728,P366,Q2342494
Q728,P366,Q844482
Q728,P366,Q17781833
Q728,P1151,Q15656690
Q728,P1343,Q16392167
Q728,P1343,Q602358
Q728,P1343,Q19180675
Q728,P1343,Q4086271
Q728,P1343,Q4173137
Q728,P1343,Q1138524
Q728,P1343,Q30059240
Q728,P1343,Q19190511
Q728,P1343,Q1768721
Q728,P1424,Q8416150
Q728,P1424,Q28729020
Q728,P5008,Q5460604
Q728,P1535,Q1414937
Q728,P1687,P520
Q343184,P31,Q4167410
Q343184,P1889,Q21144089
Q343184,P1889,Q37160001
Q354931,P31,Q4167410
Q354931,P1889,Q16597664
Q354931,P1889,Q37546724
Q27787241,P31,Q4167410
Q638105,P910,Q7238719
Q638105,P31,Q55983715
Q453237,P279,Q1762471
Q453237,P31,Q28549308
Q453237,P31,Q7281
Q453237,P461,Q388832
Q12800,P910,Q7132805
Q12800,P279,Q5778278
Q12800,P31,Q15142889
Q12800,P1889,Q1760834
Q12800,P1343,Q602358
Q12800,P1343,Q19180675
Q12800,P5008,Q5460604
Q422134,P31,Q11173
Q422134,P31,Q35456
Q422134,P527,Q627
Q422134,P527,Q682
Q422134,P527,Q623
Q422134,P1343,Q2657718
Q422134,P1343,Q4091875
Q422134,P1343,Q602358
Q422134,P279,Q804539
Q422134,P3489,Q28123619
Q422134,P3780,Q29006172
Q422134,P2868,Q427492
Q422134,P1889,Q422156
Q7967993,P31,Q4167410
Q7967993,P1889,Q36887285
Q353005,P31,Q4167410
Q353005,P1889,Q25114450
Q8189896,P279,Q244156
Q192211,P21,Q6581097
Q192211,P31,Q5
Q192211,P106,Q1281618
Q192211,P106,Q483501
Q192211,P19,Q1328318
Q192211,P735,Q18607970
Q192211,P800,Q133732
Q192211,P800,Q3627892
Q192211,P27,Q844930
Q192211,P1343,Q2657718
Q192211,P1343,Q602358
Q192211,P1343,Q19180675
Q192211,P1343,Q5217764
Q192211,P2348,Q486761
Q192211,P937,Q1524
Q192211,P101,Q11634
Q192211,P135,Q1747618
Q192211,P6379,Q731126
Q192211,P1412,Q35497
Q192211,P7763,Q71887839
Q4961885,P31,Q101352
Q4961885,P1889,Q18616855
Q4961885,P282,Q8229
Q6587065,P279,Q3705329
Q6587065,P279,Q58447637
Q6587065,P129,Q3705329
Q6587065,P129,Q1433006
Q234240,P31,Q4167410
Q234240,P1889,Q715465
Q234240,P1889,Q7276345
Q224414,P31,Q4167410
Q224414,P1889,Q4167836
Q224414,P1889,Q714737
Q224414,P1889,Q719395
Q224414,P1889,Q64549097
Q345441,P31,Q4167410
Q345441,P1889,Q25114440
Q1725485,P31,Q4167410
Q1725485,P1889,Q16871482
Q207063,P31,Q21506450
Q207063,P361,Q304673
Q207063,P279,Q66736191
Q207063,P1343,Q4114391
Q207063,P1343,Q19190511
Q207063,P1343,Q4114391
Q207063,P1343,Q602358
Q1392988,P21,Q6581097
Q1392988,P102,Q1186227
Q1392988,P27,Q252
Q1392988,P31,Q5
Q1392988,P39,Q54239443
Q1392988,P39,Q31174404
Q1392988,P106,Q82955
Q1392988,P69,Q534515
Q1392988,P19,Q3630
Q1392988,P140,Q432
Q674920,P31,Q4167410
Q674920,P1889,Q16869343
Q674920,P1889,Q16869344
Q480498,P910,Q8543151
Q480498,P1343,Q678259
Q480498,P1343,Q2657718
Q480498,P1343,Q602358
Q480498,P460,Q3024729
Q480498,P279,Q2334719
Q11471034,P31,Q4167410
Q80728,P31,Q12870
Q80728,P61,Q23810
Q80728,P1343,Q2657718
Q80728,P1343,Q234535
Q80728,P1343,Q602358
Q80728,P1343,Q19180675
Q80728,P1343,Q3181656
Q80728,P527,Q4428995
Q80728,P527,Q162867
Q15788,P910,Q9692870
Q15788,P1889,Q25647404
Q15788,P489,Q25379641
Q15788,P279,Q8142
Q15788,P279,Q747699
Q130741,P1995,Q7867
Q130741,P1995,Q1916597
Q130741,P1995,Q183257
Q130741,P910,Q38193746
Q130741,P1889,Q182593
Q130741,P1889,Q34516
Q130741,P279,Q30897648
Q130741,P279,Q2956685
Q130741,P279,Q11999558
Q130741,P279,Q102187242
Q130741,P6477,Q338754
Q130741,P361,Q1356411
Q7569,P910,Q6895724
Q7569,P279,Q5
Q7569,P279,Q1516282
Q7569,P279,Q851990
Q7569,P31,Q5932254
Q7569,P1343,Q2041543
Q7569,P2849,Q15978631
Q7569,P1552,Q276258
Q7569,P156,Q131774
Q7569,P155,Q26513
Q7569,P5008,Q5460604
Q7569,P1889,Q29514218
Q7569,P1687,P40
Q7569,P1687,P1971
Q7208,P910,Q7137979
Q7208,P31,Q930752
Q7208,P31,Q11862829
Q7208,P1343,Q2041543
Q7208,P1343,Q1970746
Q7208,P1343,Q602358
Q7208,P1343,Q19180675
Q7208,P3095,Q3368718
Q7208,P1424,Q7069413
Q7208,P279,Q2057971
Q1720706,P31,Q3481047
Q1720706,P279,Q1367554
Q1720706,P1535,Q3368718
Q1720706,P1535,Q24017732
Q1720706,P5008,Q87748614
Q348625,P31,Q4167410
Q348625,P1889,Q16275056
Q348625,P1889,Q13156704
Q54670822,P31,Q4167410
Q3558349,P279,Q35798
Q1269627,P279,Q1150070
Q1269627,P910,Q15961085
Q624036,P910,Q15257186
Q624036,P31,Q221911
Q624036,P1889,Q3073738
Q48340,P910,Q8787174
Q48340,P159,Q2798738
Q48340,P166,Q838121
Q48340,P166,Q3323451
Q48340,P166,Q23011201
Q48340,P31,Q7892363
Q48340,P31,Q561068
Q48340,P112,Q193368
Q48340,P17,Q30
Q48340,P452,Q11030
Q48340,P2936,Q1860
Q48340,P137,Q7855903
Q48340,P355,Q15994987
Q48340,P749,Q191715
Q48340,P1830,Q12217473
Q48340,P127,Q7855903
Q4986656,P31,Q4167410
Q829171,P31,Q4167410
Q4839591,P279,Q82794
Q4839591,P1269,Q8001171
Q4122037,P461,Q281287
Q4122037,P1382,Q1398885
Q4122037,P1382,Q571571
Q4122037,P279,Q9332
Q7341,P17,Q7318
Q7341,P17,Q36
Q7341,P31,Q328468
Q7341,P31,Q33506
Q7341,P31,Q153813
Q7341,P910,Q7007254
Q7341,P527,Q663764
Q7341,P527,Q700356
Q7341,P527,Q662563
Q7341,P1435,Q43113623
Q7341,P1343,Q2657718
Q7341,P131,Q1147618
Q7341,P131,Q7342
Q7341,P138,Q7342
Q7341,P1465,Q7951477
Q7341,P793,Q24238946
Q7341,P355,Q1719343
Q7341,P355,Q1719373
Q7341,P355,Q2149850
Q7341,P355,Q872118
Q7341,P355,Q47515165
Q7341,P355,Q47515874
Q7341,P355,Q47515935
Q7341,P355,Q47515210
Q7341,P355,Q47515283
Q7341,P355,Q47515286
Q7341,P355,Q47515303
Q7341,P355,Q47515304
Q7341,P355,Q45483365
Q7341,P355,Q47515376
Q7341,P355,Q2544786
Q7341,P355,Q47515392
Q7341,P355,Q47515444
Q7341,P355,Q47515456
Q7341,P355,Q47515460
Q7341,P355,Q47515519
Q7341,P355,Q47515547
Q7341,P355,Q47515654
Q7341,P355,Q53865998
Q7341,P355,Q47515683
Q7341,P355,Q47515710
Q7341,P355,Q47515717
Q7341,P355,Q47515733
Q7341,P355,Q47515739
Q7341,P355,Q47515770
Q7341,P355,Q47515773
Q7341,P355,Q47515809
Q7341,P355,Q190410
Q7341,P355,Q315724
Q7341,P355,Q327998
Q7341,P355,Q662563
Q7341,P355,Q663764
Q7341,P355,Q700356
Q7341,P355,Q2227743
Q7341,P355,Q13433079
Q7341,P355,Q15115948
Q7341,P355,Q47515833
Q7341,P355,Q45529408
Q7341,P355,Q45530538
Q7341,P361,Q819729
Q7341,P5008,Q13382529
Q7341,P1889,Q59534430
Q654810,P910,Q7496215
Q654810,P279,Q3769299
Q654810,P155,Q376596
Q654810,P527,Q16302720
Q46834,P361,Q192803
Q46834,P361,Q856251
Q46834,P361,Q10979515
Q46834,P361,Q949180
Q46834,P910,Q31751039
Q46834,P279,Q192907
Q46834,P1343,Q602358
Q46834,P1343,Q2041543
Q5451744,P31,Q4167410
Q499767,P31,Q5398426
Q499767,P910,Q8565543
Q499767,P166,Q5243446
Q499767,P166,Q838121
Q499767,P371,Q929985
Q499767,P371,Q2864532
Q499767,P449,Q13974
Q499767,P495,Q30
Q499767,P364,Q1860
Q499767,P170,Q598344
Q499767,P136,Q846662
Q499767,P136,Q274079
Q499767,P2061,Q1383069
Q499767,P57,Q6396890
Q499767,P2438,Q6266745
Q499767,P272,Q652390
Q499767,P86,Q598344
Q499767,P750,Q2741127
Q499767,P4969,Q15271009
Q499767,P407,Q1860
Q499767,P479,Q1353567
Q499767,P2512,Q6492021
Q569,P279,Q11426
Q569,P61,Q333438
Q569,P61,Q58575
Q569,P61,Q585780
Q569,P910,Q6392785
Q569,P31,Q11344
Q569,P31,Q21073023
Q569,P31,Q21074597
Q569,P31,Q187661
Q569,P1542,Q4896104
Q569,P1542,Q684810
Q569,P1343,Q2657718
Q569,P1343,Q602358
Q569,P189,Q142
Q569,P361,Q19563
Q569,P361,Q207712
Q1510061,P31,Q4167410
Q1510061,P1889,Q18697301
Q1510061,P1889,Q37566150
Q424185,P31,Q4167410
Q1401607,P1343,Q678259
Q1401607,P461,Q208160
Q1401607,P31,Q2393196
Q620737,P279,Q7163
Q43109,P910,Q7013554
Q43109,P279,Q189760
Q43109,P279,Q18812548
Q43109,P279,Q40231
Q43109,P1343,Q2657718
Q43109,P1343,Q2041543
Q43109,P1343,Q602358
Q43109,P1963,P1831
Q43109,P1963,P1867
Q43109,P1963,P1868
Q43109,P1963,P1111
Q43109,P1963,P1697
Q43109,P1424,Q14334212
Q43109,P1424,Q5828205
Q43109,P460,Q1214249
Q43109,P1889,Q3454828
Q83323,P910,Q7281423
Q83323,P366,Q11451
Q83323,P366,Q1213511
Q83323,P279,Q79529
Q83323,P279,Q2746959
Q83323,P2184,Q5867854
Q506616,P279,Q1064904
Q506616,P279,Q193840
Q506616,P828,Q9530
Q506616,P1995,Q2861470
Q506616,P1343,Q2041543
Q506616,P1542,Q4
Q506616,P1963,P509
Q506616,P1963,P1196
Q506616,P31,Q1931388
Q506616,P910,Q31951132
Q506616,P1889,Q11564544
Q506616,P1889,Q620686
Q506616,P1889,Q15785099
Q12891156,P31,Q2393196
Q12891156,P361,Q77468620
Q7272,P31,Q12909644
Q7272,P910,Q7157652
Q7272,P1343,Q302556
Q7272,P1343,Q602358
Q7272,P1343,Q4173137
Q7272,P1343,Q19180675
Q7272,P1343,Q4532138
Q7272,P1151,Q8438481
Q7272,P1424,Q6173104
Q7272,P1424,Q13107357
Q7272,P5008,Q5460604
Q7272,P5125,Q39087403
Q7272,P1552,Q17166135
Q7272,P279,Q273005
Q7272,P3095,Q16003594
Q366886,P361,Q1266051
Q366886,P361,Q77468620
Q366886,P31,Q2393196
Q366886,P31,Q270673
Q366886,P910,Q10104916
Q366886,P1880,Q1033930
Q366886,P1880,Q6535196
Q366886,P1880,Q556298
Q366886,P460,Q118418
Q366886,P460,Q941225
Q366886,P1995,Q9418
Q366886,P1424,Q19304356
Q366886,P1889,Q170082
Q5252498,P31,Q4167410
Q5252498,P1889,Q37193030
Q1128397,P279,Q2742167
Q1128397,P279,Q44613
Q1128397,P910,Q7861842
Q1128397,P1889,Q3285267
Q4539247,P31,Q4167410
Q4539247,P1889,Q24302512
Q4539247,P1889,Q20000012
Q4539247,P1889,Q37454242
Q8018506,P1889,Q2145077
Q8018506,P279,Q2684591
Q35323,P31,Q41710
Q35323,P103,Q13955
Q35323,P103,Q1981908
Q35323,P910,Q9723853
Q35323,P140,Q432
Q35323,P140,Q5043
Q35323,P2184,Q48999793
Q35323,P279,Q62928
Q35323,P159,Q143487
Q35323,P461,Q423621
Q35323,P361,Q62928
Q35323,P1343,Q3181656
Q35323,P1889,Q100448011
Q211503,P910,Q10034362
Q211503,P279,Q133311
Q211503,P279,Q8436
Q211503,P1424,Q13383694
Q211503,P1343,Q602358
Q211503,P1343,Q19180675
Q211503,P1343,Q4173137
Q211503,P1343,Q3181656
Q211503,P1343,Q1768721
Q2455840,P31,Q4167410
Q2455840,P1889,Q37331191
Q6956098,P17,Q30
Q6956098,P31,Q11371
Q6956098,P159,Q60
Q370201,P31,Q4167410
Q22649,P279,Q8461
Q22649,P279,Q859781
Q22649,P279,Q7257
Q22649,P910,Q8810763
Q22649,P1343,Q4173137
Q22649,P1343,Q2657718
Q22649,P1343,Q2041543
Q22649,P1343,Q4173137
Q22649,P1343,Q4173137
Q22649,P1343,Q4173137
Q22649,P1343,Q4173137
Q22649,P1343,Q4173137
Q22649,P1343,Q4173137
Q22649,P1343,Q4173137
Q22649,P1343,Q4173137
Q22649,P1343,Q4173137
Q22649,P1343,Q3181656
Q22649,P1343,Q867541
Q22649,P2184,Q48005
Q22649,P800,Q26193
Q22649,P3095,Q15954665
Q22649,P31,Q12909644
Q22649,P31,Q7451247
Q22649,P1269,Q5853064
Q23892444,P31,Q101352
Q23892444,P31,Q17143070
Q23892444,P138,Q980
Q23892444,P460,Q812126
Q23892444,P460,Q37196565
Q23892444,P1889,Q853098
Q23892444,P282,Q8229
Q23892444,P407,Q188
Q183481,P910,Q15099847
Q183481,P31,Q3497778
Q183481,P1343,Q16387823
Q183481,P5008,Q69524601
Q183481,P1889,Q633339
Q162843,P17,Q801
Q162843,P910,Q9038265
Q162843,P31,Q8514
Q162843,P31,Q56061
Q162843,P131,Q801
Q162843,P1343,Q4173137
Q162843,P610,Q1571275
Q188686,P910,Q9536852
Q188686,P1343,Q2041543
Q188686,P279,Q645883
Q188686,P2354,Q16154911
Q247297,P279,Q245204
Q247297,P31,Q636497
Q247297,P910,Q8448302
Q1753200,P910,Q8552022
Q1753200,P279,Q124734
Q5527345,P31,Q4167410
Q5527345,P1889,Q37262583
Q1248702,P31,Q4167410
Q18356862,P31,Q4167410
Q410664,P31,Q4167410
Q42388,P910,Q7961450
Q42388,P31,Q12909644
Q42388,P279,Q6235
Q42388,P2184,Q3137945
Q42388,P2184,Q961603
Q42388,P461,Q584548
Q42388,P1343,Q602358
Q42388,P1343,Q4173137
Q42388,P1424,Q12270032
Q42388,P527,Q1084152
Q42388,P527,Q1577041
Q42388,P527,Q607470
Q42388,P527,Q592710
Q42388,P3095,Q62268841
Q229614,P31,Q4167410
Q229614,P1889,Q229618
Q3213974,P31,Q4167410
Q1195220,P31,Q4167410
Q1195220,P1889,Q21502260
Q3625599,P279,Q1145523
Q3625599,P279,Q1184244
Q3625599,P3095,Q706884
Q180294,P31,Q515
Q180294,P31,Q2983893
Q180294,P1464,Q18664726
Q180294,P1343,Q4173137
Q180294,P1343,Q19180675
Q180294,P1343,Q602358
Q180294,P1343,Q4086271
Q180294,P1343,Q63284758
Q180294,P910,Q10012388
Q180294,P17,Q193714
Q180294,P17,Q12560
Q180294,P17,Q801
Q180294,P1792,Q6820413
Q180294,P131,Q33935
Q180294,P276,Q33935
Q180294,P1465,Q32225593
Q180294,P1376,Q1893486
Q180294,P2184,Q19879173
Q180294,P793,Q1575603
Q180294,P793,Q3178783
Q180294,P7867,Q83978596
Q41053,P31,Q7278
Q41053,P31,Q153936
Q41053,P31,Q17127659
Q41053,P910,Q6584924
Q41053,P1142,Q189746
Q41053,P1142,Q584548
Q41053,P1142,Q1144178
Q41053,P1142,Q114213
Q41053,P159,Q3820
Q41053,P1343,Q17290934
Q41053,P1343,Q17311605
Q41053,P462,Q943
Q41053,P462,Q3133
Q41053,P3461,Q16
Q41053,P3461,Q30
Q41053,P3461,Q801
Q41053,P3461,Q79
Q41053,P3461,Q7172
Q41053,P3461,Q414
Q41053,P3461,Q183
Q41053,P112,Q381970
Q41053,P112,Q328786
Q41053,P112,Q1770882
Q41053,P3975,Q181182
Q41053,P1424,Q26015864
Q41053,P17,Q822
Q41053,P607,Q208484
Q41053,P607,Q49104
Q41053,P607,Q2573593
Q41053,P607,Q178810
Q41053,P140,Q9585
Q41053,P1830,Q286478
Q41053,P6365,Q8509335
Q41053,P6365,Q8618316
Q41053,P488,Q181182
Q41053,P163,Q1980010
Q180688,P910,Q8294992
Q180688,P31,Q41710
Q180688,P103,Q13955
Q180688,P17,Q262
Q180688,P17,Q851
Q180688,P17,Q1016
Q180688,P17,Q79
Q180688,P17,Q810
Q180688,P17,Q878
Q180688,P17,Q1028
Q180688,P17,Q948
Q180688,P17,Q801
Q180688,P17,Q858
Q180688,P17,Q822
Q180688,P17,Q219060
Q180688,P17,Q40362
Q180688,P140,Q483654
Q180688,P1343,Q3181656
Q180688,P1889,Q857026
Q180688,P910,Q8294992
Q180688,P31,Q41710
Q180688,P103,Q13955
Q180688,P17,Q262
Q180688,P17,Q851
Q180688,P17,Q1016
Q180688,P17,Q79
Q180688,P17,Q810
Q180688,P17,Q878
Q180688,P17,Q1028
Q180688,P17,Q948
Q180688,P17,Q801
Q180688,P17,Q858
Q180688,P17,Q822
Q180688,P17,Q219060
Q180688,P17,Q40362
Q180688,P140,Q483654
Q180688,P1343,Q3181656
Q180688,P1889,Q857026
Q102356,P279,Q9392615
Q102356,P910,Q6418246
Q102356,P1963,P159
Q102356,P1963,P241
Q102356,P1963,P17
Q102356,P1963,P571
Q102356,P1963,P361
Q102356,P1963,P576
Q102356,P31,Q21506450
Q102356,P1343,Q3181656
Q35852,P31,Q1371562
Q35852,P31,Q3268848
Q35852,P111,Q11500
Q35852,P1343,Q4532135
Q35852,P1343,Q602358
Q35852,P1343,Q2041543
Q35852,P1889,Q101463679
Q133004,P910,Q6576053
Q133004,P2670,Q28790362
Q133004,P1687,P3833
Q133004,P279,Q177626
Q133004,P2354,Q6616196
Q133004,P31,Q24017414
Q133004,P8225,Q41710
Q16883855,P31,Q4167410
Q399259,P31,Q4167410
Q399259,P1889,Q17486145
Q399259,P1889,Q37193953
Q423547,P31,Q4167410
Q423547,P1889,Q31018327
Q423547,P1889,Q16591725
Q423547,P1889,Q2105776
Q460763,P22,Q289957
Q460763,P25,Q207389
Q460763,P21,Q6581097
Q460763,P31,Q5
Q460763,P31,Q20643955
Q460763,P1441,Q14566207
Q460763,P1441,Q12490448
Q460763,P1441,Q14566245
Q460763,P1441,Q12490449
Q460763,P1441,Q14566280
Q460763,P1441,Q12490450
Q460763,P40,Q638332
Q460763,P40,Q22018139
Q460763,P19,Q5776
Q460763,P3373,Q122035
Q460763,P3373,Q145746
Q460763,P3373,Q1771963
Q460763,P3373,Q1773005
Q460763,P3373,Q215512
Q460763,P3373,Q282220
Q460763,P3373,Q550869
Q460763,P3373,Q614575
Q460763,P3373,Q651256
Q460763,P3373,Q851749
Q460763,P119,Q822
Q460763,P106,Q15995642
Q460763,P1889,Q4926472
Q460763,P1889,Q14625002
Q460763,P1343,Q3181656
Q470873,P495,Q38
Q470873,P495,Q148
Q470873,P495,Q142
Q470873,P495,Q183
Q470873,P495,Q39
Q470873,P279,Q157484
Q470873,P910,Q93124310
Q1285742,P31,Q4167410
Q1285742,P1889,Q21449744
Q42388,P910,Q7961450
Q42388,P31,Q12909644
Q42388,P279,Q6235
Q42388,P2184,Q3137945
Q42388,P2184,Q961603
Q42388,P461,Q584548
Q42388,P1343,Q602358
Q42388,P1343,Q4173137
Q42388,P1424,Q12270032
Q42388,P527,Q1084152
Q42388,P527,Q1577041
Q42388,P527,Q607470
Q42388,P527,Q592710
Q42388,P3095,Q62268841
Q447490,P31,Q4167410
Q47131,P1142,Q278929
Q47131,P1142,Q3284328
Q47131,P1142,Q1969722
Q47131,P1142,Q1063123
Q47131,P1142,Q22649
Q47131,P1142,Q182121
Q47131,P1142,Q696116
Q47131,P1142,Q8461
Q47131,P910,Q6397815
Q47131,P31,Q17127659
Q47131,P31,Q7210356
Q47131,P17,Q30
Q47131,P740,Q1410885
Q47131,P527,Q45236814
Q47131,P527,Q1542903
Q47131,P1343,Q602358
Q47131,P5008,Q15304953
Q47131,P1889,Q2413299
Q47131,P485,Q72941560
Q47131,P112,Q366102
Q162633,P279,Q4671277
Q162633,P279,Q955824
Q162633,P279,Q38723
Q162633,P279,Q3914
Q162633,P910,Q9699184
Q162633,P1343,Q2657718
Q162633,P1343,Q602358
Q162633,P1343,Q19180675
Q162633,P1343,Q3181656
Q162633,P1889,Q193093
Q162633,P1889,Q2822246
Q162633,P1889,Q337465
Q162633,P1889,Q1211427
Q162633,P138,Q415017
Q162633,P138,Q381885
Q162633,P138,Q162875
Q200538,P279,Q1656682
Q200538,P910,Q7216597
Q1522772,P279,Q2620513
Q261810,P31,Q618779
Q261810,P1343,Q19190511
Q353338,P31,Q4167410
Q7260,P910,Q8543342
Q7260,P1343,Q2041543
Q7260,P1343,Q602358
Q7260,P1343,Q19180675
Q7260,P31,Q1969448
Q7260,P5008,Q5460604
Q7260,P461,Q1144178
Q32815,P279,Q1370598
Q32815,P279,Q13226383
Q32815,P279,Q44539
Q32815,P910,Q7144569
Q32815,P140,Q432
Q32815,P1424,Q13420133
Q32815,P5023,Q66361369
Q5529002,P31,Q4167410
Q5529002,P1889,Q49612776
Q11194,P190,Q9248
Q11194,P190,Q85
Q11194,P190,Q1722
Q11194,P190,Q79857
Q11194,P190,Q34739
Q11194,P190,Q9311
Q11194,P190,Q13362
Q11194,P190,Q1733
Q11194,P190,Q3640
Q11194,P190,Q1492
Q11194,P190,Q1781
Q11194,P190,Q40738
Q11194,P190,Q36312
Q11194,P190,Q82842
Q11194,P190,Q6225
Q11194,P190,Q4051
Q11194,P190,Q1735
Q11194,P190,Q406
Q11194,P190,Q35178
Q11194,P190,Q2807
Q11194,P190,Q2634
Q11194,P190,Q13377
Q11194,P190,Q2274046
Q11194,P190,Q506250
Q11194,P190,Q19689
Q11194,P190,Q11736
Q11194,P190,Q185134
Q11194,P190,Q641
Q11194,P190,Q3014
Q11194,P190,Q1435
Q11194,P190,Q384
Q11194,P190,Q437
Q11194,P190,Q727
Q11194,P190,Q1520
Q11194,P190,Q1524
Q11194,P190,Q3805
Q11194,P190,Q4656
Q11194,P190,Q250984
Q11194,P190,Q3579
Q11194,P190,Q193920
Q11194,P190,Q12258
Q11194,P17,Q225
Q11194,P17,Q83286
Q11194,P17,Q191077
Q11194,P17,Q153128
Q11194,P17,Q191077
Q11194,P17,Q718374
Q11194,P17,Q28513
Q11194,P17,Q12560
Q11194,P31,Q5119
Q11194,P31,Q515
Q11194,P31,Q1549591
Q11194,P131,Q18276
Q11194,P131,Q1274468
Q11194,P131,Q208545
Q11194,P910,Q8704575
Q11194,P1464,Q7926772
Q11194,P1465,Q9219894
Q11194,P1792,Q8071599
Q11194,P166,Q2521339
Q11194,P1376,Q225
Q11194,P1376,Q11196
Q11194,P1376,Q11198
Q11194,P1376,Q1274468
Q11194,P1376,Q2055400
Q11194,P1376,Q18276
Q11194,P1376,Q208545
Q11194,P1343,Q4173137
Q11194,P1343,Q19180675
Q11194,P1343,Q602358
Q11194,P1343,Q3181656
Q11194,P421,Q25989
Q11194,P206,Q570604
Q11194,P793,Q192050
Q11194,P793,Q175653
Q11194,P793,Q9657
Q11194,P1830,Q903860
Q11194,P1830,Q1726821
Q11194,P527,Q1258239
Q11194,P527,Q1270190
Q11194,P527,Q1017960
Q11194,P527,Q1267035
Q11194,P7867,Q84078998
Q44311,P910,Q7028997
Q44311,P279,Q9174
Q44311,P1889,Q73599
Q39619,P140,Q432
Q39619,P26,Q180123
Q39619,P26,Q1025219
Q39619,P26,Q1111135
Q39619,P26,Q1111147
Q39619,P26,Q2739346
Q39619,P25,Q1110668
Q39619,P22,Q297913
Q39619,P40,Q4165342
Q39619,P40,Q182914
Q39619,P40,Q112128
Q39619,P40,Q293538
Q39619,P40,Q4666107
Q39619,P40,Q6121767
Q39619,P40,Q939884
Q39619,P40,Q1111208
Q39619,P40,Q510433
Q39619,P40,Q12264773
Q39619,P40,Q13400692
Q39619,P40,Q5686263
Q39619,P40,Q92222295
Q39619,P119,Q838359
Q39619,P31,Q5
Q39619,P39,Q180465
Q39619,P39,Q19819982
Q39619,P910,Q7848912
Q39619,P97,Q2081829
Q39619,P97,Q3879448
Q39619,P361,Q188711
Q39619,P361,Q2186053
Q39619,P20,Q186234
Q39619,P735,Q11905003
Q39619,P106,Q372436
Q39619,P106,Q217029
Q39619,P106,Q1999841
Q39619,P106,Q1172458
Q39619,P106,Q12912932
Q39619,P106,Q16533
Q39619,P27,Q12490507
Q39619,P172,Q35323
Q39619,P172,Q485732
Q39619,P172,Q1774915
Q39619,P607,Q486124
Q39619,P607,Q488278
Q39619,P607,Q565661
Q39619,P607,Q2092033
Q39619,P607,Q1133574
Q39619,P607,Q735876
Q39619,P607,Q2484843
Q39619,P157,Q2555442
Q39619,P1196,Q149086
Q39619,P460,Q7495972
Q39619,P460,Q7640575
Q39619,P460,Q22948673
Q39619,P1412,Q1654327
Q39619,P3373,Q6310793
Q39619,P3373,Q3738508
Q39619,P3373,Q2177228
Q39619,P3373,Q1147498
Q39619,P3373,Q12259906
Q39619,P19,Q5806
Q39619,P1038,Q9458
Q39619,P1343,Q20078554
Q39619,P1343,Q2041543
Q39619,P1343,Q602358
Q39619,P1343,Q3181656
Q39619,P21,Q6581097
Q39619,P1889,Q597260
Q39619,P7763,Q71887839
Q409760,P31,Q4167410
Q409760,P530,Q745718
Q25475,P31,Q515
Q25475,P31,Q1549591
Q25475,P31,Q4313794
Q25475,P190,Q3519
Q25475,P190,Q10313
Q25475,P190,Q83813
Q25475,P190,Q58976
Q25475,P190,Q153676
Q25475,P190,Q45301
Q25475,P190,Q62337
Q25475,P190,Q200036
Q25475,P190,Q128499
Q25475,P190,Q6509
Q25475,P190,Q484799
Q25475,P190,Q211952
Q25475,P190,Q2028
Q25475,P190,Q184539
Q25475,P190,Q156743
Q25475,P190,Q34404
Q25475,P190,Q205942
Q25475,P190,Q230104
Q25475,P190,Q80021
Q25475,P190,Q193445
Q25475,P190,Q8678
Q25475,P190,Q198370
Q25475,P190,Q41572
Q25475,P190,Q1983875
Q25475,P190,Q171639
Q25475,P190,Q43070
Q25475,P190,Q140147
Q25475,P190,Q16959
Q25475,P190,Q644
Q25475,P190,Q2861
Q25475,P190,Q973974
Q25475,P190,Q180918
Q25475,P190,Q815721
Q25475,P190,Q192225
Q25475,P190,Q178382
Q25475,P131,Q45693
Q25475,P131,Q378203
Q25475,P17,Q230
Q25475,P910,Q8293796
Q25475,P1464,Q8045323
Q25475,P1465,Q18664352
Q25475,P1792,Q7906971
Q25475,P1376,Q72670
Q25475,P1376,Q45693
Q25475,P1376,Q378203
Q25475,P1343,Q4173137
Q25475,P1343,Q19180675
Q25475,P1343,Q602358
Q25475,P1343,Q4114391
Q25475,P1343,Q1138524
Q25475,P1343,Q4114391
Q25475,P1343,Q3181656
Q25475,P421,Q6779
Q25475,P206,Q166
Q25475,P2184,Q5775251
Q25475,P463,Q1768108
Q25475,P1791,Q7974894
Q25475,P6,Q59130631
Q444246,P31,Q4167410
Q125525,P31,Q55983715
Q125525,P910,Q8560442
Q258056,P31,Q4167410
Q258056,P1889,Q37440584
Q258056,P1889,Q31200848
Q258056,P1889,Q43174264
Q258056,P460,Q62030197
Q112983,P910,Q7156590
Q112983,P31,Q223393
Q112983,P279,Q4184
Q112983,P1889,Q4184
Q112983,P3095,Q11774156
Q171308,P31,Q15617994
Q171308,P279,Q56061
Q171308,P910,Q9066036
Q171308,P1343,Q19190511
Q37731,P21,Q6581097
Q37731,P140,Q432
Q37731,P26,Q12180470
Q37731,P26,Q12230160
Q37731,P26,Q2300129
Q37731,P26,Q2426845
Q37731,P26,Q68678851
Q37731,P26,Q68678967
Q37731,P26,Q12213719
Q37731,P26,Q12246959
Q37731,P40,Q4165460
Q37731,P40,Q12228529
Q37731,P40,Q6777752
Q37731,P40,Q20382853
Q37731,P40,Q68679672
Q37731,P22,Q4688860
Q37731,P25,Q7901600
Q37731,P19,Q5806
Q37731,P20,Q35484
Q37731,P31,Q5
Q37731,P106,Q82955
Q37731,P39,Q180465
Q37731,P27,Q169977
Q37731,P27,Q12490507
Q37731,P735,Q841383
Q37731,P119,Q154204
Q37731,P119,Q35484
Q37731,P172,Q35323
Q37731,P172,Q485732
Q37731,P910,Q7062138
Q37731,P1196,Q149086
Q37731,P361,Q188711
Q37731,P3373,Q4166189
Q37731,P3373,Q3774518
Q37731,P157,Q2477222
Q37731,P509,Q770709
Q37731,P1343,Q19190511
Q37731,P1343,Q602358
Q37731,P8927,Q103924462
Q37731,P1412,Q13955
Q21487817,P31,Q101352
Q21487817,P1889,Q339614
Q21487817,P282,Q8229
Q1226674,P31,Q4167410
Q3242115,P31,Q12737077
Q3242115,P425,Q10931
Q3242115,P279,Q11499147
Q3242115,P279,Q215627
Q3242115,P910,Q5831039
Q3242115,P6186,Q59576259
Q2802795,P31,Q4167410
Q2802795,P1889,Q37525919
Q35565,P910,Q5665594
Q35565,P31,Q41710
Q35565,P103,Q25285
Q35565,P103,Q7737
Q35565,P527,Q1484689
Q35565,P527,Q1983600
Q35565,P527,Q3656745
Q35565,P527,Q836076
Q35565,P140,Q483654
Q35565,P140,Q3333484
Q35565,P279,Q83328
Q35565,P361,Q1339898
Q35565,P361,Q3512539
Q35565,P361,Q83328
Q35565,P1889,Q83971
Q1364324,P31,Q15617994
Q1364324,P17,Q34266
Q1364324,P17,Q15180
Q1364324,P17,Q186096
Q1364324,P279,Q13220204
Q1364324,P460,Q149621
Q1364324,P1343,Q4532138
Q4803451,P31,Q4167410
Q340949,P31,Q4167410
Q340949,P1343,Q2657718
Q4866258,P31,Q4167410
Q4866258,P1889,Q37024911
Q4866258,P460,Q406692
Q131401,P1313,Q65997
Q131401,P279,Q4204060
Q131401,P279,Q1250464
Q131401,P527,Q8575586
Q131401,P527,Q12536
Q131401,P527,Q12490507
Q131401,P527,Q2034358
Q131401,P910,Q7146650
Q131401,P1343,Q20743760
Q131401,P1343,Q2657718
Q131401,P1343,Q602358
Q131401,P1343,Q20078554
Q131401,P1424,Q6846918
Q131401,P31,Q1307214
Q131401,P31,Q15617994
Q18869,P1151,Q11055975
Q18869,P910,Q7463169
Q18869,P31,Q82794
Q18869,P460,Q22952381
Q18869,P2184,Q16127134
Q18869,P2959,Q13202771
Q18869,P2579,Q41259
Q18869,P361,Q847514
Q18869,P610,Q43105
Q18869,P1464,Q32652337
Q18869,P1792,Q6824611
Q18869,P706,Q5477
Q18869,P527,Q2981976
Q18869,P3179,Q159
Q18869,P3179,Q230
Q18869,P3179,Q227
Q18869,P3179,Q399
Q18869,P1343,Q30059240
Q18869,P1343,Q3181656
Q18869,P1889,Q234020
Q2476929,P31,Q1207505
Q2476929,P1382,Q308859
Q2476929,P1382,Q188728
Q2476929,P279,Q7748
Q2476929,P279,Q1503443
Q2476929,P1269,Q1503443
Q2476929,P1269,Q7748
Q2476929,P460,Q1503443
Q5338320,P31,Q12308941
Q5338320,P282,Q8229
Q211830,P279,Q3529618
Q211830,P279,Q21006160
Q211830,P910,Q13343100
Q211830,P31,Q3320743
Q211830,P31,Q12737077
Q211830,P1343,Q19180675
Q211830,P155,Q121594
Q211830,P155,Q25339110
Q211830,P17,Q145
Q211830,P17,Q30
Q211830,P17,Q183
Q211830,P17,Q45
Q211830,P17,Q38
Q211830,P17,Q237
Q1361412,P31,Q101352
Q1361412,P407,Q256
Q1361412,P282,Q8229
Q3827288,P31,Q5
Q3827288,P19,Q486195
Q3827288,P20,Q486195
Q3827288,P21,Q6581097
Q3827288,P735,Q5837762
Q3827288,P27,Q265
Q3827288,P166,Q15972369
Q3827288,P166,Q392204
Q3827288,P166,Q27096841
Q3827288,P166,Q10514065
Q3827288,P1412,Q9264
Q3827288,P106,Q49757
Q3827288,P22,Q3827268
Q3827288,P40,Q3827276
Q3827288,P410,Q2624074
Q3827288,P39,Q181888
Q3827288,P945,Q34266
Q393749,P31,Q4167410
Q20996587,P31,Q101352
Q20996587,P282,Q8229
Q20996587,P407,Q256
Q35997,P190,Q3415
Q35997,P190,Q9248
Q35997,P190,Q193190
Q35997,P190,Q93347
Q35997,P190,Q485496
Q35997,P190,Q16739
Q35997,P190,Q914
Q35997,P190,Q9361
Q35997,P190,Q24879
Q35997,P190,Q25331
Q35997,P190,Q33935
Q35997,P190,Q37801
Q35997,P190,Q49255
Q35997,P190,Q180717
Q35997,P190,Q11736
Q35997,P190,Q1563
Q35997,P190,Q192875
Q35997,P190,Q79808
Q35997,P190,Q1156
Q35997,P190,Q43453
Q35997,P190,Q1663
Q35997,P190,Q487684
Q35997,P190,Q11746
Q35997,P190,Q68744
Q35997,P190,Q5764
Q35997,P190,Q5465
Q35997,P190,Q11462
Q35997,P190,Q495
Q35997,P190,Q2762100
Q35997,P190,Q30002
Q35997,P421,Q6760
Q35997,P17,Q43
Q35997,P17,Q209065
Q35997,P17,Q12560
Q35997,P131,Q344490
Q35997,P131,Q15142326
Q35997,P131,Q3736243
Q35997,P131,Q3331869
Q35997,P31,Q2716259
Q35997,P31,Q2264924
Q35997,P31,Q50330360
Q35997,P31,Q1637706
Q35997,P910,Q6034769
Q35997,P1464,Q10211742
Q35997,P1465,Q9220007
Q35997,P1740,Q19479298
Q35997,P1792,Q6826036
Q35997,P1343,Q19180675
Q35997,P1343,Q602358
Q35997,P1343,Q4086271
Q35997,P1343,Q4173137
Q35997,P1343,Q1138524
Q35997,P2959,Q20516625
Q35997,P1791,Q7976019
Q35997,P1151,Q41774209
Q35997,P1376,Q344490
Q35997,P150,Q2636596
Q35997,P150,Q812591
Q35997,P150,Q894012
Q35997,P150,Q2672826
Q35997,P150,Q1908058
Q35997,P150,Q1496685
Q35997,P150,Q1562333
Q35997,P150,Q3123584
Q35997,P150,Q2670720
Q35997,P150,Q2279529
Q35997,P150,Q643505
Q35997,P206,Q1536377
Q35997,P206,Q34575
Q35997,P206,Q1351474
Q35997,P1313,Q62924547
Q35997,P6,Q61357331
Q35997,P6,Q205121
Q35997,P6,Q4696192
Q35997,P6,Q6093893
Q35997,P6,Q6076096
Q35997,P6,Q6093893
Q35997,P155,Q1379299
Q35997,P47,Q147089
Q35997,P2184,Q6104836
Q35997,P610,Q962205
Q35997,P793,Q1205622
Q35997,P793,Q2451365
Q35997,P793,Q6130091
Q35997,P5008,Q5460604
Q35997,P6104,Q6027197
Q35997,P1424,Q26008243
Q35997,P2633,Q5993340
Q35997,P2564,Q23670163
Q35997,P3403,Q344490
Q35997,P7867,Q84112164
Q81483,P706,Q170526
Q81483,P31,Q82794
Q81483,P910,Q7464676
Q81483,P1151,Q24593197
Q81483,P527,Q858
Q81483,P527,Q822
Q81483,P527,Q810
Q81483,P527,Q23792
Q81483,P361,Q27293
Q81483,P30,Q48
Q81483,P1343,Q19180675
Q7131207,P31,Q4167410
Q7205926,P17,Q211
Q7205926,P131,Q4405763
Q7205926,P31,Q532
Q200173,P30,Q48
Q200173,P910,Q9095722
Q200173,P706,Q18869
Q200173,P31,Q82794
Q2521406,P407,Q256
Q2521406,P282,Q8229
Q2521406,P31,Q12308941
Q341308,P31,Q4167410
Q341308,P1889,Q1158586
Q341308,P460,Q1107142
Q341308,P460,Q66723864
Q341308,P460,Q66724084
Q476300,P910,Q7189783
Q476300,P910,Q7216276
Q476300,P279,Q52948
Q476300,P461,Q766238
Q476300,P461,Q380962
Q476300,P1963,P710
Q476300,P1889,Q23807345
Q476300,P1889,Q841654
Q476300,P1889,Q1178401
Q476300,P31,Q1139327
Q8413,P140,Q5043
Q8413,P140,Q337547
Q8413,P22,Q131195
Q8413,P25,Q170164
Q8413,P119,Q586568
Q8413,P39,Q842606
Q8413,P39,Q20056508
Q8413,P39,Q18577504
Q8413,P39,Q212943
Q8413,P910,Q7284912
Q8413,P31,Q5
Q8413,P40,Q1001933
Q8413,P40,Q464452
Q8413,P40,Q185538
Q8413,P40,Q46734
Q8413,P40,Q46418
Q8413,P40,Q311646
Q8413,P53,Q175454
Q8413,P19,Q129259
Q8413,P20,Q209349
Q8413,P411,Q43115
Q8413,P27,Q1747689
Q8413,P26,Q231063
Q8413,P26,Q45522
Q8413,P1441,Q238693
Q8413,P1343,Q302556
Q8413,P1343,Q4114391
Q8413,P1343,Q602358
Q8413,P1343,Q4173137
Q8413,P1343,Q1138524
Q8413,P1343,Q46997087
Q8413,P1343,Q53932892
Q8413,P1343,Q67311526
Q8413,P1343,Q30059240
Q8413,P1343,Q3181656
Q8413,P106,Q82955
Q8413,P106,Q47064
Q8413,P2365,Q25839963
Q8413,P2366,Q211804
Q8413,P2348,Q2886278
Q8413,P3373,Q238023
Q8413,P3373,Q291738
Q8413,P3373,Q486630
Q8413,P3373,Q450702
Q8413,P3373,Q504556
Q8413,P3373,Q1427539
Q8413,P1196,Q3739104
Q8413,P5008,Q5460604
Q8413,P841,Q2580
Q8413,P841,Q2506
Q8413,P21,Q6581097
Q8413,P1830,Q573619
Q8413,P6886,Q397
Q8413,P1412,Q397
Q8413,P4185,Q12097
Q8413,P5025,Q1429412
Q8413,P2359,Q32979453
Q8413,P97,Q842606
Q4489757,P279,Q4594605
Q4489757,P279,Q4164871
Q121378,P190,Q2028
Q121378,P190,Q200030
Q121378,P190,Q213481
Q121378,P190,Q140075
Q121378,P190,Q8738
Q121378,P190,Q3900
Q121378,P190,Q3519
Q121378,P190,Q13496
Q121378,P31,Q23442
Q121378,P910,Q7280621
Q121378,P17,Q41
Q121378,P17,Q1063498
Q121378,P17,Q142
Q121378,P17,Q1077630
Q121378,P17,Q142
Q121378,P17,Q4948
Q121378,P421,Q6723
Q121378,P421,Q6760
Q121378,P1465,Q17199786
Q121378,P1464,Q7916433
Q121378,P1343,Q2657718
Q121378,P1343,Q602358
Q121378,P1343,Q602358
Q121378,P1343,Q4114391
Q121378,P1343,Q19180675
Q121378,P1343,Q30059240
Q121378,P1343,Q3181656
Q121378,P610,Q333229
Q121378,P206,Q37495
Q121378,P36,Q205832
Q121378,P1792,Q6377824
Q121378,P361,Q170295
Q121378,P131,Q842235
Q121378,P706,Q170295
Q121378,P793,Q11794876
Q121378,P793,Q12810411
Q121378,P7867,Q84032179
Q379693,P910,Q8374257
Q379693,P1343,Q2657718
Q379693,P1343,Q2041543
Q379693,P279,Q1190554
Q379693,P279,Q837556
Q379693,P1889,Q188863
Q379693,P361,Q231147
Q1200730,P31,Q4167410
Q21483078,P31,Q101352
Q21483078,P1889,Q1149731
Q21483078,P282,Q8229
Q960853,P31,Q4167410
Q960853,P1889,Q41988027
Q483298,P460,Q294688
Q483298,P460,Q3980423
Q483298,P460,Q11755450
Q483298,P460,Q235237
Q483298,P460,Q10321953
Q483298,P460,Q564125
Q483298,P460,Q233799
Q483298,P460,Q452490
Q483298,P460,Q20531960
Q483298,P31,Q4167410
Q483298,P1889,Q37080
Q483298,P1889,Q4258715
Q191783,P910,Q8367616
Q191783,P31,Q694324
Q191783,P31,Q83267
Q259438,P910,Q10184136
Q259438,P279,Q12117
Q259438,P279,Q2995529
Q177716,P279,Q1520311
Q177716,P279,Q3588250
Q177716,P279,Q5153967
Q177716,P279,Q750215
Q177716,P279,Q2540524
Q177716,P910,Q9084081
Q177716,P1343,Q4173137
Q177716,P1343,Q602358
Q177716,P1343,Q19180675
Q177716,P1889,Q3199915
Q779763,P1343,Q47482102
Q779763,P361,Q77468620
Q208500,P279,Q7275
Q208500,P279,Q7269
Q208500,P910,Q6421400
Q208500,P122,Q7269
Q208500,P1906,Q273613
Q208500,P1906,Q2747456
Q208500,P31,Q15617994
Q208500,P31,Q1307214
Q208500,P138,Q2747456
Q342206,P31,Q4167410
Q5609372,P31,Q4167410
Q5609372,P460,Q2460586
Q131263,P279,Q1220959
Q131263,P279,Q6852233
Q131263,P910,Q8290385
Q131263,P1343,Q602358
Q131263,P1343,Q602358
Q131263,P1343,Q19180675
Q131263,P1343,Q4114391
Q131263,P361,Q245016
Q131263,P460,Q16147797
Q131263,P1424,Q26004242
Q131263,P1889,Q1195942
Q4979851,P31,Q4167410
Q152247,P910,Q32778037
Q152247,P279,Q331769
Q152247,P279,Q327968
Q152247,P361,Q77468620
Q152247,P2283,Q76469
Q152247,P461,Q170579
Q179352,P910,Q9661329
Q179352,P31,Q1307214
Q179352,P279,Q7269
Q179352,P279,Q5589178
Q1383410,P279,Q4056799
Q1383410,P1269,Q12136
Q207651,P31,Q28640
Q207651,P910,Q8430352
Q207651,P425,Q8454
Q207651,P1343,Q2041543
Q207651,P2283,Q1188457
Q207651,P2283,Q128015
Q207651,P2283,Q185639
Q207651,P279,Q57735705
Q207651,P279,Q212238
Q207651,P2354,Q6619111
Q207651,P1889,Q654437
Q207651,P1889,Q460875
Q207651,P1889,Q978044
Q207651,P1687,P157
Q5618885,P31,Q4167410
Q192623,P279,Q17768966
Q192623,P279,Q2727213
Q192623,P279,Q476807
Q192623,P910,Q6313433
Q192623,P3095,Q23906216
Q278818,P2079,Q3816735
Q278818,P279,Q20932605
Q278818,P527,Q927202
Q58968,P31,Q28640
Q58968,P279,Q4964182
Q58968,P910,Q9950876
Q58968,P361,Q77468620
Q58968,P5869,Q5879
Q58968,P5869,Q909
Q58968,P5869,Q4604
Q529574,P31,Q4167410
Q529574,P1889,Q904480
Q298505,P31,Q4167410
Q298505,P1889,Q36936949
Q35667,P282,Q257634
Q35667,P910,Q8481816
Q35667,P31,Q34770
Q35667,P31,Q839470
Q35667,P31,Q45762
Q35667,P31,Q436240
Q35667,P31,Q38058796
Q35667,P279,Q163629
Q35667,P1889,Q257634
Q35667,P1343,Q2657718
Q35667,P1343,Q602358
Q35667,P2596,Q139377
Q35667,P1999,Q20672091
Q35667,P4132,Q166097
Q35667,P17,Q115
Q35667,P17,Q986
Q424,P1151,Q14595180
Q424,P5125,Q7112219
Q424,P38,Q204737
Q424,P1792,Q7029662
Q424,P2852,Q2807090
Q424,P2852,Q4547615
Q424,P2852,Q11185210
Q424,P2853,Q24288454
Q424,P2853,Q1378312
Q424,P2853,Q1528507
Q424,P172,Q201028
Q424,P172,Q383256
Q424,P172,Q6501380
Q424,P172,Q216151
Q424,P2633,Q550167
Q424,P1313,Q1999325
Q424,P17,Q424
Q424,P1552,Q47185282
Q424,P530,Q408
Q424,P530,Q851
Q424,P530,Q668
Q424,P530,Q881
Q424,P530,Q403
Q424,P530,Q142
Q424,P530,Q801
Q424,P530,Q252
Q424,P530,Q35
Q424,P530,Q921
Q424,P530,Q833
Q424,P530,Q843
Q424,P530,Q865
Q424,P530,Q869
Q424,P530,Q928
Q424,P530,Q30
Q424,P530,Q159
Q424,P530,Q17
Q424,P530,Q148
Q424,P530,Q902
Q424,P530,Q230
Q424,P530,Q183
Q424,P530,Q458
Q424,P530,Q423
Q424,P35,Q57319
Q424,P1906,Q42298242
Q424,P194,Q1320418
Q424,P2184,Q675630
Q424,P37,Q9205
Q424,P30,Q48
Q424,P36,Q1850
Q424,P237,Q209302
Q424,P47,Q819
Q424,P47,Q869
Q424,P47,Q881
Q424,P910,Q7060103
Q424,P6,Q57788
Q424,P1304,Q284843
Q424,P463,Q1065
Q424,P463,Q7768
Q424,P463,Q7825
Q424,P463,Q191384
Q424,P463,Q827525
Q424,P463,Q656801
Q424,P463,Q1043527
Q424,P463,Q899770
Q424,P463,Q384535
Q424,P463,Q7886981
Q424,P463,Q188822
Q424,P463,Q8475
Q424,P463,Q842490
Q424,P463,Q7809
Q424,P463,Q5611262
Q424,P463,Q17495
Q424,P463,Q376150
Q424,P463,Q134102
Q424,P463,Q170424
Q424,P463,Q7817
Q424,P706,Q11708
Q424,P1740,Q7521878
Q424,P421,Q6940
Q424,P1465,Q8365397
Q424,P85,Q631618
Q424,P78,Q41047
Q424,P31,Q3624078
Q424,P31,Q6256
Q424,P31,Q41614
Q424,P610,Q539772
Q424,P1464,Q7463314
Q424,P1622,Q14565199
Q424,P1589,Q131217
Q424,P150,Q3817
Q424,P150,Q810923
Q424,P150,Q142258
Q424,P150,Q877468
Q424,P150,Q652867
Q424,P150,Q502148
Q424,P150,Q748470
Q424,P150,Q466031
Q424,P150,Q466000
Q424,P150,Q785896
Q424,P150,Q652830
Q424,P150,Q629538
Q424,P150,Q502151
Q424,P150,Q834464
Q424,P150,Q856788
Q424,P150,Q747846
Q424,P150,Q652818
Q424,P150,Q837889
Q424,P150,Q751864
Q424,P150,Q613345
Q424,P150,Q852089
Q424,P150,Q506646
Q424,P150,Q1850
Q424,P150,Q220966
Q424,P163,Q162999
Q424,P2936,Q9205
Q424,P2936,Q15771431
Q424,P2936,Q12645578
Q424,P2936,Q4957737
Q424,P2936,Q3514882
Q424,P2936,Q7641864
Q424,P2936,Q6344767
Q424,P2936,Q6583617
Q424,P2936,Q6583612
Q424,P2936,Q6583669
Q424,P2936,Q6583615
Q424,P2936,Q1860
Q424,P2936,Q9217
Q424,P2936,Q9211
Q424,P2936,Q36495
Q424,P2936,Q56310
Q424,P2936,Q150
Q424,P2936,Q33370
Q424,P2936,Q3199593
Q424,P2936,Q12953650
Q424,P2936,Q12953649
Q424,P2936,Q13018551
Q424,P2936,Q30334945
Q424,P122,Q41614
Q424,P1343,Q602358
Q424,P1343,Q3181656
Q424,P2596,Q2233484
Q424,P7867,Q84062100
Q424,P8402,Q97062708
Q424,P8744,Q622035
Q5806,P31,Q570116
Q5806,P31,Q1637706
Q5806,P17,Q851
Q5806,P421,Q6760
Q5806,P910,Q6464722
Q5806,P131,Q169977
Q5806,P131,Q76821846
Q5806,P131,Q12490507
Q5806,P131,Q8575586
Q5806,P131,Q12536
Q5806,P131,Q282428
Q5806,P131,Q12560
Q5806,P131,Q1592836
Q5806,P131,Q3558385
Q5806,P131,Q956357
Q5806,P131,Q1756546
Q5806,P131,Q234167
Q5806,P190,Q35484
Q5806,P190,Q101625
Q5806,P1464,Q8063242
Q5806,P1465,Q9218776
Q5806,P1792,Q6826214
Q5806,P1343,Q19180675
Q5806,P1343,Q602358
Q5806,P1343,Q1768721
Q5806,P5008,Q5460604
Q5806,P1376,Q956357
Q5806,P1376,Q1756546
Q5806,P1376,Q234167
Q5806,P1376,Q96176836
Q5806,P793,Q17019401
Q5806,P793,Q3023525
Q5806,P7867,Q84076299
Q5806,P6,Q371263
Q5806,P1889,Q96176836
Q124757,P279,Q686984
Q124757,P279,Q273120
Q124757,P910,Q8663474
Q124757,P1343,Q19180675
Q124757,P1343,Q602358
Q124757,P1343,Q1970746
Q124757,P1343,Q19190511
Q124757,P1343,Q19180675
Q124757,P1343,Q602358
Q124757,P6186,Q25164487
Q218,P1151,Q8132332
Q218,P5125,Q7112426
Q218,P38,Q131645
Q218,P1792,Q6993092
Q218,P2852,Q1061257
Q218,P2853,Q1378312
Q218,P2853,Q1123613
Q218,P2633,Q240722
Q218,P1313,Q15304810
Q218,P17,Q218
Q218,P2959,Q27062321
Q218,P122,Q49890
Q218,P1552,Q3174312
Q218,P530,Q16
Q218,P530,Q38
Q218,P530,Q183
Q218,P530,Q408
Q218,P530,Q881
Q218,P530,Q148
Q218,P530,Q212
Q218,P530,Q851
Q218,P530,Q159583
Q218,P530,Q801
Q218,P530,Q142
Q218,P530,Q843
Q218,P530,Q145
Q218,P530,Q215
Q218,P530,Q225
Q218,P530,Q298
Q218,P530,Q657
Q218,P530,Q35
Q218,P530,Q41
Q218,P530,Q28
Q218,P530,Q27
Q218,P530,Q217
Q218,P530,Q37
Q218,P530,Q219060
Q218,P530,Q20
Q218,P530,Q928
Q218,P530,Q36
Q218,P530,Q96
Q218,P530,Q833
Q218,P530,Q265
Q218,P530,Q29
Q218,P530,Q39
Q218,P530,Q43
Q218,P530,Q865
Q218,P530,Q30
Q218,P530,Q403
Q218,P530,Q159
Q218,P530,Q227
Q218,P530,Q399
Q218,P530,Q219
Q218,P530,Q423
Q218,P530,Q15180
Q218,P530,Q794
Q218,P530,Q846
Q218,P530,Q796
Q218,P530,Q878
Q218,P530,Q869
Q218,P1456,Q6623358
Q218,P421,Q6723
Q218,P421,Q6760
Q218,P421,Q5412100
Q218,P421,Q190252
Q218,P421,Q1109976
Q218,P2184,Q216672
Q218,P1365,Q958291
Q218,P1365,Q842794
Q218,P30,Q46
Q218,P36,Q19660
Q218,P237,Q173213
Q218,P47,Q212
Q218,P47,Q28
Q218,P47,Q403
Q218,P47,Q219
Q218,P47,Q217
Q218,P47,Q458
Q218,P47,Q33946
Q218,P47,Q83286
Q218,P47,Q15180
Q218,P47,Q36
Q218,P47,Q37024
Q218,P47,Q36704
Q218,P910,Q11317
Q218,P35,Q57279
Q218,P35,Q701484
Q218,P35,Q189575
Q218,P35,Q189575
Q218,P35,Q299152
Q218,P35,Q80504
Q218,P35,Q80504
Q218,P35,Q309993
Q218,P35,Q294072
Q218,P35,Q362380
Q218,P35,Q317313
Q218,P35,Q612177
Q218,P35,Q930013
Q218,P35,Q212897
Q218,P35,Q930013
Q218,P35,Q57165
Q218,P35,Q57146
Q218,P35,Q57146
Q218,P35,Q294832
Q218,P1791,Q7977879
Q218,P6,Q152362
Q218,P6,Q267857
Q218,P6,Q207473
Q218,P6,Q271966
Q218,P6,Q255022
Q218,P6,Q357004
Q218,P6,Q370856
Q218,P6,Q126671
Q218,P6,Q126660
Q218,P6,Q316823
Q218,P6,Q929248
Q218,P6,Q19003460
Q218,P6,Q513406
Q218,P6,Q322985
Q218,P6,Q380909
Q218,P6,Q362380
Q218,P6,Q309993
Q218,P6,Q294072
Q218,P6,Q317313
Q218,P6,Q279653
Q218,P6,Q368100
Q218,P6,Q554358
Q218,P6,Q2138565
Q218,P6,Q319759
Q218,P6,Q1127800
Q218,P6,Q444472
Q218,P6,Q539251
Q218,P6,Q397108
Q218,P6,Q705500
Q218,P6,Q133896
Q218,P6,Q745963
Q218,P6,Q956953
Q218,P6,Q711113
Q218,P6,Q153047
Q218,P6,Q1827000
Q218,P6,Q928939
Q218,P6,Q538455
Q218,P6,Q554730
Q218,P6,Q1119350
Q218,P6,Q921959
Q218,P6,Q1842040
Q218,P6,Q1127788
Q218,P6,Q2299760
Q218,P6,Q439903
Q218,P6,Q2268352
Q218,P6,Q223414
Q218,P6,Q1842040
Q218,P6,Q1377596
Q218,P6,Q313581
Q218,P6,Q1243658
Q218,P6,Q12735517
Q218,P6,Q9368300
Q218,P6,Q57692
Q218,P6,Q671955
Q218,P6,Q2138565
Q218,P6,Q444472
Q218,P6,Q444472
Q218,P6,Q539251
Q218,P6,Q539251
Q218,P6,Q539251
Q218,P6,Q956953
Q218,P6,Q711113
Q218,P6,Q153047
Q218,P6,Q153047
Q218,P6,Q153047
Q218,P6,Q153047
Q218,P6,Q554730
Q218,P6,Q28950289
Q218,P463,Q458
Q218,P463,Q1065
Q218,P463,Q7184
Q218,P463,Q8908
Q218,P463,Q42262
Q218,P463,Q7825
Q218,P463,Q380340
Q218,P463,Q81299
Q218,P463,Q191384
Q218,P463,Q827525
Q218,P463,Q656801
Q218,P463,Q1043527
Q218,P463,Q899770
Q218,P463,Q782942
Q218,P463,Q663492
Q218,P463,Q41644
Q218,P463,Q191582
Q218,P463,Q1928989
Q218,P463,Q8475
Q218,P463,Q1480793
Q218,P463,Q842490
Q218,P463,Q3866537
Q218,P463,Q1579424
Q218,P463,Q233611
Q218,P463,Q7809
Q218,P463,Q5611262
Q218,P463,Q17495
Q218,P463,Q376150
Q218,P463,Q134102
Q218,P463,Q170424
Q218,P463,Q7817
Q218,P5658,Q14565199
Q218,P1830,Q1413434
Q218,P1830,Q25273242
Q218,P1740,Q7237251
Q218,P208,Q2528718
Q218,P1465,Q6334602
Q218,P85,Q184540
Q218,P1906,Q839139
Q218,P1906,Q36784488
Q218,P1906,Q3409172
Q218,P1906,Q1788734
Q218,P1906,Q36789395
Q218,P361,Q27468
Q218,P78,Q42677
Q218,P31,Q3624078
Q218,P31,Q6256
Q218,P610,Q746524
Q218,P1464,Q8070692
Q218,P194,Q1813360
Q218,P793,Q2031312
Q218,P793,Q174205
Q218,P793,Q1989779
Q218,P793,Q204213
Q218,P793,Q1048169
Q218,P1589,Q166
Q218,P37,Q7913
Q218,P150,Q45868
Q218,P150,Q179559
Q218,P150,Q179567
Q218,P150,Q179779
Q218,P150,Q179588
Q218,P150,Q181513
Q218,P150,Q178861
Q218,P150,Q182614
Q218,P150,Q188503
Q218,P150,Q185309
Q218,P150,Q187925
Q218,P150,Q188948
Q218,P150,Q182624
Q218,P150,Q188505
Q218,P150,Q188959
Q218,P150,Q188797
Q218,P150,Q191065
Q218,P150,Q188796
Q218,P150,Q193055
Q218,P150,Q190406
Q218,P150,Q190702
Q218,P150,Q191071
Q218,P150,Q193044
Q218,P150,Q182888
Q218,P150,Q191670
Q218,P150,Q188813
Q218,P150,Q191717
Q218,P150,Q190711
Q218,P150,Q188661
Q218,P150,Q188945
Q218,P150,Q188665
Q218,P150,Q165459
Q218,P150,Q190690
Q218,P150,Q184797
Q218,P150,Q181209
Q218,P150,Q191653
Q218,P150,Q185586
Q218,P150,Q191078
Q218,P150,Q167199
Q218,P150,Q186838
Q218,P150,Q182778
Q218,P150,Q19660
Q218,P1622,Q14565199
Q218,P163,Q130811
Q218,P1343,Q602358
Q218,P1343,Q19180675
Q218,P1343,Q4173137
Q218,P1304,Q967861
Q218,P2936,Q7913
Q218,P2936,Q2669199
Q218,P2936,Q7362575
Q218,P2936,Q8798
Q218,P2936,Q13201
Q218,P2936,Q9067
Q218,P1344,Q5570670
Q218,P2596,Q1972914
Q218,P7867,Q8607468
Q218,P138,Q1747689
Q218,P8402,Q97098010
Q218,P8744,Q280832
Q178074,P910,Q8221991
Q178074,P1343,Q678259
Q178074,P1343,Q2657718
Q178074,P1343,Q2041543
Q178074,P1343,Q602358
Q178074,P31,Q25107
Q178074,P361,Q3406566
Q178074,P1056,Q65474590
Q178074,P1889,Q111295
Q269248,P910,Q7357270
Q269248,P31,Q12909644
Q269248,P279,Q1428239
Q269248,P1889,Q83280
Q543929,P31,Q21199
Q543929,P31,Q49008
Q543929,P31,Q13366129
Q543929,P5236,Q543929
Q543929,P4969,Q28469739
Q3631427,P31,Q4167410
Q482942,P910,Q6155842
Q482942,P31,Q41710
Q482942,P103,Q9292
Q482942,P527,Q44390
Q482942,P527,Q1436196
Q482942,P527,Q812110
Q482942,P527,Q2023676
Q482942,P527,Q10985965
Q482942,P527,Q17419175
Q482942,P527,Q2991513
Q482942,P527,Q65441
Q482942,P140,Q9585
Q482942,P140,Q483654
Q482942,P7867,Q84045505
Q482942,P361,Q83328
Q482942,P361,Q4058325
Q482942,P1889,Q101452272
Q9248,P190,Q25416
Q9248,P190,Q994719
Q9248,P190,Q21194
Q9248,P190,Q107401
Q9248,P190,Q48195
Q9248,P190,Q1479
Q9248,P190,Q16555
Q9248,P190,Q406
Q9248,P190,Q35997
Q9248,P190,Q1720
Q9248,P190,Q2634
Q9248,P190,Q11194
Q9248,P190,Q80053
Q9248,P190,Q374365
Q9248,P190,Q3805
Q9248,P190,Q3718
Q9248,P190,Q79857
Q9248,P190,Q656
Q9248,P190,Q81398
Q9248,P190,Q104560
Q9248,P190,Q84
Q9248,P190,Q641
Q9248,P190,Q1899
Q9248,P190,Q3926
Q9248,P190,Q8678
Q9248,P190,Q487704
Q9248,P31,Q5119
Q9248,P31,Q1549591
Q9248,P31,Q1637706
Q9248,P31,Q137413
Q9248,P421,Q6779
Q9248,P910,Q8286673
Q9248,P1464,Q8810662
Q9248,P1465,Q10047280
Q9248,P1740,Q10047453
Q9248,P1792,Q6033726
Q9248,P1376,Q227
Q9248,P1376,Q763603
Q9248,P1376,Q4075907
Q9248,P1376,Q206411
Q9248,P1376,Q4075927
Q9248,P1343,Q4114391
Q9248,P1343,Q4173137
Q9248,P1343,Q19180675
Q9248,P1343,Q867541
Q9248,P1343,Q602358
Q9248,P1343,Q3181656
Q9248,P206,Q5484
Q9248,P1151,Q17307400
Q9248,P2184,Q2079874
Q9248,P1791,Q7974818
Q9248,P17,Q34266
Q9248,P17,Q2630860
Q9248,P17,Q330756
Q9248,P17,Q206411
Q9248,P17,Q131337
Q9248,P17,Q15180
Q9248,P17,Q227
Q9248,P131,Q1390932
Q9248,P131,Q763603
Q9248,P131,Q131337
Q9248,P131,Q227
Q9248,P6,Q16166646
Q9248,P37,Q9292
Q9248,P7867,Q84020712
Q170552,P910,Q9529465
Q170552,P1343,Q2657718
Q170552,P279,Q811430
Q170552,P279,Q1454694
Q4884519,P31,Q4167410
Q38107872,P31,Q4167410
Q915026,P1889,Q1887282
Q915026,P279,Q987767
Q915026,P910,Q55327423
Q915026,P138,Q200814
Q309250,P279,Q1496967
Q309250,P910,Q8975905
Q309250,P1889,Q4554019
Q309250,P1889,Q1623285
Q309250,P361,Q41176
Q309250,P460,Q737988
Q223625,P828,Q686984
Q223625,P828,Q8065
Q223625,P1889,Q88307738
Q223625,P1889,Q6665312
Q223625,P5008,Q87748614
Q223625,P279,Q30314010
Q168658,P279,Q11422
Q168658,P910,Q7035720
Q168658,P460,Q343566
Q168658,P1343,Q2657718
Q168658,P1889,Q421307
Q168658,P1889,Q11752669
Q168658,P1889,Q65202442
Q6170790,P279,Q240854
Q6170790,P279,Q1137365
Q6170790,P361,Q11755880
Q233197,P31,Q4167410
Q233197,P460,Q225026
Q233197,P460,Q394063
Q233197,P1889,Q37520301
Q5528702,P31,Q4167410
Q5528702,P1889,Q5528704
Q8436,P279,Q874405
Q8436,P279,Q16334295
Q8436,P279,Q178706
Q8436,P279,Q1313923
Q8436,P910,Q7216461
Q8436,P1343,Q302556
Q8436,P1343,Q2657718
Q8436,P1343,Q602358
Q8436,P1343,Q4173137
Q8436,P1343,Q19180675
Q8436,P1343,Q1138524
Q8436,P1542,Q203516
Q8436,P527,Q8441
Q8436,P527,Q467
Q8436,P527,Q21075684
Q8436,P527,Q12758374
Q8436,P1424,Q6459756
Q8436,P1424,Q5623668
Q8436,P5008,Q5460604
Q8436,P5008,Q13382529
Q8436,P1687,P53
Q8436,P1687,P1538
Q8436,P1889,Q101352
Q8436,P1552,Q66363776
Q8436,P1552,Q1811480
Q1805910,P31,Q4167410
Q1805910,P1889,Q10989264
Q1179546,P31,Q4167410
Q229114,P31,Q4167410
Q229114,P460,Q4738336
Q229114,P460,Q348342
Q229114,P460,Q64416445
Q229114,P1889,Q25936428
Q229114,P1889,Q37313823
Q1127516,P31,Q4167410
Q1127516,P460,Q16876412
Q604435,P910,Q10209175
Q604435,P1343,Q2657718
Q604435,P361,Q24067406
Q604435,P460,Q123705
Q604435,P1424,Q14359110
Q604435,P279,Q12104567
Q177749,P279,Q83620
Q177749,P1889,Q3328263
Q177749,P910,Q63145561
Q177749,P1535,Q221488
Q179833,P17,Q227
Q179833,P131,Q227
Q179833,P131,Q131337
Q179833,P910,Q8825254
Q179833,P190,Q2910
Q179833,P190,Q198989
Q179833,P190,Q3519
Q179833,P190,Q157055
Q179833,P190,Q198266
Q179833,P190,Q185346
Q179833,P190,Q165806
Q179833,P190,Q187938
Q179833,P190,Q182521
Q179833,P190,Q761
Q179833,P31,Q56557664
Q179833,P31,Q1549591
Q179833,P1464,Q8074345
Q179833,P1740,Q10199390
Q179833,P1792,Q7928826
Q179833,P6,Q16166646
Q179833,P421,Q6779
Q179833,P1791,Q24040684
Q179833,P37,Q9292
Q179833,P1465,Q10199354
Q342007,P31,Q4167410
Q342007,P1889,Q28750891
Q342007,P1889,Q30079985
Q8355,P910,Q7215700
Q8355,P279,Q57050725
Q8355,P1343,Q19538713
Q8355,P1343,Q27680201
Q8355,P1343,Q602358
Q8355,P1343,Q63284758
Q8355,P1535,Q1259917
Q8355,P361,Q1365097
Q8355,P5008,Q5460604
Q8355,P3095,Q1259917
Q8355,P166,Q48757486
Q8355,P1898,Q96251665
Q8355,P1889,Q80284
Q8355,P527,Q1116074
Q106106,P279,Q2741056
Q106106,P1889,Q1762308
Q106106,P1889,Q10883050
Q106106,P1889,Q5662058
Q106106,P366,Q9158768
Q106106,P910,Q47351874
Q106106,P1343,Q1138524
Q103931230,P279,Q4393922
Q19858523,P31,Q11879590
Q19858523,P1889,Q41247046
Q19858523,P282,Q8229
Q19858523,P460,Q56315712
Q19858523,P460,Q56316235
Q19858523,P460,Q20064912
Q19858523,P460,Q1406296
Q19858523,P460,Q48720049
Q19858523,P460,Q56316726
Q19858523,P460,Q56316731
Q19858523,P460,Q56321858
Q1332286,P279,Q170028
Q1332286,P279,Q1137778
Q1332286,P910,Q8466099
Q1332286,P101,Q7748
Q1332286,P460,Q502918
Q1332286,P1382,Q3738797
Q1332286,P5125,Q7112639
Q1332286,P1687,P1778
Q2034305,P31,Q4167410
Q2034305,P1889,Q37206471
Q801,P1344,Q322607
Q801,P2746,Q1621080
Q801,P1792,Q7030723
Q801,P2852,Q25648793
Q801,P2852,Q25648794
Q801,P2852,Q25648798
Q801,P2853,Q1378312
Q801,P2853,Q1266396
Q801,P2853,Q1383497
Q801,P457,Q223732
Q801,P276,Q81483
Q801,P1313,Q208487
Q801,P1465,Q6334664
Q801,P832,Q131028
Q801,P832,Q132994
Q801,P832,Q182242
Q801,P832,Q932711
Q801,P832,Q130881
Q801,P832,Q748816
Q801,P832,Q180115
Q801,P832,Q121393
Q801,P832,Q2914551
Q801,P832,Q309530
Q801,P832,Q1539489
Q801,P832,Q952721
Q801,P832,Q1472650
Q801,P832,Q201196
Q801,P832,Q748801
Q801,P832,Q1820509
Q801,P530,Q30
Q801,P530,Q159
Q801,P530,Q16
Q801,P530,Q148
Q801,P530,Q79
Q801,P530,Q794
Q801,P530,Q810
Q801,P530,Q668
Q801,P530,Q17
Q801,P530,Q142
Q801,P530,Q213
Q801,P530,Q145
Q801,P530,Q41
Q801,P530,Q183
Q801,P530,Q38
Q801,P530,Q414
Q801,P530,Q408
Q801,P530,Q43
Q801,P530,Q884
Q801,P530,Q928
Q801,P530,Q229
Q801,P530,Q115
Q801,P530,Q334
Q801,P530,Q159583
Q801,P530,Q155
Q801,P530,Q20
Q801,P530,Q212
Q801,P530,Q184
Q801,P530,Q227
Q801,P530,Q419
Q801,P530,Q739
Q801,P530,Q40
Q801,P530,Q846
Q801,P530,Q15180
Q801,P530,Q954
Q801,P530,Q836
Q801,P530,Q986
Q801,P530,Q55
Q801,P530,Q37
Q801,P530,Q96
Q801,P530,Q218
Q801,P530,Q403
Q801,P530,Q1020
Q801,P530,Q1025
Q801,P530,Q1032
Q801,P530,Q33
Q801,P530,Q878
Q801,P530,Q948
Q801,P530,Q399
Q801,P530,Q916
Q801,P530,Q298
Q801,P530,Q77
Q801,P530,Q717
Q801,P530,Q27
Q801,P530,Q221
Q801,P530,Q1033
Q801,P530,Q1030
Q801,P530,Q691
Q801,P530,Q233
Q801,P530,Q39
Q801,P530,Q733
Q801,P530,Q1036
Q801,P530,Q424
Q801,P530,Q790
Q801,P530,Q205047
Q801,P530,Q458
Q801,P530,Q241
Q801,P530,Q912
Q801,P530,Q750
Q801,P530,Q811
Q801,P530,Q230
Q801,P530,Q262
Q801,P530,Q858
Q801,P530,Q865
Q801,P530,Q215
Q801,P530,Q953
Q801,P530,Q837
Q801,P530,Q34
Q801,P530,Q36
Q801,P530,Q31
Q801,P530,Q258
Q801,P530,Q774
Q801,P530,Q35
Q801,P530,Q16957
Q801,P530,Q28
Q801,P530,Q712
Q801,P2184,Q2696109
Q801,P206,Q748696
Q801,P206,Q126982
Q801,P206,Q23883
Q801,P206,Q81611
Q801,P206,Q40059
Q801,P206,Q4918
Q801,P36,Q1218
Q801,P1791,Q7976029
Q801,P463,Q1065
Q801,P463,Q41550
Q801,P463,Q7825
Q801,P463,Q192177
Q801,P463,Q191384
Q801,P463,Q827525
Q801,P463,Q656801
Q801,P463,Q1043527
Q801,P463,Q899770
Q801,P463,Q42944
Q801,P463,Q8475
Q801,P463,Q7809
Q801,P463,Q5611262
Q801,P463,Q17495
Q801,P463,Q376150
Q801,P463,Q663492
Q801,P463,Q170424
Q801,P463,Q7817
Q801,P5658,Q13196750
Q801,P2238,Q25247
Q801,P421,Q2583609
Q801,P421,Q6087247
Q801,P1906,Q327948
Q801,P1906,Q62119441
Q801,P47,Q858
Q801,P47,Q810
Q801,P47,Q79
Q801,P47,Q822
Q801,P47,Q407199
Q801,P47,Q229
Q801,P47,Q39760
Q801,P47,Q36678
Q801,P47,Q170468
Q801,P138,Q155321
Q801,P163,Q128480
Q801,P6104,Q10781185
Q801,P1151,Q8252866
Q801,P5125,Q15264771
Q801,P38,Q131309
Q801,P38,Q2720762
Q801,P38,Q3973271
Q801,P38,Q1674712
Q801,P2633,Q1616635
Q801,P17,Q801
Q801,P2959,Q23653940
Q801,P2959,Q20829392
Q801,P122,Q4198907
Q801,P1424,Q10563945
Q801,P209,Q399798
Q801,P194,Q133396
Q801,P1365,Q193714
Q801,P30,Q48
Q801,P237,Q184991
Q801,P5008,Q5460604
Q801,P1552,Q3174312
Q801,P1552,Q2614401
Q801,P485,Q2637340
Q801,P740,Q2620299
Q801,P1889,Q234180
Q801,P910,Q1411497
Q801,P1304,Q244411
Q801,P6,Q17316941
Q801,P6,Q37610
Q801,P6,Q208477
Q801,P6,Q37610
Q801,P6,Q191123
Q801,P6,Q42992
Q801,P6,Q34060
Q801,P6,Q130873
Q801,P6,Q184351
Q801,P6,Q57410
Q801,P6,Q184351
Q801,P6,Q34060
Q801,P6,Q57410
Q801,P6,Q43723
Q801,P6,Q125731
Q801,P6,Q60206
Q801,P6,Q93181
Q801,P706,Q170526
Q801,P1740,Q6419007
Q801,P208,Q2578249
Q801,P85,Q130865
Q801,P78,Q40467
Q801,P31,Q3624078
Q801,P31,Q51576574
Q801,P31,Q6256
Q801,P610,Q215471
Q801,P1464,Q6037884
Q801,P112,Q37610
Q801,P1622,Q14565199
Q801,P35,Q455854
Q801,P35,Q57410
Q801,P35,Q172183
Q801,P35,Q128894
Q801,P35,Q299100
Q801,P35,Q110330
Q801,P35,Q311583
Q801,P35,Q295141
Q801,P35,Q128911
Q801,P35,Q181832
Q801,P35,Q172183
Q801,P35,Q37610
Q801,P35,Q974766
Q801,P35,Q1720966
Q801,P35,Q736237
Q801,P35,Q234190
Q801,P1589,Q23883
Q801,P37,Q9288
Q801,P37,Q13955
Q801,P150,Q192232
Q801,P150,Q192811
Q801,P150,Q188785
Q801,P150,Q185845
Q801,P150,Q189942
Q801,P150,Q188781
Q801,P150,Q513200
Q801,P1343,Q17329836
Q801,P2936,Q56467
Q801,P2936,Q56595
Q801,P2936,Q9288
Q801,P2936,Q34200
Q801,P2936,Q56502
Q801,P2936,Q55633582
Q801,P2936,Q3436461
Q801,P2936,Q3436467
Q801,P2936,Q1982248
Q801,P2936,Q2915457
Q801,P2936,Q2911863
Q801,P2936,Q56469
Q801,P2936,Q56473
Q801,P2936,Q1860
Q801,P2936,Q56599
Q801,P2936,Q56598
Q801,P2936,Q35737
Q801,P2936,Q35854
Q801,P2936,Q8641
Q801,P2936,Q36196
Q801,P2936,Q37733
Q801,P2936,Q33234
Q801,P2936,Q33367
Q801,P2936,Q33407
Q801,P2936,Q33426
Q801,P361,Q7204
Q801,P2596,Q385334
Q801,P7867,Q8607396
Q801,P8402,Q97119126
Q801,P1382,Q23792
Q7204,P1151,Q11266185
Q7204,P30,Q48
Q7204,P30,Q15
Q7204,P910,Q6157311
Q7204,P31,Q82794
Q7204,P31,Q3502482
Q7204,P421,Q6723
Q7204,P421,Q6760
Q7204,P421,Q6773
Q7204,P527,Q170526
Q7204,P527,Q27293
Q7204,P527,Q810
Q7204,P527,Q219060
Q7204,P5008,Q5460604
Q7204,P5008,Q54439832
Q7204,P2633,Q3123438
Q7204,P361,Q984212
Q7204,P361,Q48
Q7204,P2184,Q51615
Q7204,P8744,Q3578730
Q1178521,P31,Q4167410
Q1178521,P1889,Q18508449
Q1178521,P1889,Q37440604
Q21492328,P31,Q101352
Q21492328,P1889,Q1793023
Q21492328,P282,Q8229
Q21488103,P31,Q101352
Q21488103,P1889,Q307690
Q21488103,P282,Q8229
Q170028,P910,Q7216269
Q170028,P279,Q11024
Q170028,P279,Q600571
Q170028,P1343,Q2041543
Q170028,P1343,Q101314624
Q170028,P1889,Q33056942
Q170028,P1889,Q29485
Q170028,P2283,Q690194
Q170028,P2283,Q4925193
Q170028,P460,Q5282225
Q170028,P1552,Q706622
Q170028,P461,Q337349
Q23808211,P1343,Q101314624
Q194465,P279,Q1190554
Q194465,P279,Q85249348
Q194465,P910,Q8879053
Q1173706,P31,Q4167410
Q1024843,P31,Q4167410
Q1024843,P460,Q20902210
Q1024843,P460,Q228864
Q1024843,P460,Q20902201
Q354116,P31,Q4167410
Q5466523,P31,Q4167410
Q7993649,P31,Q4167410
Q178518,P31,Q4167410
Q178518,P1889,Q19750549
Q28753,P105,Q34740
Q28753,P171,Q28922
Q28753,P910,Q7009692
Q28753,P31,Q16521
Q28753,P1343,Q19180675
Q28753,P1343,Q602358
Q28753,P1343,Q1970746
Q16872574,P31,Q4167410
Q4034953,P31,Q4167410
Q4034953,P1889,Q210395
Q4034953,P1889,Q60715676
Q4034953,P1889,Q93591301
Q4034953,P1889,Q4878471
Q4034953,P1889,Q93634241
Q1421937,P31,Q4167410
Q193391,P425,Q1889
Q193391,P279,Q212238
Q193391,P910,Q6489769
Q193391,P31,Q28640
Q193391,P31,Q11488158
Q193391,P1343,Q2657718
Q193391,P6186,Q59576047
Q1409328,P31,Q4167410
Q1409328,P1889,Q15119901
Q1409328,P1889,Q26234745
Q1409328,P1889,Q26234749
Q2210124,P31,Q4167410
Q2210124,P1889,Q21018734
Q2210124,P1889,Q37505187
Q5209532,P31,Q41812345
Q5209532,P179,Q184661
Q5209532,P156,Q7808386
Q5209532,P155,Q7876364
Q5209532,P361,Q184661
Q44619,P31,Q16748867
Q44619,P31,Q60539481
Q44619,P31,Q77468620
Q44619,P910,Q7232869
Q44619,P361,Q9357054
Q44619,P828,Q3858303
Q44619,P828,Q175854
Q44619,P1542,Q14916351
Q44619,P279,Q154430
Q44619,P279,Q16748867
Q44619,P461,Q362547
Q44619,P1889,Q1522565
Q44619,P1343,Q1768721
Q44619,P1343,Q101314624
Q878607,P31,Q41710
Q878607,P31,Q231002
Q878607,P31,Q33829
Q878607,P31,Q81058955
Q878607,P910,Q6152753
Q878607,P1343,Q2657718
Q878607,P1412,Q13955
Q878607,P1412,Q36163
Q878607,P1412,Q36368
Q878607,P1412,Q8785
Q878607,P1412,Q28602
Q878607,P1412,Q33522
Q878607,P1412,Q150
Q878607,P1412,Q1860
Q878607,P279,Q100448011
Q878607,P279,Q4058325
Q878607,P279,Q22947
Q878607,P279,Q2472587
Q878607,P279,Q215627
Q878607,P17,Q858
Q878607,P138,Q858
Q878607,P131,Q858
Q878607,P27,Q858
Q878607,P495,Q858
Q878607,P5008,Q98970039
Q16860025,P31,Q4167410
Q16860025,P1889,Q37446368
Q1552936,P31,Q4167410
Q44854,P910,Q7012145
Q44854,P1343,Q2041543
Q44854,P1343,Q11148
Q44854,P5008,Q13382529
Q44854,P5008,Q21830823
Q44854,P279,Q528892
Q44854,P279,Q66364050
Q42470,P361,Q2532754
Q42470,P910,Q5613691
Q42470,P279,Q187931
Q42470,P279,Q3026787
Q42470,P279,Q386724
Q42470,P279,Q234460
Q42470,P460,Q30515
Q42470,P1687,P1451
Q42470,P1687,P1546
Q42470,P1343,Q19538713
Q490149,P361,Q9357054
Q490149,P361,Q77468620
Q490149,P31,Q60539481
Q490149,P31,Q16748888
Q490149,P1343,Q20961706
Q490149,P1889,Q14255889
Q490149,P1889,Q41796120
Q487096,P190,Q54108
Q487096,P190,Q939528
Q487096,P190,Q465078
Q487096,P190,Q1089347
Q487096,P190,Q1936076
Q487096,P190,Q33532
Q487096,P190,Q6393
Q487096,P17,Q29
Q487096,P6,Q11912420
Q487096,P910,Q8659859
Q487096,P31,Q33146843
Q487096,P131,Q15361
Q487096,P47,Q15088
Q487096,P47,Q508754
Q487096,P47,Q550210
Q487096,P47,Q1245507
Q487096,P47,Q1230100
Q487096,P47,Q679015
Q487096,P47,Q1233410
Q487096,P47,Q1230080
Q487096,P47,Q542633
Q487096,P1464,Q8070044
Q487096,P1465,Q18761338
Q487096,P1376,Q15361
Q487096,P1313,Q26698306
Q487096,P2184,Q9004172
Q487096,P421,Q6655
Q487096,P421,Q6723
Q487096,P1792,Q29169716
Q487096,P163,Q11907923
Q487096,P237,Q11920191
Q487096,P7867,Q84020577
Q3565868,P279,Q350783
Q3565868,P279,Q4354683
Q3565868,P279,Q96622169
Q3565868,P910,Q6260003
Q3565868,P361,Q7590
Q3565868,P31,Q268592
Q3565868,P31,Q334166
Q3565868,P31,Q8187769
Q3565868,P1151,Q6889693
Q3565868,P121,Q22667
Q3565868,P1889,Q350783
Q3565868,P1889,Q22667
Q3565868,P2184,Q477862
Q3565868,P1343,Q602358
Q3565868,P1343,Q4114391
Q3565868,P1343,Q602358
Q3565868,P1343,Q602358
Q3565868,P1343,Q19180675
Q3565868,P5125,Q7112713
Q7167,P910,Q6484109
Q7167,P1343,Q20743760
Q7167,P1343,Q21002838
Q7167,P31,Q1641112
Q7167,P279,Q7260
Q7167,P5008,Q5460604
Q7167,P1889,Q133156
Q2366202,P31,Q4167410
Q2366202,P1889,Q21079821
Q2366202,P1889,Q37473653
Q208385,P910,Q9442066
Q208385,P279,Q11994509
Q208385,P31,Q1998962
Q208385,P361,Q44
Q208385,P1343,Q2041543
Q208385,P1343,Q63284758
Q543025,P279,Q997002
Q543025,P495,Q30
Q543025,P138,Q1891
Q7325,P31,Q11197007
Q7325,P31,Q6266
Q7325,P31,Q2472587
Q7325,P910,Q5838566
Q7325,P1424,Q6638549
Q7325,P1343,Q2657718
Q7325,P1343,Q2041543
Q7325,P1343,Q4086271
Q7325,P1343,Q4173137
Q7325,P1343,Q19180675
Q7325,P1343,Q602358
Q7325,P1343,Q2535917
Q7325,P138,Q282220
Q7325,P527,Q34069
Q7325,P527,Q102251
Q7325,P527,Q657993
Q7325,P527,Q2265699
Q7325,P527,Q2908477
Q7325,P527,Q2309935
Q7325,P279,Q62928
Q7325,P2184,Q961603
Q7325,P2579,Q42002
Q7325,P2354,Q835475
Q7325,P361,Q62928
Q7325,P140,Q9268
Q7325,P461,Q252837
Q7325,P103,Q9288
Q7325,P103,Q8641
Q7325,P103,Q36196
Q7325,P17,Q801
Q7325,P17,Q30
Q7325,P17,Q142
Q7325,P17,Q16
Q7325,P17,Q145
Q1176500,P31,Q4167410
Q1176500,P1889,Q19688741
Q1176500,P1889,Q16874867
Q368,P27,Q298
Q368,P19,Q33986
Q368,P20,Q2887
Q368,P26,Q2287542
Q368,P40,Q522106
Q368,P40,Q5711719
Q368,P106,Q189290
Q368,P106,Q82955
Q368,P509,Q12152
Q368,P910,Q8275719
Q368,P31,Q5
Q368,P39,Q466956
Q368,P39,Q18882653
Q368,P1343,Q17290934
Q368,P1343,Q67311526
Q368,P735,Q769032
Q368,P735,Q18218536
Q368,P735,Q29043257
Q368,P1344,Q856670
Q368,P140,Q1841
Q368,P1196,Q3739104
Q368,P410,Q56923
Q368,P598,Q860704
Q368,P166,Q2300740
Q368,P166,Q93988
Q368,P166,Q430479
Q368,P166,Q1857021
Q368,P166,Q3885457
Q368,P166,Q1783970
Q368,P1950,Q21501846
Q368,P463,Q2886342
Q368,P793,Q11679964
Q368,P793,Q7278247
Q368,P241,Q2745472
Q368,P1412,Q1321
Q368,P734,Q57886220
Q368,P551,Q33986
Q368,P21,Q6581097
Q368,P69,Q5917692
Q368,P69,Q5777303
Q368,P69,Q5402022
Q368,P69,Q232141
Q368,P1399,Q15279749
Q368,P108,Q5399127
Q368,P1142,Q204481
Q368,P1142,Q182121
Q368,P102,Q327591
Q368,P103,Q1321
Q15303501,P31,Q1207505
Q15303501,P1889,Q7066
Q15303501,P279,Q23498130
Q15303501,P461,Q46135267
Q218252,P31,Q4167410
Q218252,P460,Q13516691
Q218252,P460,Q5994222
Q218252,P460,Q10823493
Q218252,P460,Q188637
Q218252,P460,Q341433
Q218252,P460,Q15847855
Q218252,P460,Q61053123
Q218252,P460,Q412995
Q218252,P460,Q22139561
Q218252,P1889,Q20065401
Q218252,P1889,Q63345601
Q218252,P1889,Q64699565
Q26833,P31,Q25379
Q26833,P50,Q692
Q26833,P910,Q9061584
Q26833,P840,Q641
Q26833,P674,Q1966171
Q26833,P674,Q3272719
Q26833,P674,Q1655364
Q26833,P674,Q6829164
Q26833,P674,Q5371628
Q26833,P674,Q4902480
Q26833,P674,Q4953161
Q26833,P674,Q7356703
Q26833,P674,Q63115870
Q26833,P674,Q61635995
Q26833,P674,Q61636041
Q26833,P674,Q61636065
Q26833,P136,Q80930
Q26833,P407,Q1472196
Q26833,P1889,Q1510263
Q26833,P495,Q21
Q26833,P4969,Q55840065
Q26833,P747,Q59264625
Q26833,P747,Q59264923
Q26833,P747,Q59264978
Q26833,P747,Q59265056
Q26833,P747,Q59265373
Q26833,P747,Q59266796
Q26833,P747,Q96887312
Q26833,P6216,Q19652
Q26833,P6216,Q19652
Q1248258,P279,Q32098
Q4895508,P279,Q2221906
Q4895508,P279,Q718893
Q4895508,P279,Q1503302
Q4895508,P361,Q718893
Q4895508,P1343,Q65109596
Q4895508,P910,Q8292933
Q1182102,P1269,Q459381
Q1182102,P1889,Q931180
Q1181836,P1889,Q12046144
Q1181836,P460,Q2615915
Q1181836,P31,Q54989186
Q7188,P910,Q54070
Q7188,P1343,Q2657718
Q7188,P1557,Q25107
Q7188,P527,Q35535
Q7188,P5008,Q5460604
Q7188,P5125,Q25113003
Q7188,P1963,P6
Q7188,P1963,P527
Q7188,P1963,P17
Q7188,P1963,P571
Q7188,P1963,P576
Q7188,P1963,P279
Q7188,P1963,P3842
Q7188,P1963,P1313
Q7188,P1963,P355
Q7188,P2388,Q2285706
Q7188,P1889,Q6199
Q7188,P1889,Q188670
Q7188,P1889,Q192424
Q7188,P279,Q1125239
Q7188,P461,Q192852
Q7188,P361,Q35798
Q7188,P1552,Q1307214
Q235316,P31,Q23691
Q235316,P17,Q851
Q235316,P50,Q12181758
Q235316,P407,Q13955
Q235316,P826,Q913790
Q7586439,P282,Q8229
Q7586439,P31,Q12308941
Q7586439,P1533,Q37562098
Q4947397,P31,Q4167410
Q357110,P31,Q4167410
Q357110,P1889,Q28753213
Q6277218,P31,Q4167410
Q221995,P31,Q4167410
Q5338072,P31,Q202444
Q5338072,P282,Q8229
Q167918,P461,Q3603531
Q167918,P31,Q171318
Q167918,P279,Q402152
Q167918,P279,Q24882651
Q2313948,P31,Q4167410
Q2313948,P1889,Q432161
Q2313948,P1889,Q26214577
Q2313948,P1889,Q28038713
Q2313948,P1889,Q63567532
Q40434513,P31,Q624240
Q40434513,P407,Q13955
Q40434513,P1889,Q2212247
Q40434513,P527,Q23806099
Q40434513,P282,Q1828555
Q1004919,P31,Q4167410
Q1004919,P1889,Q16865158
Q1261025,P31,Q4167410
Q1261025,P1889,Q16002642
Q1261025,P1889,Q33109964
Q1261025,P460,Q421627
Q185325,P361,Q11190
Q185325,P910,Q7012562
Q185325,P279,Q5491454
Q185325,P279,Q133981
Q185325,P527,Q2990704
Q185325,P527,Q23807837
Q185325,P527,Q286949
Q1237453,P31,Q4167410
Q1237453,P460,Q19367471
Q257813,P31,Q4167410
Q257813,P1889,Q17505775
Q257813,P1889,Q3783460
Q257813,P1889,Q1586017
Q57743860,P31,Q82799
Q57743860,P527,Q21491865
Q57743860,P527,Q57743895
Q57743860,P527,Q57744034
Q57743860,P527,Q57745489
Q57743860,P407,Q8641
Q313212,P21,Q6581097
Q313212,P31,Q5
Q313212,P39,Q26835654
Q313212,P40,Q334756
Q313212,P1889,Q3854614
Q313212,P1889,Q18978381
Q313212,P106,Q116
Q313212,P1343,Q4173137
Q313212,P1343,Q602358
Q313212,P1343,Q4086271
Q225486,P31,Q4167410
Q225486,P1889,Q22001590
Q225486,P1889,Q1965666
Q1176995,P31,Q4167410
Q1176995,P1889,Q342334
Q1176995,P1889,Q15954638
Q1321905,P361,Q168338
Q1321905,P361,Q77468620
Q1321905,P279,Q20679883
Q7540667,P31,Q4167410
Q372436,P31,Q28640
Q372436,P425,Q35798
Q372436,P279,Q82955
Q372436,P1424,Q5830052
Q372436,P1424,Q22836803
Q372436,P1889,Q2333891
Q372436,P910,Q7707432
Q11409,P910,Q8256966
Q11409,P155,Q4533954
Q11409,P156,Q3136857
Q11409,P31,Q1156854
Q11409,P1343,Q22639418
Q11409,P279,Q59816
Q11409,P5008,Q5460604
Q11409,P5008,Q13382529
Q11409,P1557,Q8461
Q2917796,P31,Q11032
Q2917796,P407,Q9288
Q2917796,P17,Q801
Q2917796,P127,Q12406452
Q2917796,P123,Q12407283
Q2917796,P112,Q786429
Q2917796,P5769,Q299100
Q2917796,P159,Q33935
Q183545,P31,Q4167410
Q20660536,P31,Q4167410
Q847660,P17,Q851
Q847660,P17,Q200464
Q847660,P31,Q66661665
Q847660,P131,Q953508
Q847660,P910,Q9914346
Q847660,P1464,Q32648438
Q847660,P1792,Q27928998
Q847660,P1376,Q4021032
Q847660,P1343,Q602358
Q847660,P1889,Q12191403
Q847660,P527,Q12191403
Q2143919,P31,Q4167410
Q1404428,P31,Q3647172
Q1404428,P111,Q11423
Q1404428,P910,Q32771167
Q1404428,P1343,Q4086271
Q87768670,P31,Q12308941
Q87768670,P282,Q33513
Q87768670,P407,Q9288
Q87768670,P460,Q169279
Q87768670,P460,Q19965915
Q87768670,P460,Q2588576
Q9684,P31,Q1110794
Q9684,P31,Q1153191
Q9684,P123,Q2529982
Q9684,P123,Q24743245
Q9684,P291,Q11299
Q9684,P291,Q60
Q9684,P166,Q46525
Q9684,P166,Q644995
Q9684,P166,Q1643830
Q9684,P166,Q845188
Q9684,P166,Q845188
Q9684,P112,Q5541162
Q9684,P112,Q164985
Q9684,P910,Q7214236
Q9684,P17,Q30
Q9684,P159,Q1139633
Q9684,P159,Q7769405
Q9684,P159,Q192680
Q9684,P495,Q30
Q9684,P127,Q2529982
Q9684,P452,Q3972943
Q9684,P3912,Q665319
Q9684,P407,Q1860
Q9684,P5769,Q5245997
Q9684,P1830,Q5299386
Q9684,P527,Q20857891
Q9684,P98,Q5245997
Q9684,P6379,Q188740
Q9684,P1344,Q65118648
Q9684,P1889,Q50008
Q9684,P1687,P8297
Q9684,P355,Q87193782
Q9684,P355,Q100294968
Q407466,P31,Q4167410
Q407466,P1889,Q16865147
Q1261347,P1533,Q15731571
Q1261347,P31,Q12308941
Q1261347,P460,Q13480879
Q1261347,P460,Q2131007
Q1261347,P460,Q16275954
Q1261347,P460,Q7996169
Q1261347,P460,Q16275951
Q1261347,P460,Q1514735
Q1261347,P460,Q5550225
Q1261347,P460,Q5553169
Q1261347,P460,Q18282500
Q1261347,P460,Q18145331
Q1261347,P460,Q27772669
Q1261347,P460,Q1497736
Q1261347,P460,Q22140341
Q1261347,P460,Q19572194
Q1261347,P460,Q18171083
Q1261347,P460,Q54487764
Q1261347,P1889,Q3760904
Q1261347,P1889,Q15731571
Q1261347,P407,Q1860
Q1261347,P407,Q7026
Q1261347,P407,Q7411
Q1261347,P282,Q8229
Q1261347,P5323,Q21644845
Q1261347,P5323,Q21142040
Q1261347,P1343,Q151
Q327018,P279,Q4929239
Q327018,P910,Q8551804
Q327018,P1343,Q2657718
Q946865,P279,Q1190554
Q946865,P279,Q685744
Q946865,P910,Q18758123
Q946865,P156,Q64825398
Q946865,P828,Q185836
Q946865,P828,Q12131
Q946865,P828,Q442023
Q946865,P1889,Q796919
Q946865,P1889,Q17052147
Q7271585,P279,Q340169
Q7271585,P1269,Q9135
Q327018,P279,Q4929239
Q327018,P910,Q8551804
Q327018,P1343,Q2657718
Q7052,P910,Q8996969
Q7052,P17,Q183
Q7052,P131,Q1200
Q7052,P6,Q2424755
Q7052,P47,Q8552
Q7052,P47,Q8551
Q7052,P47,Q8557
Q7052,P150,Q718466
Q7052,P150,Q1158655
Q7052,P150,Q1533886
Q7052,P150,Q663368
Q7052,P150,Q937488
Q7052,P150,Q1875694
Q7052,P150,Q1958115
Q7052,P150,Q874135
Q7052,P190,Q22730
Q7052,P190,Q148483
Q7052,P190,Q472675
Q7052,P190,Q12884189
Q7052,P31,Q22865
Q7052,P31,Q42744322
Q7052,P31,Q85632032
Q7052,P31,Q134626
Q7052,P1464,Q15070625
Q7052,P421,Q6655
Q7052,P421,Q6723
Q7052,P1792,Q8739753
Q7052,P1376,Q8551
Q7052,P1830,Q1733986
Q7052,P1465,Q59916012
Q7052,P1343,Q602358
Q7052,P1343,Q316838
Q7052,P793,Q17984623
Q7052,P793,Q77095352
Q7052,P793,Q77094950
Q7052,P793,Q77095209
Q7052,P793,Q18216901
Q7052,P463,Q1750151
Q7052,P463,Q142357
Q7052,P7867,Q83984498
Q7097817,P31,Q4167410
Q7460005,P31,Q4167410
Q4927998,P31,Q4167410
Q5136605,P31,Q4167410
Q1361400,P279,Q373315
Q1361400,P279,Q271669
Q1361400,P279,Q55659107
Q1361400,P1889,Q3779737
Q1361400,P1343,Q19190511
Q186024,P1611,Q18536818
Q186024,P155,Q10918728
Q186024,P31,Q56019
Q186024,P279,Q1156796
Q186024,P279,Q18628523
Q186024,P156,Q330459
Q186024,P460,Q1642186
Q186024,P910,Q29508232
Q186024,P1343,Q19180675
Q186024,P1343,Q602358
Q186024,P1343,Q4114391
Q186024,P1343,Q1970746
Q127040,P31,Q101352
Q127040,P407,Q256
Q127040,P1889,Q6014625
Q127040,P282,Q8229
Q261993,P31,Q4167410
Q261993,P910,Q8636414
Q1346922,P361,Q192249
Q1346922,P1343,Q2657718
Q1346922,P279,Q987767
Q1346922,P138,Q192249
Q527046,P31,Q4167410
Q740732,P279,Q3590880
Q740732,P279,Q161928
Q740732,P279,Q1065579
Q740732,P279,Q15851737
Q740732,P1343,Q602358
Q1322580,P31,Q4167410
Q1322580,P1889,Q37519355
Q1322580,P1343,Q2041543
Q1462047,P17,Q12560
Q1462047,P279,Q1993723
Q1462047,P279,Q10864048
Q1462047,P279,Q19576
Q1462047,P910,Q6327051
Q10542,P31,Q8928
Q10542,P910,Q7009270
Q10542,P1343,Q2657718
Q10542,P1343,Q602358
Q10542,P1343,Q3181656
Q10542,P1889,Q21476911
Q10542,P61,Q333534
Q10542,P61,Q2300479
Q10542,P138,Q40843
Q10542,P47,Q8844
Q10542,P47,Q10435
Q10542,P1424,Q14336015
Q25194134,P31,Q4167410
Q122803,P17,Q43
Q122803,P910,Q8421791
Q122803,P190,Q1014125
Q122803,P1464,Q8080226
Q122803,P31,Q515
Q122803,P31,Q1549591
Q122803,P31,Q2716259
Q122803,P1465,Q17355689
Q122803,P1740,Q19479224
Q122803,P1792,Q7934021
Q122803,P1343,Q678259
Q122803,P1343,Q4532135
Q122803,P1343,Q19180675
Q122803,P1343,Q602358
Q122803,P1343,Q1138524
Q122803,P1343,Q63284758
Q122803,P1343,Q4532138
Q122803,P131,Q376797
Q122803,P421,Q6760
Q122803,P1376,Q376797
Q122803,P1376,Q3808715
Q122803,P1376,Q4690373
Q122803,P37,Q256
Q122803,P793,Q16916509
Q14346236,P31,Q12308941
Q14346236,P460,Q1985538
Q14346236,P460,Q17523812
Q14346236,P460,Q17523941
Q14346236,P460,Q342004
Q14346236,P460,Q5548460
Q14346236,P460,Q12900074
Q14346236,P460,Q13188334
Q14346236,P460,Q17523722
Q14346236,P460,Q17524981
Q14346236,P460,Q3513270
Q14346236,P460,Q12793167
Q14346236,P460,Q1713859
Q14346236,P460,Q942625
Q14346236,P460,Q1715186
Q14346236,P460,Q14508321
Q14346236,P460,Q15921764
Q14346236,P460,Q17523753
Q14346236,P460,Q17525132
Q14346236,P460,Q17534056
Q14346236,P460,Q17536409
Q14346236,P460,Q18001667
Q14346236,P460,Q15921732
Q14346236,P460,Q168563
Q14346236,P460,Q2670311
Q14346236,P460,Q488359
Q14346236,P460,Q1966388
Q14346236,P460,Q1714742
Q14346236,P460,Q10944157
Q14346236,P460,Q6321964
Q14346236,P460,Q13409273
Q14346236,P460,Q14864585
Q14346236,P460,Q17523707
Q14346236,P460,Q16511246
Q14346236,P460,Q16909419
Q14346236,P460,Q17486339
Q14346236,P460,Q17534804
Q14346236,P460,Q16909265
Q14346236,P460,Q17533877
Q14346236,P460,Q17535011
Q14346236,P460,Q11729459
Q14346236,P460,Q18932166
Q14346236,P460,Q18585594
Q14346236,P460,Q14508216
Q14346236,P460,Q19968039
Q14346236,P460,Q19660011
Q14346236,P460,Q25918074
Q14346236,P460,Q1559427
Q14346236,P460,Q17533013
Q14346236,P460,Q19968033
Q14346236,P460,Q21962201
Q14346236,P460,Q1714744
Q14346236,P460,Q8079893
Q14346236,P460,Q8079900
Q14346236,P460,Q19826490
Q14346236,P460,Q28038888
Q14346236,P460,Q28038887
Q14346236,P460,Q53114536
Q14346236,P460,Q31044372
Q14346236,P460,Q53561878
Q14346236,P460,Q16277887
Q14346236,P460,Q60558455
Q14346236,P407,Q1321
Q14346236,P407,Q5146
Q14346236,P1889,Q17523982
Q14346236,P1533,Q25936397
Q14346236,P282,Q8229
Q1130636,P641,Q41466
Q1130636,P17,Q33
Q1130636,P910,Q9233599
Q1130636,P31,Q4498974
Q1130636,P115,Q926373
Q1130636,P634,Q960599
Q1130636,P118,Q456107
Q1130636,P1889,Q18661113
Q1130636,P2184,Q56159500
Q1130636,P138,Q25345
Q236565,P31,Q4167410
Q236565,P1889,Q2290783
Q236565,P1889,Q37475424
Q482942,P910,Q6155842
Q482942,P31,Q41710
Q482942,P103,Q9292
Q482942,P527,Q44390
Q482942,P527,Q1436196
Q482942,P527,Q812110
Q482942,P527,Q2023676
Q482942,P527,Q10985965
Q482942,P527,Q17419175
Q482942,P527,Q2991513
Q482942,P527,Q65441
Q482942,P140,Q9585
Q482942,P140,Q483654
Q482942,P7867,Q84045505
Q482942,P361,Q83328
Q482942,P361,Q4058325
Q482942,P1889,Q101452272
Q807739,P31,Q4167410
Q39614,P279,Q1370598
Q39614,P279,Q1497375
Q39614,P279,Q47848
Q39614,P279,Q12131650
Q39614,P910,Q8247667
Q39614,P1424,Q6167586
Q39614,P1963,P17
Q39614,P1963,P2324
Q39614,P1963,P2351
Q39614,P1963,P2046
Q39614,P1963,P131
Q39614,P1963,P625
Q39614,P1963,P140
Q39614,P1963,P571
Q39614,P1963,P1791
Q39614,P1963,P373
Q39614,P1963,P1621
Q39614,P1963,P1705
Q39614,P1963,P6375
Q39614,P527,Q173387
Q39614,P527,Q5003624
Q39614,P1269,Q4
Q39614,P1557,Q4
Q39614,P2579,Q4316669
Q39614,P1343,Q65109596
Q39614,P1343,Q602358
Q39614,P1889,Q12131650
Q1936750,P910,Q13258812
Q1936750,P31,Q31172650
Q1936750,P31,Q1411242
Q1936750,P1889,Q19438054
Q1936750,P461,Q336392
Q1936750,P461,Q488085
Q767156,P31,Q4167410
Q44302,P31,Q82794
Q44302,P31,Q15239622
Q44302,P910,Q8295033
Q44302,P17,Q227
Q44302,P421,Q6779
Q44302,P36,Q129352
Q44302,P1464,Q14483724
Q44302,P1792,Q9073683
Q44302,P2633,Q10288878
Q44302,P5125,Q16153643
Q44302,P1791,Q7977116
Q44302,P1336,Q227
Q44302,P2936,Q9292
Q44302,P7867,Q83991843
Q44302,P1465,Q15818352
Q6451172,P279,Q4260475
Q6451172,P279,Q41176
Q6451172,P1343,Q602358
Q6451172,P1343,Q19190511
Q2464355,P31,Q4167410
Q43292,P31,Q355567
Q43292,P31,Q1326966
Q43292,P31,Q4164871
Q43292,P910,Q7162156
Q43292,P279,Q2304859
Q43292,P1343,Q2657718
Q43292,P1343,Q2041543
Q43292,P1343,Q602358
Q43292,P1889,Q13173080
Q43,P1151,Q13365978
Q43,P5125,Q7112494
Q43,P38,Q172872
Q43,P38,Q14961002
Q43,P172,Q84072
Q43,P172,Q12223
Q43,P1792,Q7031845
Q43,P1792,Q9077925
Q43,P2852,Q1061257
Q43,P2852,Q25648823
Q43,P2852,Q25648862
Q43,P2852,Q25743529
Q43,P2853,Q1123613
Q43,P2853,Q1378312
Q43,P2633,Q217035
Q43,P1313,Q2430415
Q43,P1313,Q1922067
Q43,P17,Q43
Q43,P2959,Q20571352
Q43,P2959,Q27131980
Q43,P122,Q7270
Q43,P1552,Q47185145
Q43,P530,Q16
Q43,P530,Q38
Q43,P530,Q155
Q43,P530,Q159
Q43,P530,Q183
Q43,P530,Q711
Q43,P530,Q408
Q43,P530,Q805
Q43,P530,Q41
Q43,P530,Q801
Q43,P530,Q212
Q43,P530,Q851
Q43,P530,Q159583
Q43,P530,Q148
Q43,P530,Q30
Q43,P530,Q55
Q43,P530,Q219
Q43,P530,Q15180
Q43,P530,Q399
Q43,P530,Q858
Q43,P530,Q298
Q43,P530,Q227
Q43,P530,Q221
Q43,P530,Q142
Q43,P530,Q889
Q43,P530,Q31354462
Q43,P530,Q79
Q43,P530,Q796
Q43,P530,Q414
Q43,P530,Q40
Q43,P530,Q222
Q43,P530,Q262
Q43,P530,Q31
Q43,P530,Q225
Q43,P530,Q33
Q43,P530,Q224
Q43,P530,Q35
Q43,P530,Q115
Q43,P530,Q230
Q43,P530,Q252
Q43,P530,Q29
Q43,P530,Q232
Q43,P530,Q1246
Q43,P530,Q817
Q43,P530,Q219060
Q43,P530,Q664
Q43,P530,Q843
Q43,P530,Q39
Q43,P530,Q1045
Q43,P530,Q218
Q43,P530,Q863
Q43,P530,Q36
Q43,P530,Q948
Q43,P530,Q1049
Q43,P530,Q258
Q43,P530,Q1028
Q43,P530,Q233
Q43,P530,Q833
Q43,P530,Q96
Q43,P530,Q928
Q43,P530,Q865
Q43,P530,Q878
Q43,P530,Q145
Q43,P530,Q794
Q43,P530,Q34
Q43,P530,Q668
Q43,P530,Q403
Q43,P530,Q902
Q43,P530,Q17
Q43,P530,Q28
Q43,P530,Q423
Q43,P194,Q274918
Q43,P2184,Q190876
Q43,P37,Q256
Q43,P1365,Q12560
Q43,P30,Q48
Q43,P30,Q46
Q43,P36,Q3640
Q43,P237,Q199855
Q43,P5008,Q5460604
Q43,P910,Q1411579
Q43,P35,Q39259
Q43,P35,Q42852
Q43,P35,Q165487
Q43,P35,Q151729
Q43,P35,Q151735
Q43,P35,Q183297
Q43,P35,Q5152
Q43,P35,Q1076524
Q43,P35,Q159161
Q43,P35,Q12812897
Q43,P35,Q158500
Q43,P35,Q4544707
Q43,P35,Q216983
Q43,P35,Q313357
Q43,P35,Q343514
Q43,P35,Q180280
Q43,P35,Q462737
Q43,P1791,Q7978516
Q43,P6,Q58198
Q43,P6,Q39259
Q43,P6,Q863496
Q43,P6,Q42852
Q43,P6,Q192634
Q43,P6,Q366692
Q43,P6,Q243550
Q43,P6,Q208377
Q43,P6,Q151729
Q43,P6,Q1348747
Q43,P6,Q558287
Q43,P6,Q180280
Q43,P6,Q375687
Q43,P6,Q39259
Q43,P463,Q41550
Q43,P463,Q8908
Q43,P463,Q7825
Q43,P463,Q19771
Q43,P463,Q380340
Q43,P463,Q1065
Q43,P463,Q7184
Q43,P463,Q81299
Q43,P463,Q191384
Q43,P463,Q827525
Q43,P463,Q656801
Q43,P463,Q1043527
Q43,P463,Q899770
Q43,P463,Q340195
Q43,P463,Q188822
Q43,P463,Q782942
Q43,P463,Q47543
Q43,P463,Q1377612
Q43,P463,Q384535
Q43,P463,Q663492
Q43,P463,Q1928989
Q43,P463,Q1072120
Q43,P463,Q8475
Q43,P463,Q1480793
Q43,P463,Q842490
Q43,P463,Q3866537
Q43,P463,Q233611
Q43,P463,Q826700
Q43,P463,Q7809
Q43,P463,Q5611262
Q43,P463,Q17495
Q43,P463,Q376150
Q43,P463,Q170424
Q43,P463,Q7817
Q43,P5658,Q14565199
Q43,P706,Q46
Q43,P706,Q48
Q43,P1740,Q6839556
Q43,P208,Q12812333
Q43,P1830,Q170495
Q43,P1830,Q221122
Q43,P1830,Q499967
Q43,P1830,Q556417
Q43,P1830,Q573852
Q43,P1830,Q1531422
Q43,P1830,Q1643115
Q43,P1830,Q1721042
Q43,P1830,Q18324962
Q43,P1830,Q28220824
Q43,P1830,Q30621554
Q43,P1830,Q40894456
Q43,P1830,Q6092391
Q43,P1830,Q56884
Q43,P421,Q6760
Q43,P1465,Q7335864
Q43,P85,Q344452
Q43,P1906,Q1922067
Q43,P78,Q41104
Q43,P47,Q41
Q43,P47,Q219
Q43,P47,Q858
Q43,P47,Q796
Q43,P47,Q399
Q43,P47,Q794
Q43,P47,Q230
Q43,P47,Q227
Q43,P47,Q7172
Q43,P47,Q131083
Q43,P47,Q15180
Q43,P47,Q147909
Q43,P47,Q146720
Q43,P47,Q146872
Q43,P47,Q146880
Q43,P47,Q26234937
Q43,P47,Q146885
Q43,P47,Q170468
Q43,P47,Q458
Q43,P47,Q212
Q43,P47,Q229
Q43,P47,Q23681
Q43,P31,Q3624078
Q43,P31,Q1323642
Q43,P31,Q51576574
Q43,P31,Q6256
Q43,P610,Q72303
Q43,P1464,Q7463360
Q43,P1622,Q14565199
Q43,P1589,Q166
Q43,P150,Q40549
Q43,P150,Q43924
Q43,P150,Q45220
Q43,P150,Q80051
Q43,P150,Q80036
Q43,P150,Q2297724
Q43,P150,Q40249
Q43,P150,Q43745
Q43,P150,Q79846
Q43,P150,Q47117
Q43,P150,Q46763
Q43,P150,Q79760
Q43,P150,Q83239
Q43,P150,Q82089
Q43,P150,Q80088
Q43,P150,Q43690
Q43,P150,Q272662
Q43,P150,Q47813
Q43,P150,Q272947
Q43,P150,Q82096
Q43,P150,Q83081
Q43,P150,Q432391
Q43,P150,Q83102
Q43,P150,Q483091
Q43,P150,Q483173
Q43,P150,Q376797
Q43,P150,Q483053
Q43,P150,Q483154
Q43,P150,Q482779
Q43,P150,Q482788
Q43,P150,Q93209
Q43,P150,Q83274
Q43,P150,Q268043
Q43,P150,Q132637
Q43,P150,Q534799
Q43,P150,Q344490
Q43,P150,Q83077
Q43,P150,Q483191
Q43,P150,Q483472
Q43,P150,Q131597
Q43,P150,Q134187
Q43,P150,Q83965
Q43,P150,Q81551
Q43,P150,Q126874
Q43,P150,Q131384
Q43,P150,Q130553
Q43,P150,Q482834
Q43,P150,Q131293
Q43,P150,Q123934
Q43,P150,Q131387
Q43,P150,Q430693
Q43,P150,Q155219
Q43,P150,Q483180
Q43,P150,Q483481
Q43,P150,Q83069
Q43,P150,Q483040
Q43,P150,Q482825
Q43,P150,Q134413
Q43,P150,Q483100
Q43,P150,Q129387
Q43,P150,Q483195
Q43,P150,Q388995
Q43,P150,Q620742
Q43,P150,Q388469
Q43,P150,Q483078
Q43,P150,Q80550
Q43,P150,Q75445
Q43,P150,Q219956
Q43,P150,Q83073
Q43,P150,Q483063
Q43,P150,Q482975
Q43,P150,Q484392
Q43,P150,Q80370
Q43,P150,Q647378
Q43,P150,Q83342
Q43,P150,Q79840
Q43,P150,Q125506
Q43,P150,Q483083
Q43,P150,Q483168
Q43,P150,Q128978
Q43,P150,Q281206
Q43,P163,Q81952
Q43,P1343,Q602358
Q43,P1343,Q19180675
Q43,P1343,Q4173137
Q43,P6104,Q13341450
Q43,P206,Q4918
Q43,P206,Q166
Q43,P206,Q34575
Q43,P1304,Q580829
Q43,P2936,Q256
Q43,P2936,Q36163
Q43,P2936,Q180945
Q43,P2936,Q1160372
Q43,P2936,Q2360396
Q43,P2936,Q56577
Q43,P2936,Q35394
Q43,P2936,Q7918
Q43,P2936,Q8108
Q43,P2936,Q36748
Q43,P2936,Q36931
Q43,P2936,Q36885
Q43,P2936,Q10199
Q43,P2936,Q33290
Q43,P2936,Q33538
Q43,P2936,Q34040
Q43,P2936,Q3449805
Q43,P2936,Q6023868
Q43,P2936,Q22809485
Q43,P361,Q7204
Q43,P361,Q865479
Q43,P361,Q23522
Q43,P361,Q27293
Q43,P1424,Q17586314
Q43,P2596,Q1082380
Q43,P7867,Q8607509
Q43,P2354,Q6645011
Q43,P1889,Q1315785
Q43,P8744,Q431095
Q5266655,P31,Q4167410
Q88556,P279,Q245016
Q88556,P279,Q176799
Q88556,P1343,Q2657718
Q1322134,P279,Q39594
Q1322134,P910,Q7271137
Q1322134,P1889,Q3910168
Q141495,P910,Q6426361
Q141495,P31,Q1047113
Q141495,P31,Q11862829
Q141495,P361,Q13636890
Q141495,P101,Q984063
Q141495,P1343,Q2657718
Q141495,P279,Q24476018
Q141495,P2579,Q33521
Q141495,P2579,Q18552716
Q4729246,P31,Q60539481
Q4729246,P361,Q9357054
Q4729246,P361,Q77468620
Q4729246,P460,Q25338218
Q479208,P31,Q1864008
Q479208,P279,Q18674452
Q29947926,P31,Q101352
Q29947926,P31,Q829026
Q29947926,P31,Q1714800
Q29947926,P1889,Q1499550
Q29947926,P282,Q8229
Q29947926,P407,Q188
Q29947926,P460,Q1399621
Q29947926,P460,Q37431343
Q878,P36,Q1519
Q878,P37,Q13955
Q878,P35,Q1059948
Q878,P38,Q200294
Q878,P78,Q37239
Q878,P78,Q136728
Q878,P47,Q842
Q878,P47,Q851
Q878,P150,Q613
Q878,P150,Q187712
Q878,P150,Q188810
Q878,P150,Q159477
Q878,P150,Q170024
Q878,P150,Q4091
Q878,P150,Q175021
Q878,P6,Q57655
Q878,P30,Q48
Q878,P31,Q3624078
Q878,P31,Q6256
Q878,P122,Q3208952
Q878,P122,Q184558
Q878,P421,Q6779
Q878,P85,Q423807
Q878,P163,Q134247
Q878,P463,Q1065
Q878,P463,Q7172
Q878,P463,Q7825
Q878,P463,Q47543
Q878,P463,Q191384
Q878,P463,Q827525
Q878,P463,Q656801
Q878,P463,Q1043527
Q878,P463,Q899770
Q878,P463,Q340195
Q878,P463,Q4783148
Q878,P463,Q1137381
Q878,P463,Q624307
Q878,P463,Q8475
Q878,P463,Q842490
Q878,P463,Q233611
Q878,P463,Q7809
Q878,P463,Q5611262
Q878,P463,Q17495
Q878,P463,Q376150
Q878,P463,Q7795
Q878,P463,Q162656
Q878,P463,Q170424
Q878,P463,Q7817
Q878,P910,Q7088124
Q878,P237,Q203740
Q878,P17,Q878
Q878,P1465,Q8365714
Q878,P1464,Q8066361
Q878,P1740,Q8458255
Q878,P1792,Q6994126
Q878,P530,Q16
Q878,P530,Q183
Q878,P530,Q408
Q878,P530,Q805
Q878,P530,Q851
Q878,P530,Q801
Q878,P530,Q142
Q878,P530,Q810
Q878,P530,Q148
Q878,P530,Q145
Q878,P530,Q79
Q878,P530,Q889
Q878,P530,Q262
Q878,P530,Q398
Q878,P530,Q35
Q878,P530,Q159583
Q878,P530,Q1246
Q878,P530,Q114
Q878,P530,Q817
Q878,P530,Q822
Q878,P530,Q833
Q878,P530,Q219060
Q878,P530,Q842
Q878,P530,Q858
Q878,P530,Q43
Q878,P530,Q843
Q878,P530,Q252
Q878,P530,Q928
Q878,P530,Q96
Q878,P530,Q865
Q878,P530,Q1045
Q878,P530,Q668
Q878,P530,Q159
Q878,P530,Q794
Q878,P530,Q403
Q878,P530,Q902
Q878,P530,Q230
Q878,P530,Q28
Q878,P530,Q218
Q878,P530,Q423
Q878,P2184,Q1349896
Q878,P610,Q3492099
Q878,P1589,Q34675
Q878,P1622,Q14565199
Q878,P2633,Q1419303
Q878,P2853,Q1378312
Q878,P2853,Q60740126
Q878,P2853,Q1528507
Q878,P2852,Q1061257
Q878,P2852,Q25648827
Q878,P2852,Q25648832
Q878,P2852,Q3086706
Q878,P1151,Q14616373
Q878,P1313,Q30101519
Q878,P361,Q7204
Q878,P361,Q66458647
Q878,P361,Q66458647
Q878,P361,Q27293
Q878,P194,Q1479761
Q878,P1906,Q955006
Q878,P1552,Q47185282
Q878,P5125,Q7112785
Q878,P1365,Q1852345
Q878,P1304,Q2982584
Q878,P2936,Q56385
Q878,P2936,Q56467
Q878,P2936,Q56571
Q878,P2936,Q1860
Q878,P2596,Q3007320
Q878,P7867,Q8607614
Q878,P206,Q34675
Q878,P206,Q79948
Q878,P8402,Q97097258
Q878,P8744,Q772273
Q39222,P910,Q7427599
Q39222,P780,Q107231
Q39222,P780,Q56635009
Q39222,P780,Q130741
Q39222,P780,Q1869874
Q39222,P780,Q81938
Q39222,P780,Q2260058
Q39222,P780,Q127076
Q39222,P780,Q29299
Q39222,P780,Q1640850
Q39222,P780,Q86
Q39222,P780,Q769220
Q39222,P780,Q44619
Q39222,P780,Q202837
Q39222,P780,Q3774744
Q39222,P780,Q29299
Q39222,P780,Q761862
Q39222,P780,Q281289
Q39222,P780,Q2434711
Q39222,P780,Q17281278
Q39222,P780,Q17281278
Q39222,P780,Q1128283
Q39222,P279,Q5062121
Q39222,P279,Q24863584
Q39222,P279,Q1928978
Q39222,P279,Q18968214
Q39222,P1995,Q788926
Q39222,P1995,Q40821
Q39222,P1343,Q2657718
Q39222,P1343,Q2041543
Q39222,P1343,Q19180675
Q39222,P1343,Q20078554
Q39222,P828,Q698976
Q39222,P1542,Q199615
Q39222,P1542,Q551085
Q39222,P924,Q1361206
Q39222,P31,Q12136
Q39222,P31,Q18123741
Q39222,P31,Q314676
Q39222,P1060,Q15304512
Q39222,P1060,Q866650
Q39222,P138,Q153641
Q39222,P138,Q144
Q39222,P5008,Q4099686
Q24741849,P31,Q4167410
Q24741849,P1889,Q37468059
Q442254,P1889,Q37076191
Q442254,P1889,Q962175
Q442254,P1889,Q10686441
Q442254,P1889,Q1455120
Q442254,P1889,Q84562420
Q442254,P1889,Q17630874
Q442254,P1889,Q84562517
Q442254,P1889,Q11245228
Q442254,P1889,Q18386851
Q442254,P1889,Q84567365
Q442254,P31,Q4167410
Q22649,P279,Q8461
Q22649,P279,Q859781
Q22649,P279,Q7257
Q22649,P910,Q8810763
Q22649,P1343,Q4173137
Q22649,P1343,Q2657718
Q22649,P1343,Q2041543
Q22649,P1343,Q4173137
Q22649,P1343,Q4173137
Q22649,P1343,Q4173137
Q22649,P1343,Q4173137
Q22649,P1343,Q4173137
Q22649,P1343,Q4173137
Q22649,P1343,Q4173137
Q22649,P1343,Q4173137
Q22649,P1343,Q4173137
Q22649,P1343,Q3181656
Q22649,P1343,Q867541
Q22649,P2184,Q48005
Q22649,P800,Q26193
Q22649,P3095,Q15954665
Q22649,P31,Q12909644
Q22649,P31,Q7451247
Q22649,P1269,Q5853064
Q10954043,P910,Q8719087
Q10954043,P31,Q1914636
Q127885,P31,Q41710
Q127885,P31,Q6266
Q127885,P910,Q6157542
Q127885,P1343,Q2657718
Q127885,P1343,Q564409
Q127885,P1343,Q463903
Q127885,P1343,Q2041543
Q127885,P2579,Q2272224
Q127885,P103,Q9299
Q127885,P140,Q3333484
Q127885,P361,Q273824
Q127885,P1889,Q1259835
Q127885,P1382,Q1259835
Q127885,P279,Q94696335
Q127885,P279,Q273824
Q3592681,P31,Q4167410
Q168247,P279,Q3839081
Q168247,P279,Q2964234
Q168247,P279,Q2184645
Q168247,P910,Q6156494
Q168247,P2959,Q25554940
Q168247,P1424,Q13420025
Q168247,P828,Q386191
Q168247,P1889,Q33053536
Q108000,P31,Q185357
Q108000,P2283,Q29115643
Q108000,P1542,Q29115074
Q108000,P461,Q106080
Q108000,P279,Q17320256
Q108000,P1382,Q284256
Q108000,P2579,Q11473
Q1543778,P31,Q60539481
Q1543778,P279,Q159904
Q6728287,P31,Q4167410
Q384515,P279,Q20668387
Q384515,P279,Q20540385
Q384515,P31,Q223393
Q384515,P1889,Q1941035
Q384515,P1343,Q19538713
Q19754674,P31,Q4167410
Q21454197,P31,Q101352
Q21454197,P1889,Q2107255
Q21454197,P282,Q8229
Q167420,P910,Q6606636
Q167420,P31,Q41710
Q167420,P1343,Q2657718
Q167420,P1343,Q2041543
Q167420,P1343,Q19538713
Q167420,P1343,Q4532138
Q167420,P2579,Q575929
Q167420,P103,Q6654
Q167420,P140,Q1841
Q167420,P361,Q273824
Q167420,P17,Q224
Q7449934,P31,Q4167410
Q7449934,P1889,Q12800881
Q260927,P31,Q4167410
Q260927,P1889,Q3839081
Q1039889,P31,Q4167410
Q127885,P31,Q41710
Q127885,P31,Q6266
Q127885,P910,Q6157542
Q127885,P1343,Q2657718
Q127885,P1343,Q564409
Q127885,P1343,Q463903
Q127885,P1343,Q2041543
Q127885,P2579,Q2272224
Q127885,P103,Q9299
Q127885,P140,Q3333484
Q127885,P361,Q273824
Q127885,P1889,Q1259835
Q127885,P1382,Q1259835
Q127885,P279,Q94696335
Q127885,P279,Q273824
Q1312285,P31,Q4167410
Q2426995,P31,Q83875
Q5158723,P31,Q47461344
Q5158723,P50,Q1285562
Q5158723,P123,Q1623362
Q5158723,P155,Q4839036
Q5158723,P136,Q8261
Q5158723,P495,Q145
Q5158723,P407,Q1860
Q7843791,P910,Q8965959
Q7843791,P279,Q213283
Q7843791,P1963,P17
Q7843791,P1963,P137
Q7843791,P1963,P2388
Q7843791,P1963,P131
Q7843791,P1963,P749
Q191783,P910,Q8367616
Q191783,P31,Q694324
Q191783,P31,Q83267
Q201676,P279,Q628455
Q201676,P527,Q331055
Q201676,P527,Q207315
Q201676,P527,Q630013
Q201676,P527,Q567603
Q201676,P527,Q4998809
Q201676,P910,Q7157016
Q201676,P31,Q2245405
Q201676,P1343,Q4086271
Q201676,P1343,Q602358
Q201676,P1343,Q602358
Q201676,P1343,Q4173137
Q201676,P1343,Q19180675
Q201676,P1343,Q1138524
Q201676,P1343,Q1210353
Q201676,P1343,Q30059240
Q201676,P1343,Q2041543
Q201676,P1343,Q1768721
Q201676,P1889,Q1382025
Q201676,P1557,Q4
Q201676,P3095,Q316490
Q201676,P3095,Q7127679
Q164597,P361,Q2921172
Q164597,P461,Q76074
Q164597,P910,Q7217029
Q164597,P1343,Q2041543
Q164597,P31,Q28819924
Q345326,P31,Q4167410
Q415849,P31,Q4167410
Q415849,P1889,Q16278549
Q415849,P1889,Q30315306
Q415849,P460,Q1204588
Q415849,P460,Q1775176
Q415849,P460,Q30281
Q415849,P460,Q297273
Q30185,P279,Q174834
Q30185,P279,Q294414
Q30185,P279,Q2285706
Q30185,P910,Q8612825
Q30185,P31,Q4164871
Q30185,P1889,Q11902879
Q30185,P460,Q177529
Q30185,P460,Q78892422
Q30185,P1001,Q15284
Q30185,P1343,Q19180675
Q30185,P1343,Q19190511
Q34216,P31,Q47913
Q34216,P910,Q7466890
Q34216,P112,Q350744
Q34216,P112,Q37610
Q34216,P17,Q801
Q34216,P159,Q845866
Q34216,P159,Q7185623
Q34216,P361,Q2656328
Q34216,P1001,Q801
Q34216,P488,Q15725863
Q34216,P488,Q252544
Q34216,P488,Q438848
Q34216,P488,Q1296472
Q34216,P488,Q1159747
Q34216,P488,Q1367833
Q34216,P488,Q1367853
Q34216,P488,Q946803
Q34216,P488,Q727529
Q34216,P488,Q449095
Q34216,P488,Q350744
Q34216,P488,Q540070
Q34216,P2388,Q26464634
Q403566,P31,Q4167410
Q403566,P1889,Q16881317
Q232030,P31,Q4167410
Q7439481,P31,Q4167410
Q528278,P31,Q4167410
Q528278,P1889,Q37044046
Q528278,P460,Q421343
Q528278,P460,Q7699971
Q49447,P279,Q131841
Q49447,P279,Q20978643
Q49447,P31,Q151885
Q49447,P361,Q34178
Q49447,P361,Q5891
Q49447,P361,Q77468620
Q49447,P910,Q7840022
Q49447,P460,Q2030462
Q49447,P1424,Q25728147
Q21504772,P31,Q101352
Q21504772,P1889,Q798403
Q21504772,P282,Q8229
Q21504772,P460,Q804455
Q21504772,P1552,Q89410507
Q13725110,P31,Q4167410
Q2604863,P910,Q6961308
Q2604863,P31,Q23983664
Q2604863,P17,Q817
Q2604863,P276,Q817
Q797551,P279,Q1864008
Q797551,P460,Q1225803
Q211718,P279,Q6147804
Q211718,P279,Q381165
Q211718,P910,Q15195968
Q211718,P1343,Q602358
Q211718,P1343,Q602358
Q878249,P279,Q43229
Q878249,P910,Q9714632
Q878249,P1343,Q2041543
Q464643,P279,Q451967
Q464643,P279,Q365680
Q464643,P1536,Q4228595
Q464643,P1542,Q7162621
Q128781,P17,Q7318
Q128781,P159,Q1566135
Q128781,P31,Q772547
Q128781,P910,Q5896958
Q128781,P155,Q157608
Q128781,P156,Q56010
Q128781,P156,Q155740
Q128781,P749,Q7318
Q128781,P1343,Q42942896
Q128781,P527,Q701923
Q128781,P527,Q151701
Q128781,P527,Q2564009
Q128781,P527,Q2448192
Q128781,P1830,Q216588
Q128781,P276,Q226884
Q128781,P1366,Q56010
Q128781,P4791,Q352
Q128781,P1365,Q157608
Q128781,P607,Q362
Q464643,P279,Q451967
Q464643,P279,Q365680
Q464643,P1536,Q4228595
Q464643,P1542,Q7162621
Q366068,P31,Q4167410
Q366068,P1889,Q2675368
Q366068,P460,Q21104078
Q10954134,P31,Q12308941
Q10954134,P460,Q471788
Q10954134,P460,Q16277477
Q10954134,P460,Q18536611
Q10954134,P460,Q15720844
Q10954134,P460,Q15730712
Q10954134,P460,Q2188110
Q10954134,P460,Q2034696
Q10954134,P460,Q2190619
Q10954134,P460,Q1713718
Q10954134,P460,Q16429820
Q10954134,P460,Q19688659
Q10954134,P460,Q16280443
Q10954134,P460,Q17497882
Q10954134,P460,Q17497895
Q10954134,P460,Q17498051
Q10954134,P460,Q17497910
Q10954134,P460,Q17501872
Q10954134,P460,Q18062828
Q10954134,P460,Q18062838
Q10954134,P460,Q18022871
Q10954134,P460,Q18608492
Q10954134,P460,Q20087767
Q10954134,P460,Q25918063
Q10954134,P460,Q20819047
Q10954134,P460,Q20054151
Q10954134,P460,Q19501250
Q10954134,P460,Q11866931
Q10954134,P460,Q19801116
Q10954134,P460,Q12793010
Q10954134,P460,Q1713716
Q10954134,P460,Q21286126
Q10954134,P460,Q29043257
Q10954134,P460,Q29043256
Q10954134,P460,Q29051199
Q10954134,P460,Q30467509
Q10954134,P460,Q54987832
Q10954134,P1889,Q17497867
Q10954134,P2354,Q24256317
Q10954134,P407,Q9063
Q10954134,P282,Q8229
Q1129031,P31,Q4167410
Q7491072,P31,Q4167410
Q7491072,P1889,Q16878636
Q5089489,P527,Q11723008
Q5089489,P527,Q392907
Q20998764,P31,Q4167410
Q516992,P279,Q4388799
Q516992,P1889,Q1034198
Q516992,P910,Q55304540
Q5189153,P31,Q4167410
Q5189153,P460,Q16726223
Q5189153,P460,Q10712515
Q5189153,P1343,Q2041543
Q352152,P31,Q4167410
Q352152,P1889,Q7851004
Q352152,P1889,Q25222179
Q342547,P31,Q131436
Q342547,P31,Q1150710
Q342547,P123,Q159433
Q342547,P287,Q323323
Q7310,P910,Q6165421
Q7310,P31,Q12909644
Q7310,P1552,Q182121
Q7310,P1552,Q22649
Q7310,P1552,Q6229
Q7310,P1552,Q389647
Q7310,P1552,Q2853246
Q7310,P1552,Q8461
Q7310,P1552,Q38352698
Q7310,P1552,Q155812
Q7310,P1552,Q7272
Q7310,P279,Q6223
Q128135,P910,Q6374379
Q128135,P31,Q12909644
Q128135,P31,Q33104069
Q128135,P31,Q28108
Q128135,P5008,Q13382529
Q193979,P910,Q15701568
Q193979,P31,Q7777573
Q193979,P31,Q5151404
Q193979,P279,Q40831
Q193979,P1343,Q2657718
Q17010072,P31,Q12737077
Q17010072,P425,Q1481938
Q17010072,P279,Q11499147
Q568972,P31,Q4167410
Q568972,P1343,Q2657718
Q568972,P1889,Q39702
Q568972,P1889,Q48690852
Q352,P1576,Q83364
Q352,P27,Q28513
Q352,P27,Q41304
Q352,P27,Q268970
Q352,P27,Q518101
Q352,P27,Q7318
Q352,P19,Q131128
Q352,P20,Q153491
Q352,P20,Q64
Q352,P26,Q76433
Q352,P22,Q78500
Q352,P106,Q4991371
Q352,P106,Q1028181
Q352,P106,Q15958642
Q352,P106,Q3242115
Q352,P106,Q372436
Q352,P106,Q82955
Q352,P25,Q158314
Q352,P102,Q7320
Q352,P102,Q631205
Q352,P910,Q8221824
Q352,P31,Q5
Q352,P31,Q5774265
Q352,P39,Q7050658
Q352,P39,Q646040
Q352,P39,Q157740
Q352,P39,Q17850767
Q352,P39,Q17856046
Q352,P945,Q43287
Q352,P410,Q1463070
Q352,P410,Q475482
Q352,P166,Q154554
Q352,P166,Q680248
Q352,P166,Q58457381
Q352,P166,Q63438723
Q352,P166,Q36354740
Q352,P166,Q640988
Q352,P166,Q120758
Q352,P166,Q667167
Q352,P166,Q63438747
Q352,P166,Q207826
Q352,P607,Q361
Q352,P607,Q362
Q352,P607,Q853976
Q352,P607,Q568790
Q352,P607,Q132568
Q352,P607,Q239255
Q352,P607,Q426227
Q352,P607,Q750567
Q352,P607,Q190712
Q352,P607,Q150812
Q352,P1050,Q11085
Q352,P1050,Q41083
Q352,P734,Q1621139
Q352,P1343,Q17378135
Q352,P1343,Q2498180
Q352,P1343,Q461
Q352,P1343,Q54149726
Q352,P1343,Q67311526
Q352,P1343,Q20078554
Q352,P1343,Q99413897
Q352,P735,Q18145837
Q352,P241,Q313422
Q352,P241,Q128781
Q352,P241,Q533265
Q352,P1196,Q10737
Q352,P1344,Q154494
Q352,P1344,Q2763
Q352,P1344,Q36749
Q352,P937,Q41329
Q352,P937,Q1741
Q352,P937,Q1726
Q352,P937,Q64
Q352,P937,Q163181
Q352,P937,Q157153
Q352,P937,Q153491
Q352,P103,Q188
Q352,P1412,Q306626
Q352,P1412,Q188
Q352,P1038,Q6216378
Q352,P1038,Q84642
Q352,P1038,Q85046
Q352,P1038,Q454576
Q352,P1038,Q698102
Q352,P1038,Q64799
Q352,P1038,Q4613831
Q352,P1038,Q6001165
Q352,P1038,Q1165052
Q352,P1038,Q22085545
Q352,P1038,Q22085679
Q352,P1038,Q22086756
Q352,P1038,Q22087732
Q352,P1038,Q22087758
Q352,P1038,Q22087804
Q352,P1038,Q22090133
Q352,P1038,Q22092225
Q352,P1038,Q22101705
Q352,P1038,Q22114544
Q352,P1038,Q2779550
Q352,P1038,Q385804
Q352,P1038,Q22117373
Q352,P1038,Q22116705
Q352,P1038,Q22117389
Q352,P1038,Q22121817
Q352,P1038,Q22121831
Q352,P1038,Q22132490
Q352,P1038,Q22132150
Q352,P1038,Q22132157
Q352,P1038,Q22116733
Q352,P1038,Q22133397
Q352,P1038,Q22133423
Q352,P1038,Q22572343
Q352,P1038,Q22677145
Q352,P1038,Q1903961
Q352,P451,Q76106
Q352,P451,Q76433
Q352,P451,Q84642
Q352,P800,Q48244
Q352,P1889,Q20463000
Q352,P1290,Q22090133
Q352,P2632,Q677676
Q352,P1411,Q35637
Q352,P3373,Q22084764
Q352,P3373,Q84328
Q352,P3373,Q22084744
Q352,P3373,Q22084776
Q352,P3373,Q22084775
Q352,P3373,Q66225
Q352,P3373,Q78643
Q352,P509,Q2140674
Q352,P1142,Q7310
Q352,P2959,Q27069653
Q352,P551,Q163181
Q352,P551,Q153491
Q352,P551,Q2464495
Q352,P551,Q18125641
Q352,P551,Q157153
Q352,P551,Q14524204
Q352,P551,Q1563943
Q352,P3828,Q7824282
Q352,P1340,Q17122834
Q352,P598,Q128781
Q352,P737,Q2059281
Q352,P737,Q112005
Q352,P737,Q78531
Q352,P737,Q1731608
Q352,P737,Q113332
Q352,P1884,Q2367101
Q352,P5008,Q5460604
Q352,P5008,Q100137722
Q352,P69,Q315889
Q352,P69,Q52307175
Q352,P135,Q154278
Q352,P135,Q7310
Q352,P135,Q22649
Q352,P135,Q83364
Q352,P135,Q17005010
Q352,P1399,Q329821
Q352,P140,Q1069127
Q352,P21,Q6581097
Q352,P172,Q42884
Q352,P172,Q237534
Q352,P1441,Q16159056
Q352,P1441,Q15951713
Q352,P1441,Q44981449
Q352,P1441,Q43297
Q352,P40,Q689638
Q352,P1542,Q362
Q352,P1429,Q155695
Q352,P53,Q569436
Q352,P6886,Q188
Q352,P7779,Q29171
Q352,P3342,Q23559
Q352,P3342,Q855
Q352,P3342,Q76433
Q352,P3342,Q60045
Q352,P119,Q24238356
Q352,P6275,Q71521142
Q352,P463,Q7320
Q352,P7763,Q71887839
Q3042652,P17,Q142
Q7260,P910,Q8543342
Q7260,P1343,Q2041543
Q7260,P1343,Q602358
Q7260,P1343,Q19180675
Q7260,P31,Q1969448
Q7260,P5008,Q5460604
Q7260,P5008,Q99671171
Q7260,P461,Q1144178
Q6005205,P31,Q2135465
Q331483,P910,Q8373215
Q331483,P279,Q1190554
Q331483,P279,Q10843872
Q331483,P279,Q17781833
Q331483,P31,Q1190554
Q93167,P31,Q5
Q93167,P19,Q896368
Q93167,P27,Q83286
Q93167,P1343,Q17290934
Q93167,P1343,Q67311526
Q93167,P106,Q4991371
Q93167,P106,Q47064
Q93167,P106,Q11075015
Q93167,P735,Q1403051
Q93167,P172,Q127885
Q93167,P607,Q68969
Q93167,P607,Q2624653
Q93167,P607,Q175653
Q93167,P607,Q4335288
Q93167,P607,Q170334
Q93167,P410,Q155327
Q93167,P166,Q2556980
Q93167,P166,Q28914867
Q93167,P166,Q28914868
Q93167,P166,Q2671871
Q93167,P598,Q1125372
Q93167,P598,Q12750142
Q93167,P1412,Q9299
Q93167,P1399,Q135010
Q93167,P21,Q6581097
Q93167,P241,Q272110
Q93167,P910,Q34224584
Q11205140,P31,Q4167410
Q225525,P31,Q4167410
Q225525,P1889,Q3887735
Q225525,P1889,Q1158545
Q225525,P1889,Q1514532
Q225525,P460,Q27961146
Q403,P1151,Q11161235
Q403,P5125,Q7112447
Q403,P38,Q172524
Q403,P1792,Q7061916
Q403,P2852,Q25648834
Q403,P2852,Q25648835
Q403,P2852,Q25648914
Q403,P2852,Q25743534
Q403,P2852,Q25743498
Q403,P2852,Q25743500
Q403,P2853,Q1378312
Q403,P2853,Q1123613
Q403,P1889,Q11196
Q403,P1313,Q835586
Q403,P17,Q403
Q403,P2959,Q27103068
Q403,P832,Q196627
Q403,P832,Q19809
Q403,P832,Q7603928
Q403,P832,Q40317
Q403,P832,Q21196
Q403,P832,Q209663
Q403,P832,Q47499
Q403,P832,Q6597183
Q403,P1552,Q3174312
Q403,P530,Q183
Q403,P530,Q145
Q403,P530,Q28
Q403,P530,Q159
Q403,P530,Q38
Q403,P530,Q30
Q403,P530,Q40
Q403,P530,Q142
Q403,P530,Q155
Q403,P530,Q408
Q403,P530,Q36
Q403,P530,Q34
Q403,P530,Q39
Q403,P530,Q212
Q403,P530,Q20
Q403,P530,Q159583
Q403,P530,Q184
Q403,P530,Q148
Q403,P530,Q41
Q403,P530,Q227
Q403,P530,Q262
Q403,P530,Q822
Q403,P530,Q794
Q403,P530,Q668
Q403,P530,Q801
Q403,P530,Q423
Q403,P530,Q843
Q403,P530,Q917
Q403,P530,Q884
Q403,P530,Q17
Q403,P530,Q298
Q403,P530,Q954
Q403,P530,Q881
Q403,P530,Q77
Q403,P530,Q232
Q403,P530,Q664
Q403,P530,Q424
Q403,P530,Q837
Q403,P530,Q851
Q403,P530,Q817
Q403,P530,Q836
Q403,P530,Q863
Q403,P530,Q16957
Q403,P530,Q117
Q403,P530,Q948
Q403,P530,Q419
Q403,P530,Q736
Q403,P530,Q398
Q403,P530,Q842
Q403,P530,Q869
Q403,P530,Q854
Q403,P530,Q1049
Q403,P530,Q805
Q403,P530,Q265
Q403,P530,Q889
Q403,P530,Q874
Q403,P530,Q1027
Q403,P530,Q902
Q403,P530,Q1246
Q403,P530,Q865
Q403,P530,Q717
Q403,P530,Q878
Q403,P530,Q43
Q403,P530,Q858
Q403,P530,Q29
Q403,P530,Q258
Q403,P530,Q215
Q403,P530,Q214
Q403,P530,Q224
Q403,P530,Q236
Q403,P530,Q79
Q403,P530,Q414
Q403,P530,Q222
Q403,P530,Q916
Q403,P530,Q225
Q403,P530,Q219
Q403,P530,Q229
Q403,P530,Q35
Q403,P530,Q115
Q403,P530,Q96
Q403,P530,Q796
Q403,P530,Q233
Q403,P530,Q45
Q403,P530,Q221
Q403,P530,Q238
Q403,P530,Q218
Q403,P530,Q219060
Q403,P530,Q11196
Q403,P530,Q1016
Q403,P530,Q252
Q403,P194,Q920222
Q403,P131,Q838261
Q403,P131,Q37024
Q403,P131,Q83286
Q403,P2184,Q223195
Q403,P30,Q46
Q403,P36,Q3711
Q403,P237,Q199860
Q403,P910,Q7130806
Q403,P1791,Q8328774
Q403,P463,Q8908
Q403,P463,Q319014
Q403,P463,Q653277
Q403,P463,Q380340
Q403,P463,Q1065
Q403,P463,Q81299
Q403,P463,Q191384
Q403,P463,Q827525
Q403,P463,Q656801
Q403,P463,Q1043527
Q403,P463,Q899770
Q403,P463,Q663492
Q403,P463,Q8475
Q403,P463,Q1480793
Q403,P463,Q842490
Q403,P463,Q233611
Q403,P463,Q7809
Q403,P463,Q5611262
Q403,P463,Q17495
Q403,P463,Q376150
Q403,P463,Q162656
Q403,P463,Q170424
Q403,P463,Q7817
Q403,P5658,Q14565199
Q403,P706,Q23522
Q403,P1740,Q7522381
Q403,P208,Q1285499
Q403,P421,Q25989
Q403,P421,Q6655
Q403,P421,Q6723
Q403,P421,Q5412095
Q403,P1465,Q6334725
Q403,P85,Q185190
Q403,P1906,Q889830
Q403,P78,Q45155
Q403,P78,Q48367
Q403,P47,Q28
Q403,P47,Q218
Q403,P47,Q219
Q403,P47,Q221
Q403,P47,Q236
Q403,P47,Q225
Q403,P47,Q224
Q403,P47,Q222
Q403,P47,Q1246
Q403,P47,Q19801186
Q403,P47,Q458
Q403,P31,Q3624078
Q403,P31,Q7270
Q403,P31,Q123480
Q403,P31,Q6256
Q403,P610,Q341983
Q403,P610,Q962856
Q403,P1464,Q6546843
Q403,P1622,Q14565199
Q403,P35,Q222031
Q403,P6,Q26258815
Q403,P1589,Q753919
Q403,P2633,Q747927
Q403,P37,Q9299
Q403,P150,Q477586
Q403,P150,Q861539
Q403,P150,Q2074197
Q403,P150,Q967339
Q403,P150,Q735169
Q403,P150,Q478278
Q403,P150,Q876541
Q403,P150,Q720030
Q403,P150,Q648718
Q403,P150,Q1048139
Q403,P150,Q1452368
Q403,P150,Q2017517
Q403,P150,Q124725
Q403,P150,Q867803
Q403,P150,Q915380
Q403,P150,Q1061076
Q403,P150,Q2510536
Q403,P150,Q580069
Q403,P150,Q778561
Q403,P150,Q867816
Q403,P150,Q201085
Q403,P150,Q1061099
Q403,P150,Q1043446
Q403,P150,Q1061082
Q403,P150,Q728041
Q403,P150,Q648758
Q403,P150,Q425782
Q403,P150,Q217331
Q403,P150,Q1048184
Q403,P150,Q544118
Q403,P163,Q163832
Q403,P2936,Q9299
Q403,P2936,Q181037
Q403,P2936,Q1793299
Q403,P2936,Q1256701
Q403,P2936,Q1268244
Q403,P2936,Q8060373
Q403,P2936,Q6654
Q403,P2936,Q7913
Q403,P2936,Q7918
Q403,P2936,Q9058
Q403,P2936,Q9301
Q403,P2936,Q9067
Q403,P2596,Q2599752
Q403,P7867,Q8607477
Q403,P1365,Q37024
Q403,P8402,Q97018398
Q403,P8744,Q1261763
Q40477,P279,Q475027
Q40477,P31,Q41710
Q40477,P31,Q4533081
Q40477,P1343,Q2657718
Q40477,P2579,Q156864
Q40477,P910,Q8751709
Q40477,P103,Q23526
Q40477,P140,Q5043
Q40477,P140,Q3333484
Q40477,P140,Q1841
Q40477,P140,Q432
Q40477,P140,Q23540
Q40477,P140,Q29536
Q40477,P140,Q1258217
Q40477,P361,Q475027
Q40477,P527,Q840454
Q40477,P527,Q273824
Q40477,P527,Q211052
Q40477,P1889,Q12773225
Q40477,P17,Q27468
Q40477,P17,Q48
Q40477,P17,Q23522
Q40477,P17,Q828
Q40477,P282,Q145625
Q40477,P282,Q8209
Q40477,P282,Q90166597
Q40477,P282,Q8229
Q40477,P2936,Q33251
Q40477,P2936,Q23526
Q621922,P31,Q60539481
Q621922,P1889,Q1230187
Q621922,P461,Q659974
Q687031,P910,Q8725499
Q687031,P279,Q1190554
Q687031,P279,Q85249348
Q687031,P1269,Q4394526
Q687031,P461,Q25394665
Q687031,P1889,Q1228968
Q7462692,P31,Q101352
Q7462692,P407,Q13955
Q7462692,P282,Q8229
Q336392,P31,Q157811
Q336392,P1269,Q5043
Q336392,P1343,Q4086271
Q206287,P279,Q96622155
Q206287,P279,Q234460
Q206287,P361,Q1297822
Q206287,P361,Q234460
Q206287,P361,Q60550374
Q206287,P910,Q7244890
Q206287,P1889,Q1713
Q206287,P1889,Q59156842
Q206287,P1889,Q255189
Q206287,P1687,P6166
Q206287,P1687,P7081
Q667,P461,Q659
Q667,P461,Q684
Q667,P461,Q679
Q667,P31,Q23718
Q667,P1343,Q2657718
Q667,P1343,Q2041543
Q667,P2959,Q21201454
Q667,P910,Q23759328
Q667,P1889,Q424423
Q667,P1889,Q397229
Q667,P1889,Q230511
Q667,P1889,Q1565530
Q667,P1889,Q16874826
Q667,P1889,Q1177486
Q667,P1889,Q406027
Q667,P1889,Q16866055
Q667,P1889,Q2342315
Q667,P1889,Q9352846
Q667,P1889,Q354714
Q667,P1889,Q1271487
Q667,P1889,Q1560219
Q667,P1889,Q55840333
Q1211464,P910,Q8507545
Q1211464,P279,Q7958
Q314700,P460,Q13512873
Q314700,P119,Q968028
Q314700,P26,Q164294
Q314700,P40,Q345
Q314700,P31,Q12405827
Q314700,P411,Q43115
Q314700,P20,Q1218
Q314700,P735,Q4926961
Q314700,P172,Q7325
Q314700,P910,Q22569610
Q314700,P1343,Q602358
Q314700,P841,Q2723
Q314700,P21,Q6581097
Q314700,P19,Q1132798
Q314700,P793,Q65504668
Q314700,P793,Q65214503
Q314700,P793,Q65503253
Q188689,P31,Q4026292
Q188689,P279,Q328554
Q188689,P1343,Q2657718
Q406294,P31,Q12308941
Q406294,P460,Q18607893
Q406294,P460,Q18421645
Q406294,P460,Q50308897
Q406294,P460,Q20001115
Q406294,P460,Q19914128
Q406294,P460,Q4739099
Q406294,P460,Q77327619
Q406294,P407,Q13955
Q406294,P1889,Q4695219
Q406294,P1889,Q6579326
Q406294,P1889,Q400887
Q406294,P1889,Q16291512
Q406294,P1889,Q33816150
Q406294,P1533,Q33816150
Q406294,P5323,Q39131224
Q406294,P1343,Q151
Q406294,P282,Q1828555
Q253473,P31,Q4167410
Q253473,P1889,Q1998195
Q253473,P460,Q63490837
Q951150,P31,Q380057
Q728580,P31,Q4167410
Q34069,P910,Q7217064
Q34069,P31,Q41710
Q34069,P279,Q7325
Q34069,P103,Q8641
Q34069,P103,Q1860
Q34069,P103,Q9288
Q34069,P103,Q7737
Q34069,P140,Q9268
Q34069,P140,Q7066
Q34069,P361,Q7325
Q34069,P527,Q1421205
Q34069,P527,Q1516823
Q34069,P527,Q63075063
Q34069,P527,Q7330
Q34069,P527,Q2031644
Q34069,P17,Q30
Q34069,P17,Q801
Q34069,P17,Q159
Q34069,P17,Q212
Q34069,P17,Q458
Q34069,P17,Q184
Q34069,P1889,Q722770
Q79526,P17,Q30
Q79526,P31,Q1093829
Q79526,P131,Q61317
Q79526,P1889,Q1165748
Q79526,P1376,Q61317
Q79526,P1792,Q17782228
Q79526,P910,Q49224669
Q289957,P25,Q40520
Q289957,P22,Q671872
Q289957,P40,Q625661
Q289957,P40,Q1773005
Q289957,P40,Q215512
Q289957,P40,Q282220
Q289957,P40,Q651256
Q289957,P40,Q614575
Q289957,P40,Q122035
Q289957,P40,Q145746
Q289957,P40,Q460763
Q289957,P40,Q1775026
Q289957,P40,Q1771963
Q289957,P40,Q851749
Q289957,P40,Q550869
Q289957,P26,Q128847
Q289957,P26,Q207389
Q289957,P910,Q7219967
Q289957,P31,Q20643955
Q289957,P31,Q1189541
Q289957,P31,Q5
Q289957,P460,Q3331244
Q289957,P1441,Q428
Q289957,P1441,Q12490436
Q289957,P1441,Q12490439
Q289957,P1441,Q12490441
Q289957,P1441,Q12490440
Q289957,P1441,Q14566202
Q289957,P1441,Q14566203
Q289957,P1441,Q14566204
Q289957,P1441,Q14566205
Q289957,P1441,Q14566206
Q289957,P1441,Q14566207
Q289957,P1441,Q12490442
Q289957,P1441,Q12490443
Q289957,P1441,Q12490448
Q289957,P1441,Q14566245
Q289957,P1441,Q14566280
Q289957,P1441,Q12490450
Q289957,P1441,Q12490452
Q289957,P1441,Q12490451
Q289957,P1343,Q4086271
Q289957,P1343,Q4173137
Q289957,P1343,Q19180675
Q289957,P1343,Q602358
Q289957,P140,Q9268
Q289957,P106,Q81710
Q289957,P106,Q42857
Q289957,P20,Q79
Q289957,P3373,Q220822
Q289957,P119,Q204200
Q289957,P21,Q6581097
Q289957,P841,Q2705
Q289957,P19,Q163329
Q41741,P17,Q219
Q41741,P17,Q41
Q41741,P17,Q43
Q41741,P31,Q1620908
Q41741,P31,Q28171280
Q41741,P31,Q6266
Q41741,P910,Q7472493
Q41741,P2579,Q3110778
Q41741,P1465,Q32755256
Q41741,P1464,Q32397000
Q41741,P1792,Q32670268
Q41741,P1343,Q30059240
Q41741,P1343,Q4091878
Q41741,P1343,Q602358
Q41741,P1343,Q19180675
Q41741,P1343,Q4086271
Q41741,P1343,Q63284758
Q41741,P1343,Q4532138
Q41741,P361,Q23522
Q41741,P361,Q72499
Q318657,P31,Q7278
Q318657,P17,Q399
Q318657,P488,Q4281187
Q318657,P159,Q1953
Q318657,P1142,Q189280
Q318657,P1142,Q2895399
Q318657,P1142,Q1202972
Q318657,P1142,Q83834
Q318657,P1142,Q1423867
Q318657,P462,Q3142
Q318657,P1387,Q164597
Q318657,P112,Q2463306
Q318657,P112,Q3043480
Q318657,P112,Q387871
Q318657,P910,Q9955815
Q318657,P463,Q159454
Q318657,P463,Q188592
Q318657,P463,Q703593
Q318657,P463,Q4069747
Q318657,P1830,Q702690
Q318657,P6365,Q8263837
Q2272246,P31,Q4167410
Q2272246,P1889,Q19818122
Q2272246,P1889,Q37306842
Q628523,P910,Q9034900
Q628523,P279,Q11028
Q628523,P366,Q11024
Q628523,P1889,Q54894944
Q628523,P1552,Q1530061
Q5474621,P31,Q4167410
Q133396,P910,Q8574968
Q133396,P31,Q35749
Q133396,P31,Q37002670
Q133396,P361,Q2916125
Q133396,P17,Q801
Q133396,P159,Q16129617
Q133396,P159,Q5506497
Q133396,P488,Q974766
Q133396,P488,Q519963
Q133396,P488,Q1720966
Q133396,P488,Q519944
Q133396,P488,Q983232
Q133396,P488,Q184351
Q133396,P488,Q983112
Q133396,P488,Q983248
Q133396,P488,Q1719051
Q133396,P488,Q573858
Q133396,P488,Q574033
Q133396,P488,Q983154
Q133396,P488,Q736237
Q133396,P488,Q455854
Q133396,P488,Q234190
Q133396,P488,Q455854
Q133396,P488,Q1820307
Q133396,P488,Q128888
Q133396,P488,Q1711779
Q133396,P488,Q557436
Q133396,P488,Q2330458
Q133396,P527,Q4047513
Q133396,P1001,Q801
Q133396,P6365,Q5378152
Q133396,P2388,Q2668563
Q133396,P92,Q6421991
Q423621,P461,Q35323
Q423621,P31,Q1371427
Q19707,P105,Q68947
Q19707,P31,Q16521
Q19707,P31,Q1040689
Q19707,P171,Q208140
Q19707,P1343,Q2657718
Q19707,P1343,Q1768721
Q19707,P366,Q3537778
Q19707,P1889,Q19829417
Q19707,P1672,Q5752993
Q224,P1151,Q10815276
Q224,P5125,Q7112240
Q224,P1792,Q7031578
Q224,P2852,Q1061257
Q224,P2852,Q25648834
Q224,P2852,Q25743498
Q224,P2852,Q25743500
Q224,P2853,Q1378312
Q224,P2853,Q1123613
Q224,P2633,Q215923
Q224,P1313,Q1195270
Q224,P17,Q224
Q224,P2959,Q27103168
Q224,P122,Q7270
Q224,P1552,Q3174312
Q224,P30,Q46
Q224,P530,Q38
Q224,P530,Q183
Q224,P530,Q408
Q224,P530,Q215
Q224,P530,Q184
Q224,P530,Q212
Q224,P530,Q851
Q224,P530,Q159583
Q224,P530,Q40
Q224,P530,Q1016
Q224,P530,Q1246
Q224,P530,Q20
Q224,P530,Q414
Q224,P530,Q222
Q224,P530,Q225
Q224,P530,Q219
Q224,P530,Q298
Q224,P530,Q28
Q224,P530,Q29
Q224,P530,Q35
Q224,P530,Q43
Q224,P530,Q711
Q224,P530,Q79
Q224,P530,Q794
Q224,P530,Q858
Q224,P530,Q865
Q224,P530,Q928
Q224,P530,Q30
Q224,P530,Q403
Q224,P530,Q236
Q224,P530,Q41
Q224,P530,Q902
Q224,P530,Q148
Q224,P530,Q96
Q224,P530,Q423
Q224,P194,Q371576
Q224,P421,Q25989
Q224,P421,Q6655
Q224,P421,Q6723
Q224,P421,Q28157115
Q224,P2184,Q210726
Q224,P37,Q6654
Q224,P1365,Q83286
Q224,P1365,Q209062
Q224,P206,Q13924
Q224,P206,Q4918
Q224,P36,Q1435
Q224,P237,Q184252
Q224,P237,Q11920379
Q224,P47,Q215
Q224,P47,Q28
Q224,P47,Q403
Q224,P47,Q225
Q224,P47,Q236
Q224,P47,Q458
Q224,P47,Q19801186
Q224,P910,Q5626618
Q224,P35,Q3176299
Q224,P35,Q146496
Q224,P35,Q57258
Q224,P35,Q183703
Q224,P35,Q57687
Q224,P1304,Q1143457
Q224,P1791,Q8328560
Q224,P6,Q57687
Q224,P6,Q21821359
Q224,P6,Q11685764
Q224,P6,Q146496
Q224,P463,Q458
Q224,P463,Q1065
Q224,P463,Q7184
Q224,P463,Q8908
Q224,P463,Q7825
Q224,P463,Q81299
Q224,P463,Q191384
Q224,P463,Q827525
Q224,P463,Q656801
Q224,P463,Q1043527
Q224,P463,Q899770
Q224,P463,Q782942
Q224,P463,Q663492
Q224,P463,Q1928989
Q224,P463,Q8475
Q224,P463,Q1480793
Q224,P463,Q842490
Q224,P463,Q3866537
Q224,P463,Q233611
Q224,P463,Q7809
Q224,P463,Q5611262
Q224,P463,Q17495
Q224,P463,Q376150
Q224,P463,Q170424
Q224,P463,Q7817
Q224,P5658,Q14565199
Q224,P706,Q23522
Q224,P1740,Q6427942
Q224,P208,Q1278383
Q224,P1830,Q1147000
Q224,P1830,Q1238495
Q224,P1830,Q7241455
Q224,P1830,Q155359
Q224,P1465,Q6430204
Q224,P38,Q26360
Q224,P38,Q595634
Q224,P85,Q146502
Q224,P1906,Q268984
Q224,P78,Q41008
Q224,P31,Q3624078
Q224,P31,Q179164
Q224,P31,Q51576574
Q224,P31,Q6256
Q224,P610,Q736047
Q224,P1464,Q8078205
Q224,P1622,Q14565199
Q224,P1589,Q13924
Q224,P150,Q58330
Q224,P150,Q58289
Q224,P150,Q58268
Q224,P150,Q58253
Q224,P150,Q58225
Q224,P150,Q58194
Q224,P150,Q58159
Q224,P150,Q58146
Q224,P150,Q58129
Q224,P150,Q58111
Q224,P150,Q58092
Q224,P150,Q58081
Q224,P150,Q58071
Q224,P150,Q58060
Q224,P150,Q58026
Q224,P150,Q57967
Q224,P150,Q57071
Q224,P150,Q57060
Q224,P150,Q57056
Q224,P150,Q27038
Q224,P150,Q1435
Q224,P163,Q133015
Q224,P2936,Q6654
Q224,P2936,Q9299
Q224,P2936,Q1793299
Q224,P2936,Q3507506
Q224,P2936,Q652
Q224,P2936,Q35845
Q224,P2936,Q9303
Q224,P2936,Q33622
Q224,P2596,Q2748196
Q224,P7867,Q8607341
Q224,P1343,Q4532138
Q224,P8402,Q97011945
Q224,P361,Q263686
Q183703,P138,Q9238344
Q183703,P40,Q928356
Q183703,P21,Q6581097
Q183703,P119,Q1262136
Q183703,P108,Q30297162
Q183703,P108,Q7713903
Q183703,P102,Q738439
Q183703,P102,Q641691
Q183703,P102,Q1268048
Q183703,P20,Q1435
Q183703,P69,Q2075436
Q183703,P31,Q5
Q183703,P166,Q1986005
Q183703,P166,Q94121
Q183703,P166,Q7100440
Q183703,P166,Q94499
Q183703,P166,Q94410
Q183703,P166,Q94450
Q183703,P166,Q126091
Q183703,P166,Q28914866
Q183703,P166,Q2671955
Q183703,P166,Q2624478
Q183703,P166,Q1783970
Q183703,P166,Q14762334
Q183703,P166,Q21450802
Q183703,P166,Q6077245
Q183703,P166,Q93988
Q183703,P166,Q14539974
Q183703,P166,Q61962986
Q183703,P166,Q2671857
Q183703,P166,Q2671719
Q183703,P166,Q1059569
Q183703,P166,Q614661
Q183703,P19,Q225070
Q183703,P27,Q15102440
Q183703,P27,Q191077
Q183703,P27,Q83286
Q183703,P27,Q224
Q183703,P106,Q82955
Q183703,P106,Q168559
Q183703,P106,Q1622272
Q183703,P735,Q1091889
Q183703,P463,Q1264085
Q183703,P172,Q167420
Q183703,P1196,Q3739104
Q183703,P607,Q362
Q183703,P509,Q12078
Q183703,P26,Q37693161
Q183703,P410,Q157148
Q183703,P1412,Q6654
Q183703,P734,Q21450178
Q183703,P1343,Q67311526
Q183703,P512,Q752297
Q183703,P6379,Q93272729
Q183703,P6379,Q94645374
Q183703,P7763,Q73555012
Q183703,P39,Q18643511
Q183703,P3602,Q1264416
Q183703,P3602,Q1285005
Q44356,P279,Q48352
Q44356,P279,Q116
Q44356,P910,Q9106099
Q44356,P31,Q4164871
Q44356,P31,Q5737899
Q44356,P1343,Q2657718
Q44356,P1343,Q2041543
Q44356,P1343,Q602358
Q44356,P1343,Q4173137
Q44356,P1889,Q3447790
Q44356,P17,Q193152
Q44356,P17,Q1108445
Q44356,P17,Q1168578
Q44356,P17,Q39193
Q44356,P17,Q13107370
Q44356,P17,Q1649871
Q44356,P1269,Q147982
Q44356,P1366,Q2618625
Q44356,P2596,Q66049360
Q162827,P279,Q13136
Q162827,P279,Q4006
Q162827,P910,Q8274981
Q162827,P1343,Q2657718
Q162827,P1343,Q602358
Q162827,P527,Q4006
Q162827,P1151,Q13365287
Q162827,P138,Q4816856
Q162827,P31,Q223393
Q162827,P1424,Q6690593
Q162827,P1889,Q1303310
Q3931312,P31,Q4167410
Q2155,P31,Q577
Q2155,P31,Q19828
Q2155,P361,Q35736
Q2155,P155,Q2157
Q2155,P156,Q2162
Q2155,P910,Q5611767
Q2155,P2959,Q31802748
Q2155,P527,Q13065740
Q2155,P527,Q13070064
Q2155,P527,Q16663435
Q2155,P527,Q13080396
Q2155,P527,Q13072232
Q2155,P527,Q13066103
Q2155,P527,Q13065997
Q2155,P527,Q13080469
Q2155,P527,Q16676330
Q2155,P527,Q13079982
Q2155,P527,Q13068474
Q2155,P527,Q13067874
Q2155,P1889,Q44069801
Q5152,P19,Q17151
Q5152,P20,Q274141
Q5152,P27,Q43
Q5152,P27,Q12560
Q5152,P25,Q2473445
Q5152,P22,Q2372811
Q5152,P102,Q19079
Q5152,P166,Q163700
Q5152,P166,Q599024
Q5152,P166,Q1814133
Q5152,P166,Q344339
Q5152,P166,Q2379392
Q5152,P166,Q1313499
Q5152,P166,Q343913
Q5152,P166,Q154554
Q5152,P166,Q701262
Q5152,P166,Q29834301
Q5152,P166,Q29834198
Q5152,P166,Q1882991
Q5152,P166,Q585238
Q5152,P910,Q7481116
Q5152,P31,Q5
Q5152,P39,Q1922067
Q5152,P39,Q2430415
Q5152,P39,Q21030356
Q5152,P26,Q464994
Q5152,P40,Q459104
Q5152,P40,Q6091846
Q5152,P40,Q6069093
Q5152,P40,Q382163
Q5152,P40,Q6056327
Q5152,P40,Q6032908
Q5152,P40,Q6032962
Q5152,P40,Q6086341
Q5152,P607,Q2073490
Q5152,P607,Q203824
Q5152,P607,Q165725
Q5152,P607,Q164983
Q5152,P607,Q523154
Q5152,P607,Q727536
Q5152,P607,Q87138
Q5152,P106,Q82955
Q5152,P106,Q189290
Q5152,P106,Q372436
Q5152,P69,Q7855290
Q5152,P69,Q7109936
Q5152,P69,Q3624140
Q5152,P463,Q3099404
Q5152,P463,Q1559352
Q5152,P735,Q4308518
Q5152,P735,Q17854733
Q5152,P1343,Q17378135
Q5152,P509,Q147778
Q5152,P410,Q7820253
Q5152,P1411,Q35637
Q5152,P3373,Q4275586
Q5152,P2959,Q25696239
Q5152,P2959,Q27966150
Q5152,P119,Q615404
Q5152,P119,Q4533056
Q5152,P551,Q17151
Q5152,P551,Q2195037
Q5152,P241,Q1954282
Q5152,P937,Q3640
Q5152,P5008,Q5460604
Q5152,P1196,Q3739104
Q5152,P1412,Q256
Q5152,P1412,Q36730
Q5152,P1412,Q150
Q5152,P21,Q6581097
Q5152,P1830,Q6104495
Q5152,P1340,Q17122834
Q5152,P1884,Q202466
Q5152,P552,Q3039938
Q5152,P140,Q13211738
Q5152,P6886,Q256
Q5152,P6886,Q36730
Q5152,P734,Q75659613
Q5152,P97,Q184951
Q5152,P97,Q75659193
Q5152,P172,Q84072
Q361,P276,Q46
Q361,P276,Q55643
Q361,P276,Q7204
Q361,P276,Q15
Q361,P276,Q48
Q361,P828,Q18121382
Q361,P1479,Q4763720
Q361,P1479,Q462740
Q361,P1479,Q155144
Q361,P1479,Q179848
Q361,P1479,Q153867
Q361,P1479,Q177859
Q361,P1151,Q10651811
Q361,P910,Q6816935
Q361,P31,Q103495
Q361,P31,Q11514315
Q361,P710,Q215669
Q361,P710,Q152283
Q361,P2959,Q21200344
Q361,P2959,Q29950537
Q361,P1792,Q8756687
Q361,P156,Q362
Q361,P156,Q154611
Q361,P1424,Q5909782
Q361,P5008,Q5460604
Q361,P1478,Q192050
Q361,P5125,Q20716546
Q361,P527,Q1497886
Q361,P527,Q199820
Q361,P527,Q2410539
Q361,P527,Q1765465
Q361,P527,Q659991
Q361,P527,Q1047682
Q361,P527,Q695497
Q361,P1269,Q329618
Q361,P6104,Q10656655
Q361,P1542,Q199820
Q361,P2184,Q74978
Q361,P2184,Q30324643
Q361,P793,Q15076387
Q361,P793,Q5551414
Q361,P793,Q153214
Q361,P793,Q671594
Q361,P793,Q687572
Q361,P793,Q541958
Q361,P793,Q512700
Q361,P1343,Q20078554
Q361,P1343,Q4532138
Q361,P1299,Q68316399
Q361,P7867,Q84089590
Q172438,P190,Q157144
Q172438,P190,Q13367
Q172438,P190,Q3902
Q172438,P190,Q13464
Q172438,P190,Q46940
Q172438,P190,Q485172
Q172438,P190,Q132404
Q172438,P131,Q12956645
Q172438,P17,Q145
Q172438,P421,Q6574
Q172438,P31,Q515
Q172438,P31,Q1549591
Q172438,P910,Q7335727
Q172438,P1464,Q9226404
Q172438,P1465,Q9219463
Q172438,P1343,Q2041543
Q172438,P1343,Q602358
Q172438,P194,Q6664413
Q172438,P1792,Q10187380
Q172438,P1376,Q12956645
Q172438,P206,Q19722
Q172438,P1791,Q47473744
Q172438,P1830,Q1156350
Q172438,P7959,Q67311402
Q23522,P17,Q41
Q23522,P17,Q222
Q23522,P17,Q219
Q23522,P17,Q225
Q23522,P17,Q224
Q23522,P17,Q215
Q23522,P17,Q403
Q23522,P17,Q236
Q23522,P17,Q218
Q23522,P17,Q43
Q23522,P17,Q221
Q23522,P31,Q34763
Q23522,P31,Q3502482
Q23522,P910,Q7447288
Q23522,P610,Q209341
Q23522,P206,Q4918
Q23522,P206,Q13924
Q23522,P206,Q37495
Q23522,P206,Q34575
Q23522,P206,Q166
Q23522,P1889,Q39731
Q23522,P1151,Q42351355
Q23522,P1343,Q4114391
Q23522,P1343,Q19180675
Q23522,P1343,Q602358
Q23522,P1343,Q3181656
Q23522,P47,Q13924
Q23522,P361,Q46
Q4781628,P31,Q4167410
Q52847,P92,Q2307326
Q52847,P156,Q260487
Q52847,P910,Q8427380
Q52847,P38,Q221828
Q52847,P85,Q11993
Q52847,P31,Q43229
Q52847,P527,Q21745481
Q52847,P527,Q142
Q52847,P457,Q9360758
Q52847,P159,Q9005
Q52847,P1343,Q99413897
Q38112,P910,Q6463611
Q38112,P1151,Q19342512
Q38112,P31,Q268592
Q38112,P31,Q11862829
Q38112,P5125,Q7112643
Q38112,P527,Q720362
Q38112,P3095,Q3738699
Q38112,P3095,Q26271631
Q38112,P460,Q18218474
Q38112,P1889,Q19924411
Q38112,P361,Q55640
Q7897387,P279,Q2672648
Q7897387,P279,Q3482410
Q7973121,P31,Q4167410
Q36868184,P31,Q101352
Q36868184,P282,Q8229
Q36868184,P5323,Q92953148
Q227028,P31,Q4167410
Q1181991,P31,Q4167410
Q1181991,P1889,Q16530112
Q1181991,P1889,Q37327949
Q361299,P31,Q4167410
Q361299,P460,Q3125733
Q361299,P1889,Q96081135
Q361299,P1889,Q64210820
Q528252,P31,Q4167410
Q116,P31,Q12737077
Q116,P31,Q355567
Q116,P361,Q7269
Q116,P910,Q54067
Q116,P460,Q12087689
Q116,P279,Q2304859
Q116,P279,Q48352
Q116,P279,Q4164871
Q116,P1343,Q602358
Q116,P1424,Q5626285
Q116,P3828,Q119814
Q116,P6186,Q18723048
Q543213,P31,Q4167410
Q2997946,P31,Q4167410
Q29517,P31,Q4167410
Q878223,P279,Q46831
Q878223,P279,Q9381142
Q878223,P31,Q107425
Q878223,P31,Q12060061
Q878223,P1343,Q2041543
Q878223,P1343,Q2657718
Q878223,P1343,Q19190511
Q878223,P910,Q7863570
Q878223,P1424,Q17458345
Q878223,P1889,Q55075651
Q878223,P1889,Q9381142
Q878223,P5008,Q69524601
Q951906,P17,Q227
Q951906,P17,Q244165
Q951906,P1464,Q8078110
Q951906,P1465,Q10233125
Q951906,P31,Q486972
Q951906,P31,Q515
Q951906,P1792,Q7931876
Q951906,P910,Q10233027
Q951906,P131,Q330790
Q951906,P131,Q4807202
Q951906,P421,Q6779
Q951906,P1376,Q330790
Q1129737,P910,Q7486507
Q1129737,P31,Q41710
Q1129737,P1343,Q20078554
Q1129737,P1343,Q602358
Q1129737,P103,Q31746
Q184539,P17,Q43
Q184539,P910,Q8703143
Q184539,P190,Q209908
Q184539,P190,Q25475
Q184539,P190,Q131290
Q184539,P31,Q515
Q184539,P31,Q2716259
Q184539,P421,Q6760
Q184539,P131,Q483180
Q184539,P1464,Q6377744
Q184539,P1792,Q29383204
Q184539,P1376,Q483180
Q39908,P279,Q11460
Q39908,P910,Q7011046
Q39908,P1343,Q1138524
Q39908,P1343,Q1970746
Q39908,P1343,Q2041543
Q39908,P1343,Q1768721
Q6965285,P31,Q82799
Q6965285,P527,Q23309918
Q6965285,P1889,Q1965111
Q350340,P31,Q4167410
Q350340,P1889,Q23304794
Q350340,P1889,Q37252353
Q350340,P1889,Q95689203
Q4802687,P31,Q5
Q4802687,P21,Q6581097
Q4802687,P106,Q1476215
Q4802687,P108,Q21637
Q4802687,P108,Q786194
Q4802687,P735,Q16149082
Q4802687,P19,Q64
Q4802687,P27,Q30
Q4802687,P5008,Q13382529
Q4802687,P1412,Q1860
Q416543,P31,Q4167410
Q208383,P910,Q7905228
Q208383,P1269,Q14783702
Q208383,P279,Q12769393
Q208383,P279,Q13418847
Q399,P1151,Q7959143
Q399,P5125,Q7112187
Q399,P38,Q130498
Q399,P172,Q79797
Q399,P172,Q200885
Q399,P1792,Q7030594
Q399,P2852,Q1061257
Q399,P2852,Q25648794
Q399,P2852,Q25648798
Q399,P2852,Q25648811
Q399,P2853,Q1378312
Q399,P2853,Q1123613
Q399,P2633,Q1404758
Q399,P1313,Q1123764
Q399,P17,Q399
Q399,P2959,Q20517659
Q399,P122,Q7270
Q399,P122,Q179164
Q399,P122,Q166747
Q399,P1552,Q47185145
Q399,P530,Q38
Q399,P530,Q142
Q399,P530,Q155
Q399,P530,Q212
Q399,P530,Q858
Q399,P530,Q227
Q399,P530,Q794
Q399,P530,Q17
Q399,P530,Q159
Q399,P530,Q41
Q399,P530,Q1246
Q399,P530,Q801
Q399,P530,Q863
Q399,P530,Q145
Q399,P530,Q16
Q399,P530,Q219
Q399,P530,Q229
Q399,P530,Q230
Q399,P530,Q35
Q399,P530,Q43
Q399,P530,Q458
Q399,P530,Q77
Q399,P530,Q79
Q399,P530,Q822
Q399,P530,Q843
Q399,P530,Q865
Q399,P530,Q96
Q399,P530,Q30
Q399,P530,Q39
Q399,P530,Q334
Q399,P530,Q218
Q399,P530,Q45
Q399,P530,Q232
Q399,P530,Q28
Q399,P530,Q183
Q399,P530,Q148
Q399,P530,Q423
Q399,P194,Q1337463
Q399,P2184,Q193688
Q399,P37,Q8785
Q399,P30,Q48
Q399,P30,Q46
Q399,P36,Q1953
Q399,P237,Q171384
Q399,P47,Q794
Q399,P47,Q43
Q399,P47,Q227
Q399,P47,Q230
Q399,P47,Q131083
Q399,P47,Q201557
Q399,P910,Q7008726
Q399,P6,Q7035479
Q399,P35,Q93153
Q399,P1304,Q190223
Q399,P1791,Q8328495
Q399,P463,Q7825
Q399,P463,Q8908
Q399,P463,Q380340
Q399,P463,Q1065
Q399,P463,Q208019
Q399,P463,Q81299
Q399,P463,Q191384
Q399,P463,Q827525
Q399,P463,Q656801
Q399,P463,Q1043527
Q399,P463,Q899770
Q399,P463,Q188822
Q399,P463,Q663492
Q399,P463,Q8475
Q399,P463,Q842490
Q399,P463,Q7809
Q399,P463,Q5611262
Q399,P463,Q17495
Q399,P463,Q376150
Q399,P463,Q134102
Q399,P463,Q162656
Q399,P463,Q170424
Q399,P463,Q7817
Q399,P463,Q7779
Q399,P463,Q318693
Q399,P463,Q1702783
Q399,P463,Q392739
Q399,P5658,Q14565199
Q399,P1740,Q8458029
Q399,P208,Q13417106
Q399,P421,Q6779
Q399,P421,Q4127120
Q399,P1465,Q6334679
Q399,P85,Q164259
Q399,P1906,Q4283840
Q399,P361,Q27293
Q399,P361,Q27468
Q399,P78,Q37245
Q399,P78,Q18578153
Q399,P31,Q3624078
Q399,P31,Q123480
Q399,P31,Q6256
Q399,P610,Q203568
Q399,P1464,Q8044007
Q399,P1622,Q14565199
Q399,P1589,Q1140988
Q399,P150,Q17915
Q399,P150,Q199880
Q399,P150,Q201147
Q399,P150,Q199905
Q399,P150,Q4511
Q399,P150,Q200350
Q399,P150,Q201063
Q399,P150,Q2523428
Q399,P150,Q201140
Q399,P150,Q200124
Q399,P150,Q1953
Q399,P163,Q33213
Q399,P1343,Q4114391
Q399,P1343,Q4173137
Q399,P1343,Q602358
Q399,P1343,Q19180675
Q399,P1343,Q4086271
Q399,P1343,Q19211082
Q399,P1343,Q1138524
Q399,P1343,Q30059240
Q399,P1343,Q3181656
Q399,P6104,Q11254503
Q399,P2936,Q180945
Q399,P2936,Q3446604
Q399,P2936,Q2495696
Q399,P2936,Q36163
Q399,P2936,Q3515311
Q399,P2936,Q8785
Q399,P2596,Q1818127
Q399,P7867,Q8607294
Q399,P8744,Q8077
Q399,P3075,Q5043
Q5283007,P31,Q2135465
Q296608,P31,Q4167410
Q318657,P31,Q7278
Q318657,P17,Q399
Q318657,P488,Q4281187
Q318657,P159,Q1953
Q318657,P1142,Q189280
Q318657,P1142,Q2895399
Q318657,P1142,Q1202972
Q318657,P1142,Q83834
Q318657,P1142,Q1423867
Q318657,P462,Q3142
Q318657,P1387,Q164597
Q318657,P112,Q2463306
Q318657,P112,Q3043480
Q318657,P112,Q387871
Q318657,P910,Q9955815
Q318657,P463,Q159454
Q318657,P463,Q188592
Q318657,P463,Q703593
Q318657,P463,Q4069747
Q318657,P1830,Q702690
Q318657,P6365,Q8263837
Q170028,P910,Q7216269
Q170028,P279,Q11024
Q170028,P1343,Q2041543
Q170028,P1889,Q33056942
Q170028,P1889,Q29485
Q170028,P2670,Q4925193
Q170028,P2283,Q690194
Q170028,P460,Q5282225
Q170028,P1552,Q706622
Q170028,P461,Q337349
Q245884,P31,Q4167410
Q66459315,P31,Q82799
Q66459315,P1889,Q11916344
Q66459315,P527,Q10861063
Q66459315,P527,Q16869371
Q1191635,P31,Q4167410
Q343579,P31,Q12308941
Q343579,P407,Q256
Q343579,P282,Q8229
Q343579,P1533,Q81767449
Q4018578,P31,Q4167410
Q1128498,P31,Q4167410
Q2397204,P910,Q9575650
Q2397204,P1792,Q8064688
Q2397204,P1464,Q32093252
Q2397204,P31,Q82794
Q2397204,P7867,Q83991843
Q2397204,P1465,Q95389012
Q44302,P31,Q82794
Q44302,P31,Q15239622
Q44302,P910,Q8295033
Q44302,P17,Q227
Q44302,P421,Q6779
Q44302,P36,Q129352
Q44302,P1464,Q14483724
Q44302,P1792,Q9073683
Q44302,P2633,Q10288878
Q44302,P5125,Q16153643
Q44302,P1791,Q7977116
Q44302,P1336,Q227
Q44302,P2936,Q9292
Q44302,P7867,Q83991843
Q44302,P1465,Q15818352
Q44302,P8744,Q4530364
Q223799,P31,Q192283
Q223799,P1454,Q1389604
Q223799,P159,Q649
Q223799,P740,Q656
Q223799,P17,Q34266
Q223799,P17,Q15180
Q223799,P17,Q159
Q223799,P407,Q7737
Q223799,P407,Q1860
Q223799,P910,Q29352316
Q223799,P112,Q2136
Q223799,P1830,Q330067
Q223799,P1687,P6219
Q223799,P452,Q192283
Q223799,P1889,Q651978
Q223799,P169,Q4297405
Q223799,P1365,Q127374
Q223799,P1365,Q782067
Q223799,P1037,Q4297405
Q38712,P31,Q21199
Q38712,P31,Q223722
Q38712,P31,Q13366104
Q38712,P31,Q967999
Q38712,P31,Q2708903
Q38712,P31,Q50707
Q38712,P1889,Q23756
Q38712,P5236,Q200
Q38712,P5236,Q201
Q1179546,P31,Q4167410
Q172331,P279,Q851918
Q172331,P910,Q7059618
Q172331,P31,Q1539016
Q172331,P1343,Q19180675
Q172331,P1343,Q602358
Q172331,P1343,Q27680201
Q172331,P1343,Q19190511
Q172331,P1343,Q101314624
Q172331,P2579,Q1244108
Q36507,P910,Q6511216
Q36507,P279,Q816829
Q36507,P279,Q186081
Q36507,P31,Q1790144
Q36507,P527,Q578
Q36507,P460,Q3013059
Q36507,P111,Q11471
Q27794836,P31,Q4167410
Q468489,P279,Q24571167
Q468489,P1343,Q2657718
Q468489,P1343,Q1970746
Q468489,P1343,Q602358
Q468489,P1687,P1620
Q468489,P461,Q7315941
Q468489,P460,Q7261572
Q1412224,P279,Q15708736
Q7918405,P31,Q4167410
Q591057,P31,Q4167410
Q591057,P460,Q1178321
Q591057,P460,Q28445372
Q591057,P1889,Q37519294
Q591057,P1889,Q767871
Q47928,P279,Q2416217
Q47928,P279,Q2472420
Q47928,P279,Q103810966
Q47928,P910,Q10051357
Q47928,P910,Q7464459
Q47928,P1343,Q2657718
Q47928,P1889,Q31631041
Q47928,P1889,Q7931061
Q47928,P425,Q103810625
Q47928,P3095,Q103810966
Q47928,P3095,Q17307272
Q747083,P279,Q21092339
Q747083,P527,Q6265342
Q747083,P527,Q10764194
Q747083,P1343,Q2041543
Q18733,P279,Q781413
Q18733,P279,Q57699905
Q18733,P1269,Q3267244
Q18733,P361,Q492
Q18733,P460,Q3267244
Q18733,P1889,Q816826
Q18733,P1479,Q104093790
Q425178,P31,Q4167410
Q425178,P1889,Q37472545
Q414983,P31,Q4167410
Q4052398,P31,Q4167410
Q4052398,P1889,Q37504120
Q541179,P31,Q46970
Q541179,P17,Q851
Q541179,P121,Q6475
Q541179,P121,Q6478
Q541179,P121,Q6481
Q541179,P121,Q179
Q541179,P121,Q6425
Q541179,P121,Q6428
Q541179,P121,Q377173
Q541179,P121,Q833212
Q541179,P113,Q911155
Q541179,P113,Q1205940
Q541179,P113,Q153592
Q541179,P113,Q47157
Q541179,P113,Q2743319
Q541179,P114,Q212282
Q541179,P159,Q374365
Q541179,P127,Q851
Q541179,P910,Q7484423
Q541179,P740,Q3692
Q541179,P169,Q315587
Q699405,P910,Q19338700
Q699405,P461,Q7045225
Q699405,P461,Q7551384
Q699405,P1687,P551
Q699405,P366,Q7493941
Q699405,P366,Q7743
Q699405,P1535,Q259059
Q699405,P527,Q41615809
Q699405,P527,Q7743
Q699405,P279,Q17334923
Q699405,P279,Q811979
Q699405,P2959,Q64576680
Q699405,P1424,Q26171632
Q699405,P1889,Q628858
Q699405,P1889,Q2063507
Q699405,P1889,Q475018
Q699405,P1889,Q157136
Q5381413,P31,Q4167410
Q5637102,P282,Q8229
Q5637102,P31,Q12308941
Q5637102,P407,Q7411
Q5637102,P5323,Q21644845
Q5637102,P1533,Q87185158
Q179226,P910,Q6583073
Q179226,P1151,Q10814975
Q179226,P279,Q7590
Q179226,P279,Q192581
Q179226,P279,Q3326454
Q179226,P279,Q212434
Q179226,P1424,Q28739720
Q179226,P1343,Q4114391
Q179226,P1343,Q602358
Q179226,P3095,Q2730732
Q179226,P3095,Q16684351
Q179226,P3095,Q13381458
Q179226,P3095,Q1221610
Q179226,P3095,Q846750
Q179226,P2283,Q726
Q179226,P2283,Q2442470
Q179226,P2354,Q2950573
Q1324654,P279,Q877546
Q16797636,P31,Q4167410
Q12223,P31,Q41710
Q12223,P910,Q6606800
Q12223,P1343,Q2657718
Q12223,P1343,Q4114391
Q12223,P103,Q36368
Q12223,P527,Q200885
Q12223,P527,Q36811
Q12223,P527,Q1635915
Q12223,P527,Q36163
Q12223,P361,Q1672477
Q12223,P140,Q483654
Q12223,P140,Q9585
Q12223,P140,Q137097
Q12223,P140,Q18670106
Q12223,P140,Q5043
Q12223,P140,Q9268
Q12223,P17,Q43
Q12223,P17,Q796
Q12223,P17,Q794
Q12223,P17,Q858
Q12223,P17,Q183
Q12223,P17,Q889
Q12223,P17,Q227
Q12223,P17,Q822
Q12223,P17,Q159
Q12223,P17,Q230
Q12223,P17,Q399
Q12223,P17,Q232
Q12223,P17,Q145
Q12223,P17,Q801
Q12223,P17,Q414
Q12223,P1889,Q6979808
Q132821,P279,Q149086
Q132821,P279,Q83267
Q132821,P910,Q6922908
Q132821,P1343,Q2657718
Q132821,P1343,Q2041543
Q132821,P1343,Q602358
Q132821,P1343,Q19180675
Q132821,P1343,Q4173137
Q132821,P1343,Q4086271
Q132821,P2670,Q17197559
Q132821,P2670,Q1295558
Q132821,P2670,Q7918620
Q132821,P2670,Q81672
Q132821,P1889,Q81672
Q132821,P1889,Q149086
Q132821,P1889,Q3882219
Q132821,P1889,Q3882220
Q132821,P1889,Q8038640
Q132821,P92,Q674827
Q132821,P92,Q7054993
Q329737,P31,Q2207288
Q329737,P31,Q28640
Q329737,P417,Q128538
Q329737,P417,Q43982
Q329737,P910,Q8330676
Q329737,P279,Q2588761
Q329737,P425,Q29545091
Q225322,P31,Q4167410
Q225322,P1889,Q37222260
Q482942,P910,Q6155842
Q482942,P31,Q41710
Q482942,P103,Q9292
Q482942,P527,Q44390
Q482942,P527,Q1436196
Q482942,P527,Q812110
Q482942,P527,Q2023676
Q482942,P527,Q10985965
Q482942,P527,Q17419175
Q482942,P527,Q2991513
Q482942,P527,Q65441
Q482942,P140,Q9585
Q482942,P140,Q483654
Q482942,P7867,Q84045505
Q482942,P361,Q83328
Q482942,P361,Q4058325
Q482942,P1889,Q101452272
Q570354,P461,Q333176
Q570354,P31,Q151885
Q570354,P1343,Q678259
Q570354,P92,Q674827
Q570354,P279,Q83267
Q405981,P31,Q4167410
Q405981,P1889,Q21020747
Q405981,P1889,Q2688708
Q1282276,P138,Q171692
Q1282276,P140,Q5043
Q1282276,P279,Q665487
Q1282276,P279,Q5982983
Q1282276,P527,Q665487
Q1282276,P910,Q9072618
Q1282276,P2388,Q171692
Q6448934,P31,Q4167410
Q1554556,P31,Q4167410
Q1554556,P1889,Q29856658
Q1554556,P1889,Q1664392
Q1554556,P1889,Q1433075
Q5031731,P140,Q9592
Q5031731,P279,Q628455
Q1122152,P31,Q4830453
Q1122152,P112,Q6774883
Q1122152,P1056,Q2930894
Q399141,P31,Q4167410
Q81307,P159,Q727
Q81307,P910,Q8500769
Q81307,P31,Q1785733
Q81307,P31,Q163740
Q81307,P31,Q1194093
Q81307,P166,Q2085686
Q81307,P166,Q20743650
Q81307,P740,Q24639
Q81307,P485,Q1667757
Q81307,P112,Q16007715
Q81307,P112,Q5298647
Q81307,P112,Q6193718
Q81307,P135,Q2855609
Q81307,P135,Q58848
Q81307,P135,Q506259
Q81307,P1830,Q168474
Q81307,P1830,Q567862
Q81307,P1830,Q2310320
Q81307,P1830,Q2904359
Q81307,P1830,Q6720056
Q81307,P2541,Q13780930
Q81307,P1037,Q24010512
Q81307,P1037,Q42413972
Q81307,P1365,Q5291814
Q81307,P6365,Q8721389
Q81307,P355,Q64853127
Q81307,P5008,Q69524601
Q81307,P101,Q7942
Q81307,P101,Q169940
Q81307,P101,Q331828
Q81307,P101,Q42767
Q81307,P101,Q159236
Q18823059,P31,Q101352
Q18823059,P1889,Q1734453
Q18823059,P460,Q37040559
Q18823059,P282,Q8229
Q18823059,P1552,Q89410507
Q3316261,P31,Q2135465
Q3316261,P279,Q83267
Q3316261,P279,Q104493
Q3316261,P1382,Q11640551
Q3316261,P527,Q1914636
Q3316261,P527,Q104493
Q185166,P31,Q1326966
Q185166,P31,Q134830
Q185166,P140,Q432
Q185166,P460,Q1410729
Q185166,P460,Q2632248
Q185166,P460,Q188942
Q185166,P279,Q20826540
Q3114762,P279,Q177597
Q3114762,P279,Q7978115
Q3114762,P31,Q2235308
Q3114762,P31,Q18643213
Q3114762,P1343,Q2657718
Q3114762,P1343,Q4086271
Q3114762,P1343,Q4114391
Q3114762,P1343,Q602358
Q3114762,P1343,Q19180675
Q3114762,P1424,Q10157973
Q3114762,P910,Q7302583
Q210932,P910,Q8228359
Q210932,P279,Q15126142
Q210932,P279,Q580939
Q210932,P279,Q2438179
Q210932,P31,Q20027953
Q210932,P366,Q9640723
Q953129,P279,Q36224
Q953129,P279,Q468801
Q953129,P910,Q33061856
Q292899,P31,Q4167410
Q43382,P190,Q12193
Q43382,P190,Q385
Q43382,P190,Q10313
Q43382,P190,Q326295
Q43382,P190,Q15760
Q43382,P190,Q243293
Q43382,P17,Q145
Q43382,P131,Q21674890
Q43382,P31,Q515
Q43382,P31,Q1549591
Q43382,P910,Q9080245
Q43382,P1464,Q8068300
Q43382,P1465,Q9219502
Q43382,P1792,Q8968986
Q43382,P1343,Q2041543
Q43382,P1343,Q4114391
Q43382,P1343,Q602358
Q43382,P1343,Q4173137
Q43382,P1343,Q19180675
Q43382,P421,Q6574
Q43382,P206,Q578127
Q43382,P793,Q65067509
Q43382,P1889,Q326295
Q43382,P7867,Q84112691
Q43382,P7959,Q67393660
Q43702,P279,Q22676603
Q43702,P461,Q179164
Q43702,P910,Q7011792
Q43702,P1343,Q2657718
Q43702,P527,Q512187
Q43702,P1889,Q170156
Q43702,P1557,Q22676603
Q56246269,P31,Q101352
Q56246269,P1889,Q928677
Q56246269,P460,Q37100411
Q56246269,P282,Q8229
Q2093070,P1533,Q18070772
Q2093070,P31,Q12308941
Q2093070,P460,Q2793400
Q2093070,P460,Q3903143
Q2093070,P460,Q15897583
Q2093070,P460,Q16761621
Q2093070,P460,Q15897269
Q2093070,P460,Q1225705
Q2093070,P460,Q15898089
Q2093070,P460,Q18640818
Q2093070,P460,Q18640816
Q2093070,P460,Q13567058
Q2093070,P460,Q18640815
Q2093070,P460,Q18219701
Q2093070,P460,Q11722269
Q2093070,P460,Q7178449
Q2093070,P460,Q15897204
Q2093070,P460,Q15897325
Q2093070,P460,Q15897340
Q2093070,P460,Q15897419
Q2093070,P460,Q15897708
Q2093070,P460,Q15897756
Q2093070,P460,Q15897788
Q2093070,P460,Q15897795
Q2093070,P460,Q15897830
Q2093070,P460,Q2067188
Q2093070,P460,Q1237447
Q2093070,P460,Q1439952
Q2093070,P460,Q10622039
Q2093070,P460,Q12798587
Q2093070,P460,Q13582800
Q2093070,P460,Q10625184
Q2093070,P460,Q15897150
Q2093070,P460,Q19018108
Q2093070,P460,Q19816276
Q2093070,P460,Q18606368
Q2093070,P460,Q23657234
Q2093070,P460,Q20155793
Q2093070,P460,Q16518649
Q2093070,P460,Q28356986
Q2093070,P460,Q31033721
Q2093070,P460,Q39312312
Q2093070,P460,Q60935699
Q2093070,P460,Q67173741
Q2093070,P407,Q150
Q2093070,P407,Q7411
Q2093070,P1560,Q7192558
Q2093070,P1889,Q13141106
Q2093070,P282,Q8229
Q2093070,P5323,Q21644845
Q2093070,P5323,Q21142040
Q10858057,P910,Q9619549
Q10858057,P31,Q1969448
Q10858057,P279,Q938236
Q10858057,P279,Q1752346
Q146654,P31,Q4167410
Q1243409,P1269,Q18336
Q1243409,P279,Q8514257
Q1243409,P279,Q834104
Q1243409,P5869,Q47462389
Q1243409,P1687,P8503
Q1376796,P910,Q8658642
Q1376796,P279,Q1914636
Q1376796,P1269,Q18564125
Q379138,P527,Q11002
Q379138,P527,Q34172
Q379138,P527,Q8495
Q379138,P495,Q30
Q379138,P279,Q5159627
Q379138,P1792,Q32525880
Q379138,P31,Q5159627
Q801,P1344,Q322607
Q801,P2746,Q1621080
Q801,P1792,Q9072191
Q801,P2852,Q25648793
Q801,P2852,Q25648794
Q801,P2852,Q25648798
Q801,P2853,Q1378312
Q801,P2853,Q1266396
Q801,P2853,Q1383497
Q801,P457,Q223732
Q801,P276,Q81483
Q801,P1313,Q208487
Q801,P1465,Q6334664
Q801,P832,Q131028
Q801,P832,Q132994
Q801,P832,Q182242
Q801,P832,Q932711
Q801,P832,Q130881
Q801,P832,Q748816
Q801,P832,Q180115
Q801,P832,Q121393
Q801,P832,Q2914551
Q801,P832,Q309530
Q801,P832,Q1539489
Q801,P832,Q952721
Q801,P832,Q1472650
Q801,P832,Q201196
Q801,P832,Q748801
Q801,P832,Q1820509
Q801,P530,Q30
Q801,P530,Q159
Q801,P530,Q16
Q801,P530,Q148
Q801,P530,Q79
Q801,P530,Q794
Q801,P530,Q810
Q801,P530,Q668
Q801,P530,Q17
Q801,P530,Q142
Q801,P530,Q213
Q801,P530,Q145
Q801,P530,Q41
Q801,P530,Q183
Q801,P530,Q38
Q801,P530,Q414
Q801,P530,Q408
Q801,P530,Q43
Q801,P530,Q884
Q801,P530,Q928
Q801,P530,Q229
Q801,P530,Q115
Q801,P530,Q334
Q801,P530,Q159583
Q801,P530,Q155
Q801,P530,Q20
Q801,P530,Q212
Q801,P530,Q184
Q801,P530,Q227
Q801,P530,Q419
Q801,P530,Q739
Q801,P530,Q40
Q801,P530,Q846
Q801,P530,Q15180
Q801,P530,Q954
Q801,P530,Q836
Q801,P530,Q986
Q801,P530,Q55
Q801,P530,Q37
Q801,P530,Q96
Q801,P530,Q218
Q801,P530,Q403
Q801,P530,Q1020
Q801,P530,Q1025
Q801,P530,Q1032
Q801,P530,Q33
Q801,P530,Q878
Q801,P530,Q948
Q801,P530,Q399
Q801,P530,Q916
Q801,P530,Q298
Q801,P530,Q77
Q801,P530,Q717
Q801,P530,Q27
Q801,P530,Q221
Q801,P530,Q1033
Q801,P530,Q1030
Q801,P530,Q691
Q801,P530,Q233
Q801,P530,Q39
Q801,P530,Q733
Q801,P530,Q1036
Q801,P530,Q424
Q801,P530,Q790
Q801,P530,Q205047
Q801,P530,Q458
Q801,P530,Q241
Q801,P530,Q912
Q801,P530,Q750
Q801,P530,Q811
Q801,P530,Q230
Q801,P530,Q262
Q801,P530,Q858
Q801,P530,Q865
Q801,P530,Q215
Q801,P530,Q953
Q801,P530,Q837
Q801,P530,Q34
Q801,P530,Q36
Q801,P530,Q31
Q801,P530,Q258
Q801,P530,Q774
Q801,P530,Q35
Q801,P530,Q16957
Q801,P530,Q28
Q801,P530,Q712
Q801,P2184,Q2696109
Q801,P206,Q748696
Q801,P206,Q126982
Q801,P206,Q23883
Q801,P206,Q81611
Q801,P206,Q40059
Q801,P206,Q4918
Q801,P36,Q1218
Q801,P1791,Q7976029
Q801,P463,Q1065
Q801,P463,Q41550
Q801,P463,Q7825
Q801,P463,Q192177
Q801,P463,Q191384
Q801,P463,Q827525
Q801,P463,Q656801
Q801,P463,Q1043527
Q801,P463,Q899770
Q801,P463,Q42944
Q801,P463,Q8475
Q801,P463,Q7809
Q801,P463,Q5611262
Q801,P463,Q17495
Q801,P463,Q376150
Q801,P463,Q663492
Q801,P463,Q170424
Q801,P463,Q7817
Q801,P5658,Q13196750
Q801,P2238,Q25247
Q801,P421,Q2583609
Q801,P421,Q6087247
Q801,P1906,Q327948
Q801,P1906,Q62119441
Q801,P47,Q858
Q801,P47,Q810
Q801,P47,Q79
Q801,P47,Q822
Q801,P47,Q407199
Q801,P47,Q229
Q801,P47,Q39760
Q801,P47,Q36678
Q801,P47,Q170468
Q801,P138,Q155321
Q801,P163,Q128480
Q801,P6104,Q10781185
Q801,P1151,Q8252866
Q801,P5125,Q15264771
Q801,P38,Q131309
Q801,P38,Q2720762
Q801,P38,Q3973271
Q801,P38,Q1674712
Q801,P2633,Q1616635
Q801,P17,Q801
Q801,P2959,Q23653940
Q801,P2959,Q20829392
Q801,P122,Q4198907
Q801,P1424,Q10563945
Q801,P209,Q399798
Q801,P194,Q133396
Q801,P1365,Q193714
Q801,P30,Q48
Q801,P237,Q184991
Q801,P5008,Q5460604
Q801,P1552,Q3174312
Q801,P1552,Q2614401
Q801,P485,Q2637340
Q801,P740,Q2620299
Q801,P1889,Q234180
Q801,P910,Q1411497
Q801,P1304,Q244411
Q801,P6,Q43723
Q801,P6,Q37610
Q801,P6,Q208477
Q801,P6,Q37610
Q801,P6,Q191123
Q801,P6,Q42992
Q801,P6,Q34060
Q801,P6,Q130873
Q801,P6,Q184351
Q801,P6,Q57410
Q801,P6,Q184351
Q801,P6,Q34060
Q801,P6,Q57410
Q801,P6,Q43723
Q801,P6,Q125731
Q801,P6,Q60206
Q801,P6,Q93181
Q801,P706,Q170526
Q801,P1740,Q6419007
Q801,P208,Q2578249
Q801,P85,Q130865
Q801,P78,Q40467
Q801,P31,Q3624078
Q801,P31,Q51576574
Q801,P31,Q6256
Q801,P610,Q215471
Q801,P1464,Q6037884
Q801,P112,Q37610
Q801,P1622,Q14565199
Q801,P35,Q455854
Q801,P35,Q57410
Q801,P35,Q172183
Q801,P35,Q128894
Q801,P35,Q299100
Q801,P35,Q110330
Q801,P35,Q311583
Q801,P35,Q295141
Q801,P35,Q128911
Q801,P35,Q181832
Q801,P35,Q172183
Q801,P35,Q37610
Q801,P35,Q974766
Q801,P35,Q1720966
Q801,P35,Q736237
Q801,P35,Q234190
Q801,P1589,Q23883
Q801,P37,Q9288
Q801,P37,Q13955
Q801,P150,Q192232
Q801,P150,Q192811
Q801,P150,Q188785
Q801,P150,Q185845
Q801,P150,Q189942
Q801,P150,Q188781
Q801,P150,Q513200
Q801,P1343,Q17329836
Q801,P2936,Q56467
Q801,P2936,Q56595
Q801,P2936,Q9288
Q801,P2936,Q34200
Q801,P2936,Q56502
Q801,P2936,Q55633582
Q801,P2936,Q3436461
Q801,P2936,Q3436467
Q801,P2936,Q1982248
Q801,P2936,Q2915457
Q801,P2936,Q2911863
Q801,P2936,Q56469
Q801,P2936,Q56473
Q801,P2936,Q1860
Q801,P2936,Q56599
Q801,P2936,Q56598
Q801,P2936,Q35737
Q801,P2936,Q35854
Q801,P2936,Q8641
Q801,P2936,Q36196
Q801,P2936,Q37733
Q801,P2936,Q33234
Q801,P2936,Q33367
Q801,P2936,Q33407
Q801,P2936,Q33426
Q801,P361,Q7204
Q801,P361,Q27293
Q801,P2596,Q385334
Q801,P7867,Q8607396
Q801,P8402,Q97119126
Q801,P1382,Q23792
Q801,P8744,Q1379800
Q801,P3075,Q9268
Q801,P3075,Q432
Q801,P3075,Q5043
Q801,P3075,Q163943
Q297686,P31,Q4167410
Q813701,P407,Q21200
Q813701,P407,Q188
Q813701,P31,Q101352
Q813701,P460,Q2659856
Q813701,P460,Q2658150
Q813701,P460,Q1018922
Q813701,P460,Q813719
Q813701,P460,Q813731
Q813701,P460,Q21501910
Q813701,P460,Q21448653
Q813701,P460,Q804455
Q813701,P460,Q21501992
Q813701,P460,Q12798731
Q813701,P460,Q37456226
Q813701,P1889,Q223943
Q813701,P138,Q160131
Q813701,P282,Q8229
Q813701,P361,Q80151549
Q829540,P910,Q19351236
Q829540,P1343,Q2657718
Q829540,P1343,Q4086271
Q829540,P1343,Q4173137
Q829540,P1343,Q19180675
Q829540,P1343,Q602358
Q829540,P1343,Q19190511
Q829540,P1343,Q1970746
Q829540,P279,Q385777
Q829540,P186,Q4739805
Q829540,P186,Q131746
Q92768529,P31,Q4167410
Q184651,P279,Q40867
Q184651,P910,Q7158369
Q184651,P1343,Q2657718
Q184651,P2579,Q7218
Q184651,P2579,Q1130602
Q184651,P2579,Q100248755
Q184651,P1889,Q3072135
Q184651,P31,Q56256173
Q184651,P31,Q56256178
Q184651,P680,Q28054296
Q7285138,P31,Q4167410
Q250138,P31,Q4167410
Q250138,P1889,Q16542351
Q250138,P1889,Q1099246
Q104541,P910,Q7405598
Q104541,P279,Q178697
Q104541,P279,Q79529
Q104541,P1479,Q1141546
Q104541,P1479,Q179057
Q104541,P1479,Q2991605
Q104541,P1479,Q659495
Q104541,P1889,Q3918778
Q1172620,P31,Q4167410
Q1172620,P1889,Q37573611
Q108376,P361,Q3230
Q108376,P361,Q3359129
Q108376,P910,Q10255587
Q108376,P155,Q40631
Q108376,P155,Q186433
Q108376,P156,Q162167
Q108376,P156,Q162219
Q108376,P156,Q205397
Q108376,P31,Q29653271
Q2310145,P279,Q17276189
Q2310145,P31,Q28640
Q2310145,P425,Q25261
Q2310145,P910,Q7410034
Q752297,P460,Q11965155
Q752297,P460,Q11995613
Q752297,P460,Q18396865
Q752297,P460,Q737462
Q752297,P460,Q10480684
Q752297,P460,Q3033550
Q752297,P460,Q67130272
Q752297,P2517,Q9517628
Q752297,P279,Q849697
Q752297,P31,Q23015928
Q752297,P31,Q189533
Q752297,P1889,Q849697
Q752297,P1889,Q39631
Q752297,P3729,Q1527520
Q816741,P279,Q21950738
Q816741,P279,Q811979
Q816741,P279,Q391414
Q816741,P31,Q1497384
Q816741,P361,Q21263223
Q1020621,P31,Q15839299
Q1020621,P425,Q1020619
Q1020621,P425,Q184485
Q1020621,P279,Q5352191
Q1020621,P279,Q2328828
Q1541208,P31,Q4167410
Q1541208,P1889,Q16868027
Q1541208,P1889,Q3113074
Q1541208,P460,Q59555271
Q1541208,P460,Q59555404
Q51415,P31,Q1520214
Q51415,P31,Q210588
Q51415,P910,Q18627585
Q51415,P1269,Q5110203
Q51415,P5008,Q24909800
Q51415,P5008,Q15092984
Q51415,P5008,Q97285685
Q51415,P2737,Q23766486
Q51415,P279,Q589656
Q221810,P910,Q14326750
Q221810,P279,Q7748
Q221810,P1269,Q58375253
Q186619,P910,Q6985940
Q186619,P279,Q190539
Q186619,P279,Q628523
Q186619,P3712,Q1231428
Q186619,P1552,Q1047000
Q186619,P31,Q108163
Q43414,P910,Q6613331
Q43414,P279,Q5801919
Q43414,P279,Q600571
Q43414,P279,Q2352921
Q3809419,P1889,Q13993971
Q958210,P910,Q8222314
Q958210,P279,Q11460
Q958210,P460,Q732761
Q958210,P460,Q2380327
Q5451799,P31,Q4167410
Q2827815,P910,Q6036242
Q2827815,P361,Q166542
Q2827815,P361,Q3422086
Q2827815,P31,Q151885
Q2827815,P279,Q26132748
Q2827815,P279,Q1643184
Q2827815,P1889,Q296232
Q16255115,P31,Q4167410
Q223791,P31,Q4167410
Q223791,P1889,Q36873107
Q223791,P460,Q893361
Q223791,P460,Q2910626
Q2026938,P910,Q8668627
Q2026938,P279,Q79529
Q2026938,P31,Q17339814
Q485446,P31,Q16748888
Q485446,P461,Q484954
Q485446,P361,Q9357054
Q485446,P361,Q77468620
Q485446,P361,Q20991093
Q485446,P1343,Q602358
Q485446,P1343,Q19180675
Q485446,P1343,Q4173137
Q485446,P1343,Q19190511
Q179289,P279,Q930933
Q179289,P910,Q7211634
Q179289,P361,Q8078
Q179289,P361,Q18121382
Q179289,P527,Q2574811
Q179289,P527,Q261155
Q179289,P461,Q1717246
Q179289,P2579,Q156318
Q179289,P1343,Q3181656
Q179289,P1343,Q4532138
Q227341,P31,Q4167410
Q227341,P1889,Q2130048
Q227341,P1889,Q37555901
Q227341,P1889,Q39389572
Q656884,P279,Q953045
Q656884,P279,Q26904132
Q656884,P1889,Q1335051
Q1453446,P31,Q4167410
Q212367,P31,Q4167410
Q212367,P1889,Q18285174
Q212367,P1889,Q27235850
Q7309630,P31,Q4167410
Q7264,P31,Q1401304
Q7264,P31,Q12909644
Q7264,P138,Q9061
Q7264,P910,Q6084841
Q7264,P527,Q95983324
Q7264,P527,Q95983195
Q7264,P5008,Q5460604
Q7264,P1343,Q56627988
Q7264,P1343,Q1308032
Q7264,P61,Q9061
Q7264,P61,Q34787
Q7264,P1889,Q188670
Q7264,P1889,Q6199
Q7264,P1151,Q60647992
Q7264,P1382,Q5128296
Q7264,P1382,Q937465
Q7264,P1382,Q917453
Q37748,P910,Q6567031
Q37748,P1687,P1057
Q37748,P279,Q22326185
Q37748,P279,Q5058355
Q37748,P31,Q5058355
Q37748,P1424,Q19677013
Q37748,P1424,Q6924124
Q37748,P461,Q172778
Q37748,P527,Q7430
Q37748,P527,Q36293
Q37748,P527,Q78855299
Q37748,P527,Q14762596
Q37748,P527,Q101195670
Q37748,P527,Q14872779
Q37748,P1343,Q602358
Q37748,P1552,Q118406
Q193607,P279,Q183560
Q193607,P31,Q61915880
Q193607,P1343,Q2041543
Q6499736,P910,Q5910807
Q6499736,P279,Q16887380
Q6499736,P279,Q1172284
Q6499736,P361,Q16608254
Q6499736,P2579,Q1725664
Q6499736,P1889,Q859161
Q505619,P910,Q8549615
Q505619,P31,Q781413
Q505619,P2959,Q17607608
Q505619,P461,Q2915214
Q409303,P31,Q4167410
Q409303,P460,Q1950401
Q409303,P460,Q50343452
Q409303,P1889,Q21507555
Q35509,P279,Q271669
Q35509,P279,Q35145263
Q35509,P279,Q863404
Q35509,P910,Q6782647
Q35509,P1963,P706
Q35509,P1963,P2792
Q35509,P1963,P3256
Q35509,P1424,Q6035036
Q35509,P1424,Q14459867
Q35509,P2354,Q1420799
Q35509,P1889,Q20919210
Q35509,P1343,Q65109596
Q35509,P2670,Q67166646
Q35509,P460,Q65134076
Q35509,P2579,Q179132
Q2475213,P31,Q4830453
Q2475213,P159,Q3292703
Q2475213,P740,Q18419
Q2475213,P17,Q30
Q2475213,P1056,Q46185
Q60168,P31,Q11173
Q60168,P31,Q12140
Q60168,P31,Q427523
Q60168,P910,Q7423015
Q60168,P1343,Q17329836
Q60168,P527,Q629
Q60168,P527,Q623
Q60168,P1889,Q5743617
Q60168,P2868,Q427523
Q60168,P2868,Q940
Q184840,P910,Q7498189
Q184840,P279,Q83267
Q184840,P1343,Q2657718
Q184840,P1343,Q2041543
Q184840,P460,Q1758553
Q184840,P3095,Q17176618
Q184840,P3095,Q890103
Q2356390,P175,Q184217
Q2356390,P264,Q203059
Q2356390,P31,Q134556
Q2356390,P155,Q2758957
Q2356390,P156,Q371676
Q2356390,P495,Q30
Q2356390,P361,Q902233
Q2356390,P162,Q451084
Q2356390,P136,Q11366
Q4778374,P31,Q4167410
Q4778374,P1889,Q4778382
Q4778374,P1889,Q12301994
Q152074,P910,Q6489751
Q152074,P1343,Q2041543
Q152074,P1343,Q602358
Q152074,P1343,Q602358
Q152074,P1343,Q602358
Q152074,P1343,Q19190511
Q152074,P31,Q2628882
Q152074,P31,Q66593009
Q152074,P279,Q1456832
Q317749,P17,Q31
Q317749,P31,Q1969448
Q1759284,P279,Q43015
Q1759284,P1269,Q43183
Q6452087,P279,Q83267
Q6452087,P279,Q1772449
Q6452087,P910,Q8432380
Q6452087,P1343,Q2041543
Q6452087,P92,Q674827
Q20035455,P279,Q1416012
Q124734,P279,Q180684
Q124734,P279,Q13418847
Q124734,P910,Q6969040
Q124734,P910,Q7467067
Q124734,P1889,Q6107280
Q124734,P1343,Q2041543
Q124734,P1343,Q4114391
Q124734,P1343,Q602358
Q124734,P1343,Q19180675
Q124734,P1343,Q19190511
Q124734,P1424,Q6229891
Q124734,P3095,Q1125062
Q160232,P31,Q60539481
Q160232,P910,Q7023199
Q160232,P461,Q316
Q160232,P279,Q13631330
Q160232,P1542,Q770480
Q160232,P1343,Q1970746
Q160232,P361,Q77468620
Q828361,P279,Q26270576
Q828361,P366,Q17200001
Q229213,P31,Q4167410
Q229213,P1889,Q18204850
Q229213,P1889,Q2549042
Q229213,P1889,Q50407104
Q229213,P1343,Q455
Q229213,P1343,Q867541
Q19,P279,Q3796713
Q19,P279,Q9332
Q19,P910,Q8357163
Q11003143,P31,Q101352
Q11003143,P1343,Q678259
Q11003143,P1889,Q218946
Q11003143,P282,Q8229
Q11003143,P407,Q1860
Q317088,P279,Q337060
Q317088,P279,Q28877
Q317088,P910,Q6978587
Q317088,P1424,Q7645006
Q317088,P1382,Q15075845
Q317088,P1889,Q15075845
Q317088,P1552,Q1474273
Q317088,P1557,Q1474273
Q317088,P828,Q1780322
Q317088,P828,Q5153139
Q317088,P2354,Q6643859
Q317088,P31,Q29028649
Q414146,P31,Q4167410
Q414146,P1889,Q16090622
Q414146,P460,Q16092125
Q414146,P460,Q224643
Q298502,P31,Q4167410
Q204886,P910,Q7145926
Q204886,P31,Q12909644
Q204886,P1343,Q20743760
Q204886,P461,Q257855
Q204886,P1889,Q79896
Q204886,P1889,Q22676603
Q204886,P3712,Q43702
Q204886,P3712,Q22676603
Q5510522,P31,Q4167410
Q2529839,P279,Q16346
Q56245605,P31,Q101352
Q56245605,P1889,Q5916887
Q296728,P31,Q4167410
Q296728,P1889,Q16871415
Q226995,P31,Q47103999
Q226995,P1343,Q2657718
Q226995,P1269,Q12483
Q226995,P1269,Q1665389
Q226995,P279,Q734219
Q226995,P279,Q578714
Q226995,P1889,Q1334910
Q37383,P105,Q7432
Q37383,P171,Q636425
Q37383,P31,Q16521
Q37383,P1672,Q3621199
Q37383,P1672,Q98110308
Q37383,P1672,Q7157936
Q37383,P4000,Q379813
Q28803,P279,Q748611
Q28803,P138,Q334953
Q28803,P910,Q8703297
Q28803,P495,Q21
Q28803,P186,Q7802
Q28803,P186,Q9266
Q28803,P186,Q25403900
Q28803,P186,Q18560070
Q28803,P186,Q10990
Q28803,P527,Q7802
Q28803,P31,Q19861951
Q28803,P1889,Q1018075
Q28803,P1889,Q6559431
Q28803,P1343,Q602358
Q29303,P190,Q41876
Q29303,P190,Q82646
Q29303,P190,Q171353
Q29303,P190,Q173219
Q29303,P190,Q244934
Q29303,P190,Q383369
Q29303,P190,Q511270
Q29303,P190,Q2684
Q29303,P17,Q145
Q29303,P17,Q174193
Q29303,P17,Q161885
Q29303,P17,Q179876
Q29303,P421,Q6574
Q29303,P131,Q1094104
Q29303,P31,Q515
Q29303,P910,Q7285684
Q29303,P1464,Q7916391
Q29303,P1465,Q9217890
Q29303,P1792,Q15142745
Q29303,P1376,Q1094104
Q29303,P1791,Q47014813
Q29303,P793,Q60524541
Q29303,P1343,Q3181656
Q29303,P7867,Q84068720
Q29303,P7959,Q67479626
Q12206,P1995,Q1207969
Q12206,P910,Q7214357
Q12206,P1542,Q127724
Q12206,P1542,Q945238
Q12206,P1542,Q631361
Q12206,P1542,Q1129105
Q12206,P1343,Q2657718
Q12206,P1343,Q3181656
Q12206,P2176,Q2329715
Q12206,P2176,Q7939403
Q12206,P2176,Q3492616
Q12206,P5008,Q5460604
Q12206,P5008,Q87748614
Q12206,P5008,Q4099686
Q12206,P5125,Q7112608
Q12206,P1889,Q220551
Q12206,P5642,Q56196009
Q12206,P1424,Q18517643
Q12206,P2579,Q1207969
Q12206,P2579,Q162606
Q12206,P279,Q18556224
Q832635,P31,Q4167410
Q832635,P1889,Q31697
Q832635,P1889,Q19901955
Q832635,P1889,Q19953046
Q832635,P460,Q224225
Q832635,P460,Q406457
Q832635,P460,Q401406
Q832635,P460,Q406192
Q832635,P460,Q29436981
Q832635,P460,Q12302688
Q6796967,P31,Q4167410
Q6796967,P1889,Q36885226
Q384459,P1889,Q1804457
Q384459,P279,Q101401
Q384459,P279,Q31807746
Q273120,P279,Q1190554
Q273120,P279,Q1914636
Q273120,P910,Q6539908
Q273120,P1424,Q6923869
Q273120,P1889,Q6539908
Q52371,P279,Q66737643
Q52371,P910,Q7778067
Q52371,P31,Q21506450
Q52371,P1343,Q2657718
Q52371,P1343,Q2041543
Q4928574,P31,Q4167410
Q1129448,P1343,Q2657718
Q1129448,P279,Q234460
Q340963,P31,Q15688633
Q340963,P31,Q66472631
Q13662955,P31,Q4167410
Q13662955,P1889,Q37523873
Q510362,P175,Q213923
Q510362,P264,Q5253631
Q510362,P31,Q482994
Q510362,P155,Q2739056
Q510362,P156,Q572050
Q510362,P136,Q49451
Q510362,P162,Q352766
Q510362,P407,Q1860
Q80005,P31,Q55983715
Q80005,P910,Q7217735
Q80005,P366,Q2095
Q1798473,P31,Q11879590
Q1798473,P1750,Q2342
Q1798473,P1889,Q14628909
Q1798473,P282,Q8229
Q1798473,P1533,Q37320603
Q1798473,P407,Q7411
Q1798473,P5323,Q21644845
Q1798473,P1343,Q151
Q2216236,P279,Q824176
Q2216236,P279,Q29533959
Q2216236,P279,Q780
Q2216236,P1889,Q21768548
Q2216236,P4733,Q47133167
Q2216236,P1552,Q44148
Q2216236,P31,Q178559
Q2515622,P31,Q1207505
Q2515622,P1382,Q2307054
Q2515622,P279,Q221284
Q5043,P1151,Q8586708
Q5043,P910,Q1983866
Q5043,P3095,Q106039
Q5043,P2959,Q22828226
Q5043,P1424,Q5881848
Q5043,P740,Q1218
Q5043,P5125,Q7112229
Q5043,P31,Q6957341
Q5043,P112,Q302
Q5043,P2184,Q235329
Q5043,P279,Q47280
Q5043,P279,Q19842652
Q5043,P279,Q9174
Q5043,P138,Q302
Q5043,P5008,Q5460604
Q5043,P1343,Q19538713
Q5043,P1343,Q19180675
Q5043,P1343,Q602358
Q5043,P1343,Q3181656
Q5043,P1343,Q867541
Q5043,P807,Q9268
Q5043,P6104,Q4587240
Q5043,P457,Q1845
Q232277,P31,Q4167410
Q232277,P1889,Q2824680
Q232277,P1889,Q26971843
Q232277,P1889,Q359886
Q179216,P910,Q7323612
Q179216,P1343,Q2041543
Q179216,P279,Q16887380
Q179216,P2579,Q8134
Q3908516,P31,Q8187769
Q3908516,P31,Q11862829
Q3908516,P31,Q4671286
Q3908516,P910,Q7026433
Q3908516,P1889,Q19862406
Q6500754,P910,Q8551776
Q6500754,P31,Q1914636
Q6500754,P361,Q8434
Q6500754,P361,Q9347372
Q43263902,P31,Q3464665
Q43263902,P179,Q27089570
Q43263902,P495,Q30
Q43263902,P449,Q907311
Q43263902,P136,Q1366112
Q43263902,P364,Q1860
Q43263902,P527,Q55927959
Q43263902,P527,Q55936114
Q43263902,P527,Q55956959
Q43263902,P527,Q55964946
Q43263902,P527,Q55973594
Q43263902,P527,Q55973618
Q43263902,P527,Q55973624
Q43263902,P527,Q55973722
Q43263902,P527,Q55973761
Q43263902,P527,Q55973814
Q43263902,P527,Q55973898
Q43263902,P527,Q55973961
Q43263902,P527,Q55973967
Q3239189,P279,Q14819856
Q3239189,P1889,Q213449
Q3239189,P1343,Q1768721
Q3239189,P3095,Q1401609
Q202875,P910,Q8670529
Q202875,P279,Q131395
Q202875,P279,Q1914636
Q202875,P279,Q7157572
Q202875,P3095,Q10335982
Q202875,P2579,Q97008347
Q202875,P2579,Q8134
Q421590,P31,Q4167410
Q421590,P1889,Q21448929
Q1208720,P31,Q4167410
Q332154,P910,Q7467724
Q332154,P279,Q2843407
Q332154,P279,Q94643648
Q332154,P31,Q2996394
Q332154,P1889,Q2070979
Q1997,P31,Q11173
Q1997,P31,Q12140
Q1997,P31,Q11432
Q1997,P31,Q167336
Q1997,P31,Q1366137
Q1997,P31,Q4008956
Q1997,P31,Q274579
Q1997,P31,Q908833
Q1997,P31,Q266790
Q1997,P910,Q7461951
Q1997,P1542,Q21173362
Q1997,P703,Q15978631
Q1997,P2670,Q629
Q1997,P2670,Q623
Q1997,P2670,Q2060358
Q1997,P4952,Q51139288
Q1997,P176,Q1156970
Q1997,P361,Q22314371
Q1997,P361,Q22273540
Q1997,P361,Q22282965
Q1997,P361,Q22273541
Q1997,P361,Q14905232
Q1997,P361,Q14905225
Q1997,P361,Q14902500
Q1997,P361,Q22298092
Q1997,P361,Q22298093
Q1997,P366,Q1056832
Q345280,P31,Q4167410
Q43200,P31,Q17888
Q43200,P910,Q8301573
Q43200,P279,Q339014
Q43200,P279,Q64737936
Q43200,P1889,Q255155
Q43200,P1889,Q271534
Q43200,P5008,Q15092984
Q43200,P5008,Q97285685
Q14399,P155,Q14398
Q14399,P156,Q14401
Q14399,P361,Q8216
Q14399,P144,Q9099122
Q14399,P31,Q19793459
Q14399,P1889,Q394656
Q14399,P1889,Q9893
Q14399,P1889,Q134105
Q14399,P1889,Q1132051
Q14399,P1889,Q9927
Q14399,P1889,Q172537
Q14399,P910,Q86106220
Q48328,P407,Q42365
Q48328,P31,Q37484
Q48328,P910,Q7224982
Q48328,P136,Q1601739
Q48328,P136,Q11820947
Q48328,P840,Q21195
Q48328,P674,Q1281177
Q48328,P674,Q889694
Q48328,P674,Q1353836
Q48328,P674,Q2116944
Q48328,P674,Q662533
Q48328,P674,Q4025243
Q48328,P674,Q3549904
Q48328,P674,Q29372
Q48328,P674,Q2361245
Q48328,P674,Q1049736
Q48328,P674,Q3785616
Q48328,P747,Q15964730
Q48328,P747,Q19074835
Q48328,P747,Q19112725
Q48328,P747,Q72647708
Q48328,P747,Q72650764
Q48328,P747,Q95494010
Q48328,P747,Q98152247
Q48328,P361,Q1227468
Q48328,P2670,Q1397862
Q48328,P2670,Q1661
Q48328,P138,Q1281177
Q48328,P4969,Q818607
Q48328,P4969,Q818604
Q48328,P4969,Q4148642
Q48328,P4969,Q644933
Q48328,P4969,Q9168942
Q48328,P4969,Q21002587
Q48328,P4969,Q12124668
Q48328,P6216,Q19652
Q48328,P1343,Q3181656
Q48328,P1343,Q867541
Q346034,P31,Q4167410
Q346034,P1343,Q678259
Q346034,P460,Q3733356
Q346034,P460,Q11955864
Q346034,P460,Q3062501
Q46961,P31,Q12737077
Q46961,P279,Q2159907
Q46961,P361,Q275186
Q46961,P460,Q20650523
Q46961,P910,Q8480572
Q684692,P31,Q4167410
Q684692,P1889,Q54329859
Q3177438,P279,Q1932016
Q858893,P279,Q371174
Q858893,P279,Q45594
Q858893,P910,Q15061094
Q858893,P1343,Q602358
Q858893,P1343,Q19190511
Q2981813,P31,Q4167410
Q939871,P279,Q11799108
Q939871,P1343,Q2657718
Q939871,P1889,Q382307
Q939871,P31,Q43229
Q618532,P31,Q12737077
Q618532,P279,Q16869121
Q618532,P279,Q13405326
Q618532,P279,Q1549283
Q618532,P461,Q868069
Q618532,P461,Q10530883
Q618532,P461,Q45574934
Q244490,P279,Q180516
Q244490,P279,Q19603939
Q43200,P31,Q17888
Q43200,P910,Q8301573
Q43200,P279,Q339014
Q43200,P279,Q64737936
Q43200,P1889,Q255155
Q43200,P1889,Q271534
Q43200,P5008,Q15092984
Q43200,P5008,Q97285685
Q57109,P19,Q489685
Q57109,P20,Q828319
Q57109,P27,Q183
Q57109,P27,Q43287
Q57109,P27,Q41304
Q57109,P27,Q7318
Q57109,P106,Q4773904
Q57109,P106,Q4002666
Q57109,P106,Q11075015
Q57109,P106,Q82955
Q57109,P106,Q551835
Q57109,P102,Q7320
Q57109,P463,Q150793
Q57109,P463,Q568522
Q57109,P463,Q44687
Q57109,P463,Q1548101
Q57109,P1196,Q171558
Q57109,P509,Q12202
Q57109,P735,Q15730712
Q57109,P410,Q162387
Q57109,P22,Q22812710
Q57109,P607,Q362
Q57109,P3373,Q22961912
Q57109,P166,Q154554
Q57109,P166,Q2520913
Q57109,P166,Q570683
Q57109,P166,Q1788876
Q57109,P166,Q312439
Q57109,P69,Q55044
Q57109,P69,Q50662
Q57109,P108,Q23785328
Q57109,P108,Q66800
Q57109,P25,Q51932079
Q57109,P31,Q5
Q57109,P1412,Q188
Q57109,P945,Q7318
Q57109,P21,Q6581097
Q57109,P184,Q1607112
Q57109,P1343,Q39845173
Q57109,P1343,Q99413897
Q57109,P241,Q44687
Q57109,P119,Q155
Q57109,P140,Q7066
Q356238,P31,Q4167410
Q356238,P1889,Q37065880
Q356238,P460,Q12501445
Q356238,P460,Q29433777
Q5887,P1269,Q4042967
Q5887,P361,Q1361002
Q5887,P910,Q9526096
Q5887,P279,Q208195
Q5887,P279,Q30892994
Q5887,P1889,Q14820885
Q5887,P1542,Q14820885
Q784280,P910,Q6892809
Q784280,P279,Q766328
Q784280,P1269,Q766328
Q1900351,P31,Q101352
Q1900351,P282,Q8229
Q1900351,P407,Q8641
Q1399118,P279,Q265158
Q1399118,P361,Q3494253
Q42106,P461,Q131779
Q42106,P361,Q315
Q42106,P279,Q8171
Q42106,P1687,P460
Q42106,P1687,P5973
Q42106,P1552,Q31121203
Q42106,P2959,Q31310660
Q35535,P279,Q732717
Q35535,P279,Q12737077
Q35535,P910,Q6163581
Q35535,P1151,Q21265305
Q35535,P1343,Q2657718
Q35535,P527,Q384593
Q35535,P366,Q44554
Q893272,P31,Q10373548
Q893272,P17,Q145
Q893272,P131,Q211106
Q893272,P7959,Q1247435
Q257050,P31,Q4167410
Q257050,P1889,Q16865695
Q257050,P1889,Q16275228
Q398496,P31,Q4167410
Q2724302,P279,Q3537603
Q2724302,P461,Q1375683
Q16886929,P31,Q21278897
Q301067,P131,Q16289
Q301067,P47,Q252343
Q301067,P47,Q80522716
Q301067,P47,Q303743
Q301067,P47,Q301386
Q301067,P421,Q6655
Q301067,P421,Q6723
Q301067,P17,Q38
Q301067,P31,Q747074
Q301067,P36,Q30029584
Q37172,P910,Q6941290
Q37172,P279,Q170475
Q37172,P527,Q691978
Q37172,P527,Q626707
Q37172,P1552,Q41364
Q37172,P1552,Q11652
Q37172,P1552,Q1165717
Q37172,P1552,Q1148098
Q37172,P1343,Q602358
Q152910,P279,Q39546
Q152910,P910,Q8126608
Q152910,P1889,Q56742669
Q152910,P1343,Q602358
Q152910,P1343,Q19180675
Q417861,P31,Q4167410
Q417861,P460,Q16033323
Q417861,P460,Q12386441
Q417861,P460,Q67204716
Q417861,P460,Q67204733
Q417861,P460,Q67204775
Q417861,P460,Q67204819
Q417861,P460,Q67204849
Q417861,P527,Q12386441
Q417861,P1889,Q530266
Q694324,P279,Q1456832
Q694324,P31,Q2135465
Q694324,P1343,Q2041543
Q694324,P92,Q674827
Q62916459,P31,Q4167410
Q62916459,P460,Q1270225
Q62916459,P460,Q87412223
Q15947058,P31,Q4167410
Q4876758,P31,Q4167410
Q197738,P31,Q4167410
Q762018,P910,Q8552310
Q762018,P279,Q3505845
Q762018,P461,Q30301666
Q414029,P31,Q4167410
Q414029,P1889,Q16871939
Q414029,P460,Q1809946
Q4338318,P31,Q54989186
Q4338318,P1889,Q791620
Q4338318,P361,Q7087
Q4338318,P361,Q77468620
Q4338318,P460,Q7087
Q4338318,P460,Q282250
Q4338318,P279,Q2200417
Q4338318,P527,Q160402
Q240,P31,Q83057
Q240,P31,Q133442
Q240,P31,Q1637706
Q240,P31,Q208511
Q240,P31,Q2264924
Q240,P31,Q51929311
Q240,P31,Q1549591
Q240,P31,Q515
Q240,P37,Q7411
Q240,P37,Q150
Q240,P36,Q239
Q240,P194,Q435623
Q240,P47,Q1118
Q240,P47,Q9337
Q240,P47,Q234
Q240,P30,Q46
Q240,P17,Q31
Q240,P163,Q2474848
Q240,P150,Q90870
Q240,P421,Q6655
Q240,P501,Q9337
Q240,P501,Q1118
Q240,P6,Q1284089
Q240,P1464,Q16363497
Q240,P1465,Q6447289
Q240,P190,Q437
Q240,P190,Q472
Q240,P190,Q19689
Q240,P190,Q209905
Q240,P155,Q848831
Q240,P1740,Q10217489
Q240,P1792,Q6461034
Q240,P1343,Q302556
Q240,P1343,Q302556
Q240,P1376,Q52847
Q240,P1376,Q157109
Q240,P1376,Q189946
Q240,P1376,Q622783
Q240,P1376,Q700283
Q240,P131,Q31
Q240,P1313,Q435627
Q240,P361,Q82794
Q240,P361,Q82794
Q240,P1889,Q239
Q240,P1889,Q9005
Q240,P2872,Q28841089
Q240,P1791,Q32738539
Q240,P5008,Q5460604
Q240,P910,Q8994869
Q240,P1424,Q5920875
Q240,P1830,Q606055
Q240,P1830,Q785166
Q240,P1830,Q2970845
Q240,P2936,Q150
Q240,P2936,Q34219
Q240,P2936,Q7411
Q240,P2936,Q1404296
Q240,P2936,Q815549
Q240,P2936,Q2668371
Q240,P7867,Q84083844
Q240,P1456,Q732237
Q240,P527,Q239
Q240,P527,Q12887
Q240,P527,Q12886
Q240,P527,Q180775
Q240,P527,Q192859
Q240,P527,Q242393
Q240,P527,Q211764
Q240,P527,Q241918
Q240,P527,Q219244
Q240,P527,Q208713
Q240,P527,Q321718
Q240,P527,Q366552
Q240,P527,Q272228
Q240,P527,Q272272
Q240,P527,Q237674
Q240,P527,Q272243
Q240,P527,Q203312
Q240,P527,Q72946
Q240,P527,Q272262
Q240,P78,Q14848736
Q240,P138,Q239
Q612665,P159,Q240
Q612665,P807,Q20754971
Q612665,P138,Q20754971
Q612665,P112,Q1870097
Q612665,P112,Q85521142
Q612665,P910,Q8175001
Q612665,P463,Q4309140
Q612665,P463,Q1351882
Q612665,P463,Q19861084
Q612665,P463,Q868940
Q612665,P17,Q31
Q612665,P1365,Q20754971
Q612665,P2936,Q7411
Q612665,P2936,Q1860
Q612665,P31,Q3918
Q612665,P131,Q240
Q612665,P355,Q2463367
Q612665,P355,Q30274377
Q612665,P3876,Q26249037
Q612665,P527,Q63371940
Q612665,P527,Q63379035
Q612665,P1889,Q574606
Q612665,P485,Q41793036
Q612665,P669,Q85078004
Q612665,P276,Q240
Q612665,P1075,Q24237861
Q612665,P1075,Q24237861
Q452800,P31,Q4167410
Q83858,P279,Q238053
Q401681,P31,Q4167410
Q401681,P1889,Q21448703
Q7993606,P31,Q11655558
Q7993606,P31,Q1084
Q7993606,P407,Q1860
Q7993606,P1269,Q65560351
Q411883,P31,Q4167410
Q411883,P1889,Q21143730
Q411883,P1889,Q1014886
Q1206603,P31,Q4167410
Q5018426,P31,Q4167410
Q1170331,P31,Q4167410
Q18218442,P31,Q101352
Q18218442,P1889,Q2176731
Q18218442,P460,Q37468172
Q18218442,P282,Q8229
Q18218442,P407,Q9067
Q6889424,P31,Q4167410
Q378408,P279,Q42698697
Q378408,P279,Q63872616
Q378408,P1889,Q1335351
Q378408,P2079,Q22669085
Q416373,P31,Q4167410
Q205972,P279,Q865968
Q205972,P279,Q16879474
Q205972,P1995,Q6806614
Q205972,P828,Q2647488
Q205972,P461,Q1791388
Q28086552,P31,Q12140
Q28086552,P31,Q8386
Q28086552,P31,Q181322
Q28086552,P31,Q11173
Q28086552,P31,Q21009059
Q28086552,P31,Q12144
Q28086552,P31,Q72941151
Q28086552,P3780,Q16976940
Q28086552,P703,Q134172
Q28086552,P138,Q318368
Q28086552,P1542,Q7030575
Q28086552,P1889,Q12144
Q28086552,P1889,Q56697247
Q28086552,P1889,Q27119762
Q28086552,P3364,Q27119762
Q28086552,P2868,Q7030581
Q28086552,P2868,Q50430018
Q28086552,P3489,Q3679274
Q28086552,P3489,Q28123618
Q28086552,P2175,Q1477
Q28086552,P2175,Q18553444
Q28086552,P1343,Q19190511
Q28086552,P1343,Q2041543
Q28086552,P366,Q181322
Q47041,P910,Q8691856
Q47041,P1343,Q21002838
Q47041,P279,Q15867318
Q47041,P279,Q3252267
Q13580448,P279,Q55724840
Q1084472,P31,Q12308941
Q1084472,P460,Q16274785
Q1084472,P460,Q1789415
Q1084472,P460,Q18195732
Q1084472,P460,Q18195737
Q1084472,P460,Q1084384
Q1084472,P460,Q18220000
Q1084472,P460,Q18195744
Q1084472,P460,Q18195748
Q1084472,P460,Q17688662
Q1084472,P460,Q17689481
Q1084472,P460,Q16274784
Q1084472,P460,Q15041096
Q1084472,P460,Q20003567
Q1084472,P460,Q6437723
Q1084472,P460,Q21142979
Q1084472,P460,Q1770777
Q1084472,P460,Q23925093
Q1084472,P460,Q19901954
Q1084472,P460,Q21285948
Q1084472,P460,Q23309284
Q1084472,P460,Q23498037
Q1084472,P460,Q23893298
Q1084472,P460,Q24033449
Q1084472,P460,Q33101475
Q1084472,P460,Q40208787
Q1084472,P460,Q83187929
Q1084472,P460,Q97823910
Q1084472,P460,Q97486041
Q1084472,P460,Q97823922
Q1084472,P460,Q99189821
Q1084472,P1889,Q16237815
Q1084472,P361,Q16667312
Q1084472,P282,Q8229
Q1084472,P1533,Q37534916
Q1084472,P407,Q7411
Q1084472,P5323,Q21644845
Q530529,P31,Q4167410
Q624036,P910,Q15257186
Q624036,P31,Q221911
Q624036,P1889,Q3073738
Q1682,P403,Q1644
Q1682,P31,Q4022
Q1682,P17,Q183
Q1682,P910,Q8506223
Q1682,P1200,Q8506224
Q1682,P1343,Q19180675
Q1682,P1343,Q602358
Q1682,P974,Q881172
Q1682,P974,Q915182
Q1682,P974,Q1646276
Q1682,P974,Q1684
Q1682,P974,Q514892
Q1682,P974,Q152726
Q1682,P974,Q999385
Q1682,P974,Q646005
Q1682,P974,Q821135
Q1682,P974,Q883176
Q1682,P974,Q1004260
Q1682,P974,Q1339775
Q1682,P974,Q1591477
Q1682,P974,Q1651911
Q1682,P974,Q2252485
Q1682,P974,Q2355872
Q1682,P974,Q21198444
Q1682,P469,Q1531392
Q1682,P131,Q1196
Q1682,P131,Q1208
Q1682,P131,Q64
Q1682,P131,Q1206
Q1682,P4614,Q12046596
Q1682,P166,Q1434325
Q1172295,P31,Q4167410
Q1231428,P910,Q6961277
Q1231428,P279,Q11024
Q1231428,P279,Q1307337
Q1231428,P1889,Q1048607
Q1231428,P1889,Q7281
Q1231428,P1552,Q3354854
Q534146,P31,Q4167410
Q534146,P1889,Q37463501
Q225,P1151,Q10815261
Q225,P5125,Q7112205
Q225,P38,Q179620
Q225,P38,Q2538687
Q225,P1792,Q6993656
Q225,P2852,Q1061257
Q225,P2852,Q25648812
Q225,P2852,Q25648825
Q225,P2852,Q25648826
Q225,P2853,Q1378312
Q225,P2853,Q1123613
Q225,P2633,Q1275640
Q225,P1313,Q16020744
Q225,P17,Q225
Q225,P2959,Q25690817
Q225,P122,Q512187
Q225,P832,Q6015972
Q225,P1552,Q47185145
Q225,P30,Q46
Q225,P530,Q38
Q225,P530,Q183
Q225,P530,Q408
Q225,P530,Q21
Q225,P530,Q142
Q225,P530,Q224
Q225,P530,Q403
Q225,P530,Q215
Q225,P530,Q236
Q225,P530,Q221
Q225,P530,Q43
Q225,P530,Q159583
Q225,P530,Q218
Q225,P530,Q252
Q225,P530,Q29
Q225,P530,Q35
Q225,P530,Q833
Q225,P530,Q843
Q225,P530,Q865
Q225,P530,Q30
Q225,P530,Q159
Q225,P530,Q28
Q225,P530,Q423
Q225,P194,Q2604031
Q225,P2184,Q200128
Q225,P37,Q9303
Q225,P37,Q6654
Q225,P37,Q9299
Q225,P206,Q13924
Q225,P206,Q4918
Q225,P36,Q11194
Q225,P237,Q199862
Q225,P47,Q236
Q225,P47,Q224
Q225,P47,Q403
Q225,P47,Q458
Q225,P910,Q7130650
Q225,P6,Q57844
Q225,P6,Q19501831
Q225,P6,Q12752078
Q225,P35,Q944643
Q225,P35,Q559756
Q225,P35,Q312355
Q225,P35,Q297825
Q225,P35,Q310136
Q225,P35,Q57381
Q225,P35,Q559756
Q225,P35,Q2444338
Q225,P35,Q361173
Q225,P35,Q183848
Q225,P35,Q2665070
Q225,P35,Q26776
Q225,P35,Q335688
Q225,P35,Q297825
Q225,P35,Q20525169
Q225,P1304,Q1184535
Q225,P1791,Q19842580
Q225,P463,Q1065
Q225,P463,Q8908
Q225,P463,Q81299
Q225,P463,Q191384
Q225,P463,Q827525
Q225,P463,Q656801
Q225,P463,Q1043527
Q225,P463,Q899770
Q225,P463,Q663492
Q225,P463,Q1928989
Q225,P463,Q8475
Q225,P463,Q842490
Q225,P463,Q7809
Q225,P463,Q17495
Q225,P463,Q376150
Q225,P463,Q162656
Q225,P463,Q170424
Q225,P463,Q7817
Q225,P5658,Q14565199
Q225,P706,Q23522
Q225,P1740,Q8458045
Q225,P208,Q5176455
Q225,P1001,Q5176455
Q225,P421,Q25989
Q225,P421,Q6655
Q225,P421,Q6723
Q225,P421,Q28148751
Q225,P1465,Q7482622
Q225,P85,Q188662
Q225,P1906,Q844944
Q225,P78,Q39661
Q225,P31,Q3624078
Q225,P31,Q1520223
Q225,P31,Q51576574
Q225,P31,Q6256
Q225,P610,Q837723
Q225,P1464,Q8046979
Q225,P527,Q11196
Q225,P527,Q11198
Q225,P1622,Q14565199
Q225,P1589,Q13924
Q225,P150,Q11198
Q225,P150,Q11196
Q225,P150,Q194483
Q225,P163,Q162033
Q225,P1343,Q19180675
Q225,P1343,Q19180675
Q225,P1343,Q3181656
Q225,P1830,Q1026605
Q225,P1830,Q3511638
Q225,P1830,Q5326617
Q225,P2936,Q6654
Q225,P2936,Q9299
Q225,P2936,Q9303
Q225,P2596,Q1019094
Q225,P7867,Q8607313
Q225,P1889,Q192262
Q225,P8402,Q97061978
Q225,P1365,Q1274468
Q225,P361,Q263686
Q225,P8744,Q1778260
Q299721,P31,Q4167410
Q400254,P31,Q4167410
Q400254,P1889,Q4273929
Q6909287,P31,Q4167410
Q179875,P279,Q3030248
Q179875,P910,Q7470438
Q179875,P1889,Q3030248
Q179875,P3095,Q12307965
Q29864097,P31,Q4167410
Q228563,P31,Q4167410
Q539079,P31,Q4167410
Q539079,P1889,Q37193707
Q4130082,P31,Q4167410
Q4130082,P910,Q9494446
Q343634,P31,Q4167410
Q236203,P31,Q4167410
Q4830000,P361,Q9357054
Q4830000,P361,Q77468620
Q4830000,P31,Q16748888
Q1137809,P279,Q16831714
Q1137809,P279,Q294422
Q1137809,P279,Q52177058
Q1137809,P910,Q8979147
Q1137809,P366,Q41487
Q256277,P31,Q4167410
Q256277,P1889,Q2447651
Q256277,P1889,Q28034953
Q256277,P460,Q2447453
Q1089436,P31,Q4167410
Q1089436,P1889,Q37287915
Q1205736,P31,Q4167410
Q7431500,P31,Q4167410
Q1216688,P31,Q4167410
Q1216688,P1889,Q37484315
Q1216688,P1889,Q16876735
Q2922301,P279,Q11461
Q2922301,P460,Q86913216
Q1425063,P31,Q1631129
Q1425063,P910,Q7426274
Q1425063,P159,Q1297
Q1425063,P414,Q13677
Q1425063,P112,Q6111954
Q1425063,P17,Q30
Q1425063,P169,Q6768102
Q1425063,P740,Q65
Q1425063,P1454,Q1589009
Q1425063,P166,Q858637
Q1425063,P452,Q27686
Q1425063,P355,Q72629292
Q1425063,P1056,Q27686
Q1778517,P1343,Q19558994
Q1778517,P361,Q379858
Q1778517,P910,Q27829547
Q1778517,P279,Q66557332
Q299192,P31,Q4167410
Q43006,P910,Q6910702
Q43006,P1343,Q2657718
Q43006,P1343,Q1768721
Q43006,P1343,Q602358
Q43006,P1343,Q19180675
Q43006,P1343,Q1970746
Q43006,P279,Q678649
Q43006,P1424,Q22740719
Q43006,P2184,Q5868977
Q43006,P2283,Q4237858
Q43006,P2283,Q2708032
Q43006,P2283,Q1229071
Q43006,P2283,Q17156904
Q43006,P3095,Q1861368
Q43006,P31,Q56055944
Q43006,P1056,Q72941682
Q657449,P910,Q8135393
Q657449,P1889,Q2051292
Q657449,P279,Q1656682
Q1077857,P460,Q6063277
Q1077857,P460,Q1792372
Q1077857,P279,Q844569
Q1077857,P279,Q1792372
Q1077857,P138,Q12044659
Q1077857,P1343,Q2041543
Q93200,P910,Q8733910
Q93200,P279,Q169207
Q93200,P279,Q179742
Q93200,P5008,Q13382529
Q93200,P461,Q113453
Q11315112,P31,Q5
Q11315112,P69,Q49211
Q11315112,P69,Q1335573
Q11315112,P735,Q677191
Q11315112,P734,Q12798330
Q11315112,P21,Q6581097
Q227956,P31,Q4167410
Q7946771,P31,Q4167410
Q8028,P31,Q27863646
Q8028,P31,Q63046488
Q8028,P279,Q6949149
Q8028,P279,Q97626363
Q8028,P910,Q8442773
Q8028,P1889,Q30318131
Q8028,P1889,Q1147033
Q8028,P1889,Q3465
Q8028,P1889,Q174396
Q8028,P1889,Q83398902
Q8028,P1889,Q1542990
Q8028,P1889,Q1144339
Q8028,P1889,Q20828805
Q8028,P2354,Q6607440
Q8028,P1343,Q19180675
Q8028,P1343,Q3181656
Q194267,P910,Q13291371
Q194267,P1343,Q602358
Q194267,P112,Q841173
Q194267,P279,Q276548
Q194267,P279,Q2198855
Q641707,P31,Q151885
Q189000,P31,Q7917838
Q189000,P31,Q1058681
Q189000,P1343,Q2657718
Q409924,P31,Q4167410
Q974327,P31,Q4167410
Q4809150,P31,Q4167410
Q658179,P105,Q34740
Q658179,P171,Q725271
Q658179,P31,Q16521
Q658179,P910,Q7193391
Q12547192,P31,Q177691
Q12547192,P279,Q1994301
Q12547192,P279,Q682111
Q12547192,P279,Q371427
Q12547192,P1889,Q33301030
Q12547192,P1889,Q371427
Q17162845,P31,Q54310231
Q17162845,P31,Q1050744
Q17162845,P407,Q1860
Q12614595,P31,Q178885
Q12614595,P1049,Q9601
Q12614595,P1889,Q6497135
Q12614595,P1889,Q99743232
Q722612,P910,Q9615794
Q722612,P31,Q151885
Q722612,P461,Q680054
Q722612,P279,Q1063
Q290342,P31,Q4167410
Q184395,P279,Q496805
Q184395,P361,Q165
Q184395,P2579,Q4782809
Q15078136,P31,Q4167410
Q5282723,P31,Q4167410
Q81470,P131,Q16271
Q81470,P17,Q38
Q81470,P47,Q80893
Q81470,P47,Q80999
Q81470,P47,Q81325
Q81470,P47,Q81462
Q81470,P47,Q81728
Q81470,P421,Q6655
Q81470,P421,Q6723
Q81470,P31,Q747074
Q81470,P1464,Q18753322
Q81470,P910,Q21754127
Q81470,P36,Q30029671
Q620737,P279,Q7163
Q7364,P910,Q7035349
Q7364,P366,Q162668
Q7364,P527,Q760318
Q7364,P5008,Q5460604
Q7364,P31,Q4936952
Q7364,P279,Q24060765
Q7364,P279,Q66576455
Q7364,P1343,Q20961706
Q7364,P1343,Q4173137
Q7364,P1343,Q19180675
Q7364,P1343,Q602358
Q7364,P1343,Q867541
Q7364,P1343,Q1768721
Q7364,P2959,Q22828850
Q7364,P1424,Q8071025
Q7364,P1552,Q23786
Q6397625,P279,Q560570
Q3247477,P31,Q7366
Q3247477,P175,Q192655
Q3247477,P1344,Q211478
Q3247477,P361,Q1941163
Q3247477,P136,Q37073
Q3247477,P86,Q3158461
Q447628,P31,Q4167410
Q447628,P1889,Q15264630
Q447628,P1889,Q55682950
Q5458358,P31,Q4167410
Q188641,P361,Q9103
Q188641,P31,Q4936952
Q188641,P279,Q66558307
Q188641,P279,Q206718
Q188641,P910,Q86330409
Q418180,P31,Q4167410
Q418180,P1889,Q16276568
Q418180,P1889,Q61708973
Q179289,P279,Q930933
Q179289,P910,Q7211634
Q179289,P361,Q8078
Q179289,P361,Q18121382
Q179289,P527,Q2574811
Q179289,P527,Q261155
Q179289,P461,Q1717246
Q179289,P2579,Q156318
Q179289,P1343,Q3181656
Q179289,P1343,Q4532138
Q179289,P5008,Q99671171
Q4257698,P31,Q43229
Q4257698,P159,Q908
Q448242,P31,Q4167410
Q1151419,P31,Q151885
Q1151419,P31,Q98088085
Q1151419,P279,Q21651927
Q444827,P31,Q4167410
Q444827,P1889,Q5073851
Q444827,P1889,Q3666281
Q444827,P1889,Q5073849
Q444827,P1889,Q5073853
Q444827,P1889,Q3986237
Q444827,P1889,Q30597803
Q444827,P1889,Q58879720
Q444827,P1889,Q58880211
Q444827,P460,Q58879075
Q444827,P460,Q58879139
Q268828,P279,Q6887300
Q268828,P1343,Q1768721
Q6119682,P31,Q4167410
Q6119682,P1889,Q7581363
Q302,P1441,Q34274
Q302,P1441,Q18813
Q302,P1441,Q428
Q302,P1441,Q188538
Q302,P1441,Q2259364
Q302,P1441,Q14164519
Q302,P1441,Q1963505
Q302,P1441,Q2371624
Q302,P1441,Q646031
Q302,P1441,Q242667
Q302,P1441,Q898465
Q302,P1441,Q19572296
Q302,P1441,Q8037352
Q302,P1441,Q5688890
Q302,P1441,Q18646470
Q302,P1441,Q10540072
Q302,P1441,Q24953
Q302,P1441,Q625241
Q302,P1441,Q63804099
Q302,P1441,Q51668
Q302,P101,Q203605
Q302,P101,Q1729207
Q302,P735,Q55078372
Q302,P735,Q18199901
Q302,P735,Q18001873
Q302,P735,Q55078488
Q302,P140,Q9268
Q302,P25,Q345
Q302,P21,Q6581097
Q302,P19,Q5776
Q302,P20,Q170516
Q302,P119,Q7818625
Q302,P119,Q187702
Q302,P119,Q540882
Q302,P119,Q1494672
Q302,P119,Q2280628
Q302,P119,Q1218
Q302,P509,Q3235597
Q302,P460,Q51666
Q302,P460,Q51664
Q302,P460,Q11682814
Q302,P460,Q942467
Q302,P460,Q4534201
Q302,P460,Q10424800
Q302,P460,Q51663
Q302,P460,Q66613679
Q302,P460,Q51666
Q302,P460,Q1141210
Q302,P460,Q60635878
Q302,P31,Q178885
Q302,P31,Q20643955
Q302,P31,Q4271324
Q302,P31,Q18563360
Q302,P31,Q15773347
Q302,P31,Q2142783
Q302,P31,Q5
Q302,P31,Q825
Q302,P841,Q19809
Q302,P841,Q21196
Q302,P841,Q74852
Q302,P910,Q7138851
Q302,P22,Q128267
Q302,P22,Q186350
Q302,P551,Q430776
Q302,P551,Q59174
Q302,P551,Q83241
Q302,P172,Q7325
Q302,P103,Q28602
Q302,P103,Q9288
Q302,P1343,Q4086271
Q302,P1343,Q19180675
Q302,P1343,Q1970746
Q302,P1343,Q602358
Q302,P1343,Q19077875
Q302,P1343,Q302556
Q302,P1343,Q2041543
Q302,P1343,Q31271171
Q302,P1343,Q19180675
Q302,P1343,Q455
Q302,P1343,Q1029706
Q302,P1343,Q55185760
Q302,P1343,Q602358
Q302,P1343,Q67311526
Q302,P1343,Q867541
Q302,P1343,Q99413897
Q302,P106,Q432386
Q302,P106,Q42857
Q302,P106,Q154549
Q302,P106,Q133485
Q302,P106,Q547457
Q302,P106,Q1349880
Q302,P106,Q15995642
Q302,P106,Q2518689
Q302,P106,Q51626
Q302,P106,Q60797
Q302,P106,Q60983727
Q302,P1299,Q51667
Q302,P1299,Q116926
Q302,P1299,Q16154317
Q302,P1299,Q178331
Q302,P2959,Q13203860
Q302,P1412,Q28602
Q302,P1412,Q9288
Q302,P1412,Q107358
Q302,P1049,Q5043
Q302,P3701,Q1141210
Q302,P3701,Q766575
Q302,P3902,Q7802
Q302,P3902,Q282
Q302,P3902,Q41354
Q302,P800,Q51631
Q302,P800,Q20716909
Q302,P800,Q51632
Q302,P737,Q40662
Q302,P1344,Q1267621
Q302,P1344,Q7317265
Q302,P1344,Q51633
Q302,P1344,Q554887
Q302,P1344,Q625140
Q302,P1344,Q66459381
Q302,P1344,Q51640
Q302,P1344,Q3012407
Q302,P1399,Q544394
Q302,P3373,Q26925
Q302,P3150,Q2745
Q302,P3150,Q2228
Q302,P135,Q618859
Q302,P1596,Q3235597
Q302,P1576,Q179807
Q302,P1576,Q1151874
Q302,P1576,Q189573
Q302,P3828,Q201714
Q302,P3828,Q781731
Q302,P3828,Q3412010
Q302,P3828,Q1365316
Q302,P3828,Q44413935
Q302,P3828,Q1127583
Q302,P1038,Q70899
Q302,P1038,Q9181
Q302,P1038,Q41370
Q302,P263,Q4489450
Q302,P802,Q33923
Q302,P802,Q43399
Q302,P802,Q43999
Q302,P802,Q44015
Q302,P802,Q43675
Q302,P802,Q43982
Q302,P802,Q43669
Q302,P802,Q43600
Q302,P802,Q44047
Q302,P802,Q43945
Q302,P802,Q12871
Q302,P802,Q81018
Q302,P802,Q63070
Q302,P937,Q83241
Q302,P1050,Q184753
Q302,P1050,Q184753
Q302,P1050,Q184753
Q302,P1853,Q19831455
Q302,P2770,Q1077064
Q302,P2650,Q106782
Q302,P2650,Q1077064
Q302,P2650,Q316
Q302,P461,Q174546
Q302,P1366,Q328739
Q302,P136,Q208555
Q302,P793,Q51628
Q302,P793,Q217048
Q302,P793,Q749771
Q302,P793,Q51636
Q302,P793,Q51624
Q302,P1196,Q8454
Q302,P53,Q618057
Q302,P5008,Q5460604
Q302,P97,Q3273712
Q302,P2579,Q187900
Q302,P463,Q37090
Q302,P144,Q46491
Q302,P1557,Q642405
Q302,P7378,Q7066
Q1326354,P910,Q7348543
Q1326354,P910,Q9202860
Q1326354,P910,Q32897831
Q1326354,P361,Q27908081
Q1326354,P279,Q9332
Q1326354,P1343,Q2657718
Q1326354,P1343,Q1970746
Q1326354,P1343,Q19180675
Q1326354,P1343,Q30059240
Q1326354,P1343,Q602358
Q1326354,P1343,Q20078554
Q1326354,P1343,Q1768721
Q1326354,P1889,Q4395886
Q1326354,P1424,Q13012234
Q1326354,P460,Q17192852
Q1326354,P527,Q8434
Q1326354,P1269,Q83705447
Q1326354,P1269,Q7922
Q1326354,P1552,Q1366259
Q5318058,P31,Q4167410
Q675947,P31,Q4167410
Q675947,P1889,Q16876850
Q675947,P1889,Q16279391
Q675947,P460,Q417201
Q4781691,P31,Q4167410
Q3196,P910,Q8226663
Q3196,P279,Q1293220
Q3196,P1343,Q2657718
Q3196,P1343,Q2041543
Q3196,P1343,Q19190511
Q3196,P1343,Q1768721
Q3196,P1542,Q209233
Q3196,P828,Q133235
Q3196,P1056,Q152079
Q3196,P1552,Q28128222
Q3196,P1536,Q33374019
Q3196,P1536,Q210064
Q3196,P1536,Q28128222
Q3196,P5008,Q5460604
Q3196,P1424,Q30312828
Q3196,P6254,L222280
Q3196,P31,Q1293220
Q6423963,P910,Q6469674
Q6423963,P279,Q23540
Q6423963,P279,Q311547
Q6423963,P1151,Q8207996
Q6423963,P1343,Q2657718
Q6423963,P1343,Q4532135
Q6423963,P1343,Q3181656
Q6423963,P31,Q879146
Q6423963,P31,Q9174
Q6423963,P7867,Q84056186
Q6423963,P361,Q842798
Q373069,P31,Q1914636
Q373069,P361,Q5043
Q373069,P3095,Q28659570
Q373069,P910,Q9792287
Q373069,P460,Q51647
Q373069,P1889,Q194253
Q424315,P31,Q4167410
Q1103555,P31,Q4167410
Q1103555,P1889,Q37443895
Q405251,P31,Q4167410
Q405251,P1889,Q37462784
Q239526,P2849,Q402152
Q239526,P31,Q171318
Q239526,P279,Q183905
Q239526,P279,Q25098571
Q239526,P461,Q7566
Q239526,P1687,P40
Q441892,P31,Q4167410
Q500154,P17,Q30
Q500154,P131,Q1612
Q500154,P31,Q62078547
Q500154,P31,Q23002039
Q500154,P910,Q8882670
Q500154,P2643,Q23334993
Q500154,P2643,Q23623483
Q500154,P2643,Q23662489
Q500154,P2643,Q23622703
Q500154,P2643,Q23624346
Q500154,P2643,Q23662765
Q500154,P749,Q2495814
Q500154,P355,Q30297030
Q500154,P3876,Q8882671
Q500154,P1830,Q5525252
Q500154,P1830,Q14680970
Q240063,P31,Q4167410
Q240063,P1889,Q16421574
Q240063,P1889,Q37571351
Q211236,P910,Q7135334
Q211236,P31,Q12737077
Q211236,P31,Q4897819
Q211236,P2354,Q6609113
Q211236,P1382,Q512314
Q211236,P1552,Q1519566
Q211236,P361,Q17945
Q211236,P279,Q215627
Q211236,P1889,Q512314
Q5,P527,Q23852
Q5,P1552,Q1071027
Q5,P1552,Q3577052
Q5,P1552,Q48277
Q5,P1552,Q238372
Q5,P1552,Q1314553
Q5,P1552,Q641118
Q5,P1552,Q3307505
Q5,P1552,Q18387795
Q5,P1552,Q785260
Q5,P1552,Q3769299
Q5,P1552,Q223642
Q5,P361,Q1156970
Q5,P1424,Q6249834
Q5,P1424,Q20829728
Q5,P1424,Q17534637
Q5,P910,Q6697530
Q5,P910,Q4047087
Q5,P1343,Q4173137
Q5,P1343,Q4086271
Q5,P1343,Q4532138
Q5,P1343,Q302556
Q5,P1343,Q602358
Q5,P1343,Q19180675
Q5,P1963,P21
Q5,P1963,P569
Q5,P1963,P570
Q5,P1963,P735
Q5,P1963,P734
Q5,P1963,P27
Q5,P1963,P106
Q5,P1963,P18
Q5,P1963,P19
Q5,P1963,P20
Q5,P1963,P26
Q5,P1963,P119
Q5,P1963,P1317
Q5,P1963,P140
Q5,P1963,P102
Q5,P1963,P1636
Q5,P1963,P1477
Q5,P1963,P25
Q5,P1963,P22
Q5,P1963,P1412
Q5,P1963,P108
Q5,P1963,P937
Q5,P1963,P103
Q5,P1963,P2048
Q5,P1963,P2067
Q5,P1963,P40
Q5,P1963,P451
Q5,P1963,P1559
Q5,P1963,P1196
Q5,P1963,P509
Q5,P1963,P3373
Q5,P1963,P1050
Q5,P1963,P172
Q5,P1963,P463
Q5,P1963,P39
Q5,P1963,P3342
Q5,P1963,P737
Q5,P1963,P101
Q5,P1963,P8258
Q5,P1963,P1576
Q5,P2959,Q22828631
Q5,P2579,Q23404
Q5,P2579,Q720858
Q5,P1056,Q3619132
Q5,P1056,Q8205328
Q5,P2283,Q8205328
Q5,P460,Q15978631
Q5,P4733,Q7390
Q5,P5008,Q5460604
Q5,P1889,Q2472587
Q5,P1889,Q95074
Q5,P1889,Q215627
Q5,P5869,Q42
Q5,P5869,Q7186
Q5,P5869,Q762
Q5,P5869,Q7226
Q5,P5869,Q37151
Q5,P5869,Q43527
Q5,P5869,Q635
Q5,P5869,Q1043
Q5,P2670,Q215627
Q5,P279,Q215627
Q5,P279,Q154954
Q5,P279,Q164509
Q5,P31,Q55983715
Q5,P1542,Q16686448
Q219206,P31,Q4167410
Q341193,P31,Q4167410
Q341193,P460,Q1221283
Q341193,P460,Q11689559
Q341193,P460,Q1107022
Q341193,P460,Q16032993
Q341193,P460,Q189870
Q41506,P31,Q902104
Q41506,P31,Q15936437
Q41506,P31,Q23002054
Q41506,P31,Q45400320
Q41506,P17,Q30
Q41506,P138,Q6520800
Q41506,P910,Q8810213
Q41506,P112,Q382109
Q41506,P112,Q2891993
Q41506,P159,Q173813
Q41506,P159,Q173813
Q41506,P822,Q7598803
Q41506,P2643,Q23334765
Q41506,P2643,Q23623491
Q41506,P2643,Q23662486
Q41506,P2643,Q23622831
Q41506,P2643,Q23662760
Q41506,P2643,Q23662432
Q41506,P2828,Q6231954
Q41506,P2828,Q1763248
Q41506,P2828,Q6755913
Q41506,P2936,Q1860
Q41506,P463,Q19861084
Q41506,P463,Q5275906
Q41506,P463,Q35677307
Q41506,P463,Q5059850
Q41506,P463,Q128471
Q41506,P463,Q37033
Q41506,P463,Q5137944
Q41506,P463,Q101483295
Q41506,P527,Q1147088
Q41506,P527,Q5898813
Q41506,P3876,Q7006242
Q41506,P488,Q6755913
Q41506,P355,Q45134992
Q41506,P355,Q45132255
Q41506,P355,Q45134128
Q41506,P355,Q4976176
Q41506,P355,Q4115969
Q41506,P355,Q33122131
Q41506,P355,Q43080767
Q41506,P355,Q66425224
Q41506,P355,Q66688990
Q41506,P355,Q7598814
Q41506,P355,Q7598806
Q41506,P355,Q5836034
Q41506,P793,Q541394
Q41506,P4195,Q8810271
Q41506,P1830,Q692470
Q41506,P1830,Q2938060
Q41506,P1830,Q3968168
Q41506,P1830,Q5502714
Q41506,P1830,Q6342659
Q41506,P1830,Q6420148
Q41506,P1830,Q6754048
Q41506,P1830,Q7598744
Q41506,P1830,Q7688646
Q185790,P26,Q1982348
Q185790,P26,Q2723089
Q185790,P26,Q1057886
Q185790,P26,Q2367305
Q185790,P21,Q6581097
Q185790,P40,Q320606
Q185790,P40,Q2472921
Q185790,P40,Q2044664
Q185790,P31,Q21070568
Q185790,P31,Q3658341
Q185790,P31,Q13002315
Q185790,P25,Q844424
Q185790,P22,Q128335
Q185790,P22,Q857071
Q185790,P1441,Q8276
Q185790,P3373,Q983067
Q185790,P3373,Q1978476
Q185790,P3373,Q2044641
Q185790,P3373,Q3651886
Q185790,P3373,Q2727397
Q185790,P3448,Q204418
Q185790,P3448,Q1770690
Q185790,P1066,Q890529
Q185790,P520,Q4180707
Q185790,P1830,Q4180707
Q185790,P2959,Q27131348
Q185790,P607,Q387123
Q16869483,P31,Q101352
Q16869483,P282,Q8229
Q42891,P21,Q6581097
Q42891,P26,Q1585773
Q42891,P26,Q14590114
Q42891,P26,Q32133357
Q42891,P26,Q14589966
Q42891,P26,Q14590081
Q42891,P26,Q14589610
Q42891,P26,Q14589858
Q42891,P26,Q2668668
Q42891,P31,Q979507
Q42891,P31,Q21070568
Q42891,P31,Q19896979
Q42891,P910,Q7138044
Q42891,P25,Q379581
Q42891,P179,Q2176651
Q42891,P1343,Q2657718
Q42891,P1343,Q20078554
Q42891,P1343,Q4091878
Q42891,P1343,Q19180675
Q42891,P1343,Q602358
Q42891,P2959,Q27131216
Q42891,P3373,Q1982348
Q42891,P3373,Q1061606
Q42891,P3701,Q11380
Q42891,P22,Q890382
Q42891,P40,Q3764980
Q42891,P40,Q2841495
Q42891,P1441,Q8276
Q42891,P520,Q2723173
Q42891,P520,Q19892595
Q42891,P607,Q387123
Q42891,P1066,Q7416386
Q42891,P19,Q200311
Q42891,P1344,Q387123
Q42891,P710,Q46802
Q42891,P1049,Q9089
Q795052,P279,Q23958946
Q795052,P1343,Q16387823
Q795052,P1343,Q1970746
Q795052,P1343,Q19180675
Q795052,P1343,Q602358
Q795052,P31,Q7887142
Q9103,P31,Q4936952
Q9103,P279,Q189961
Q9103,P279,Q66557754
Q9103,P910,Q8914727
Q9103,P361,Q592177
Q9103,P361,Q1784017
Q9103,P366,Q174876
Q9103,P2286,Q497563
Q9103,P2289,Q3509884
Q9103,P5008,Q5460604
Q9103,P2670,Q66511263
Q9103,P2670,Q66511267
Q28100974,P279,Q1190554
Q28100974,P279,Q3505845
Q28100974,P461,Q1344824
Q28100974,P527,Q28100981
Q28100974,P527,Q1862087
Q28100974,P155,Q17768966
Q497263,P460,Q19622444
Q497263,P1889,Q54895125
Q497263,P31,Q1190554
Q1313470,P31,Q4167410
Q1313470,P1889,Q25114573
Q1313470,P1889,Q2159662
Q1141505,P31,Q4167410
Q1141505,P1889,Q37015212
Q169207,P910,Q7015415
Q169207,P279,Q9332
Q169207,P279,Q160232
Q169207,P279,Q1920219
Q169207,P279,Q83267
Q169207,P1343,Q2657718
Q169207,P1343,Q1186818
Q169207,P461,Q27976816
Q169207,P461,Q58375253
Q169207,P1424,Q13107827
Q169207,P1424,Q7583764
Q169207,P460,Q1772837
Q169207,P1889,Q7015415
Q406192,P31,Q4167410
Q406192,P1889,Q1795088
Q406192,P1889,Q16861163
Q406192,P460,Q29436981
Q406192,P460,Q12302688
Q406192,P460,Q16860149
Q406192,P460,Q224225
Q406192,P460,Q406457
Q406192,P460,Q401406
Q406192,P460,Q832635
Q6042515,P279,Q8161
Q9598,P31,Q2915955
Q9598,P31,Q9174
Q9598,P910,Q6391110
Q9598,P2959,Q22827771
Q9598,P112,Q9333
Q9598,P92,Q134425
Q9598,P1151,Q12856757
Q9598,P1424,Q6875396
Q9598,P5008,Q5460604
Q9598,P5125,Q17052861
Q9598,P3095,Q1165430
Q9598,P495,Q29520
Q9598,P1343,Q1768721
Q8331,P31,Q55983715
Q8331,P460,Q692111
Q8331,P910,Q8470783
Q8331,P1343,Q20961706
Q8331,P1343,Q4086271
Q8331,P1343,Q602358
Q8331,P1343,Q19180675
Q8331,P1343,Q4173137
Q8331,P1343,Q1768721
Q8331,P1889,Q185194
Q8331,P1889,Q30223
Q8331,P1889,Q1453033
Q8331,P1889,Q8332
Q8331,P279,Q27414
Q270105,P910,Q8881817
Q270105,P279,Q17737
Q270105,P279,Q22908314
Q60,P1151,Q6342720
Q60,P31,Q208511
Q60,P31,Q2264924
Q60,P31,Q1093829
Q60,P31,Q515
Q60,P31,Q1549591
Q60,P31,Q51929311
Q60,P31,Q1637706
Q60,P131,Q1384
Q60,P150,Q11299
Q60,P150,Q18419
Q60,P150,Q18424
Q60,P150,Q18426
Q60,P150,Q18432
Q60,P1313,Q785304
Q60,P6,Q4911497
Q60,P6,Q607
Q60,P6,Q212648
Q60,P6,Q467133
Q60,P6,Q467122
Q60,P6,Q329910
Q60,P6,Q666931
Q60,P6,Q439156
Q60,P6,Q939458
Q60,P6,Q939458
Q60,P6,Q441554
Q60,P6,Q312502
Q60,P6,Q1701296
Q60,P6,Q6287566
Q60,P6,Q204135
Q60,P6,Q6233903
Q60,P6,Q3182321
Q60,P6,Q4121154
Q60,P6,Q2544704
Q60,P6,Q5536568
Q60,P6,Q2274772
Q60,P6,Q2156376
Q60,P138,Q126188
Q60,P138,Q42462
Q60,P138,Q727
Q60,P194,Q645195
Q60,P163,Q1414813
Q60,P190,Q1781
Q60,P190,Q1218
Q60,P190,Q34647
Q60,P190,Q85
Q60,P190,Q84
Q60,P190,Q2807
Q60,P190,Q956
Q60,P190,Q34820
Q60,P190,Q1490
Q60,P190,Q2844
Q60,P190,Q894327
Q60,P190,Q585
Q60,P190,Q3561
Q60,P190,Q3630
Q60,P190,Q33935
Q60,P190,Q51103
Q60,P190,Q8686
Q60,P190,Q101625
Q60,P190,Q8684
Q60,P190,Q1491
Q60,P190,Q188673
Q60,P190,Q612
Q60,P460,Q14435
Q60,P17,Q30
Q60,P910,Q7038507
Q60,P1464,Q8066197
Q60,P1465,Q8365583
Q60,P1740,Q6612898
Q60,P1792,Q9226101
Q60,P421,Q941023
Q60,P421,Q5390
Q60,P421,Q5762
Q60,P1343,Q602358
Q60,P1343,Q867541
Q60,P1343,Q4114391
Q60,P1343,Q4173137
Q60,P1343,Q19180675
Q60,P1343,Q19077875
Q60,P1343,Q2041543
Q60,P1343,Q19190511
Q60,P2184,Q1067131
Q60,P47,Q54066
Q60,P47,Q502459
Q60,P47,Q490505
Q60,P47,Q54064
Q60,P47,Q112915
Q60,P2633,Q645208
Q60,P206,Q3140
Q60,P206,Q212862
Q60,P206,Q928157
Q60,P206,Q597451
Q60,P206,Q867460
Q60,P206,Q97
Q60,P206,Q1064776
Q60,P206,Q1294277
Q60,P1791,Q8328704
Q60,P1376,Q30
Q60,P793,Q43550151
Q60,P155,Q223308
Q60,P5008,Q5460604
Q60,P706,Q683705
Q60,P3096,Q56876538
Q60,P1830,Q6956042
Q60,P1830,Q7013825
Q60,P1830,Q7061988
Q60,P1830,Q7330798
Q60,P1830,Q7354947
Q60,P1830,Q7566432
Q60,P1830,Q7603993
Q60,P1830,Q9286411
Q60,P1830,Q14706223
Q60,P1830,Q19952439
Q60,P1830,Q20979444
Q60,P1830,Q27988146
Q60,P1830,Q27988196
Q60,P1830,Q29378914
Q60,P1830,Q39060163
Q60,P1830,Q109711
Q60,P1830,Q125635
Q60,P1830,Q126698
Q60,P1830,Q200959
Q60,P1830,Q319654
Q60,P1830,Q603656
Q60,P1830,Q616682
Q60,P1830,Q675214
Q60,P1830,Q717956
Q60,P1830,Q722123
Q60,P1830,Q928996
Q60,P1830,Q1056326
Q60,P1830,Q1529995
Q60,P1830,Q1544645
Q60,P1830,Q1852374
Q60,P1830,Q1970698
Q60,P1830,Q1984330
Q60,P1830,Q1984733
Q60,P1830,Q1985059
Q60,P1830,Q2104718
Q60,P1830,Q2241542
Q60,P1830,Q2267608
Q60,P1830,Q2275055
Q60,P1830,Q2332157
Q60,P1830,Q2344719
Q60,P1830,Q2355775
Q60,P1830,Q2371583
Q60,P1830,Q2372361
Q60,P1830,Q2372377
Q60,P1830,Q2372392
Q60,P1830,Q2373436
Q60,P1830,Q2488186
Q60,P1830,Q2523955
Q60,P1830,Q2614126
Q60,P1830,Q2620591
Q60,P1830,Q2628830
Q60,P1830,Q2790405
Q60,P1830,Q2877193
Q60,P1830,Q2878646
Q60,P1830,Q2926164
Q60,P1830,Q2982124
Q60,P1830,Q3097594
Q60,P1830,Q3296781
Q60,P1830,Q4262194
Q60,P1830,Q4596012
Q60,P1830,Q4742962
Q60,P1830,Q4836006
Q60,P1830,Q4951175
Q60,P1830,Q5254738
Q60,P1830,Q5447476
Q60,P1830,Q5462917
Q60,P1830,Q5477291
Q60,P1830,Q5508467
Q60,P1830,Q5972266
Q60,P1830,Q5973627
Q60,P1830,Q5973629
Q60,P1830,Q6541981
Q60,P1830,Q6715011
Q60,P1830,Q8685
Q60,P6104,Q15884984
Q60,P7867,Q84079477
Q60,P8402,Q96991743
Q998,P279,Q7569
Q998,P279,Q851990
Q998,P910,Q8548465
Q998,P1365,Q576104
Q998,P1366,Q3377398
Q998,P1343,Q2657718
Q998,P31,Q5932254
Q998,P155,Q20182238
Q998,P156,Q97040416
Q39950,P910,Q7400338
Q39950,P31,Q1194040
Q39950,P527,Q727413
Q39950,P527,Q47142
Q39950,P527,Q236226
Q39950,P527,Q236092
Q39950,P2959,Q27136446
Q39950,P1343,Q2041543
Q39950,P1343,Q602358
Q39950,P1343,Q19180675
Q1043197,P31,Q1914636
Q1043197,P910,Q7012544
Q1043197,P460,Q8011595
Q1043197,P3095,Q8011724
Q1043197,P527,Q1546695
Q1043197,P527,Q182687
Q1043197,P527,Q779777
Q1043197,P279,Q1914636
Q1043197,P1889,Q3407152
Q1043197,P1343,Q1768721
Q289485,P31,Q4167410
Q289485,P1889,Q27133409
Q1252904,P31,Q146083
Q1252904,P21,Q6581097
Q1252904,P460,Q20857111
Q1252904,P1343,Q602358
Q1252904,P1343,Q19180675
Q1252904,P1343,Q2041543
Q1252904,P1343,Q4532138
Q1252904,P1049,Q447131
Q1252904,P22,Q276563
Q1252904,P1889,Q2124769
Q1252904,P40,Q131795
Q1252904,P40,Q133343
Q1252904,P40,Q170471
Q1252904,P25,Q191815
Q1252904,P910,Q86800827
Q1282131,P31,Q31172650
Q1282131,P1343,Q63284758
Q1282131,P1889,Q238350
Q915584,P31,Q4167410
Q915584,P1889,Q21057643
Q915584,P1889,Q16860445
Q7777019,P910,Q7826944
Q7777019,P279,Q1006733
Q7777019,P279,Q52105
Q7777019,P366,Q1199726
Q7777019,P366,Q3239189
Q7777019,P1343,Q2657718
Q7777019,P1343,Q602358
Q7777019,P1343,Q19180675
Q7777019,P1343,Q1970746
Q7777019,P1343,Q4086271
Q7777019,P1889,Q194281
Q899277,P910,Q6901025
Q899277,P361,Q1056396
Q899277,P279,Q8187769
Q899277,P3095,Q2072298
Q899277,P527,Q3491920
Q899277,P527,Q7439057
Q899277,P527,Q850171
Q4781691,P31,Q4167410
Q868915,P31,Q12160552
Q868915,P31,Q821090
Q868915,P21,Q6581097
Q868915,P1343,Q19180675
Q868915,P1343,Q602358
Q868915,P1343,Q4173137
Q868915,P1343,Q234535
Q868915,P1343,Q3181656
Q868915,P1049,Q9268
Q868915,P1049,Q5043
Q868915,P910,Q6806882
Q2067046,P279,Q1194039
Q2067046,P910,Q8418510
Q2067046,P1889,Q102421356
Q346571,P31,Q4167410
Q346571,P460,Q51986614
Q346571,P460,Q51969093
Q346571,P460,Q54239112
Q346571,P460,Q51969287
Q483453,P279,Q811979
Q483453,P279,Q860861
Q483453,P279,Q570116
Q483453,P279,Q2736507
Q483453,P910,Q8470360
Q483453,P737,Q19360716
Q483453,P1343,Q2657718
Q483453,P1343,Q1970746
Q483453,P1343,Q602358
Q483453,P1343,Q19180675
Q483453,P1889,Q43483
Q483453,P366,Q208195
Q483453,P366,Q747713
Q483453,P2670,Q2167111
Q483453,P2670,Q2383211
Q483453,P527,Q41554881
Q483453,P527,Q3253281
Q483453,P6104,Q59964603
Q3678579,P31,Q12160552
Q3678579,P31,Q821090
Q3678579,P1343,Q2657718
Q3678579,P1343,Q602358
Q3678579,P1343,Q19180675
Q3678579,P1343,Q4173137
Q3678579,P1343,Q4086271
Q3678579,P1343,Q1970746
Q3678579,P144,Q766677
Q3678579,P460,Q1657271
Q3678579,P460,Q190
Q3678579,P910,Q32714662
Q3678579,P180,Q190
Q3678579,P180,Q178885
Q413290,P31,Q4167410
Q184377,P361,Q34770
Q184377,P1687,P443
Q184377,P1687,P7243
Q184377,P2579,Q35395
Q184377,P279,Q1151067
Q184377,P910,Q9769227
Q184377,P460,Q12493444
Q7572951,P31,Q101352
Q7572951,P282,Q8229
Q1207261,P31,Q4167410
Q4925193,P461,Q7949
Q4925193,P910,Q30645538
Q4925193,P279,Q108163
Q4925193,P279,Q17949
Q4925193,P279,Q170028
Q4925193,P31,Q451967
Q4925193,P366,Q170028
Q4925193,P1343,Q1970746
Q4925193,P1343,Q602358
Q4925193,P1343,Q4173137
Q36244,P910,Q7212609
Q36244,P461,Q38035
Q36244,P279,Q202064
Q36244,P1343,Q27680201
Q36244,P1343,Q2041543
Q36244,P1343,Q20078554
Q36244,P1269,Q1322198
Q36244,P1889,Q9398093
Q36244,P1382,Q757410
Q36244,P1299,Q9398093
Q9612,P279,Q4620674
Q9612,P279,Q66545296
Q9612,P361,Q844342
Q9612,P1343,Q19558994
Q9612,P1343,Q2041543
Q9612,P1343,Q602358
Q9612,P1343,Q602358
Q9612,P910,Q8963783
Q9612,P2286,Q707419
Q9612,P2286,Q707674
Q9612,P2289,Q1165173
Q9612,P2288,Q6047876
Q9612,P927,Q1547362
Q9612,P366,Q11995
Q9612,P31,Q4936952
Q9612,P4843,Q14902305
Q9612,P5008,Q99671171
Q1001059,P910,Q8954631
Q1001059,P279,Q234460
Q1001059,P279,Q216200
Q766677,P460,Q825
Q766677,P460,Q234801
Q766677,P460,Q3678579
Q766677,P460,Q2095353
Q766677,P460,Q825
Q766677,P460,Q1657271
Q766677,P460,Q2155501
Q766677,P31,Q178885
Q766677,P31,Q82799
Q766677,P31,Q105173
Q766677,P31,Q821090
Q766677,P910,Q7821691
Q766677,P1049,Q9268
Q766677,P1049,Q35269
Q766677,P1049,Q9592
Q766677,P1049,Q5043
Q403591,P31,Q4167410
Q403591,P1889,Q16865454
Q1318295,P279,Q17537576
Q1318295,P910,Q8949419
Q1318295,P2579,Q382451
Q1318295,P1552,Q33005760
Q1318295,P1552,Q1697305
Q1318295,P527,Q569250
Q1318295,P527,Q1974893
Q1318295,P1424,Q14337944
Q1318295,P31,Q1437361
Q1318295,P1343,Q101314624
Q36507,P910,Q6511216
Q36507,P279,Q816829
Q36507,P279,Q186081
Q36507,P31,Q1790144
Q36507,P527,Q578
Q36507,P460,Q3013059
Q36507,P111,Q11471
Q16877229,P31,Q4167410
Q16877229,P1889,Q16579038
Q25222,P105,Q36602
Q25222,P171,Q5881279
Q25222,P171,Q15718604
Q25222,P31,Q16521
Q25222,P910,Q9132349
Q25222,P910,Q5655615
Q25222,P4733,Q47261571
Q25222,P366,Q8021345
Q25222,P1343,Q602358
Q25222,P1343,Q19180675
Q25222,P1343,Q30059240
Q25222,P1343,Q1768721
Q25222,P1034,Q25851
Q256101,P31,Q4167410
Q256101,P1889,Q28943774
Q256101,P1889,Q15526904
Q286181,P31,Q4167410
Q286181,P1889,Q3618732
Q482980,P1687,P50
Q482980,P1687,P1778
Q482980,P1687,P3931
Q482980,P1687,P170
Q482980,P279,Q2500638
Q482980,P910,Q9701158
Q482980,P31,Q12737077
Q482980,P5869,Q42
Q482980,P5869,Q692
Q482980,P5869,Q36322
Q482980,P6186,Q8347428
Q482980,P1552,Q10859333
Q482980,P1889,Q8209871
Q83426,P910,Q8280686
Q83426,P31,Q179461
Q83426,P1343,Q20078554
Q83426,P1343,Q19180675
Q83426,P1343,Q19180675
Q83426,P1343,Q19211082
Q83426,P1343,Q602358
Q83426,P1343,Q4173137
Q83426,P140,Q9601
Q83426,P407,Q29572
Q420596,P31,Q4167410
Q420596,P1889,Q21079746
Q420596,P1889,Q16275242
Q2914610,P279,Q2572794
Q1329536,P279,Q484692
Q1329536,P31,Q207628
Q1329536,P31,Q179461
Q1329536,P676,Q35811
Q1329536,P407,Q29572
Q1329536,P1433,Q83426
Q193942,P910,Q6261850
Q193942,P279,Q1347367
Q193942,P461,Q1239812
Q193942,P1343,Q19180675
Q193942,P1343,Q19211082
Q193942,P1343,Q1970746
Q193942,P1343,Q602358
Q193942,P1343,Q867541
Q193942,P1343,Q20961706
Q193942,P1343,Q4173137
Q193942,P1343,Q20078554
Q193942,P1343,Q602358
Q876933,P31,Q216353
Q876933,P21,Q6581097
Q876933,P140,Q9601
Q876933,P361,Q177826
Q876933,P1343,Q1138524
Q876933,P1343,Q602358
Q876933,P1343,Q19180675
Q876933,P1343,Q602358
Q876933,P1889,Q1884674
Q234031,P31,Q4167410
Q234031,P1889,Q19968157
Q234031,P1889,Q11201999
Q234031,P1889,Q37453583
Q2043751,P31,Q4167410
Q2043751,P1889,Q28489099
Q3817282,P31,Q4167410
Q7113999,P31,Q4167410
Q7303272,P31,Q4167410
Q1585455,P31,Q3026787
Q1585455,P407,Q29572
Q11774639,P31,Q4167410
Q1502722,P21,Q6581072
Q1502722,P31,Q82799
Q9601,P910,Q7154235
Q9601,P1343,Q2657718
Q9601,P793,Q887684
Q9601,P112,Q35811
Q9601,P138,Q35811
Q9601,P2596,Q1711683
Q9601,P92,Q83426
Q9601,P361,Q1463386
Q9601,P1151,Q11176188
Q9601,P279,Q5310255
Q9601,P1552,Q9159
Q9601,P1552,Q5310255
Q9601,P5008,Q5460604
Q9601,P31,Q9174
Q1494807,P31,Q4167410
Q1494807,P1889,Q37530006
Q35830,P910,Q8755506
Q35830,P31,Q179405
Q35830,P279,Q169872
Q35830,P279,Q42183538
Q35830,P5008,Q87748614
Q357034,P31,Q4167410
Q357034,P1889,Q10856697
Q4948537,P31,Q4167410
Q4948537,P1889,Q37104015
Q534716,P31,Q4167410
Q3505668,P31,Q4167410
Q3505668,P1889,Q18067716
Q3505668,P1889,Q37220752
Q3505668,P460,Q239664
Q3505668,P460,Q525656
Q3505668,P460,Q1777990
Q3505668,P460,Q19415
Q3505668,P460,Q2368976
Q7624180,P31,Q4167410
Q233942,P31,Q4167410
Q233942,P1889,Q1422706
Q1758090,P2283,Q95643341
Q61509,P279,Q79782
Q61509,P279,Q1914636
Q61509,P279,Q1190554
Q61509,P910,Q8894303
Q61509,P3095,Q22813352
Q61509,P5008,Q54439832
Q61509,P1424,Q14158821
Q61509,P1889,Q7590
Q61509,P527,Q102206321
Q61509,P31,Q1071
Q225342,P31,Q4167410
Q225342,P460,Q70202082
Q225342,P460,Q2495629
Q225342,P1889,Q168383
Q225342,P1889,Q57027012
Q225342,P1889,Q38903
Q225342,P1889,Q21043034
Q225342,P1889,Q3551276
Q40206,P31,Q4167410
Q40206,P1889,Q1218555
Q40206,P1889,Q21491435
Q40206,P460,Q1658573
Q262016,P31,Q22988604
Q262016,P21,Q6581097
Q262016,P25,Q761106
Q262016,P1343,Q1138524
Q262016,P1343,Q47500198
Q262016,P1343,Q3181656
Q262016,P361,Q9306109
Q58373,P910,Q7879060
Q58373,P31,Q146083
Q58373,P361,Q205740
Q58373,P21,Q6581097
Q58373,P40,Q190521
Q58373,P40,Q626032
Q58373,P1343,Q20078554
Q58373,P1343,Q867541
Q58373,P1343,Q602358
Q58373,P1343,Q19211082
Q58373,P1343,Q19180675
Q58373,P1343,Q4173137
Q58373,P1343,Q4532135
Q58373,P1343,Q4086271
Q58373,P1343,Q1138524
Q58373,P1343,Q2041543
Q58373,P1343,Q30059240
Q58373,P1343,Q3181656
Q58373,P1049,Q447131
Q58373,P22,Q276563
Q58373,P26,Q29409
Q58373,P460,Q34201
Q4876711,P31,Q4167410
Q4876711,P1889,Q37439585
Q233833,P31,Q4167410
Q235025,P31,Q4167410
Q235025,P1343,Q2041543
Q401398,P31,Q4167410
Q401398,P1889,Q16870599
Q184674,P279,Q1137463
Q184674,P279,Q102186786
Q184674,P1995,Q105650
Q184674,P1995,Q7867
Q184674,P1995,Q9418
Q184674,P1343,Q19180675
Q184674,P1343,Q602358
Q184674,P1343,Q602358
Q184674,P1343,Q19180675
Q184674,P2176,Q412226
Q184674,P2176,Q410374
Q184674,P2176,Q421768
Q184674,P2176,Q20817212
Q184674,P2176,Q27126379
Q184674,P2176,Q191521
Q184674,P2176,Q424161
Q184674,P2293,Q18034642
Q184674,P2293,Q17927047
Q184674,P2293,Q14904760
Q184674,P2293,Q18042985
Q184674,P2293,Q18030903
Q184674,P2293,Q18040616
Q184674,P2293,Q5008444
Q184674,P2293,Q14886491
Q184674,P2293,Q18038265
Q184674,P924,Q183257
Q184674,P1889,Q3149465
Q184674,P5008,Q4099686
Q16872484,P31,Q82799
Q16872484,P527,Q21061236
Q16872484,P527,Q27048000
Q16872484,P1889,Q352764
Q2072625,P31,Q4167410
Q1350049,P31,Q4167410
Q893217,P31,Q4167410
Q893217,P1889,Q16860240
Q453282,P31,Q4167410
Q225529,P31,Q4167410
Q398162,P31,Q4167410
Q1242228,P31,Q4022
Q1242228,P17,Q38
Q1242228,P403,Q13924
Q1242228,P910,Q33066566
Q1242228,P974,Q2824444
Q1242228,P974,Q3854611
Q1242228,P974,Q3991664
Q1242228,P361,Q3792041
Q450,P910,Q6643238
Q450,P279,Q7184903
Q450,P279,Q3895768
Q450,P460,Q353284
Q450,P5008,Q5460604
Q450,P461,Q18237
Q450,P2579,Q1138951
Q450,P1552,Q6817489
Q450,P1552,Q317309
Q450,P1552,Q54989186
Q450,P1889,Q20400796
Q7294600,P31,Q4167410
Q5375604,P31,Q4167410
Q1220375,P31,Q4167410
Q180472,P910,Q8875692
Q180472,P1343,Q2041543
Q180472,P1343,Q1138524
Q180472,P1343,Q30059240
Q180472,P1343,Q2657718
Q180472,P1343,Q1768721
Q180472,P31,Q1334052
Q180472,P31,Q11666901
Q180472,P527,Q26701091
Q180472,P5125,Q28130112
Q180472,P279,Q41689629
Q315562,P279,Q19357621
Q315562,P1269,Q222249
Q1184157,P31,Q4167410
Q978,P910,Q7144831
Q978,P279,Q11028
Q978,P279,Q9332
Q978,P279,Q17537576
Q978,P2579,Q23399
Q978,P1889,Q674067
Q978,P1889,Q19122
Q7643449,P279,Q15632617
Q7643449,P1552,Q29604895
Q7643449,P31,Q636497
Q1424662,P31,Q46744
Q1424662,P31,Q178354
Q1424662,P31,Q131841
Q1424662,P31,Q1047698
Q1424662,P176,Q190
Q297217,P31,Q4167410
Q297217,P1889,Q1159033
Q297217,P1889,Q14921544
Q841236,P279,Q1763090
Q841236,P279,Q28100974
Q841236,P1269,Q40357
Q693083,P31,Q937228
Q693083,P279,Q18757
Q693083,P527,Q1047000
Q693083,P527,Q7949
Q693083,P1552,Q7949
Q361249,P31,Q4167410
Q361249,P460,Q21048310
Q7884285,P31,Q4167410
Q225714,P910,Q8757426
Q225714,P31,Q4167410
Q225714,P1889,Q30128874
Q7415681,P31,Q2264133
Q7836183,P31,Q4167410
Q4508,P910,Q6125386
Q4508,P1343,Q2657718
Q4508,P1343,Q602358
Q4508,P2354,Q737867
Q4508,P279,Q781132
Q4508,P460,Q4114433
Q4508,P527,Q1898583
Q4508,P527,Q1353040
Q2734295,P31,Q482994
Q2734295,P156,Q2572673
Q2734295,P175,Q907370
Q2734295,P264,Q4413456
Q2734295,P155,Q5765980
Q2734295,P136,Q83270
Q2734295,P407,Q1860
Q1394,P19,Q5627
Q1394,P20,Q3286190
Q1394,P22,Q280722
Q1394,P25,Q470041
Q1394,P26,Q215637
Q1394,P509,Q1368943
Q1394,P27,Q34266
Q1394,P27,Q15180
Q1394,P27,Q2184
Q1394,P39,Q56919889
Q1394,P39,Q4376682
Q1394,P39,Q61899333
Q1394,P463,Q842008
Q1394,P463,Q842008
Q1394,P463,Q842008
Q1394,P102,Q204911
Q1394,P102,Q1774814
Q1394,P102,Q79854
Q1394,P106,Q82955
Q1394,P106,Q36180
Q1394,P106,Q188094
Q1394,P106,Q40348
Q1394,P106,Q3242115
Q1394,P106,Q1930187
Q1394,P106,Q4964182
Q1394,P106,Q15994177
Q1394,P910,Q7372704
Q1394,P69,Q4534839
Q1394,P69,Q28482293
Q1394,P69,Q4419529
Q1394,P31,Q5
Q1394,P119,Q191414
Q1394,P1343,Q17378135
Q1394,P1343,Q4091875
Q1394,P1343,Q4239850
Q1394,P1343,Q4263804
Q1394,P1343,Q15987490
Q1394,P1343,Q19180675
Q1394,P1343,Q19190511
Q1394,P1343,Q1145552
Q1394,P1343,Q42068474
Q1394,P1343,Q67311526
Q1394,P1343,Q99413897
Q1394,P140,Q7066
Q1394,P140,Q3333484
Q1394,P735,Q2253934
Q1394,P937,Q656
Q1394,P937,Q649
Q1394,P2959,Q13202838
Q1394,P3373,Q4475079
Q1394,P3373,Q4475081
Q1394,P3373,Q333241
Q1394,P3373,Q1965609
Q1394,P3373,Q4174883
Q1394,P551,Q19520
Q1394,P551,Q656
Q1394,P551,Q649
Q1394,P551,Q2143176
Q1394,P551,Q252119
Q1394,P551,Q84
Q1394,P737,Q9061
Q1394,P737,Q34787
Q1394,P737,Q182905
Q1394,P737,Q201221
Q1394,P737,Q9235
Q1394,P737,Q76586
Q1394,P737,Q60972
Q1394,P793,Q3927614
Q1394,P793,Q4365184
Q1394,P793,Q42976
Q1394,P734,Q24536915
Q1394,P166,Q3430721
Q1394,P1884,Q1922956
Q1394,P1196,Q3739104
Q1394,P1344,Q8729
Q1394,P1344,Q2638162
Q1394,P1344,Q4041049
Q1394,P1344,Q4041177
Q1394,P1344,Q4052578
Q1394,P1344,Q4052523
Q1394,P1344,Q4052518
Q1394,P1344,Q4041185
Q1394,P1344,Q1986381
Q1394,P1344,Q4053319
Q1394,P5008,Q5460604
Q1394,P172,Q49542
Q1394,P135,Q1144178
Q1394,P135,Q389647
Q1394,P135,Q7264
Q1394,P135,Q1744607
Q1394,P1142,Q389647
Q1394,P1142,Q1144178
Q1394,P1142,Q155059
Q1394,P607,Q8729
Q1394,P607,Q42976
Q1394,P607,Q79911
Q1394,P1412,Q7737
Q1394,P1412,Q150
Q1394,P1412,Q1860
Q1394,P1412,Q188
Q1394,P800,Q1194558
Q1394,P21,Q6581097
Q1394,P103,Q7737
Q1394,P108,Q27621
Q1394,P53,Q4415705
Q1394,P6886,Q188
Q1394,P6886,Q150
Q1394,P6886,Q1860
Q1394,P6886,Q7737
Q1394,P527,Q58330128
Q1394,P1455,Q19893718
Q1394,P91,Q1035954
Q18091370,P31,Q11879590
Q18091370,P460,Q16275172
Q18091370,P460,Q5044762
Q18091370,P460,Q18385139
Q18091370,P460,Q16277675
Q18091370,P460,Q1734206
Q18091370,P460,Q18343070
Q18091370,P460,Q18385134
Q18091370,P460,Q18385133
Q18091370,P460,Q18385144
Q18091370,P460,Q20873232
Q18091370,P460,Q21646052
Q18091370,P1889,Q1044632
Q18091370,P282,Q8229
Q18091370,P407,Q1860
Q7548092,P31,Q4167410
Q1594619,P31,Q12308941
Q1594619,P407,Q1412
Q1594619,P282,Q8229
Q1594619,P1533,Q55386713
Q1594619,P460,Q594279
Q1594619,P460,Q1605665
Q1594619,P460,Q11862350
Q1594619,P460,Q1586107
Q18094568,P31,Q12308941
Q18094568,P31,Q1130279
Q18094568,P1889,Q1806029
Q18094568,P282,Q8229
Q18094568,P1533,Q37072578
Q18094568,P407,Q1860
Q18094568,P1343,Q151
Q41055,P279,Q18534278
Q41055,P279,Q66560165
Q41055,P31,Q18534278
Q41055,P2286,Q707595
Q41055,P2289,Q7644733
Q41055,P1889,Q31304786
Q7162,P361,Q420
Q7162,P910,Q4925926
Q7162,P279,Q420
Q7162,P1424,Q6339146
Q7162,P1424,Q12269758
Q7162,P460,Q3243680
Q7162,P1151,Q11046531
Q7162,P5125,Q7112645
Q7162,P3095,Q3126128
Q7162,P2578,Q7020
Q7162,P31,Q28598684
Q7162,P31,Q11862829
Q7162,P1889,Q3508604
Q8275,P674,Q159666
Q8275,P674,Q19376
Q8275,P674,Q140001
Q8275,P674,Q65770432
Q8275,P674,Q65770448
Q8275,P674,Q40901
Q8275,P674,Q65770440
Q8275,P674,Q199923
Q8275,P674,Q103107
Q8275,P674,Q1134694
Q8275,P674,Q37122
Q8275,P674,Q41127
Q8275,P674,Q38012
Q8275,P674,Q44384
Q8275,P674,Q41484
Q8275,P674,Q184437
Q8275,P674,Q34201
Q8275,P674,Q1862189
Q8275,P674,Q184570
Q8275,P674,Q131125
Q8275,P674,Q180287
Q8275,P674,Q189347
Q8275,P674,Q41746
Q8275,P674,Q128176
Q8275,P674,Q242319
Q8275,P674,Q172725
Q8275,P674,Q748909
Q8275,P674,Q725527
Q8275,P674,Q170779
Q8275,P674,Q736813
Q8275,P674,Q208256
Q8275,P674,Q854056
Q8275,P674,Q193433
Q8275,P674,Q164061
Q8275,P674,Q82732
Q8275,P674,Q1081453
Q8275,P674,Q674319
Q8275,P674,Q171839
Q8275,P674,Q466830
Q8275,P674,Q193267
Q8275,P674,Q1057384
Q8275,P674,Q167646
Q8275,P674,Q186271
Q8275,P674,Q1436842
Q8275,P674,Q170473
Q8275,P674,Q1061782
Q8275,P674,Q762520
Q8275,P674,Q47231
Q8275,P674,Q1331224
Q8275,P674,Q3608994
Q8275,P674,Q3854652
Q8275,P674,Q3135996
Q8275,P674,Q348668
Q8275,P910,Q7213745
Q8275,P136,Q2367164
Q8275,P136,Q1097273
Q8275,P31,Q37484
Q8275,P747,Q17566229
Q8275,P747,Q17559055
Q8275,P747,Q3796407
Q8275,P747,Q16547641
Q8275,P747,Q21666067
Q8275,P747,Q19210515
Q8275,P747,Q19090449
Q8275,P747,Q19828573
Q8275,P747,Q19090438
Q8275,P747,Q21716706
Q8275,P747,Q21716786
Q8275,P747,Q21716827
Q8275,P747,Q21716838
Q8275,P747,Q21716866
Q8275,P747,Q32845498
Q8275,P747,Q48227927
Q8275,P747,Q49160069
Q8275,P747,Q55816319
Q8275,P747,Q21714772
Q8275,P747,Q59872993
Q8275,P747,Q19090444
Q8275,P747,Q60552957
Q8275,P747,Q60552922
Q8275,P747,Q19141031
Q8275,P747,Q64692417
Q8275,P747,Q21716844
Q8275,P747,Q100388853
Q8275,P361,Q578605
Q8275,P155,Q1075630
Q8275,P156,Q410483
Q8275,P156,Q1998710
Q8275,P50,Q6691
Q8275,P2551,Q5254470
Q8275,P407,Q990062
Q8275,P407,Q35497
Q8275,P5008,Q5460604
Q8275,P4969,Q186587
Q8275,P4969,Q1601950
Q8275,P4969,Q697203
Q8275,P4969,Q340281
Q8275,P4969,Q938924
Q8275,P4969,Q3144892
Q8275,P495,Q11772
Q107342,P910,Q7487042
Q107342,P1343,Q2657718
Q107342,P1269,Q8078
Q107342,P2579,Q8078
Q107342,P31,Q12812139
Q107342,P279,Q8078
Q107342,P279,Q1156402
Q107342,P279,Q186619
Q449039,P31,Q4167410
Q449039,P1889,Q37527422
Q201717,P279,Q4751134
Q201717,P279,Q1685841
Q201717,P1343,Q2041543
Q201717,P361,Q1072483
Q201717,P1889,Q189114
Q201717,P1889,Q1072483
Q201717,P910,Q8508074
Q402152,P279,Q215627
Q402152,P1889,Q4376618
Q402152,P31,Q171318
Q402152,P1056,Q239526
Q402152,P461,Q19671714
Q207551,P461,Q373027
Q207551,P527,Q28745
Q207551,P361,Q7243183
Q207551,P61,Q312977
Q207551,P61,Q309816
Q36633,P910,Q6491519
Q36633,P361,Q837322
Q36633,P361,Q50851
Q36633,P1343,Q2041543
Q36633,P1343,Q4532138
Q36633,P31,Q1914636
Q36633,P279,Q7833728
Q36633,P2184,Q948371
Q36633,P3095,Q14915751
Q36633,P3095,Q187958
Q36633,P3095,Q828544
Q2510520,P279,Q1064904
Q227301,P31,Q4167410
Q872181,P112,Q12665
Q872181,P31,Q49773
Q872181,P910,Q7149772
Q872181,P1343,Q2657718
Q872181,P1343,Q20078554
Q872181,P740,Q21
Q872181,P2650,Q891382
Q872181,P1269,Q10427676
Q872181,P3095,Q2540793
Q872181,P279,Q8434
Q872181,P1427,Q145
Q213717,P31,Q644371
Q213717,P31,Q1248784
Q213717,P31,Q94993988
Q213717,P17,Q30
Q213717,P131,Q1297
Q213717,P127,Q1297
Q213717,P138,Q1293205
Q213717,P138,Q1297
Q213717,P910,Q13278504
Q213717,P931,Q1297
Q213717,P931,Q1754965
Q213717,P931,Q580487
Q213717,P527,Q55777410
Q213717,P527,Q55777411
Q213717,P527,Q55777412
Q213717,P527,Q55777413
Q213717,P7867,Q84097776
Q428,P747,Q7744922
Q428,P747,Q1219621
Q428,P747,Q6455517
Q428,P747,Q3237327
Q428,P747,Q7751139
Q428,P747,Q7045768
Q428,P747,Q6015255
Q428,P747,Q16384839
Q428,P747,Q6082964
Q428,P747,Q7744921
Q428,P747,Q29579639
Q428,P747,Q78054969
Q428,P747,Q81517861
Q428,P747,Q86097377
Q428,P747,Q88492746
Q428,P747,Q91098002
Q428,P1151,Q11234142
Q428,P31,Q179461
Q428,P31,Q47461344
Q428,P910,Q7215263
Q428,P1343,Q20078554
Q428,P1343,Q4173137
Q428,P1343,Q19180675
Q428,P1343,Q602358
Q428,P1343,Q867541
Q428,P1343,Q20089963
Q428,P1343,Q302556
Q428,P1343,Q20961706
Q428,P1343,Q3181656
Q428,P136,Q9174
Q428,P460,Q7495977
Q428,P407,Q1654327
Q428,P527,Q234262
Q428,P527,Q219669
Q428,P527,Q219675
Q428,P527,Q219682
Q428,P527,Q219696
Q428,P527,Q219701
Q428,P527,Q219707
Q428,P527,Q219713
Q428,P527,Q219720
Q428,P527,Q219738
Q428,P527,Q219752
Q428,P527,Q219786
Q428,P527,Q219815
Q428,P527,Q219871
Q428,P527,Q219906
Q428,P527,Q219933
Q428,P527,Q220495
Q428,P527,Q220678
Q428,P527,Q220706
Q428,P527,Q220716
Q428,P527,Q220733
Q428,P527,Q220757
Q428,P527,Q220770
Q428,P527,Q220785
Q428,P527,Q220809
Q428,P527,Q220983
Q428,P527,Q221013
Q428,P527,Q221025
Q428,P527,Q221044
Q428,P527,Q221060
Q428,P527,Q221081
Q428,P527,Q223754
Q428,P527,Q229842
Q428,P527,Q229923
Q428,P527,Q229959
Q428,P527,Q229998
Q428,P527,Q230014
Q428,P527,Q230107
Q428,P527,Q230133
Q428,P527,Q230153
Q428,P527,Q230178
Q428,P527,Q230436
Q428,P527,Q230466
Q428,P527,Q230490
Q428,P527,Q230538
Q428,P527,Q230560
Q428,P527,Q230579
Q428,P527,Q230604
Q428,P527,Q230638
Q428,P527,Q230657
Q428,P527,Q230687
Q428,P527,Q230743
Q428,P527,Q230802
Q428,P527,Q230829
Q428,P527,Q230856
Q428,P527,Q230910
Q428,P527,Q230944
Q428,P527,Q231561
Q428,P527,Q231664
Q428,P527,Q231700
Q428,P527,Q231728
Q428,P527,Q235662
Q428,P527,Q231779
Q428,P527,Q231926
Q428,P527,Q231955
Q428,P527,Q231975
Q428,P527,Q235785
Q428,P527,Q231999
Q428,P527,Q232023
Q428,P527,Q232063
Q428,P527,Q232123
Q428,P527,Q232455
Q428,P527,Q232473
Q428,P527,Q232497
Q428,P527,Q232579
Q428,P527,Q232605
Q428,P527,Q232623
Q428,P527,Q232647
Q428,P527,Q232670
Q428,P527,Q232690
Q428,P527,Q232706
Q428,P527,Q232820
Q428,P527,Q232864
Q428,P527,Q232878
Q428,P527,Q232904
Q428,P527,Q232924
Q428,P527,Q233041
Q428,P527,Q233073
Q428,P527,Q233093
Q428,P527,Q233123
Q428,P527,Q233146
Q428,P527,Q233170
Q428,P527,Q233250
Q428,P527,Q233275
Q428,P527,Q233296
Q428,P527,Q233314
Q428,P527,Q233580
Q428,P527,Q233600
Q428,P527,Q233624
Q428,P527,Q233653
Q428,P527,Q233673
Q428,P527,Q233695
Q428,P527,Q233712
Q428,P527,Q233731
Q428,P527,Q233747
Q428,P527,Q233766
Q428,P527,Q233788
Q428,P527,Q233800
Q428,P527,Q233811
Q428,P527,Q24000496
Q428,P527,Q233842
Q428,P527,Q234196
Q428,P527,Q234214
Q428,P527,Q234228
Q428,P527,Q234248
Q428,P6216,Q19652
Q428,P6216,Q19652
Q428,P674,Q9458
Q428,P674,Q1782672
Q428,P674,Q51664
Q428,P674,Q1990155
Q428,P674,Q1768161
Q428,P674,Q1642480
Q428,P674,Q1478857
Q428,P674,Q34418
Q428,P674,Q2575060
Q428,P674,Q1542154
Q428,P674,Q4158666
Q428,P674,Q337012
Q428,P674,Q620022
Q428,P674,Q1257863
Q428,P674,Q192785
Q428,P674,Q380714
Q428,P674,Q1768167
Q428,P674,Q2001710
Q428,P674,Q5017596
Q428,P674,Q3467762
Q428,P674,Q159888
Q428,P674,Q830183
Q428,P674,Q144396
Q428,P674,Q311577
Q428,P674,Q1918059
Q428,P674,Q4122054
Q428,P674,Q1729394
Q428,P674,Q1337316
Q428,P674,Q563644
Q428,P674,Q5981362
Q428,P674,Q327375
Q428,P674,Q2625307
Q428,P674,Q470988
Q428,P674,Q2090543
Q428,P674,Q15215483
Q428,P674,Q332574
Q428,P674,Q982867
Q428,P674,Q326189
Q428,P674,Q193669
Q428,P674,Q2513598
Q428,P674,Q18811437
Q428,P674,Q1207846
Q428,P674,Q273101
Q428,P674,Q2095353
Q428,P1881,Q16149326
Q428,P2579,Q2370897
Q815577,P910,Q16811268
Q815577,P461,Q9081
Q815577,P828,Q19829125
Q815577,P828,Q1121708
Q815577,P828,Q19829125
Q815577,P828,Q7257
Q815577,P31,Q33104279
Q815577,P279,Q19829125
Q815577,P1889,Q30029014
Q815577,P361,Q77468620
Q66793593,P31,Q55983715
Q66793593,P279,Q157231
Q66793593,P527,Q38913868
Q66793593,P527,Q50893488
Q66793593,P527,Q5396543
Q66793593,P527,Q158018
Q66793593,P527,Q14468784
Q66793593,P1889,Q2813
Q66793593,P1889,Q251028
Q541947,P279,Q64138195
Q541947,P1343,Q20096917
Q541947,P1343,Q867541
Q541947,P1889,Q23691
Q541947,P1889,Q484692
Q541947,P1889,Q1966622
Q541947,P1687,P85
Q541947,P1382,Q8812109
Q541947,P1382,Q484692
Q541947,P1382,Q2127044
Q541947,P1382,Q48727903
Q541947,P910,Q8871795
Q6038137,P361,Q77468620
Q7281,P910,Q8797585
Q7281,P279,Q905726
Q7281,P279,Q11024
Q7281,P279,Q98144857
Q7281,P5008,Q5460604
Q7281,P1889,Q5341269
Q7281,P1889,Q1231428
Q7281,P3095,Q1685363
Q7281,P31,Q483394
Q7281,P1343,Q4532138
Q7369,P279,Q215760
Q7369,P279,Q160
Q7369,P1343,Q302556
Q7369,P910,Q7215575
Q7369,P31,Q55983715
Q7369,P2283,Q1314553
Q7369,P1552,Q15767571
Q1436075,P31,Q4167410
Q1436075,P1889,Q19826487
Q1436075,P1889,Q5606487
Q216293,P31,Q7889
Q216293,P31,Q192851
Q216293,P31,Q174925
Q216293,P136,Q868217
Q216293,P123,Q13409231
Q216293,P287,Q537592
Q216293,P400,Q192851
Q216293,P880,Q11653
Q216293,P156,Q206261
Q216293,P641,Q3930
Q216293,P178,Q13409231
Q216293,P195,Q188740
Q216293,P941,Q3930
Q216293,P495,Q30
Q216293,P6216,Q50423863
Q216293,P170,Q537592
Q216293,P3931,Q13409231
Q47054,P910,Q8662578
Q47054,P279,Q13698
Q47054,P279,Q15220419
Q47054,P1343,Q1138524
Q47054,P1343,Q1768721
Q47054,P1889,Q3666281
Q363948,P31,Q27949697
Q363948,P461,Q209555
Q363948,P461,Q1319773
Q363948,P279,Q29431432
Q363948,P279,Q1207505
Q363948,P279,Q12040628
Q351818,P31,Q4167410
Q351818,P1889,Q37117795
Q18195528,P31,Q4167410
Q18195528,P1889,Q4160311
Q18195528,P1889,Q1684580
Q18195528,P1889,Q7521081
Q18195528,P1889,Q12657412
Q18195528,P460,Q407065
Q18195528,P460,Q999160
Q18195528,P460,Q1177820
Q18195528,P460,Q1179393
Q18195528,P460,Q1184390
Q18195528,P460,Q1158391
Q18195528,P460,Q10289446
Q18195528,P460,Q1379652
Q18195528,P460,Q1411000
Q18195528,P460,Q1691910
Q18195528,P460,Q1655434
Q18195528,P460,Q19801203
Q18195528,P460,Q10988221
Q18195528,P460,Q16231233
Q18195528,P460,Q16765160
Q18195528,P460,Q25990475
Q18195528,P460,Q3804644
Q18195528,P460,Q3789934
Q18195528,P460,Q224322
Q18195528,P460,Q226670
Q18195528,P460,Q397210
Q18195528,P460,Q344767
Q18195528,P460,Q399950
Q18195528,P460,Q407271
Q18195528,P460,Q419336
Q18195528,P460,Q18197861
Q18195528,P460,Q423962
Q18195528,P460,Q414438
Q18195528,P460,Q423887
Q9492,P910,Q14942845
Q9492,P31,Q192276
Q9492,P527,Q10290214
Q9492,P5008,Q5460604
Q9492,P5125,Q7112704
Q9492,P1343,Q602358
Q9492,P279,Q246672
Q9492,P2579,Q5862903
Q9492,P1552,Q190391
Q9492,P1552,Q207952
Q9492,P1552,Q355020
Q9492,P1552,Q200726
Q9492,P1424,Q17045846
Q27787163,P31,Q4167410
Q8140778,P31,Q12308941
Q8140778,P407,Q1321
Q8140778,P1889,Q1674010
Q8140778,P1533,Q26906240
Q8140778,P282,Q8229
Q8140778,P460,Q12382759
Q1795654,P1889,Q44874924
Q33487,P910,Q7403358
Q33487,P1269,Q6636
Q33487,P279,Q11976924
Q33487,P279,Q169207
Q33487,P279,Q742736
Q33487,P461,Q849223
Q33487,P5008,Q97285685
Q438467,P31,Q4167410
Q571,P186,Q11472
Q571,P186,Q226697
Q571,P186,Q389782
Q571,P279,Q49848
Q571,P279,Q732577
Q571,P279,Q2342494
Q571,P910,Q5461161
Q571,P2959,Q52834100
Q571,P1552,Q783521
Q571,P1552,Q482980
Q571,P1552,Q2085381
Q571,P1552,Q1361759
Q571,P1552,Q1361758
Q571,P1552,Q33057
Q571,P1552,Q34770
Q571,P1552,Q1238720
Q571,P1552,Q2985386
Q571,P1552,Q998555
Q571,P1552,Q240471
Q571,P1552,Q1125338
Q571,P1889,Q3331189
Q571,P1889,Q47461344
Q571,P1424,Q22835068
Q571,P1424,Q47482683
Q571,P1424,Q5858283
Q571,P366,Q3523102
Q571,P366,Q199657
Q571,P2354,Q5251635
Q571,P1963,P872
Q571,P1963,P1823
Q571,P1963,P1143
Q571,P1963,P2879
Q571,P1963,P2969
Q571,P1963,P3631
Q571,P1963,P50
Q571,P1963,P1476
Q571,P1963,P747
Q571,P1963,P364
Q571,P1963,P407
Q571,P527,Q234460
Q571,P527,Q1069725
Q571,P527,Q1980247
Q571,P5008,Q5460604
Q571,P5125,Q7112569
Q571,P1151,Q10880143
Q571,P5869,Q208002
Q571,P5869,Q428
Q571,P5869,Q191838
Q571,P5869,Q8265
Q571,P6104,Q8487081
Q571,P1343,Q602358
Q571,P1343,Q19180675
Q571,P2184,Q15873402
Q516021,P279,Q24055197
Q9476,P910,Q6490409
Q9476,P1343,Q302556
Q9476,P1343,Q2657718
Q9476,P31,Q33104279
Q9476,P31,Q23847174
Q9476,P5008,Q5460604
Q190558,P1343,Q2657718
Q190558,P1343,Q19190511
Q190558,P279,Q211790
Q190558,P279,Q23090506
Q190558,P1552,Q1150070
Q190558,P913,Q3874245
Q190558,P1382,Q55107540
Q8236,P910,Q8598729
Q8236,P461,Q485100
Q8236,P279,Q205961
Q8236,P1343,Q2657718
Q8236,P1343,Q602358
Q8236,P1343,Q19180675
Q8236,P1343,Q4173137
Q8236,P5008,Q5460604
Q8236,P1889,Q1084976
Q8236,P460,Q24892987
Q8236,P828,Q8434
Q8236,P1687,P6897
Q8236,P31,Q11862829
Q9458,P22,Q34408
Q9458,P25,Q257935
Q9458,P26,Q42034
Q9458,P26,Q1943555
Q9458,P26,Q263791
Q9458,P26,Q3595927
Q9458,P26,Q4730963
Q9458,P26,Q144396
Q9458,P26,Q263829
Q9458,P26,Q144394
Q9458,P26,Q42104
Q9458,P26,Q2138599
Q9458,P26,Q465845
Q9458,P26,Q263779
Q9458,P26,Q3303021
Q9458,P19,Q5806
Q9458,P119,Q12186187
Q9458,P119,Q727042
Q9458,P106,Q12059906
Q9458,P106,Q877558
Q9458,P106,Q215536
Q9458,P106,Q168827
Q9458,P106,Q432386
Q9458,P106,Q82955
Q9458,P106,Q1402561
Q9458,P40,Q2401633
Q9458,P40,Q784324
Q9458,P40,Q3505301
Q9458,P40,Q1164707
Q9458,P40,Q2300129
Q9458,P40,Q2426845
Q9458,P40,Q180123
Q9458,P140,Q425381
Q9458,P140,Q432
Q9458,P172,Q35323
Q9458,P20,Q35484
Q9458,P31,Q5
Q9458,P910,Q7144995
Q9458,P1343,Q20078554
Q9458,P1343,Q19180675
Q9458,P1343,Q602358
Q9458,P1343,Q20089963
Q9458,P1343,Q302556
Q9458,P1343,Q4173137
Q9458,P1343,Q18517268
Q9458,P1343,Q99413897
Q9458,P802,Q76330
Q9458,P802,Q423600
Q9458,P802,Q1145312
Q9458,P460,Q6932888
Q9458,P460,Q5942791
Q9458,P460,Q4117961
Q9458,P460,Q24942527
Q9458,P1412,Q1654327
Q9458,P1038,Q39619
Q9458,P1038,Q1110872
Q9458,P1038,Q770033
Q9458,P1038,Q297913
Q9458,P1038,Q380479
Q9458,P1038,Q182914
Q9458,P1038,Q112128
Q9458,P1038,Q1111208
Q9458,P2959,Q27966225
Q9458,P607,Q486124
Q9458,P607,Q488278
Q9458,P607,Q826083
Q9458,P607,Q565661
Q9458,P607,Q2300090
Q9458,P607,Q2088170
Q9458,P735,Q5837762
Q9458,P5008,Q5460604
Q9458,P53,Q4987
Q9458,P21,Q6581097
Q9458,P1830,Q18207548
Q9458,P793,Q131482
Q9458,P103,Q13955
Q9458,P361,Q4260004
Q9458,P1035,Q535658
Q9458,P3373,Q1111208
Q9458,P2650,Q9159
Q9458,P2650,Q432
Q9458,P2650,Q428
Q9458,P2650,Q4204060
Q9458,P800,Q428
Q9458,P2579,Q2737409
Q9458,P2579,Q1436115
Q9458,P3091,Q1303124
Q9458,P3091,Q8046257
Q9458,P551,Q5806
Q9458,P551,Q35484
Q9458,P2184,Q76821678
Q451029,P31,Q4167410
Q451029,P31,Q12308941
Q451029,P1889,Q20975617
Q451029,P1889,Q21484879
Q451029,P1889,Q15015237
Q451029,P407,Q13955
Q451029,P282,Q1828555
Q224058,P31,Q4167410
Q224058,P1343,Q2041543
Q224058,P910,Q9737643
Q352858,P279,Q49848
Q352858,P1343,Q37878937
Q409776,P31,Q4167410
Q3028841,P31,Q207628
Q3028841,P86,Q187192
Q3028841,P941,Q913
Q3028841,P88,Q451099
Q3028841,P6216,Q19652
Q7100375,P31,Q4167410
Q1144339,P279,Q20828805
Q1144339,P1889,Q83398902
Q1144339,P1889,Q20828805
Q1144339,P1889,Q8028
Q1144339,P910,Q85137436
Q17955,P279,Q3059502
Q17955,P910,Q7450218
Q17955,P460,Q3059502
Q17955,P1889,Q54894883
Q17955,P31,Q4894405
Q17955,P31,Q223393
Q226703,P31,Q4167410
Q2509280,P279,Q1914636
Q2509280,P527,Q329381
Q2509280,P1889,Q329381
Q2509280,P1343,Q101314624
Q2509280,P31,Q11862829
Q3536375,P31,Q4167410
Q98383894,P31,Q4167410
Q13560073,P31,Q4167410
Q157798,P31,Q28640
Q157798,P910,Q8164334
Q157798,P279,Q2700922
Q157798,P425,Q41767
Q157798,P1830,Q47508094
Q157798,P1889,Q2700922
Q211504,P31,Q4167410
Q211504,P1343,Q2041543
Q161500,P910,Q9089077
Q161500,P461,Q178564
Q161500,P279,Q546113
Q161500,P279,Q4350217
Q161500,P31,Q2245405
Q161500,P2579,Q8134
Q7564851,P50,Q4569212
Q7564851,P495,Q16
Q7564851,P123,Q3127696
Q7564851,P736,Q16971326
Q7564851,P407,Q1860
Q7564851,P31,Q7725634
Q7564851,P136,Q21615367
Q7564851,P110,Q16971326
Q1181969,P31,Q4167410
Q101352,P1687,P734
Q101352,P1687,P5452
Q101352,P1687,P6978
Q101352,P1687,P1950
Q101352,P1687,P2562
Q101352,P279,Q10856962
Q101352,P460,Q4116295
Q101352,P361,Q1071027
Q101352,P910,Q7045213
Q101352,P910,Q9740709
Q101352,P1343,Q2657718
Q101352,P1343,Q19180675
Q101352,P1963,P1705
Q101352,P1963,P407
Q101352,P1963,P1889
Q101352,P1963,P1659
Q101352,P1963,P3878
Q101352,P1963,P282
Q101352,P1963,P7377
Q101352,P1424,Q10805007
Q101352,P1889,Q8436
Q101352,P5869,Q20731004
Q101352,P1365,Q5281391
Q200481,P910,Q8285826
Q200481,P1343,Q2041543
Q200481,P1343,Q3181656
Q200481,P279,Q83267
Q200481,P5008,Q13382529
Q243162,P31,Q4167410
Q243162,P1889,Q16877273
Q5562425,P31,Q101352
Q5562425,P282,Q8229
Q5562425,P407,Q1860
Q233269,P31,Q4167410
Q1203,P26,Q253192
Q1203,P26,Q117012
Q1203,P40,Q357974
Q1203,P40,Q311238
Q1203,P25,Q2982766
Q1203,P22,Q3646297
Q1203,P106,Q183945
Q1203,P106,Q36180
Q1203,P106,Q33999
Q1203,P106,Q488205
Q1203,P106,Q855091
Q1203,P106,Q3282637
Q1203,P106,Q49757
Q1203,P106,Q36834
Q1203,P106,Q10800557
Q1203,P106,Q486748
Q1203,P106,Q177220
Q1203,P106,Q1028181
Q1203,P106,Q2526255
Q1203,P106,Q639669
Q1203,P106,Q662729
Q1203,P106,Q12144794
Q1203,P106,Q16323111
Q1203,P106,Q11499147
Q1203,P358,Q1075660
Q1203,P19,Q24826
Q1203,P19,Q60135106
Q1203,P361,Q239177
Q1203,P361,Q1299
Q1203,P361,Q731721
Q1203,P361,Q913897
Q1203,P361,Q384664
Q1203,P361,Q47122619
Q1203,P735,Q4925477
Q1203,P735,Q2584852
Q1203,P910,Q8567462
Q1203,P31,Q5
Q1203,P166,Q12201526
Q1203,P166,Q935843
Q1203,P166,Q179191
Q1203,P166,Q22344608
Q1203,P27,Q145
Q1203,P800,Q1971
Q1203,P1303,Q6607
Q1203,P1303,Q5994
Q1203,P1303,Q51290
Q1203,P1303,Q46185
Q1203,P1303,Q52954
Q1203,P1303,Q17172850
Q1203,P136,Q11399
Q1203,P136,Q193355
Q1203,P136,Q1640319
Q1203,P136,Q37073
Q1203,P136,Q484641
Q1203,P136,Q217467
Q1203,P136,Q206159
Q1203,P136,Q7749
Q1203,P136,Q546264
Q1203,P136,Q83270
Q1203,P136,Q1641839
Q1203,P69,Q3835519
Q1203,P69,Q5019068
Q1203,P69,Q66626470
Q1203,P1412,Q1860
Q1203,P1411,Q22344608
Q1203,P264,Q213710
Q1203,P264,Q585643
Q1203,P264,Q193023
Q1203,P264,Q208909
Q1203,P264,Q679007
Q1203,P264,Q183412
Q1203,P264,Q212699
Q1203,P264,Q155152
Q1203,P1343,Q1145552
Q1203,P1343,Q67311526
Q1203,P551,Q24826
Q1203,P551,Q60
Q1203,P551,Q2702874
Q1203,P734,Q16872048
Q1203,P1889,Q6244555
Q1203,P1038,Q278766
Q1203,P21,Q6581097
Q1203,P1424,Q8086722
Q1203,P1066,Q317427
Q1203,P6379,Q460889
Q1203,P6379,Q188740
Q1203,P157,Q80462
Q1203,P509,Q2140674
Q1203,P20,Q60
Q1203,P1196,Q149086
Q1203,P1327,Q2599
Q1203,P7084,Q60805889
Q1203,P6275,Q7120528
Q1203,P6275,Q71521142
Q1203,P6275,Q71521142
Q1203,P2348,Q6927
Q1203,P7763,Q73555012
Q1203,P91,Q1035954
Q1203,P451,Q2630339
Q1203,P412,Q31687
Q237643,P31,Q4167410
Q237643,P1889,Q37294031
Q184511,P910,Q7285948
Q184511,P279,Q998840
Q184511,P279,Q18534
Q184511,P279,Q187931
Q184511,P279,Q2944660
Q184511,P279,Q12767945
Q184511,P460,Q5551966
Q184511,P460,Q24953003
Q184511,P460,Q3026787
Q184511,P1889,Q337968
Q184511,P1889,Q18350935
Q41607,P279,Q1065579
Q41607,P279,Q92057730
Q41607,P1478,Q25257
Q41607,P1478,Q17996169
Q41607,P1343,Q1970746
Q41607,P910,Q25216469
Q41607,P1889,Q26766731
Q226474,P31,Q4167410
Q226474,P1889,Q18606102
Q226474,P1889,Q2665383
Q15633792,P279,Q33203
Q1141571,P31,Q6540832
Q1141571,P31,Q23002054
Q1141571,P910,Q8591422
Q1141571,P17,Q30
Q1141571,P488,Q21073336
Q1141571,P463,Q4809174
Q1141571,P463,Q5275906
Q1141571,P463,Q647039
Q1141571,P463,Q5059850
Q1141571,P463,Q5137944
Q1141571,P131,Q28848
Q1141571,P1435,Q19558910
Q1141571,P140,Q1149100
Q1141571,P669,Q22344691
Q1141571,P669,Q22921146
Q1141571,P2643,Q23336065
Q1141571,P2643,Q23623476
Q1141571,P2643,Q23622825
Q1141571,P2643,Q23662734
Q1141571,P2643,Q23662432
Q1141571,P3876,Q8591423
Q1141571,P793,Q541394
Q7623578,P31,Q4167410
Q9441,P21,Q6581097
Q9441,P361,Q748
Q9441,P31,Q5
Q9441,P19,Q9213
Q9441,P20,Q825673
Q9441,P910,Q7240253
Q9441,P106,Q854997
Q9441,P106,Q4964182
Q9441,P106,Q2142783
Q9441,P27,Q30610827
Q9441,P1365,Q335304
Q9441,P140,Q748
Q9441,P40,Q218969
Q9441,P26,Q466572
Q9441,P22,Q226488
Q9441,P172,Q1062748
Q9441,P1066,Q2500007
Q9441,P1441,Q1321432
Q9441,P1441,Q167206
Q9441,P1343,Q2041543
Q9441,P1343,Q602358
Q9441,P1343,Q19180675
Q9441,P1343,Q67311526
Q9441,P1343,Q3181656
Q9441,P25,Q877831
Q9441,P1412,Q2652214
Q9441,P3373,Q3610453
Q9441,P3373,Q6963126
Q9441,P3902,Q83093
Q9441,P3902,Q191768
Q9441,P5008,Q5460604
Q9441,P101,Q5891
Q9441,P802,Q2627201
Q9441,P802,Q317765
Q9441,P1424,Q18525086
Q9441,P793,Q65465049
Q9441,P411,Q1349880
Q9441,P411,Q83090
Q9441,P737,Q1227131
Q9441,P509,Q272002
Q363725,P31,Q4167410
Q583269,P279,Q3418492
Q583269,P279,Q47883
Q583269,P910,Q8831464
Q583269,P910,Q8831474
Q583269,P366,Q510406
Q583269,P366,Q16635395
Q583269,P1889,Q3134340
Q583269,P1889,Q510406
Q583269,P460,Q12058324
Q28838172,P31,Q4167410
Q4983418,P17,Q145
Q4983418,P131,Q1853349
Q4983418,P31,Q532
Q4983418,P31,Q1115575
Q4983418,P7959,Q67533246
Q83364,P279,Q32090
Q83364,P279,Q49773
Q83364,P279,Q1500138
Q83364,P910,Q7472978
Q83364,P1151,Q19679809
Q83364,P2012,Q638022
Q83364,P3095,Q18338317
Q83364,P1889,Q7918284
Q83364,P1889,Q181138
Q83364,P31,Q474191
Q8463,P279,Q853725
Q8463,P910,Q6584909
Q8463,P1343,Q302556
Q8463,P1343,Q2657718
Q8463,P1343,Q2041543
Q8463,P1343,Q602358
Q8463,P1343,Q19180675
Q8463,P1343,Q4086271
Q8463,P1343,Q4173137
Q8463,P460,Q5936334
Q8463,P461,Q2979
Q8463,P2184,Q12981973
Q8463,P1889,Q1122364
Q8463,P5008,Q5460604
Q8463,P5008,Q13382529
Q8463,P5008,Q15304953
Q8463,P5008,Q85931561
Q8463,P31,Q132781
Q8463,P31,Q75630156
Q8463,P2670,Q12773225
Q8463,P2670,Q10076267
Q8463,P1151,Q24040623
Q1219839,P31,Q4167410
Q1219839,P1889,Q7681562
Q405522,P31,Q4167410
Q18237,P279,Q6804646
Q18237,P279,Q9332
Q18237,P1343,Q1970746
Q18237,P1343,Q602358
Q18237,P1343,Q19180675
Q18237,P910,Q9558938
Q18237,P461,Q450
Q18237,P361,Q77468620
Q4860485,P31,Q4167410
Q948418,P31,Q12308941
Q948418,P460,Q18220847
Q948418,P460,Q18226374
Q948418,P460,Q18228390
Q948418,P460,Q19760064
Q948418,P460,Q18226308
Q948418,P460,Q19858047
Q948418,P460,Q19967529
Q948418,P460,Q21148179
Q948418,P460,Q24068639
Q948418,P460,Q29475843
Q948418,P460,Q61780883
Q948418,P1533,Q14704293
Q948418,P1750,Q2992
Q948418,P1750,Q2883
Q948418,P407,Q809
Q948418,P407,Q1860
Q948418,P407,Q7411
Q948418,P361,Q14468478
Q948418,P1889,Q349409
Q948418,P282,Q8229
Q948418,P5323,Q21644845
Q948418,P5323,Q21142040
Q948418,P1343,Q151
Q15343,P105,Q7432
Q15343,P141,Q719675
Q15343,P31,Q16521
Q15343,P171,Q3745848
Q15343,P183,Q408
Q15343,P1343,Q602358
Q15343,P1343,Q19180675
Q15343,P1552,Q101248333
Q7990921,P17,Q145
Q7990921,P460,Q1370886
Q170430,P910,Q8789531
Q170430,P361,Q4420891
Q170430,P279,Q1823478
Q242183,P31,Q4167410
Q242183,P1889,Q37568136
Q1227471,P31,Q4167410
Q1227471,P460,Q11865637
Q1227471,P1889,Q663233
Q224253,P31,Q4167410
Q224253,P1889,Q14917207
Q225220,P31,Q4167410
Q225220,P1889,Q20796710
Q225220,P1889,Q2696422
Q225220,P460,Q265784
Q353286,P31,Q4167410
Q1414937,P31,Q12737077
Q1414937,P425,Q650711
Q1414937,P1343,Q2657718
Q1414937,P461,Q465727
Q1414937,P2283,Q728
Q1414937,P279,Q215627
Q1164078,P31,Q624240
Q1164078,P31,Q12308941
Q1164078,P31,Q4167410
Q1164078,P1889,Q3787722
Q1164078,P1889,Q51952212
Q1164078,P1889,Q37172653
Q1164078,P460,Q1630501
Q1164078,P460,Q56173385
Q1164078,P460,Q44925423
Q1164078,P460,Q1282837
Q1164078,P460,Q5948890
Q1164078,P460,Q1630534
Q1164078,P460,Q1639022
Q1164078,P460,Q3787722
Q1164078,P527,Q27101961
Q1164078,P407,Q13955
Q467011,P279,Q2001676
Q467011,P279,Q5919191
Q467011,P910,Q7069077
Q837675,P1343,Q2041543
Q837675,P910,Q8569256
Q837675,P279,Q16334295
Q837675,P527,Q6132347
Q837675,P527,Q16102026
Q837675,P1269,Q41487
Q293563,P31,Q4167410
Q293563,P1889,Q18201469
Q293563,P1889,Q37307248
Q293563,P1889,Q57518047
Q293563,P460,Q2438738
Q293563,P460,Q356581
Q293563,P460,Q421489
Q293563,P460,Q1171933
Q2383053,P31,Q182545
Q103983,P461,Q165800
Q103983,P31,Q3239681
Q103983,P1343,Q2657718
Q103983,P1343,Q2041543
Q103983,P1343,Q20078554
Q103983,P1343,Q20078554
Q408260,P31,Q4167410
Q1347572,P910,Q8429822
Q1347572,P279,Q3523102
Q1347572,P1343,Q2041543
Q1347572,P1552,Q18757
Q7071784,P31,Q4167410
Q7071784,P1889,Q16880616
Q232454,P31,Q4167410
Q232454,P1889,Q12786548
Q232454,P1889,Q16275095
Q219067,P279,Q747883
Q219067,P279,Q29051769
Q219067,P279,Q14536140
Q219067,P279,Q56037271
Q219067,P910,Q7014497
Q219067,P1542,Q5347380
Q219067,P361,Q2997362
Q219067,P1424,Q11002617
Q219067,P1424,Q22843086
Q219067,P155,Q760132
Q219067,P156,Q430439
Q219067,P5125,Q7112628
Q219067,P1889,Q12107964
Q219067,P1889,Q3409055
Q219067,P2579,Q103961937
Q1694718,P31,Q4167410
Q1694718,P1889,Q37091682
Q387151,P21,Q6581097
Q387151,P31,Q5
Q387151,P40,Q381125
Q387151,P39,Q187878
Q387151,P3373,Q1325694
Q387151,P3373,Q55203691
Q294600,P31,Q4167410
Q294600,P460,Q12471711
Q294600,P1889,Q13539256
Q215168,P910,Q8221955
Q215168,P31,Q13414953
Q215168,P1343,Q19211082
Q215168,P1343,Q602358
Q215168,P1343,Q19180675
Q215168,P279,Q23540
Q156330,P31,Q4167410
Q156330,P1889,Q19967620
Q156330,P1889,Q37315141
Q157943,P279,Q890057
Q157943,P279,Q20204151
Q157943,P910,Q8304112
Q157943,P828,Q28845733
Q157943,P2283,Q474828
Q157943,P2283,Q17162844
Q157943,P1535,Q5
Q157943,P3095,Q16159168
Q92785897,P31,Q4167410
Q207389,P22,Q840401
Q207389,P40,Q145746
Q207389,P40,Q460763
Q207389,P26,Q289957
Q207389,P21,Q6581072
Q207389,P1441,Q12490440
Q207389,P1441,Q14566202
Q207389,P1441,Q14566203
Q207389,P1441,Q14566205
Q207389,P1441,Q14566207
Q207389,P1441,Q12490450
Q207389,P1441,Q12490451
Q207389,P31,Q20643955
Q207389,P3373,Q128847
Q207389,P119,Q2424300
Q207389,P25,Q47011321
Q207389,P1889,Q22700541
Q207389,P910,Q32777330
Q207389,P1343,Q4086271
Q207389,P1343,Q602358
Q207389,P1343,Q19180675
Q207389,P1343,Q4173137
Q207389,P20,Q163329
Q207389,P841,Q2997
Q166564,P361,Q573
Q166564,P461,Q193294
Q166564,P156,Q575
Q166564,P31,Q1260524
Q166564,P31,Q751989
Q166564,P1889,Q19280345
Q166564,P462,Q39338
Q8050783,P31,Q4167410
Q8050783,P1889,Q37027455
Q105173,P910,Q7218056
Q105173,P31,Q12160552
Q105173,P31,Q821090
Q105173,P31,Q178885
Q105173,P407,Q1982248
Q105173,P1441,Q9184
Q105173,P1441,Q83367
Q105173,P1343,Q2041543
Q105173,P460,Q190
Q105173,P180,Q190
Q105173,P180,Q178885
Q105173,P279,Q147276
Q46834,P361,Q192803
Q46834,P361,Q856251
Q46834,P361,Q10979515
Q46834,P361,Q949180
Q46834,P910,Q31751039
Q46834,P279,Q192907
Q46834,P1343,Q602358
Q46834,P1343,Q2041543
Q3400388,P31,Q4167410
Q3400388,P1889,Q37225465
Q1579,P22,Q11378
Q1579,P25,Q170485
Q1579,P31,Q979507
Q1579,P910,Q7270425
Q1579,P40,Q7420697
Q1579,P21,Q6581097
Q1579,P3373,Q380817
Q1579,P26,Q55762465
Q1579,P26,Q55762463
Q1579,P3091,Q83310
Q1579,P1049,Q9089
Q7075408,P31,Q4167410
Q1207146,P31,Q4167410
Q1207146,P1889,Q16275509
Q1207146,P1889,Q16869543
Q1207146,P460,Q21642512
Q1208175,P31,Q4220920
Q1208175,P31,Q4164871
Q1208175,P279,Q74649115
Q1208175,P279,Q1970438
Q1208175,P910,Q9656039
Q767568,P910,Q15279613
Q767568,P1343,Q2657718
Q767568,P1343,Q1768721
Q767568,P279,Q124490
Q767568,P1889,Q890057
Q767568,P1889,Q40821
Q767568,P366,Q186361
Q767568,P366,Q4808813
Q767568,P5008,Q13382529
Q1176376,P31,Q4167410
Q1176376,P1343,Q2041543
Q20999612,P31,Q4167410
Q20812371,P31,Q4167410
Q206864,P910,Q8573572
Q206864,P279,Q3242199
Q1821397,P31,Q2331011
Q1821397,P138,Q587531
Q1821397,P279,Q4925193
Q1821397,P279,Q5282968
Q1821397,P279,Q6499736
Q193017,P1343,Q867541
Q193017,P279,Q2524539
Q193017,P366,Q6027402
Q193017,P366,Q37425
Q193017,P366,Q129757
Q193017,P1889,Q11812678
Q334,P610,Q720209
Q334,P421,Q6985
Q334,P421,Q3244578
Q334,P31,Q3624078
Q334,P31,Q133442
Q334,P31,Q112099
Q334,P31,Q515
Q334,P31,Q2264924
Q334,P31,Q1549591
Q334,P31,Q1637706
Q334,P31,Q902814
Q334,P31,Q6256
Q334,P38,Q190951
Q334,P47,Q833
Q334,P47,Q252
Q334,P47,Q523435
Q334,P78,Q41851
Q334,P35,Q5642345
Q334,P194,Q1517231
Q334,P163,Q483659
Q334,P85,Q209973
Q334,P6,Q57643
Q334,P37,Q1860
Q334,P37,Q9237
Q334,P37,Q727694
Q334,P37,Q5885
Q334,P463,Q1065
Q334,P463,Q7785
Q334,P463,Q7768
Q334,P463,Q7825
Q334,P463,Q170481
Q334,P463,Q191384
Q334,P463,Q827525
Q334,P463,Q656801
Q334,P463,Q1043527
Q334,P463,Q899770
Q334,P463,Q496967
Q334,P463,Q7886981
Q334,P463,Q188822
Q334,P463,Q8475
Q334,P463,Q842490
Q334,P463,Q233611
Q334,P463,Q7809
Q334,P463,Q17495
Q334,P463,Q376150
Q334,P463,Q45177
Q334,P463,Q170424
Q334,P463,Q7817
Q334,P910,Q1456051
Q334,P237,Q131947
Q334,P17,Q334
Q334,P1465,Q7482605
Q334,P1464,Q7463349
Q334,P1740,Q17444207
Q334,P1313,Q866756
Q334,P1792,Q7061956
Q334,P1376,Q376178
Q334,P1376,Q334
Q334,P530,Q16
Q334,P530,Q183
Q334,P530,Q408
Q334,P530,Q833
Q334,P530,Q148
Q334,P530,Q30
Q334,P530,Q145
Q334,P530,Q801
Q334,P530,Q921
Q334,P530,Q851
Q334,P530,Q212
Q334,P530,Q258
Q334,P530,Q142
Q334,P530,Q252
Q334,P530,Q664
Q334,P530,Q843
Q334,P530,Q17
Q334,P530,Q928
Q334,P530,Q55
Q334,P530,Q96
Q334,P530,Q8646
Q334,P530,Q711
Q334,P530,Q865
Q334,P530,Q869
Q334,P530,Q881
Q334,P530,Q884
Q334,P530,Q399
Q334,P530,Q159
Q334,P530,Q668
Q334,P530,Q423
Q334,P530,Q902
Q334,P190,Q1410
Q334,P190,Q18808
Q334,P1151,Q11379696
Q334,P1589,Q205655
Q334,P1622,Q13196750
Q334,P2633,Q972582
Q334,P206,Q205655
Q334,P206,Q1454776
Q334,P122,Q4198907
Q334,P2853,Q1528507
Q334,P2852,Q25267554
Q334,P2852,Q3086706
Q334,P2959,Q22828288
Q334,P208,Q5589317
Q334,P2238,Q2424230
Q334,P2936,Q1860
Q334,P2936,Q1860
Q334,P2936,Q939451
Q334,P2936,Q12636082
Q334,P2936,Q727694
Q334,P2936,Q7512563
Q334,P2936,Q18642798
Q334,P2936,Q5885
Q334,P2936,Q9192
Q334,P2936,Q36495
Q334,P172,Q1003039
Q334,P172,Q6741676
Q334,P172,Q6024146
Q334,P1906,Q39021
Q334,P1552,Q47185145
Q334,P2184,Q1969320
Q334,P361,Q11708
Q334,P5008,Q5460604
Q334,P5008,Q54439832
Q334,P5125,Q7112451
Q334,P1344,Q4654163
Q334,P1304,Q2661296
Q334,P1441,Q2385
Q334,P1343,Q602358
Q334,P2596,Q2661018
Q334,P7867,Q84058556
Q334,P8402,Q97131149
Q334,P30,Q48
Q334,P36,Q334
Q334,P8744,Q1773907
Q7783805,P31,Q4167410
Q7783805,P1889,Q21646190
Q7783805,P1889,Q37534068
Q7783805,P460,Q563049
Q300971,P31,Q176165
Q300971,P31,Q9143
Q300971,P306,Q170434
Q300971,P178,Q3566856
Q300971,P178,Q726342
Q300971,P277,Q165436
Q300971,P3966,Q275596
Q300971,P123,Q726342
Q300971,P1072,Q48809727
Q300971,P1072,Q16545707
Q300971,P1072,Q44933965
Q300971,P1072,Q28600457
Q300971,P1072,Q44933672
Q232928,P31,Q4167410
Q356265,P31,Q4167410
Q356265,P1889,Q20997920
Q843958,P910,Q10046815
Q843958,P1056,Q42396623
Q843958,P279,Q3249551
Q843958,P1542,Q59138870
Q843958,P1687,P8791
Q843958,P31,Q11862829
Q1032767,P31,Q4167410
Q21488990,P31,Q101352
Q21488990,P1889,Q394870
Q21488990,P282,Q8229
Q399146,P31,Q4167410
Q857837,P31,Q4167410
Q857837,P1889,Q24091159
Q857837,P1889,Q26000621
Q857837,P1889,Q26449134
Q92833,P21,Q6581097
Q92833,P27,Q30
Q92833,P31,Q5
Q92833,P69,Q41506
Q92833,P69,Q1190812
Q92833,P106,Q82594
Q92833,P106,Q81096
Q92833,P108,Q37156
Q92833,P735,Q1159009
Q92833,P19,Q985559
Q226310,P31,Q4167410
Q226310,P1889,Q642254
Q226310,P1889,Q2702454
Q226310,P460,Q1541991
Q6383346,P31,Q4167410
Q6383346,P1889,Q37449353
Q458,P1151,Q3249016
Q458,P37,Q1860
Q458,P37,Q150
Q458,P37,Q7411
Q458,P37,Q9035
Q458,P37,Q9072
Q458,P37,Q1412
Q458,P37,Q188
Q458,P37,Q9129
Q458,P37,Q9067
Q458,P37,Q9142
Q458,P37,Q652
Q458,P37,Q9083
Q458,P37,Q809
Q458,P37,Q5146
Q458,P37,Q1321
Q458,P37,Q9027
Q458,P37,Q7918
Q458,P37,Q9063
Q458,P37,Q9058
Q458,P37,Q7913
Q458,P37,Q9078
Q458,P37,Q9166
Q458,P37,Q6654
Q458,P37,Q9056
Q458,P85,Q11993
Q458,P78,Q41107
Q458,P30,Q46
Q458,P30,Q49
Q458,P30,Q18
Q458,P30,Q15
Q458,P30,Q48
Q458,P36,Q239
Q458,P112,Q38
Q458,P112,Q142
Q458,P112,Q32
Q458,P112,Q31
Q458,P112,Q29999
Q458,P112,Q713750
Q458,P38,Q122922
Q458,P38,Q25417
Q458,P38,Q123213
Q458,P38,Q172540
Q458,P38,Q131016
Q458,P38,Q47190
Q458,P38,Q25627
Q458,P38,Q131645
Q458,P38,Q41429
Q458,P38,Q4916
Q458,P38,Q16068
Q458,P38,Q270642
Q458,P38,Q208730
Q458,P38,Q232415
Q458,P38,Q204992
Q458,P38,Q213940
Q458,P38,Q788472
Q458,P38,Q26360
Q458,P38,Q189097
Q458,P38,Q203354
Q458,P38,Q468474
Q458,P38,Q1546443
Q458,P38,Q208133
Q458,P38,Q193716
Q458,P38,Q174467
Q458,P38,Q178874
Q458,P38,Q129983
Q458,P38,Q133011
Q458,P38,Q25224
Q458,P31,Q4120211
Q458,P31,Q3623811
Q458,P31,Q1335818
Q458,P31,Q7210356
Q458,P31,Q1048835
Q458,P31,Q170156
Q458,P163,Q122482
Q458,P194,Q8889
Q458,P194,Q8896
Q458,P208,Q8880
Q458,P209,Q4951
Q458,P155,Q189946
Q458,P155,Q161549
Q458,P155,Q52847
Q458,P155,Q260487
Q458,P155,Q8919
Q458,P155,Q845737
Q458,P457,Q167457
Q458,P457,Q11146
Q458,P457,Q52843
Q458,P457,Q724496
Q458,P463,Q8932
Q458,P463,Q7825
Q458,P463,Q19771
Q458,P463,Q922129
Q458,P463,Q7886981
Q458,P463,Q782942
Q458,P463,Q663492
Q458,P463,Q7809
Q458,P463,Q141720
Q458,P166,Q35637
Q458,P166,Q3323440
Q458,P910,Q1458209
Q458,P421,Q843589
Q458,P421,Q7987828
Q458,P421,Q25989
Q458,P421,Q207020
Q458,P421,Q190252
Q458,P421,Q1109976
Q458,P1313,Q8882
Q458,P47,Q159
Q458,P47,Q20
Q458,P47,Q184
Q458,P47,Q39
Q458,P47,Q237
Q458,P47,Q238
Q458,P47,Q212
Q458,P47,Q217
Q458,P47,Q221
Q458,P47,Q222
Q458,P47,Q43
Q458,P47,Q155
Q458,P47,Q730
Q458,P47,Q235
Q458,P47,Q347
Q458,P47,Q1028
Q458,P47,Q225
Q458,P47,Q236
Q458,P47,Q36704
Q458,P47,Q228
Q458,P47,Q403
Q458,P47,Q37024
Q458,P47,Q28
Q458,P47,Q215
Q458,P47,Q33946
Q458,P47,Q213
Q458,P47,Q16957
Q458,P47,Q29
Q458,P47,Q36
Q458,P47,Q35
Q458,P47,Q218
Q458,P47,Q219
Q458,P47,Q224
Q458,P47,Q145
Q458,P47,Q1410
Q458,P530,Q16
Q458,P530,Q155
Q458,P530,Q184
Q458,P530,Q34020
Q458,P530,Q159
Q458,P530,Q212
Q458,P530,Q159583
Q458,P530,Q39
Q458,P530,Q230
Q458,P530,Q20
Q458,P530,Q1028
Q458,P530,Q399
Q458,P530,Q223
Q458,P530,Q228
Q458,P530,Q801
Q458,P530,Q148
Q458,P530,Q347
Q458,P530,Q238
Q458,P530,Q794
Q458,P530,Q7768
Q458,P530,Q1011
Q458,P530,Q30
Q458,P530,Q227
Q458,P530,Q408
Q458,P530,Q414
Q458,P530,Q7172
Q458,P530,Q241
Q458,P530,Q217
Q458,P530,Q668
Q458,P530,Q252
Q458,P530,Q796
Q458,P530,Q810
Q458,P530,Q232
Q458,P530,Q17
Q458,P530,Q822
Q458,P530,Q96
Q458,P530,Q235
Q458,P530,Q423
Q458,P530,Q219060
Q458,P530,Q843
Q458,P530,Q858
Q458,P530,Q884
Q458,P530,Q258
Q458,P530,Q805
Q458,P530,Q837
Q458,P530,Q928
Q458,P530,Q833
Q458,P530,Q948
Q458,P530,Q902
Q458,P530,Q1065
Q458,P530,Q35
Q458,P530,Q4628
Q458,P530,Q23681
Q458,P530,Q145
Q458,P530,Q863
Q458,P530,Q945
Q458,P530,Q846
Q458,P530,Q1050
Q458,P530,Q921
Q458,P530,Q774
Q458,P530,Q783
Q458,P530,Q1032
Q458,P530,Q733
Q458,P530,Q114
Q458,P530,Q657
Q458,P530,Q32
Q458,P530,Q813
Q458,P530,Q424
Q458,P530,Q1041
Q458,P530,Q4264
Q458,P2184,Q212114
Q458,P2633,Q941769
Q458,P1546,Q540960
Q458,P2852,Q1061257
Q458,P1622,Q13196750
Q458,P1622,Q14565199
Q458,P2959,Q20819981
Q458,P150,Q31
Q458,P150,Q183
Q458,P150,Q142
Q458,P150,Q38
Q458,P150,Q32
Q458,P150,Q55
Q458,P150,Q35
Q458,P150,Q27
Q458,P150,Q41
Q458,P150,Q45
Q458,P150,Q29
Q458,P150,Q33
Q458,P150,Q40
Q458,P150,Q34
Q458,P150,Q191
Q458,P150,Q211
Q458,P150,Q37
Q458,P150,Q233
Q458,P150,Q36
Q458,P150,Q214
Q458,P150,Q215
Q458,P150,Q213
Q458,P150,Q28
Q458,P150,Q229
Q458,P150,Q219
Q458,P150,Q218
Q458,P150,Q224
Q458,P150,Q145
Q458,P1343,Q907660
Q458,P1343,Q99413897
Q458,P1424,Q3246979
Q458,P159,Q239
Q458,P527,Q183
Q458,P527,Q142
Q458,P527,Q38
Q458,P527,Q29
Q458,P527,Q36
Q458,P527,Q40
Q458,P527,Q31
Q458,P527,Q219
Q458,P527,Q229
Q458,P527,Q224
Q458,P527,Q214
Q458,P527,Q215
Q458,P527,Q191
Q458,P527,Q33
Q458,P527,Q41
Q458,P527,Q28
Q458,P527,Q22890
Q458,P527,Q211
Q458,P527,Q37
Q458,P527,Q32
Q458,P527,Q233
Q458,P527,Q45
Q458,P527,Q35
Q458,P527,Q55
Q458,P527,Q145
Q458,P527,Q213
Q458,P527,Q218
Q458,P527,Q34
Q458,P5008,Q5460604
Q458,P5125,Q7112759
Q458,P355,Q993120
Q458,P355,Q672941
Q458,P355,Q480222
Q458,P355,Q571118
Q458,P1365,Q161549
Q458,P1365,Q52847
Q458,P1365,Q189946
Q458,P6104,Q10858397
Q458,P832,Q207811
Q458,P1344,Q49627146
Q458,P1889,Q319328
Q458,P7867,Q8607588
Q458,P8402,Q5412398
Q458,P279,Q1048835
Q458,P8744,Q720507
Q521697,P31,Q341
Q521697,P306,Q3251801
Q521697,P306,Q1406
Q521697,P306,Q14116
Q521697,P306,Q11368
Q521697,P277,Q2407
Q521697,P275,Q27017232
Q521697,P366,Q176953
Q346372,P31,Q4167410
Q346372,P1889,Q12750644
Q346372,P1889,Q16275284
Q346372,P5008,Q99671172
Q298971,P31,Q4167410
Q677652,P279,Q121769
Q677652,P279,Q102014
Q677652,P1269,Q6054533
Q677652,P1269,Q12390705
Q677652,P361,Q18889114
Q677652,P361,Q16354757
Q677652,P1424,Q6179920
Q677652,P910,Q7336787
Q677652,P1889,Q58494516
Q2836021,P31,Q4167410
Q295590,P31,Q4167410
Q295590,P1889,Q16861629
Q295590,P1889,Q96579377
Q303826,P279,Q3142
Q303826,P279,Q429220
Q303826,P31,Q1075
Q303826,P361,Q7460345
Q303826,P361,Q19847189
Q303826,P1889,Q1934837
Q260521,P910,Q8585426
Q260521,P279,Q11019
Q260521,P279,Q10858147
Q260521,P366,Q196751
Q260521,P2670,Q330946
Q260521,P2670,Q446
Q260521,P2670,Q44167
Q308762,P1343,Q602358
Q308762,P1343,Q19180675
Q308762,P910,Q92939423
Q308762,P279,Q29564129
Q308762,P1889,Q100416816
Q236450,P31,Q4167410
Q219345,P31,Q4167410
Q4689423,P1889,Q834505
Q4689423,P1889,Q4689725
Q4689423,P282,Q8229
Q4689423,P31,Q3409032
Q4689423,P1533,Q37539496
Q4689423,P460,Q21101771
Q4689423,P407,Q7411
Q4689423,P5323,Q21644845
Q1338250,P31,Q4167410
Q1338250,P1889,Q716501
Q1338250,P1889,Q37518362
Q1023752,P31,Q4167410
Q10340064,P31,Q4167410
Q420637,P31,Q4167410
Q420637,P1889,Q16882371
Q859477,P279,Q16676491
Q859477,P279,Q1371279
Q859477,P910,Q9011425
Q256429,P31,Q4167410
Q3257745,P31,Q4167410
Q1110021,P910,Q8935930
Q1110021,P279,Q10770146
Q847705,P910,Q8727262
Q847705,P279,Q50377192
Q847705,P366,Q574801
Q847705,P31,Q12140
Q490,P910,Q7144838
Q490,P1791,Q7976973
Q490,P6,Q666504
Q490,P6,Q697597
Q490,P6,Q2249674
Q490,P6,Q3762509
Q490,P6,Q239024
Q490,P6,Q2427172
Q490,P6,Q3659902
Q490,P6,Q3609106
Q490,P6,Q3388096
Q490,P6,Q302754
Q490,P6,Q2527720
Q490,P6,Q3619683
Q490,P6,Q17146774
Q490,P1792,Q6813195
Q490,P1313,Q3961545
Q490,P1740,Q9159067
Q490,P417,Q43689
Q490,P1465,Q9219098
Q490,P361,Q2234073
Q490,P1376,Q1210
Q490,P1376,Q15121
Q490,P1376,Q42834
Q490,P1376,Q209857
Q490,P1376,Q223936
Q490,P1376,Q746443
Q490,P1376,Q3351539
Q490,P1376,Q3924622
Q490,P1376,Q18288155
Q490,P1376,Q153529
Q490,P1376,Q15890801
Q490,P1376,Q213353
Q490,P47,Q42991
Q490,P47,Q42796
Q490,P47,Q11494
Q490,P47,Q42898
Q490,P47,Q42971
Q490,P47,Q42974
Q490,P47,Q42906
Q490,P47,Q42423
Q490,P47,Q42393
Q490,P47,Q42269
Q490,P47,Q42399
Q490,P47,Q42997
Q490,P47,Q42996
Q490,P47,Q43028
Q490,P47,Q42784
Q490,P47,Q42794
Q490,P47,Q42192
Q490,P47,Q42902
Q490,P47,Q43005
Q490,P47,Q43042
Q490,P47,Q42946
Q490,P47,Q42419
Q490,P31,Q956214
Q490,P31,Q956214
Q490,P31,Q747074
Q490,P31,Q515
Q490,P31,Q956214
Q490,P31,Q1549591
Q490,P31,Q1637706
Q490,P194,Q28228849
Q490,P1464,Q9225807
Q490,P421,Q6655
Q490,P421,Q25989
Q490,P421,Q6723
Q490,P131,Q15121
Q490,P131,Q3924622
Q490,P131,Q3924625
Q490,P131,Q18288155
Q490,P131,Q199728
Q490,P190,Q174
Q490,P190,Q1297
Q490,P190,Q172
Q490,P190,Q1919098
Q490,P190,Q33935
Q490,P190,Q31487
Q490,P190,Q656
Q490,P190,Q35765
Q490,P190,Q8686
Q490,P190,Q3718
Q490,P190,Q456
Q490,P190,Q2256
Q490,P190,Q5776
Q490,P190,Q1794
Q490,P190,Q1761
Q490,P190,Q2634
Q490,P190,Q1486
Q490,P190,Q9022
Q490,P190,Q5972
Q490,P190,Q193289
Q490,P190,Q340
Q490,P190,Q472
Q490,P190,Q546
Q490,P190,Q956
Q490,P190,Q3130
Q490,P190,Q3805
Q490,P190,Q13674
Q490,P190,Q34820
Q490,P190,Q48278
Q490,P190,Q121157
Q490,P190,Q185289
Q490,P190,Q3141
Q490,P206,Q1416575
Q490,P150,Q2494319
Q490,P150,Q2493917
Q490,P150,Q4024691
Q490,P150,Q4024693
Q490,P150,Q2648246
Q490,P150,Q4024695
Q490,P150,Q2647784
Q490,P150,Q4024696
Q490,P150,Q4024698
Q490,P5125,Q48838061
Q490,P17,Q38
Q490,P17,Q172579
Q490,P17,Q131964
Q490,P17,Q165154
Q490,P17,Q223936
Q490,P17,Q723118
Q490,P17,Q213353
Q490,P17,Q729481
Q490,P17,Q153529
Q490,P17,Q15890801
Q490,P163,Q5456780
Q490,P1343,Q19538713
Q490,P1343,Q4114391
Q490,P1343,Q602358
Q490,P1343,Q19180675
Q490,P1343,Q4173137
Q490,P1343,Q30059240
Q490,P1343,Q316838
Q490,P237,Q2363861
Q490,P1441,Q2385
Q490,P793,Q12041939
Q490,P793,Q3625497
Q490,P793,Q55832309
Q490,P793,Q55832307
Q490,P793,Q55832297
Q490,P7867,Q84097164
Q490,P37,Q652
Q490,P8402,Q96993174
Q490,P8744,Q3718719
Q184748,P279,Q40056
Q184748,P279,Q5392830
Q184748,P279,Q745243
Q184748,P910,Q8921262
Q184748,P31,Q17155032
Q184748,P31,Q4485156
Q184748,P366,Q1888734
Q184748,P1963,P1072
Q184748,P1963,P1073
Q230713,P460,Q422805
Q230713,P460,Q7323531
Q230713,P460,Q450651
Q230713,P460,Q2151071
Q230713,P460,Q15720877
Q230713,P31,Q4167410
Q230713,P1889,Q15720871
Q230713,P1889,Q37241298
Q42137,P131,Q41157
Q42137,P17,Q884
Q42137,P910,Q6802511
Q42137,P31,Q29045252
Q42137,P31,Q1549591
Q42137,P190,Q25331
Q42137,P190,Q57958
Q42137,P190,Q42097
Q42137,P421,Q7041
Q42137,P1830,Q11159923
Q13402954,P361,Q300914
Q13402954,P2283,Q838087
Q7072799,P31,Q4167410
Q1180277,P31,Q4167410
Q92279852,P31,Q4167410
Q92279852,P1889,Q37062719
Q92279852,P1889,Q10670112
Q92279852,P460,Q417582
Q92279852,P460,Q92280163
Q92279852,P460,Q75101138
Q157944,P31,Q4167410
Q157944,P1889,Q10723105
Q157944,P1889,Q41694740
Q4917280,P31,Q4167410
Q525081,P31,Q4167410
Q525081,P1889,Q37040141
Q525081,P1889,Q61996331
Q525081,P910,Q86814925
Q538345,P31,Q4167410
Q16726164,P461,Q6692036
Q16726164,P361,Q504111
Q16726164,P31,Q2151613
Q16726164,P460,Q10932289
Q16726164,P460,Q10894720
Q56427979,P31,Q4167410
Q11634,P279,Q36649
Q11634,P279,Q17310537
Q11634,P279,Q1078913
Q11634,P910,Q7235747
Q11634,P31,Q1799072
Q11634,P31,Q56055944
Q11634,P1889,Q350268
Q11634,P1889,Q860861
Q11634,P1056,Q860861
Q11634,P3095,Q1281618
Q11634,P5008,Q5460604
Q11634,P1343,Q30059240
Q11634,P1343,Q602358
Q11634,P1151,Q18920469
Q11634,P3342,Q1122412
Q11634,P3342,Q157194
Q11634,P2283,Q21685333
Q19801202,P31,Q12308941
Q19801202,P460,Q2262123
Q19801202,P460,Q4925477
Q19801202,P460,Q1715025
Q19801202,P460,Q1762022
Q19801202,P460,Q2117521
Q19801202,P460,Q2449962
Q19801202,P460,Q1715043
Q19801202,P460,Q475210
Q19801202,P460,Q632842
Q19801202,P460,Q830350
Q19801202,P460,Q1159009
Q19801202,P460,Q1158906
Q19801202,P460,Q1671988
Q19801202,P460,Q1676756
Q19801202,P460,Q1627330
Q19801202,P460,Q3481828
Q19801202,P460,Q3571821
Q19801202,P460,Q7521081
Q19801202,P460,Q7533488
Q19801202,P460,Q7331879
Q19801202,P460,Q10989273
Q19801202,P460,Q12173670
Q19801202,P460,Q11122389
Q19801202,P460,Q10303410
Q19801202,P460,Q13501137
Q19801202,P460,Q13564380
Q19801202,P460,Q15075907
Q19801202,P460,Q15733003
Q19801202,P460,Q16652258
Q19801202,P460,Q16916120
Q19801202,P460,Q16916178
Q19801202,P460,Q17125945
Q19801202,P460,Q19830574
Q19801202,P460,Q17493832
Q19801202,P460,Q18638754
Q19801202,P460,Q18336315
Q19801202,P460,Q18057623
Q19801202,P460,Q19967521
Q19801202,P460,Q23821304
Q19801202,P460,Q5254911
Q19801202,P460,Q1522259
Q19801202,P460,Q16276296
Q19801202,P460,Q931093
Q19801202,P460,Q16566853
Q19801202,P460,Q1691019
Q19801202,P460,Q21104340
Q19801202,P460,Q686532
Q19801202,P460,Q28044436
Q19801202,P1889,Q19801203
Q19801202,P407,Q9142
Q19801202,P407,Q1860
Q19801202,P407,Q7411
Q19801202,P282,Q8229
Q19801202,P1533,Q37527455
Q19801202,P5323,Q21644845
Q19801202,P1343,Q151
Q2003342,P17,Q145
Q2003342,P910,Q8670086
Q2003342,P31,Q3957
Q2003342,P31,Q2630741
Q2003342,P1464,Q8065388
Q2003342,P1343,Q1766280
Q2003342,P1792,Q8743481
Q2003342,P131,Q748078
Q2003342,P131,Q25
Q2003342,P7959,Q870815
Q6015111,P31,Q4167410
Q340314,P31,Q4167410
Q356701,P31,Q4167410
Q356701,P1889,Q21511982
Q1080291,P279,Q46976206
Q248196,P31,Q4167410
Q248196,P1889,Q2581264
Q248196,P1889,Q47469344
Q224580,P31,Q4167410
Q2658870,P31,Q2135465
Q283202,P279,Q39594
Q283202,P910,Q9036856
Q283202,P1343,Q2657718
Q283202,P1343,Q19180675
Q283202,P1343,Q602358
Q283202,P1889,Q44782
Q636440,P31,Q4167410
Q636440,P1889,Q37041592
Q283647,P31,Q877886
Q283647,P31,Q20825628
Q283647,P1073,Q10287816
Q283647,P1072,Q10287816
Q283647,P277,Q15777
Q283647,P275,Q27016752
Q283647,P400,Q174666
Q283647,P178,Q48413
Q283647,P306,Q14656
Q283647,P366,Q2493
Q715597,P31,Q15632617
Q715597,P31,Q1114461
Q715597,P21,Q6581097
Q715597,P170,Q206685
Q715597,P170,Q192214
Q715597,P1441,Q42490
Q715597,P1441,Q737904
Q715597,P1441,Q273676
Q715597,P1441,Q747919
Q715597,P175,Q106508
Q715597,P175,Q547182
Q715597,P175,Q3387127
Q715597,P175,Q552876
Q715597,P175,Q3119717
Q715597,P1830,Q1752911
Q715597,P22,Q3348577
Q715597,P1889,Q170980
Q715597,P1552,Q4386945
Q715597,P4584,Q618719
Q715597,P106,Q328325
Q715597,P106,Q848466
Q715597,P1080,Q101197807
Q446339,P31,Q4167410
Q446339,P1889,Q18579290
Q446339,P1889,Q19894341
Q446339,P460,Q1016537
Q446339,P460,Q1010404
Q170430,P910,Q8789531
Q170430,P361,Q4420891
Q170430,P279,Q1823478
Q16827718,P279,Q216353
Q16827718,P279,Q250867
Q16827718,P140,Q9592
Q16827718,P140,Q683724
Q298714,P31,Q4167410
Q298714,P1889,Q37472356
Q298714,P1889,Q27888726
Q60747797,P31,Q7366
Q60747797,P175,Q748179
Q60747797,P136,Q817138
Q60747797,P361,Q7881372
Q7208570,P31,Q4167410
Q7208570,P1889,Q16799174
Q1157625,P361,Q34726
Q1157625,P279,Q22989102
Q1157625,P1889,Q177413
Q1157625,P460,Q358789
Q1157625,P1343,Q3181656
Q1209804,P31,Q4167410
Q5891,P31,Q11862829
Q5891,P31,Q4671286
Q5891,P910,Q1983674
Q5891,P1151,Q3290113
Q5891,P1343,Q302556
Q5891,P1343,Q2041543
Q5891,P1343,Q602358
Q5891,P1343,Q4532138
Q5891,P1889,Q620749
Q5891,P527,Q44325
Q5891,P527,Q35277
Q5891,P527,Q9471
Q5891,P527,Q59115
Q5891,P2959,Q12960900
Q5891,P2184,Q27654
Q5891,P1542,Q30046560
Q5891,P1424,Q5621485
Q5891,P1424,Q6176449
Q5891,P5008,Q5460604
Q5891,P2578,Q813912
Q5891,P2578,Q16722960
Q5891,P2578,Q16502
Q5891,P2578,Q9081
Q5891,P6104,Q8503311
Q5891,P3095,Q4964182
Q5891,P3095,Q26973007
Q5891,P2283,Q7186193
Q125149,P31,Q4830453
Q125149,P159,Q1871106
Q125149,P749,Q7280252
Q125149,P452,Q7397
Q10911691,P31,Q4167410
Q10911691,P1889,Q37567163
Q178462,P31,Q4167410
Q1040,P131,Q8165
Q1040,P190,Q40898
Q1040,P190,Q41262
Q1040,P190,Q3646
Q1040,P190,Q83404
Q1040,P190,Q2814
Q1040,P190,Q643919
Q1040,P421,Q6655
Q1040,P421,Q6723
Q1040,P138,Q61083
Q1040,P31,Q2327515
Q1040,P31,Q1549591
Q1040,P31,Q253030
Q1040,P31,Q42744322
Q1040,P31,Q22865
Q1040,P31,Q134626
Q1040,P910,Q7323072
Q1040,P6,Q107280
Q1040,P6,Q1466862
Q1040,P6,Q2038537
Q1040,P6,Q1561590
Q1040,P6,Q1462576
Q1040,P6,Q1270890
Q1040,P6,Q1443774
Q1040,P17,Q183
Q1040,P17,Q713750
Q1040,P17,Q43287
Q1040,P17,Q186320
Q1040,P1464,Q15069210
Q1040,P1465,Q6563111
Q1040,P1792,Q6564747
Q1040,P1313,Q11902879
Q1040,P361,Q8165
Q1040,P361,Q606944
Q1040,P706,Q2381438
Q1040,P706,Q22964
Q1040,P47,Q8178
Q1040,P47,Q8543
Q1040,P47,Q14893
Q1040,P47,Q542533
Q1040,P206,Q584
Q1040,P206,Q562295
Q1040,P206,Q678064
Q1040,P1376,Q8165
Q1040,P1376,Q186320
Q1040,P1376,Q8178
Q1040,P1343,Q2657718
Q1040,P1343,Q3181656
Q1040,P2872,Q27960284
Q1040,P485,Q21040660
Q1040,P1791,Q29017256
Q1040,P463,Q1780328
Q1040,P463,Q1768108
Q1040,P463,Q55473342
Q1040,P463,Q747279
Q1040,P463,Q1691932
Q1040,P7867,Q84082324
Q1040,P8402,Q63433716
Q1040,P8744,Q100868472
Q39949,P17,Q884
Q39949,P31,Q62078547
Q39949,P31,Q27951399
Q39949,P31,Q45400320
Q39949,P910,Q8569554
Q39949,P159,Q20921
Q39949,P131,Q20921
Q39949,P3876,Q8569556
Q39949,P4195,Q8569557
Q3705086,P31,Q4167410
Q1047199,P277,Q15777
Q1047199,P275,Q27676327
Q1047199,P31,Q2351962
Q1047199,P31,Q341
Q1047199,P31,Q34336804
Q1047199,P1072,Q296924
Q1047199,P1072,Q209054
Q1047199,P1072,Q18640977
Q1047199,P1072,Q192869
Q1047199,P1072,Q1122267
Q1047199,P1072,Q26791581
Q1047199,P1072,Q334677
Q1047199,P1072,Q1224796
Q1047199,P1072,Q527723
Q1047199,P1072,Q3054349
Q1047199,P1072,Q1047541
Q1047199,P1072,Q1428303
Q1047199,P1072,Q371784
Q1047199,P1072,Q2192
Q1047199,P1072,Q1422842
Q1047199,P1072,Q8811
Q1047199,P1072,Q729366
Q1047199,P1072,Q629039
Q1047199,P1072,Q27979401
Q1047199,P1072,Q26329975
Q1047199,P1072,Q6731061
Q1047199,P1072,Q904680
Q1047199,P1072,Q3341814
Q1047199,P1072,Q17154458
Q1047199,P1072,Q535473
Q1047199,P1072,Q42332
Q1047199,P1072,Q178051
Q1047199,P1072,Q218170
Q1047199,P1072,Q2141903
Q1047199,P1072,Q7514956
Q1047199,P1072,Q1411939
Q1047199,P1072,Q1422885
Q1047199,P1072,Q2078
Q1047199,P1072,Q215106
Q1047199,P1072,Q1145976
Q1047199,P1072,Q683670
Q1047199,P1072,Q1072083
Q1047199,P1072,Q3564764
Q1047199,P1072,Q1817318
Q1047199,P1072,Q261907
Q1047199,P1072,Q1887604
Q1047199,P1072,Q1949770
Q1047199,P1072,Q17138473
Q1047199,P1072,Q45989477
Q1047199,P1072,Q45989100
Q1047199,P1072,Q28205948
Q1047199,P1072,Q28206876
Q1047199,P1072,Q7434105
Q1047199,P1072,Q28234649
Q1047199,P1072,Q97033396
Q1047199,P1072,Q97033393
Q1047199,P1072,Q97033379
Q1047199,P1072,Q28206538
Q1047199,P1072,Q28206535
Q1047199,P366,Q150971
Q1047199,P306,Q14656
Q1047199,P306,Q1406
Q1047199,P306,Q48493
Q1047199,P306,Q94
Q1047199,P178,Q55935484
Q1047199,P7861,Q83441118
Q1047199,P6216,Q50423863
Q1047199,P910,Q27781994
Q29023,P31,Q4167410
Q395998,P31,Q4167410
Q395998,P1889,Q11941314
Q2850039,P31,Q4167410
Q7307203,P31,Q4167410
Q2067829,P31,Q12308941
Q2067829,P460,Q11887229
Q2067829,P460,Q11867670
Q2067829,P460,Q20379223
Q2067829,P1889,Q24546564
Q2067829,P407,Q1412
Q2067829,P282,Q8229
Q2067829,P1343,Q151
Q13099113,P31,Q12308941
Q13099113,P1889,Q2438210
Q13099113,P1533,Q24706808
Q13099113,P282,Q8229
Q13099113,P407,Q7411
Q13099113,P5323,Q21644845
Q13099113,P460,Q21147333
Q13099113,P460,Q19968411
Q13099113,P460,Q18327528
Q13099113,P460,Q20088037
Q13099113,P460,Q84476999
Q13099113,P460,Q19016422
Q13099113,P460,Q29019736
Q13099113,P460,Q4928115
Q13099113,P460,Q11898147
Q13099113,P460,Q14592929
Q13099113,P460,Q19968409
Q13099113,P460,Q58327386
Q13099113,P460,Q21146296
Q396951,P31,Q4167410
Q1408466,P31,Q4167410
Q1408466,P1889,Q37191653
Q30525782,P31,Q101352
Q30525782,P1889,Q346405
Q30525782,P282,Q8229
Q30525782,P407,Q652
Q1930567,P156,Q61054367
Q1930567,P279,Q41689629
Q1930567,P279,Q1363085
Q1930567,P279,Q161519
Q1930567,P3712,Q176640
Q1930567,P710,Q1734562
Q1930567,P2283,Q33767
Q254937,P31,Q4167410
Q254937,P1889,Q16869384
Q47506,P279,Q1077784
Q47506,P279,Q4117406
Q47506,P31,Q17155032
Q47506,P910,Q7216541
Q47506,P461,Q913697
Q47506,P1056,Q157965
Q47506,P2283,Q128751
Q47506,P366,Q56248166
Q7581749,P31,Q4167410
Q1070438,P279,Q1504227
Q1070438,P910,Q8357829
Q1070438,P1889,Q1983359
Q830043,P279,Q1466147
Q830043,P910,Q55325742
Q830043,P366,Q45594
Q830043,P366,Q7140605
Q830043,P366,Q654810
Q830043,P366,Q208704
Q830043,P366,Q1189047
Q830043,P5008,Q87748614
Q830043,P1889,Q3075768
Q253700,P31,Q4167410
Q253700,P1889,Q3365064
Q253700,P1889,Q16344603
Q358544,P31,Q4167410
Q2253338,P31,Q4167410
Q2253338,P1889,Q2253414
Q2253338,P460,Q227480
Q2253338,P460,Q1218248
Q2253338,P460,Q10502447
Q453421,P31,Q4167410
Q453421,P1889,Q23638531
Q2603704,P31,Q1093580
Q2603704,P31,Q101352
Q2603704,P910,Q10229877
Q2603704,P282,Q8201
Q2603704,P1889,Q21386837
Q2603704,P1343,Q55274
Q2603704,P1343,Q1768721
Q181172,P910,Q8853526
Q181172,P31,Q839954
Q181172,P361,Q6063031
Q181172,P17,Q774
Q181172,P2596,Q28567
Q181172,P131,Q466061
Q181172,P7867,Q84057219
Q328703,P279,Q1190058
Q328703,P910,Q96943631
Q328703,P1889,Q624494
Q11134722,P31,Q101352
Q11134722,P31,Q98775491
Q11134722,P1889,Q235600
Q11134722,P460,Q18398084
Q11134722,P460,Q824669
Q11134722,P460,Q11680149
Q11134722,P460,Q37104349
Q11134722,P460,Q37538161
Q11134722,P460,Q28803605
Q11134722,P460,Q18551857
Q11134722,P282,Q8229
Q11134722,P407,Q1321
Q11134722,P407,Q188
Q11134722,P407,Q150
Q11134722,P407,Q652
Q11134722,P407,Q7411
Q11134722,P407,Q1860
Q11134722,P407,Q9056
Q11134722,P407,Q809
Q11134722,P407,Q9063
Q11134722,P5323,Q81945591
Q1063438,P105,Q34740
Q1063438,P171,Q647004
Q1063438,P31,Q16521
Q1063438,P910,Q9541814
Q151480,P21,Q6581072
Q151480,P25,Q185670
Q151480,P25,Q182790
Q151480,P31,Q1387388
Q151480,P31,Q4271324
Q151480,P22,Q180237
Q151480,P22,Q336230
Q151480,P910,Q9522845
Q151480,P1343,Q2041543
Q151480,P1343,Q602358
Q151480,P1343,Q19180675
Q151480,P1343,Q1970746
Q151480,P1343,Q30059240
Q151480,P3373,Q170379
Q151480,P1441,Q316555
Q110079,P279,Q1258741
Q110079,P1535,Q718
Q214881,P910,Q8436267
Q214881,P279,Q107715
Q214881,P279,Q63344712
Q214881,P1343,Q26711932
Q214881,P1343,Q90137277
Q214881,P4934,Q1136069
Q214881,P8111,Q11547251
Q214881,P1889,Q100150568
Q1521451,P138,Q205186
Q1521451,P910,Q8873422
Q7117829,P31,Q4167410
Q7117830,P31,Q4167410
Q7117847,P31,Q4167410
Q230095,P31,Q4167410
Q1179955,P31,Q4167410
Q234150,P105,Q227936
Q234150,P171,Q840750
Q234150,P31,Q16521
Q234150,P910,Q10142889
Q234150,P1343,Q4532138
Q187618,P31,Q4167410
Q187618,P1889,Q36961967
Q187618,P1889,Q50316425
Q3632770,P31,Q101352
Q3632770,P31,Q1370672
Q3632770,P1889,Q1194532
Q3632770,P282,Q8229
Q229673,P31,Q4167410
Q362583,P31,Q4167410
Q362583,P1889,Q11790707
Q362583,P1889,Q27251921
Q362583,P1889,Q22001585
Q341782,P31,Q4167410
Q341782,P1889,Q20000004
Q341782,P1889,Q37144112
Q299540,P31,Q4167410
Q299540,P1889,Q17144396
Q1899632,P1269,Q133500
Q1899632,P1343,Q2657718
Q1899632,P279,Q205961
Q1055,P610,Q877482
Q1055,P1465,Q9220549
Q1055,P793,Q316868
Q1055,P793,Q7510071
Q1055,P793,Q2157441
Q1055,P793,Q506758
Q1055,P793,Q12562
Q1055,P793,Q558551
Q1055,P47,Q1194
Q1055,P47,Q1197
Q1055,P47,Q7084
Q1055,P47,Q508054
Q1055,P47,Q574242
Q1055,P47,Q3928
Q1055,P47,Q542824
Q1055,P47,Q516405
Q1055,P47,Q3006
Q1055,P47,Q2980
Q1055,P47,Q3003
Q1055,P47,Q3000
Q1055,P47,Q5907
Q1055,P47,Q5906
Q1055,P421,Q6655
Q1055,P421,Q6723
Q1055,P206,Q1219
Q1055,P206,Q1644
Q1055,P206,Q3339
Q1055,P206,Q2265712
Q1055,P206,Q316958
Q1055,P206,Q430677
Q1055,P206,Q316450
Q1055,P206,Q321993
Q1055,P206,Q1534721
Q1055,P206,Q1464580
Q1055,P206,Q317889
Q1055,P206,Q2225573
Q1055,P206,Q877543
Q1055,P206,Q882922
Q1055,P206,Q1693
Q1055,P206,Q11950568
Q1055,P206,Q2146155
Q1055,P206,Q730662
Q1055,P206,Q827919
Q1055,P206,Q60168209
Q1055,P131,Q183
Q1055,P131,Q55306
Q1055,P131,Q7318
Q1055,P131,Q41304
Q1055,P131,Q43287
Q1055,P131,Q569998
Q1055,P131,Q693911
Q1055,P131,Q713750
Q1055,P131,Q492430
Q1055,P485,Q1487017
Q1055,P6,Q61053
Q1055,P6,Q77390
Q1055,P6,Q60426
Q1055,P6,Q70051
Q1055,P6,Q71371
Q1055,P6,Q62673
Q1055,P6,Q447940
Q1055,P6,Q85791
Q1055,P6,Q68114
Q1055,P6,Q85910
Q1055,P6,Q63421
Q1055,P6,Q84380
Q1055,P6,Q63421
Q1055,P6,Q87670
Q1055,P6,Q74266
Q1055,P6,Q971774
Q1055,P17,Q183
Q1055,P17,Q7318
Q1055,P17,Q41304
Q1055,P17,Q43287
Q1055,P17,Q150981
Q1055,P17,Q151624
Q1055,P17,Q12548
Q1055,P17,Q713750
Q1055,P17,Q2415901
Q1055,P17,Q71084
Q1055,P150,Q1630
Q1055,P150,Q1637
Q1055,P150,Q1632
Q1055,P150,Q1626
Q1055,P150,Q1627
Q1055,P150,Q1635
Q1055,P150,Q1633
Q1055,P150,Q1491421
Q1055,P150,Q1803004
Q1055,P150,Q62565881
Q1055,P150,Q1803003
Q1055,P150,Q62572079
Q1055,P150,Q1803006
Q1055,P150,Q1803005
Q1055,P1791,Q49654217
Q1055,P1151,Q11380453
Q1055,P1343,Q4114391
Q1055,P1343,Q602358
Q1055,P1343,Q4173137
Q1055,P1343,Q19180675
Q1055,P1343,Q4532135
Q1055,P1343,Q316838
Q1055,P1365,Q62572079
Q1055,P1365,Q62565881
Q1055,P1313,Q1362118
Q1055,P2872,Q27972641
Q1055,P163,Q645967
Q1055,P31,Q1221156
Q1055,P31,Q1549591
Q1055,P31,Q707813
Q1055,P31,Q57318
Q1055,P31,Q2264924
Q1055,P31,Q200250
Q1055,P31,Q15974307
Q1055,P31,Q42744322
Q1055,P31,Q133442
Q1055,P31,Q1637706
Q1055,P31,Q85636199
Q1055,P463,Q1500919
Q1055,P463,Q874576
Q1055,P463,Q1768108
Q1055,P463,Q747279
Q1055,P463,Q1654951
Q1055,P463,Q42908
Q1055,P190,Q656
Q1055,P190,Q23482
Q1055,P190,Q8686
Q1055,P190,Q1731
Q1055,P190,Q35765
Q1055,P190,Q208151
Q1055,P190,Q1085
Q1055,P190,Q1297
Q1055,P190,Q1960
Q1055,P190,Q6506
Q1055,P190,Q37100
Q1055,P190,Q160687
Q1055,P190,Q1829
Q1055,P190,Q174
Q1055,P209,Q1573233
Q1055,P237,Q562071
Q1055,P910,Q7213837
Q1055,P2184,Q314618
Q1055,P194,Q636377
Q1055,P1464,Q9886343
Q1055,P1376,Q492430
Q1055,P361,Q3969
Q1055,P1740,Q10218543
Q1055,P1792,Q7234585
Q1055,P2959,Q62476784
Q1055,P7867,Q84130315
Q1055,P8402,Q59273672
Q1055,P8402,Q97145917
Q1055,P8744,Q100783520
Q799732,P17,Q30
Q799732,P31,Q2085381
Q799732,P31,Q1320047
Q799732,P910,Q8285963
Q799732,P159,Q2022236
Q799732,P1830,Q6193477
Q799732,P112,Q7510491
Q174526,P31,Q223393
Q174526,P31,Q201658
Q174526,P31,Q1194240
Q174526,P31,Q659563
Q174526,P910,Q8436733
Q174526,P910,Q7784185
Q174526,P279,Q15062348
Q174526,P279,Q24925
Q174526,P138,Q30094651
Q174526,P4969,Q5484828
Q174526,P1889,Q1434323
Q334508,P913,Q937750
Q334508,P31,Q131030
Q334508,P1889,Q2920327
Q334508,P1889,Q1339493
Q334508,P1889,Q7917838
Q334508,P279,Q131030
Q233000,P31,Q4167410
Q233000,P1889,Q1435795
Q1623348,P279,Q3947
Q1623348,P186,Q1131303
Q1623348,P186,Q287
Q223918,P31,Q4167410
Q223918,P1889,Q2260734
Q223918,P1889,Q12800811
Q223918,P1889,Q3476161
Q1169507,P279,Q39816
Q16868447,P31,Q4167410
Q16868447,P1889,Q37505584
Q37086234,P31,Q101352
Q37086234,P1889,Q2527055
Q37086234,P282,Q8229
Q37086234,P460,Q30133104
Q37086234,P5323,Q92953148
Q5967545,P31,Q4167410
Q180256,P910,Q7270273
Q180256,P279,Q3249551
Q180256,P279,Q19833559
Q180256,P1269,Q9135
Q180256,P527,Q277541
Q17071241,P31,Q341
Q17071241,P275,Q7603
Q17071241,P306,Q388
Q17071241,P366,Q165194
Q17071241,P1343,Q47471810
Q13416643,P31,Q4167410
Q13416643,P1889,Q7041317
Q13416643,P1889,Q37536144
Q13416643,P460,Q1554553
Q13416643,P460,Q10861923
Q13416643,P460,Q7044908
Q13416643,P460,Q59464926
Q537419,P31,Q4167410
Q36975,P279,Q2545446
Q36975,P279,Q3241972
Q36975,P910,Q8493035
Q1726,P1151,Q11028213
Q1726,P5125,Q48843254
Q1726,P1792,Q6139241
Q1726,P1313,Q11902879
Q1726,P1313,Q1958954
Q1726,P417,Q61625
Q1726,P17,Q183
Q1726,P17,Q7318
Q1726,P17,Q41304
Q1726,P17,Q43287
Q1726,P17,Q154195
Q1726,P17,Q256961
Q1726,P17,Q713750
Q1726,P17,Q2415901
Q1726,P17,Q47261
Q1726,P1376,Q980
Q1726,P1376,Q10544
Q1726,P1376,Q10562
Q1726,P1376,Q154195
Q1726,P1376,Q1673724
Q1726,P1376,Q58738
Q1726,P1376,Q38251605
Q1726,P190,Q23436
Q1726,P190,Q2028
Q1726,P190,Q1479
Q1726,P190,Q37951
Q1726,P190,Q43196
Q1726,P190,Q1899
Q1726,P190,Q3921
Q1726,P206,Q106588
Q1726,P206,Q1673718
Q1726,P206,Q258243
Q1726,P206,Q527132
Q1726,P206,Q277974
Q1726,P206,Q1746836
Q1726,P206,Q1258092
Q1726,P206,Q1746458
Q1726,P206,Q19250109
Q1726,P206,Q202655
Q1726,P485,Q2326571
Q1726,P910,Q6624904
Q1726,P1791,Q8328691
Q1726,P6,Q1222671
Q1726,P6,Q45102
Q1726,P6,Q108997
Q1726,P6,Q108997
Q1726,P6,Q1352561
Q1726,P6,Q1705661
Q1726,P6,Q1083811
Q1726,P6,Q552483
Q1726,P6,Q96926
Q1726,P6,Q1732802
Q1726,P6,Q72773
Q1726,P6,Q1732802
Q1726,P6,Q1289813
Q1726,P6,Q2574699
Q1726,P6,Q1432418
Q1726,P6,Q2650523
Q1726,P6,Q1421297
Q1726,P6,Q1670917
Q1726,P6,Q1351689
Q1726,P6,Q1448476
Q1726,P6,Q1448476
Q1726,P6,Q1671972
Q1726,P463,Q1768108
Q1726,P463,Q747279
Q1726,P463,Q812378
Q1726,P706,Q1117899
Q1726,P1740,Q10219166
Q1726,P1830,Q994306
Q1726,P1830,Q2365608
Q1726,P1830,Q57758914
Q1726,P1830,Q131610
Q1726,P1465,Q9219129
Q1726,P47,Q10544
Q1726,P47,Q10500
Q1726,P47,Q10502
Q1726,P47,Q264620
Q1726,P47,Q55278376
Q1726,P47,Q55278629
Q1726,P31,Q515
Q1726,P31,Q1187811
Q1726,P31,Q1549591
Q1726,P31,Q1180262
Q1726,P31,Q14784328
Q1726,P31,Q22865
Q1726,P31,Q200250
Q1726,P31,Q1066984
Q1726,P31,Q42744322
Q1726,P31,Q1637706
Q1726,P31,Q85631896
Q1726,P31,Q134626
Q1726,P1464,Q15069823
Q1726,P150,Q971198
Q1726,P150,Q537044
Q1726,P150,Q256012
Q1726,P150,Q252910
Q1726,P150,Q252058
Q1726,P150,Q262879
Q1726,P150,Q224635
Q1726,P150,Q166011
Q1726,P150,Q266932
Q1726,P150,Q263163
Q1726,P150,Q251311
Q1726,P150,Q252679
Q1726,P150,Q329707
Q1726,P150,Q533054
Q1726,P150,Q538037
Q1726,P150,Q255291
Q1726,P150,Q254178
Q1726,P150,Q265068
Q1726,P150,Q458136
Q1726,P150,Q267364
Q1726,P150,Q255702
Q1726,P150,Q533095
Q1726,P150,Q252295
Q1726,P150,Q252173
Q1726,P150,Q259879
Q1726,P138,Q733786
Q1726,P131,Q10562
Q1726,P131,Q1673724
Q1726,P2936,Q188
Q1726,P2936,Q29540
Q1726,P2184,Q529600
Q1726,P7867,Q84112948
Q1726,P1343,Q19190511
Q1726,P1343,Q316838
Q1726,P8402,Q63433887
Q1726,P8402,Q97144837
Q1726,P8744,Q100864567
Q878737,P31,Q2025905
Q878737,P61,Q5271235
Q1902669,P31,Q4167410
Q1902669,P1889,Q37513042
Q1900895,P31,Q4167410
Q1900895,P1889,Q63079594
Q41494,P279,Q44127
Q178197,P31,Q28640
Q178197,P279,Q1250916
Q178197,P425,Q198
Q178197,P910,Q8907665
Q178197,P1343,Q2041543
Q178197,P1343,Q602358
Q178197,P1343,Q4086271
Q178197,P1343,Q19180675
Q178197,P1343,Q19190511
Q178197,P6186,Q59522212
Q178197,P361,Q59662559
Q178197,P138,Q1640172
Q1761451,P31,Q60539481
Q1761451,P361,Q77468620
Q1761451,P828,Q192906
Q7455901,P31,Q4830453
Q7455901,P159,Q464955
Q19689350,P31,Q4167410
Q19689350,P1889,Q15788888
Q19689350,P1889,Q13554023
Q19689350,P460,Q26258887
Q19689350,P460,Q402305
Q19689350,P460,Q788576
Q19689350,P460,Q11159245
Q147410,P31,Q4167410
Q147410,P1889,Q147414
Q147410,P1889,Q644975
Q147410,P1889,Q2152440
Q147410,P1889,Q147421
Q147410,P1889,Q11255682
Q147410,P1889,Q3574819
Q17027453,P31,Q4167410
Q17042,P1464,Q9226195
Q17042,P190,Q117040
Q17042,P190,Q25444
Q17042,P190,Q6761
Q17042,P190,Q26600
Q17042,P190,Q156658
Q17042,P190,Q243293
Q17042,P190,Q74881
Q17042,P190,Q602783
Q17042,P190,Q170525
Q17042,P190,Q25282
Q17042,P190,Q23430
Q17042,P17,Q30
Q17042,P31,Q1549591
Q17042,P31,Q1093829
Q17042,P31,Q3559093
Q17042,P31,Q13218391
Q17042,P131,Q107146
Q17042,P910,Q6353814
Q17042,P1465,Q9219326
Q17042,P47,Q499178
Q17042,P47,Q484678
Q17042,P47,Q851034
Q17042,P47,Q490744
Q17042,P47,Q570301
Q17042,P6,Q6540458
Q17042,P1313,Q6627639
Q17042,P421,Q2204
Q17042,P1792,Q7119086
Q17042,P1376,Q107146
Q17042,P1830,Q932794
Q17042,P1830,Q1139021
Q17042,P1830,Q1147732
Q17042,P1343,Q19190511
Q17042,P7867,Q84047350
Q17042,P8402,Q97101241
Q463244,P31,Q235557
Q463244,P31,Q8513
Q463244,P31,Q26430975
Q253387,P31,Q4167410
Q253387,P1889,Q1272055
Q253387,P1889,Q37458559
Q253387,P1889,Q372055
Q253387,P1889,Q1419797
Q253387,P1889,Q7819158
Q253387,P1889,Q67007078
Q253387,P460,Q7818279
Q253387,P460,Q16878345
Q253387,P460,Q223944
Q253387,P460,Q228981
Q253387,P460,Q404052
Q253387,P460,Q450108
Q253387,P460,Q18324402
Q253387,P460,Q1191399
Q253387,P460,Q2112599
Q253387,P460,Q15729637
Q253387,P460,Q2421735
Q253387,P460,Q2421810
Q253387,P460,Q2440429
Q853614,P279,Q100792256
Q853614,P910,Q6506565
Q853614,P910,Q32753931
Q21493324,P31,Q101352
Q21493324,P1889,Q1180502
Q21493324,P282,Q8229
Q178518,P31,Q4167410
Q178518,P1889,Q19750549
Q296071,P31,Q4167410
Q296071,P1889,Q13553608
Q7113886,P31,Q4167410
Q396788,P31,Q4167410
Q7797174,P31,Q4167410
Q4545611,P31,Q4167410
Q186642,P31,Q4167410
Q186642,P460,Q3990470
Q186642,P460,Q399202
Q186642,P460,Q20603008
Q186642,P460,Q3596426
Q186642,P1889,Q186689
Q186642,P1889,Q2075023
Q208928,P31,Q1058914
Q208928,P159,Q84
Q208928,P17,Q145
Q208928,P452,Q880371
Q208928,P1889,Q2813478
Q3598708,P31,Q4167410
Q229764,P159,Q84
Q229764,P17,Q145
Q229764,P31,Q5225895
Q229764,P31,Q3487908
Q229764,P414,Q171240
Q229764,P1454,Q5225895
Q229764,P1830,Q392755
Q229764,P1830,Q826106
Q229764,P1830,Q2763986
Q229764,P1830,Q5105067
Q229764,P1830,Q30588993
Q229764,P169,Q33112061
Q229764,P488,Q39071252
Q229764,P361,Q466496
Q229764,P910,Q8209392
Q229764,P1889,Q229464
Q4641048,P31,Q4167410
Q4642466,P31,Q4167410
Q4645187,P31,Q273120
Q4645187,P17,Q414
Q4645203,P31,Q4167410
Q279437,P31,Q4167410
Q228251,P31,Q4167410
Q218112,P31,Q4167410
Q218112,P1889,Q64821738
Q1204421,P31,Q4167410
Q265073,P31,Q41298
Q265073,P31,Q3402519
Q265073,P123,Q896769
Q265073,P98,Q1080246
Q265073,P98,Q15431733
Q265073,P495,Q183
Q265073,P17,Q183
Q265073,P407,Q188
Q265073,P159,Q1715
Q265073,P921,Q3402519
Q562436,P31,Q4167410
Q1032175,P31,Q623109
Q1032175,P17,Q16
Q1032175,P910,Q8338117
Q1032175,P641,Q248534
Q1032175,P159,Q172
Q1032175,P1687,P8321
Q359404,P31,Q4167410
Q688,P279,Q19753344
Q688,P279,Q19605
Q688,P910,Q8364297
Q688,P31,Q11344
Q688,P31,Q35456
Q688,P1343,Q2657718
Q688,P1343,Q3181656
Q688,P1343,Q4532138
Q688,P61,Q70538
Q688,P1552,Q29147941
Q688,P1889,Q432392
Q688,P1889,Q224479
Q688,P361,Q211331
Q688,P361,Q19605
Q346861,P31,Q4167410
Q346861,P1889,Q16275245
Q346861,P1889,Q77822058
Q346861,P1889,Q77821890
Q234951,P31,Q4167410
Q224258,P31,Q4167410
Q224258,P1889,Q4160975
Q224258,P1889,Q50874388
Q224258,P460,Q1265905
Q563955,P31,Q4167410
Q226828,P31,Q4167410
Q226828,P460,Q21046136
Q226828,P1889,Q1262318
Q226828,P1889,Q910422
Q3746632,P31,Q5398426
Q3746632,P57,Q708343
Q3746632,P57,Q922734
Q3746632,P840,Q16555
Q3746632,P449,Q43380
Q3746632,P495,Q30
Q3746632,P407,Q1860
Q3746632,P136,Q21188110
Q3746632,P161,Q289743
Q257944,P31,Q4167410
Q561671,P31,Q4167410
Q1562642,P31,Q4167410
Q249260,P31,Q4167410
Q401101,P31,Q4167410
Q446893,P31,Q4167410
Q398401,P31,Q4167410
Q364921,P31,Q4167410
Q358131,P31,Q4167410
Q223994,P31,Q4167410
Q223994,P460,Q16656661
Q223994,P1889,Q26190735
Q223994,P1889,Q16256197
Q223994,P1889,Q37025579
Q261359,P31,Q4167410
Q3423575,P17,Q837
Q3423575,P131,Q28476
Q3423575,P31,Q1530705
Q3423575,P421,Q6890
Q283503,P31,Q18343316
Q283503,P31,Q22665869
Q283503,P361,Q1348204
Q283503,P4810,Q47517775
Q283503,P4810,Q47517764
Q283503,P4810,Q47517765
Q283503,P4810,Q47517767
Q283503,P4810,Q47517768
Q283503,P4810,Q47517769
Q283503,P4810,Q47517773
Q283503,P4810,Q47517774
Q283503,P4810,Q47517789
Q1521725,P31,Q875538
Q1521725,P31,Q15936437
Q1521725,P31,Q615150
Q1521725,P31,Q23002039
Q1521725,P17,Q30
Q1521725,P910,Q6325648
Q1521725,P463,Q5583848
Q1521725,P463,Q4810036
Q1521725,P463,Q963227
Q1521725,P463,Q6458663
Q1521725,P1435,Q19558910
Q1521725,P361,Q1872233
Q1521725,P2643,Q23334765
Q1521725,P2643,Q23623483
Q1521725,P2643,Q23662486
Q1521725,P2643,Q23622771
Q1521725,P2643,Q23662432
Q1521725,P2643,Q23662768
Q1521725,P159,Q28218
Q1521725,P3876,Q6375822
Q1521725,P355,Q45134580
Q1521725,P749,Q1872233
Q1521725,P4195,Q6375859
Q1798384,P31,Q4167410
Q350463,P31,Q4167410
Q200520,P31,Q4167410
Q200520,P1889,Q20083703
Q229555,P31,Q4167410
Q229555,P1889,Q1747696
Q229555,P1889,Q37559089
Q229555,P1889,Q159461
Q229555,P460,Q22203281
Q2305897,P1080,Q1152150
Q2305897,P31,Q2775969
Q2305897,P1889,Q56393120
Q446305,P31,Q4167410
Q561581,P31,Q4167410
Q229706,P31,Q4167410
Q419391,P31,Q4167410
Q226821,P31,Q4167410
Q258828,P31,Q4167410
Q225097,P31,Q4167410
Q225097,P1889,Q11949754
Q297294,P31,Q4167410
Q421950,P31,Q4167410
Q753070,P17,Q142
Q753070,P131,Q3334
Q753070,P131,Q1726410
Q753070,P131,Q667555
Q753070,P31,Q484170
Q753070,P47,Q498414
Q753070,P47,Q271498
Q753070,P47,Q1240258
Q753070,P47,Q145011
Q753070,P421,Q6655
Q753070,P421,Q6723
Q753070,P6,Q62616125
Q753070,P1313,Q64826209
Q753070,P7938,Q19795252
Q25976,P31,Q4167410
Q235256,P31,Q4167410
Q226542,P31,Q4167410
Q1066497,P31,Q4167410
Q441773,P31,Q4167410
Q1430059,P31,Q4167410
Q1531352,P31,Q4167410
Q4022137,P31,Q4167410
Q395501,P31,Q4167410
Q136552,P31,Q4167410
Q208945,P31,Q4167410
Q201,P31,Q49008
Q201,P31,Q186875
Q201,P31,Q207264
Q201,P31,Q245102
Q201,P31,Q21199
Q201,P31,Q13366129
Q201,P31,Q1103699
Q201,P31,Q47577
Q201,P31,Q12786684
Q201,P31,Q10338607
Q201,P31,Q80903301
Q201,P910,Q14943502
Q201,P1535,Q861555
Q201,P5236,Q201
Q201,P2959,Q56446850
Q201,P2959,Q60455165
Q201,P2959,Q89812830
Q201,P461,Q10728826
Q201,P461,Q20021125
Q201,P1889,Q28469713
Q201,P1889,Q149076
Q201,P1889,Q149215
Q258899,P31,Q4167410
Q4642478,P31,Q4167410
Q4643783,P31,Q4167410
Q4643788,P31,Q4167410
Q217875,P31,Q4167410
Q231888,P31,Q4167410
Q102573,P31,Q208469
Q102573,P31,Q68618328
Q102573,P31,Q69197847
Q102573,P31,Q82047057
Q102573,P111,Q317949
Q102573,P138,Q41269
Q254311,P31,Q4167410
Q219246,P31,Q4167410
Q292498,P31,Q4167410
Q292498,P1889,Q20963162
Q292498,P1889,Q37480086
Q235246,P31,Q4167410
Q235246,P1889,Q37272017
Q224811,P31,Q4167410
Q218168,P31,Q4167410
Q218168,P1889,Q36940575
Q218168,P1889,Q96578309
Q1968,P1151,Q6316867
Q1968,P910,Q7145453
Q1968,P279,Q1199515
Q1968,P641,Q2705092
Q1968,P527,Q68926
Q1968,P31,Q60147807
Q1968,P31,Q500834
Q1968,P31,Q1344963
Q1968,P137,Q174035
Q1968,P2500,Q687214
Q1968,P2500,Q98406729
Q1968,P664,Q179412
Q1968,P1889,Q225109
Q235904,P31,Q4167410
Q235904,P1889,Q179002
Q1486735,P31,Q4167410
Q224477,P31,Q4167410
Q224477,P1889,Q17107562
Q224477,P1889,Q20065413
Q224477,P1889,Q26437196
Q224477,P1889,Q38999917
Q224477,P460,Q22192559
Q365125,P31,Q4167410
Q11766481,P31,Q4167410
Q11766481,P1889,Q25482274
Q11766481,P1889,Q438665
Q11766481,P1889,Q3280623
Q11766481,P460,Q25482259
Q11766481,P460,Q25482287
Q11766481,P460,Q25482284
Q11766481,P460,Q25630788
Q11766481,P460,Q13476445
Q11766481,P460,Q409364
Q11766481,P460,Q1882244
Q360928,P31,Q4167410
Q8027,P31,Q5
Q8027,P27,Q30
Q8027,P106,Q1021386
Q8027,P106,Q1234713
Q8027,P106,Q432386
Q8027,P106,Q1423891
Q8027,P106,Q36180
Q8027,P106,Q152002
Q8027,P106,Q16003550
Q8027,P106,Q22336956
Q8027,P106,Q1476215
Q8027,P106,Q16323111
Q8027,P19,Q23556
Q8027,P20,Q16563
Q8027,P22,Q2603376
Q8027,P25,Q1110336
Q8027,P26,Q230969
Q8027,P40,Q458994
Q8027,P40,Q1886607
Q8027,P40,Q362304
Q8027,P40,Q4894291
Q8027,P140,Q2122370
Q8027,P166,Q35637
Q8027,P166,Q3295156
Q8027,P166,Q27028
Q8027,P166,Q3404636
Q8027,P166,Q973645
Q8027,P166,Q4765305
Q8027,P166,Q6759868
Q8027,P166,Q207826
Q8027,P166,Q17144
Q8027,P166,Q721743
Q8027,P166,Q33232596
Q8027,P166,Q727815
Q8027,P166,Q52382875
Q8027,P166,Q1994926
Q8027,P166,Q101242891
Q8027,P1196,Q149086
Q8027,P509,Q2140674
Q8027,P138,Q2603376
Q8027,P910,Q7485261
Q8027,P734,Q535214
Q8027,P172,Q49085
Q8027,P735,Q18002399
Q8027,P735,Q4927524
Q8027,P735,Q14203378
Q8027,P463,Q463303
Q8027,P463,Q605130
Q8027,P463,Q2839513
Q8027,P69,Q1524124
Q8027,P69,Q687514
Q8027,P69,Q49110
Q8027,P69,Q7971914
Q8027,P69,Q4948187
Q8027,P119,Q5016739
Q8027,P1343,Q17378135
Q8027,P1343,Q67311526
Q8027,P737,Q358561
Q8027,P737,Q3141604
Q8027,P737,Q1345238
Q8027,P737,Q131149
Q8027,P737,Q1001
Q8027,P1411,Q35637
Q8027,P3373,Q4020203
Q8027,P3373,Q3611283
Q8027,P3373,Q4737931
Q8027,P157,Q310062
Q8027,P5008,Q6173639
Q8027,P5008,Q13382529
Q8027,P5008,Q15304953
Q8027,P184,Q48886010
Q8027,P1412,Q1860
Q8027,P512,Q752297
Q8027,P135,Q13406660
Q8027,P135,Q76611
Q8027,P135,Q97304502
Q8027,P135,Q48537
Q8027,P21,Q6581097
Q8027,P793,Q757963
Q8027,P1142,Q582965
Q8027,P1142,Q121254
Q8027,P1142,Q189280
Q8027,P1142,Q76611
Q8027,P108,Q5268379
Q8027,P108,Q77240068
Q8027,P108,Q1065414
Q8027,P6886,Q1860
Q8027,P8017,L252247-F2
Q8027,P1889,Q9554
Q407641,P31,Q4167410
Q227977,P31,Q4167410
Q248298,P31,Q4167410
Q535473,P31,Q235557
Q535473,P178,Q3574385
Q535473,P4969,Q28205890
Q364935,P31,Q4167410
Q165700,P31,Q4167410
Q866012,P910,Q6974626
Q866012,P463,Q1351882
Q866012,P463,Q1377311
Q866012,P463,Q19861084
Q866012,P463,Q2396028
Q866012,P31,Q875538
Q866012,P31,Q3918
Q866012,P17,Q408
Q866012,P131,Q34932
Q866012,P3876,Q7003120
Q866012,P355,Q45133025
Q866012,P4195,Q8884319
Q866012,P1416,Q1377311
Q866012,P1343,Q99413897
Q3553012,P31,Q4167410
Q226631,P31,Q4167410
Q225104,P31,Q4167410
Q227937,P31,Q4167410
Q645835,P31,Q4167410
Q3571139,P31,Q4167410
Q563148,P31,Q4167410
Q136511,P31,Q4167410
Q4545616,P31,Q4167410
Q4642482,P31,Q4167410
Q791562,P31,Q4167410
Q791562,P1889,Q812643
Q791562,P1889,Q41222503
Q791562,P460,Q415466
Q248666,P31,Q4167410
Q16542399,P31,Q12308941
Q16542399,P1889,Q1101850
Q16542399,P282,Q8229
Q16542399,P1533,Q37548995
Q345170,P31,Q4167410
Q345170,P1889,Q428428
Q405974,P31,Q4167410
Q405990,P31,Q4167410
Q294632,P31,Q4167410
Q401155,P31,Q4167410
Q235914,P31,Q4167410
Q311249,P31,Q41298
Q311249,P910,Q8479259
Q311249,P17,Q30
Q311249,P291,Q60
Q311249,P127,Q605401
Q311249,P495,Q30
Q311249,P123,Q605401
Q311249,P98,Q6197147
Q311249,P747,Q32860786
Q311249,P407,Q1860
Q311249,P159,Q60
Q311249,P1889,Q55521250
Q311249,P1889,Q12631301
Q311249,P101,Q32090
Q311249,P921,Q1957360
Q311249,P136,Q21886169
Q311249,P740,Q60
Q3782229,P31,Q4167410
Q1655126,P31,Q4167410
Q234863,P31,Q4167410
Q248531,P31,Q4167410
Q6319303,P31,Q4167410
Q6319303,P1889,Q51979376
Q6319303,P460,Q419384
Q225752,P31,Q4167410
Q259467,P31,Q4167410
Q349880,P31,Q4167410
Q258030,P31,Q4167410
Q258030,P460,Q4043108
Q224289,P31,Q4167410
Q292058,P31,Q4167410
Q292058,P1889,Q37439666
Q292058,P1889,Q6714285
Q402244,P31,Q4167410
Q225588,P31,Q4167410
Q3347483,P31,Q4167410
Q3347488,P31,Q4167410
Q125579,P31,Q4167410
Q217863,P31,Q4167410
Q410149,P31,Q4167410
Q365134,P31,Q4167410
Q218333,P31,Q4167410
Q218333,P1889,Q37318275
Q218333,P1889,Q96479986
Q218333,P460,Q29109573
Q226384,P31,Q4167410
Q226384,P1889,Q3496666
Q226384,P1889,Q10884951
Q226384,P1889,Q96140903
Q226384,P1889,Q94994323
Q226384,P460,Q22208814
Q136126,P31,Q4167410
Q4941339,P31,Q4167410
Q11658977,P31,Q4167410
Q951305,P31,Q875538
Q951305,P31,Q45400320
Q951305,P17,Q258
Q951305,P131,Q1185115
Q951305,P910,Q7478117
Q951305,P2936,Q1860
Q951305,P159,Q5465
Q951305,P463,Q19861084
Q951305,P463,Q1140056
Q951305,P3876,Q32352950
Q951305,P4195,Q9476077
Q951305,P1416,Q743769
Q951305,P1365,Q7565676
Q951305,P355,Q2070244
Q951305,P8402,Q97153947
Q5380926,P1343,Q20078554
Q19,P279,Q3796713
Q19,P279,Q9332
Q19,P910,Q8357163
Q1791029,P31,Q4167410
Q1791029,P1889,Q21449142
Q5533121,P279,Q65359289
Q43024,P366,Q17166101
Q43024,P31,Q317623
Q43024,P31,Q340169
Q43024,P910,Q9117848
Q43024,P279,Q7406919
Q43024,P1889,Q17517
Q243250,P31,Q4167410
Q243250,P1889,Q37463315
Q1273737,P31,Q4167410
Q356171,P31,Q4167410
Q42289,P138,Q57073
Q42289,P31,Q68723978
Q42289,P31,Q82047057
Q42289,P111,Q11466
Q42289,P1889,Q3021268
Q42289,P1889,Q69364146
Q42289,P61,Q57073
Q42289,P1343,Q602358
Q439286,P31,Q4167410
Q439286,P1889,Q16002369
Q213423,P178,Q248
Q213423,P155,Q237794
Q213423,P31,Q811701
Q213423,P156,Q84308958
Q213423,P1068,Q182933
Q213423,P176,Q248
Q213423,P176,Q37156
Q213423,P176,Q128896
Q213423,P279,Q12047070
Q213423,P2079,Q1135952
Q213423,P2079,Q450855
Q213423,P2079,Q1050797
Q213423,P1041,Q1186486
Q213423,P1041,Q1075209
Q213423,P1041,Q925874
Q11261,P1072,Q686498
Q11261,P1072,Q3033641
Q11261,P1072,Q467454
Q11261,P1072,Q1145976
Q11261,P1072,Q26208225
Q11261,P1072,Q1727359
Q11261,P1072,Q27203404
Q11261,P1072,Q27203601
Q11261,P1072,Q1888930
Q11261,P1072,Q61639409
Q11261,P1072,Q61641368
Q11261,P1072,Q63061514
Q11261,P1072,Q63061396
Q11261,P1072,Q28600479
Q11261,P178,Q2283
Q11261,P275,Q725920
Q11261,P306,Q1406
Q11261,P306,Q43627
Q11261,P306,Q14116
Q11261,P361,Q11255
Q11261,P31,Q166142
Q11261,P31,Q218616
Q11261,P1073,Q686498
Q11261,P1073,Q3033641
Q11261,P1073,Q26208225
Q11261,P1073,Q467454
Q11261,P1073,Q1145976
Q11261,P1073,Q1727359
Q11261,P1073,Q27203404
Q11261,P1073,Q27203601
Q11261,P1073,Q63061514
Q11261,P1073,Q63061396
Q11261,P910,Q21451837
Q11261,P2283,Q62056662
Q11261,P277,Q2407
Q11261,P750,Q135288
Q11261,P279,Q54277
Q11261,P527,Q97782987
Q663492,P31,Q484652
Q663492,P159,Q239
Q663492,P17,Q31
Q663492,P17,Q55
Q663492,P17,Q32
Q663492,P17,Q142
Q663492,P101,Q1361182
Q663492,P1830,Q2206431
Q663492,P463,Q1297234
Q12581,P31,Q24534061
Q12581,P31,Q63046488
Q12581,P910,Q6371780
Q12581,P279,Q16513904
Q12581,P361,Q3039796
Q12581,P1889,Q42058444
Q12581,P1889,Q11281
Q12581,P1441,Q205882
Q12581,P1441,Q940563
Q12581,P460,Q24267081
Q12581,P460,Q4466392
Q12581,P2341,Q21195
Q2257471,P279,Q102798
Q2257471,P1343,Q2657718
Q2257471,P1343,Q602358
Q1267799,P31,Q4167410
Q1267799,P1889,Q37442786
Q202527,P279,Q3337309
Q202527,P910,Q8633259
Q202527,P31,Q2235308
Q202527,P366,Q16821261
Q7460734,P31,Q4167410
Q7659406,P31,Q82799
Q7659406,P527,Q25343301
Q7659406,P1889,Q25343301
Q5315918,P31,Q4167410
Q12038,P31,Q841818
Q12038,P170,Q169566
Q12038,P40,Q11298741
Q12038,P40,Q1114723
Q12038,P1080,Q621596
Q12038,P22,Q20107592
Q12038,P1441,Q621596
Q12038,P4584,Q1141815
Q12038,P735,Q37563193
Q12038,P1049,Q101002789
Q296124,P31,Q4167410
Q101918,P190,Q5779
Q101918,P190,Q158095
Q101918,P190,Q854113
Q101918,P36,Q3018561
Q101918,P17,Q55
Q101918,P706,Q1153251
Q101918,P910,Q8256989
Q101918,P31,Q2039348
Q101918,P47,Q238396
Q101918,P47,Q384772
Q101918,P47,Q26555
Q101918,P47,Q843895
Q101918,P47,Q164098
Q101918,P47,Q753920
Q101918,P47,Q1310
Q101918,P47,Q372592
Q101918,P47,Q931997
Q101918,P1456,Q2219060
Q101918,P1456,Q15877982
Q101918,P1456,Q4488939
Q101918,P1464,Q9068559
Q101918,P1383,Q1627397
Q101918,P1383,Q171214
Q101918,P1383,Q171215
Q101918,P1383,Q1867889
Q101918,P1383,Q1915779
Q101918,P1383,Q1992756
Q101918,P1383,Q2105254
Q101918,P1383,Q2229163
Q101918,P1383,Q2328114
Q101918,P1383,Q237300
Q101918,P1383,Q2406582
Q101918,P1383,Q2434331
Q101918,P1383,Q2510245
Q101918,P1383,Q2692088
Q101918,P1383,Q2696030
Q101918,P1383,Q2893671
Q101918,P1383,Q2893675
Q101918,P1383,Q3145711
Q101918,P1383,Q3912302
Q101918,P1383,Q3929695
Q101918,P1383,Q58425
Q101918,P1383,Q3018561
Q101918,P237,Q14517558
Q101918,P6,Q2465745
Q101918,P6,Q2463883
Q101918,P6,Q2299259
Q101918,P6,Q1452565
Q101918,P6,Q2093954
Q101918,P6,Q18085874
Q101918,P6,Q2508996
Q101918,P6,Q1974686
Q101918,P6,Q2376079
Q101918,P6,Q2123333
Q101918,P6,Q2363056
Q101918,P6,Q42089016
Q101918,P6,Q2123333
Q101918,P6,Q62969813
Q101918,P6,Q1884937
Q101918,P421,Q6655
Q101918,P1792,Q8726277
Q101918,P1465,Q9220587
Q101918,P1889,Q3018561
Q101918,P163,Q28147017
Q101918,P131,Q775
Q101918,P7867,Q84039394
Q101918,P485,Q99346675
Q21508935,P31,Q101352
Q21508935,P1889,Q2674607
Q21508935,P282,Q8229
Q2123105,P31,Q7397
Q2123105,P366,Q253613
Q2123105,P1072,Q750657
Q2123105,P1072,Q43989331
Q2123105,P1072,Q51922425
Q2123105,P1073,Q43989331
Q2123105,P1073,Q750657
Q2123105,P1073,Q51922425
Q2123105,P170,Q7793309
Q362944,P31,Q4167410
Q362944,P1889,Q37499055
Q362944,P1889,Q4038817
Q7663554,P31,Q131212
Q7663554,P178,Q2283
Q7663554,P751,Q42214913
Q7663554,P366,Q1153495
Q234884,P31,Q4167410
Q226437,P31,Q4167410
Q226437,P1889,Q6666923
Q226437,P1889,Q16872414
Q226437,P1889,Q97275436
Q226437,P460,Q22187058
Q1781,P206,Q1653
Q1781,P17,Q28
Q1781,P17,Q600018
Q1781,P17,Q16985296
Q1781,P17,Q243652
Q1781,P17,Q516160
Q1781,P17,Q28513
Q1781,P17,Q516160
Q1781,P17,Q940741
Q1781,P17,Q16410
Q1781,P31,Q5119
Q1781,P31,Q13218690
Q1781,P31,Q618123
Q1781,P31,Q1637706
Q1781,P31,Q171441
Q1781,P6,Q923540
Q1781,P6,Q903825
Q1781,P6,Q1105049
Q1781,P47,Q188612
Q1781,P47,Q850935
Q1781,P47,Q1069219
Q1781,P47,Q1184326
Q1781,P47,Q953385
Q1781,P47,Q1070875
Q1781,P47,Q842912
Q1781,P47,Q755691
Q1781,P47,Q126670
Q1781,P47,Q193050
Q1781,P47,Q378591
Q1781,P47,Q740853
Q1781,P47,Q854933
Q1781,P47,Q253865
Q1781,P47,Q842908
Q1781,P47,Q36063
Q1781,P47,Q30317
Q1781,P47,Q283023
Q1781,P47,Q222964
Q1781,P47,Q685439
Q1781,P47,Q512073
Q1781,P47,Q876321
Q1781,P47,Q830652
Q1781,P47,Q547479
Q1781,P47,Q640548
Q1781,P47,Q645567
Q1781,P190,Q64
Q1781,P190,Q1794
Q1781,P190,Q16558
Q1781,P190,Q60
Q1781,P190,Q33935
Q1781,P190,Q1741
Q1781,P190,Q11194
Q1781,P190,Q597
Q1781,P190,Q956
Q1781,P190,Q1435
Q1781,P190,Q216
Q1781,P190,Q2634
Q1781,P190,Q31487
Q1781,P190,Q2044
Q1781,P190,Q13386
Q1781,P190,Q406
Q1781,P190,Q53194
Q1781,P190,Q270
Q1781,P190,Q58719
Q1781,P190,Q174
Q1781,P190,Q1761
Q1781,P190,Q1861
Q1781,P190,Q1899
Q1781,P190,Q2807
Q1781,P190,Q3766
Q1781,P190,Q19660
Q1781,P190,Q20921
Q1781,P190,Q25409
Q1781,P190,Q35765
Q1781,P190,Q102317
Q1781,P190,Q170287
Q1781,P190,Q186349
Q1781,P190,Q36036
Q1781,P190,Q3640
Q1781,P190,Q8686
Q1781,P190,Q623099
Q1781,P190,Q3616
Q1781,P190,Q11725
Q1781,P190,Q200235
Q1781,P501,Q188612
Q1781,P910,Q5626488
Q1781,P1464,Q8047580
Q1781,P1465,Q9908450
Q1781,P1740,Q6467877
Q1781,P1792,Q4667104
Q1781,P1151,Q11055262
Q1781,P1376,Q28
Q1781,P1376,Q16410
Q1781,P1376,Q171150
Q1781,P1376,Q600018
Q1781,P1376,Q696970
Q1781,P1376,Q734693
Q1781,P1376,Q850872
Q1781,P1376,Q850912
Q1781,P1376,Q940741
Q1781,P1376,Q1125982
Q1781,P1376,Q19828940
Q1781,P1376,Q852742
Q1781,P1376,Q25395037
Q1781,P1376,Q516160
Q1781,P1376,Q28513
Q1781,P131,Q28
Q1781,P460,Q1213898
Q1781,P237,Q678275
Q1781,P1343,Q19180675
Q1781,P1343,Q602358
Q1781,P1343,Q4173137
Q1781,P1343,Q4114391
Q1781,P1343,Q3181656
Q1781,P2184,Q266369
Q1781,P30,Q46
Q1781,P1791,Q7975209
Q1781,P163,Q851131
Q1781,P37,Q9067
Q1781,P1424,Q18536272
Q1781,P1441,Q2385
Q1781,P361,Q852742
Q1781,P1313,Q383291
Q1781,P793,Q155103
Q1781,P7867,Q84106696
Q1781,P421,Q6655
Q1781,P421,Q6723
Q1044630,P31,Q317623
Q1044630,P31,Q4830453
Q1044630,P138,Q783365
Q1044630,P112,Q38222
Q1044630,P112,Q917218
Q1044630,P749,Q242446
Q1044630,P749,Q477016
Q1044630,P749,Q367412
Q1044630,P159,Q631915
Q1044630,P1889,Q580866
Q1044630,P452,Q1415395
Q208923,P31,Q4167410
Q229495,P31,Q4167410
Q3599647,P31,Q4167410
Q4643797,P31,Q4167410
Q280175,P31,Q4167410
Q279505,P31,Q4167410
Q280044,P31,Q4167410
Q280061,P31,Q4167410
Q395735,P31,Q4167410
Q405108,P31,Q4167410
Q300321,P31,Q4167410
Q396478,P31,Q4167410
Q47770,P910,Q8303081
Q47770,P279,Q234870
Q47770,P1343,Q61996814
Q47770,P61,Q41187
Q47770,P1462,Q885525
Q205725,P31,Q4167410
Q205725,P1889,Q37233085
Q205725,P460,Q21616750
Q16256503,P31,Q4167410
Q16256503,P1889,Q36878186
Q16256503,P1889,Q814607
Q16256503,P1889,Q96240078
Q16256503,P460,Q395468
Q225265,P31,Q4167410
Q5008351,P31,Q4167410
Q3737385,P31,Q4167410
Q5512714,P31,Q4167410
Q247439,P31,Q4167410
Q1374302,P31,Q4167410
Q1374302,P156,Q403759
Q1160899,P31,Q4167410
Q564648,P31,Q4167410
Q447513,P31,Q4167410
Q447513,P1889,Q37306532
Q447513,P1889,Q86072205
Q181874,P910,Q15281485
Q181874,P31,Q215380
Q181874,P136,Q320592
Q181874,P527,Q729390
Q181874,P264,Q1200368
Q181874,P264,Q560841
Q181874,P495,Q183
Q181874,P740,Q1718
Q255200,P31,Q4167410
Q1911566,P31,Q4167410
Q1210561,P31,Q4167410
Q3359524,P31,Q4167410
Q349599,P31,Q4167410
Q235932,P31,Q4167410
Q417037,P31,Q4167410
Q417037,P1889,Q3932180
Q417037,P1889,Q37270869
Q12450642,P31,Q11424
Q12450642,P495,Q668
Q12450642,P364,Q1568
Q12450642,P161,Q360927
Q12450642,P161,Q5997567
Q12450642,P161,Q5765100
Q12450642,P162,Q786469
Q12450642,P462,Q22006653
Q12450642,P86,Q3765059
Q12450642,P1040,Q4701258
Q1730531,P31,Q4167410
Q357749,P31,Q4167410
Q248351,P31,Q4167410
Q235150,P31,Q4167410
Q1144504,P1343,Q2657718
Q1144504,P1343,Q19190511
Q1144504,P279,Q381045
Q4007081,P31,Q4167410
Q256729,P31,Q4167410
Q256729,P1889,Q12785500
Q876049,P279,Q3249551
Q195480,P17,Q142
Q195480,P131,Q1725248
Q195480,P131,Q12679
Q195480,P131,Q700472
Q195480,P421,Q6655
Q195480,P421,Q6723
Q195480,P31,Q484170
Q195480,P31,Q21869758
Q195480,P47,Q1048755
Q195480,P47,Q767846
Q195480,P47,Q1094655
Q195480,P47,Q570886
Q195480,P47,Q538233
Q195480,P1366,Q28009527
Q195480,P1313,Q65190275
Q195480,P7938,Q17173849
Q11378,P21,Q6581097
Q11378,P40,Q1579
Q11378,P40,Q380817
Q11378,P31,Q190
Q11378,P31,Q979507
Q11378,P910,Q9117843
Q11378,P361,Q9595
Q11378,P26,Q170485
Q11378,P26,Q1796078
Q11378,P2959,Q27102922
Q11378,P520,Q3539698
Q11378,P520,Q880573
Q11378,P551,Q229107
Q11378,P3091,Q841255
Q11378,P140,Q234953
Q11378,P106,Q178885
Q11378,P1343,Q602358
Q11378,P1343,Q4532138
Q11378,P1343,Q3181656
Q11378,P1049,Q234953
Q1133580,P31,Q830340
Q1133580,P31,Q9143
Q1133580,P178,Q4043809
Q1133580,P275,Q3238057
Q1133580,P306,Q1406
Q1133580,P1072,Q50288128
Q1133580,P1072,Q50288102
Q1133580,P1073,Q50288128
Q1133580,P1073,Q50288102
Q255189,P279,Q182545
Q255189,P1343,Q2041543
Q255189,P1343,Q27680201
Q255189,P1343,Q19180675
Q255189,P1343,Q602358
Q255189,P1889,Q206287
Q255189,P1889,Q2051796
Q255189,P31,Q182545
Q227862,P31,Q4167410
Q227862,P1889,Q37536470
Q171052,P105,Q35409
Q171052,P171,Q25341
Q171052,P944,Q13011
Q171052,P31,Q16521
Q171052,P910,Q7038480
Q171052,P1343,Q2657718
Q171052,P1343,Q1768721
Q4928679,P31,Q4167410
Q825712,P17,Q145
Q825712,P279,Q836610
Q825712,P279,Q27665152
Q401785,P31,Q4167410
Q401785,P1889,Q36907333
Q1259977,P279,Q27166344
Q1259977,P1343,Q63284758
Q1259977,P1343,Q4532138
Q1259977,P1343,Q20078554
Q296458,P31,Q4167410
Q58412563,P31,Q58408484
Q58412563,P360,Q5
Q297854,P31,Q4167410
Q10850,P105,Q36602
Q10850,P171,Q660432
Q10850,P171,Q25833
Q10850,P171,Q7377
Q10850,P910,Q7469251
Q10850,P31,Q16521
Q10850,P944,Q13011
Q10850,P1343,Q2657718
Q10850,P1343,Q602358
Q10850,P1343,Q19180675
Q10850,P1034,Q190903
Q10850,P1151,Q42351419
Q10850,P5008,Q5460604
Q11740724,P31,Q12308941
Q11740724,P460,Q1200323
Q11740724,P460,Q1200194
Q11740724,P460,Q1605531
Q11740724,P460,Q2519633
Q11740724,P460,Q20011861
Q11740724,P460,Q28872045
Q11740724,P1889,Q386277
Q11740724,P1889,Q63871988
Q11740724,P407,Q1860
Q11740724,P407,Q7411
Q11740724,P1533,Q26906271
Q11740724,P282,Q8229
Q11740724,P5323,Q21644845
Q11740724,P1343,Q151
Q844793,P31,Q1752346
Q41720628,P31,Q4167410
Q201901,P31,Q4167410
Q4638859,P31,Q4167410
Q233574,P31,Q4167410
Q355089,P31,Q4167410
Q224275,P31,Q4167410
Q224275,P1889,Q59754537
Q299005,P31,Q4167410
Q255200,P31,Q4167410
Q185668,P31,Q4167410
Q2121272,P31,Q4167410
Q217052,P31,Q4167410
Q217052,P1889,Q20001413
Q217052,P1889,Q94797389
Q217052,P460,Q12217172
Q219297,P31,Q4167410
Q410783,P31,Q4167410
Q2598610,P31,Q4167410
Q136496,P31,Q4167410
Q136496,P1889,Q4505444
Q181596,P178,Q37156
Q181596,P31,Q13199995
Q181596,P306,Q1406
Q181596,P306,Q14116
Q181596,P306,Q215273
Q181596,P400,Q272629
Q181596,P400,Q193321
Q181596,P277,Q251
Q181596,P1072,Q935809
Q181596,P1072,Q3513566
Q181596,P1072,Q16545707
Q181596,P1072,Q1931564
Q181596,P1072,Q1161680
Q181596,P1072,Q29943954
Q181596,P1072,Q29943965
Q181596,P1073,Q28848214
Q181596,P1073,Q29943954
Q181596,P1073,Q29943965
Q181596,P275,Q3238057
Q181596,P366,Q12483
Q181596,P7861,Q83440772
Q2750394,P17,Q145
Q2750394,P31,Q5084
Q2750394,P131,Q23240
Q2750394,P421,Q6574
Q2750394,P7959,Q67442940
Q205365,P22,Q70899
Q205365,P25,Q830183
Q205365,P21,Q6581097
Q205365,P361,Q717996
Q205365,P40,Q2495184
Q205365,P31,Q20643955
Q205365,P1441,Q2943499
Q205365,P1441,Q2436699
Q205365,P1441,Q5098428
Q205365,P1441,Q12490446
Q205365,P1343,Q4086271
Q205365,P1343,Q4173137
Q205365,P1343,Q19180675
Q205365,P1343,Q602358
Q205365,P1343,Q2657718
Q205365,P1343,Q867541
Q205365,P1343,Q3181656
Q205365,P3373,Q107626
Q205365,P3373,Q9639242
Q205365,P3373,Q313421
Q205365,P3373,Q23992730
Q205365,P3373,Q5681043
Q205365,P26,Q9639242
Q205365,P26,Q5681043
Q205365,P106,Q131512
Q205365,P551,Q1929769
Q205365,P1889,Q421242
Q205365,P1889,Q424601
Q21493132,P31,Q101352
Q21493132,P1889,Q2393759
Q21493132,P282,Q8229
Q251694,P31,Q4167410
Q397088,P31,Q4167410
Q397088,P460,Q348321
Q397088,P1889,Q18324646
Q397088,P1889,Q5754832
Q7573682,P31,Q4167410
Q980509,P279,Q370502
Q980509,P2579,Q217413
Q1503015,P358,Q7798124
Q1503015,P31,Q215380
Q1503015,P910,Q8852886
Q1503015,P136,Q377910
Q1503015,P136,Q11366
Q1503015,P136,Q542703
Q1503015,P136,Q1641839
Q1503015,P136,Q379671
Q1503015,P495,Q30
Q1503015,P527,Q1028899
Q1503015,P527,Q7701377
Q1503015,P527,Q5335871
Q1503015,P527,Q7334184
Q1503015,P264,Q726153
Q1503015,P264,Q7630655
Q1503015,P740,Q5925
Q2704240,P105,Q7432
Q2704240,P31,Q16521
Q2704240,P171,Q14942607
Q2704240,P910,Q55290940
Q1373874,P1269,Q3689704
Q1373874,P1269,Q81009
Q1373874,P279,Q2956685
Q1373874,P279,Q567555
Q401797,P31,Q4167410
Q401797,P1889,Q16881212
Q7070552,P279,Q171187
Q7070552,P186,Q287
Q17425950,P31,Q101352
Q17425950,P1889,Q1266193
Q17425950,P282,Q8229
Q17425950,P407,Q1860
Q7307188,P264,Q202585
Q7307188,P31,Q134556
Q7307188,P175,Q11151250
Q7307188,P156,Q5976860
Q7307188,P495,Q30
Q7307188,P361,Q7168125
Q7307188,P155,Q17059930
Q7307188,P136,Q850412
Q194281,P31,Q2083910
Q194281,P1343,Q867541
Q194281,P1343,Q2657718
Q194281,P1343,Q602358
Q194281,P1343,Q19180675
Q194281,P1343,Q4532138
Q194281,P1889,Q7777019
Q194281,P279,Q1006733
Q194281,P910,Q7158717
Q255189,P279,Q182545
Q255189,P1343,Q2041543
Q255189,P1343,Q27680201
Q255189,P1343,Q19180675
Q255189,P1343,Q602358
Q255189,P1889,Q206287
Q255189,P1889,Q2051796
Q255189,P31,Q182545
Q236277,P31,Q4167410
Q2425187,P361,Q638608
Q416619,P31,Q4167410
Q416619,P1889,Q30872569
Q13371,P17,Q30
Q13371,P31,Q902104
Q13371,P31,Q15936437
Q13371,P31,Q1188663
Q13371,P31,Q23002054
Q13371,P910,Q8505919
Q13371,P463,Q49113
Q13371,P463,Q19861084
Q13371,P463,Q5275906
Q13371,P463,Q4810036
Q13371,P463,Q35677307
Q13371,P463,Q647039
Q13371,P463,Q5059850
Q13371,P463,Q49093087
Q13371,P463,Q5137944
Q13371,P463,Q101483295
Q13371,P159,Q49111
Q13371,P112,Q1453540
Q13371,P355,Q49126
Q13371,P355,Q3783572
Q13371,P355,Q5676489
Q13371,P355,Q45135691
Q13371,P355,Q45136983
Q13371,P355,Q45133530
Q13371,P355,Q45134541
Q13371,P355,Q45132967
Q13371,P355,Q45133655
Q13371,P355,Q45137420
Q13371,P355,Q7945473
Q13371,P355,Q5429991
Q13371,P355,Q45136793
Q13371,P355,Q45133608
Q13371,P355,Q45133843
Q13371,P355,Q30280744
Q13371,P355,Q1587900
Q13371,P355,Q1133697
Q13371,P355,Q7185824
Q13371,P355,Q49121
Q13371,P355,Q33121074
Q13371,P355,Q33121251
Q13371,P355,Q33121261
Q13371,P355,Q3128016
Q13371,P355,Q49122
Q13371,P355,Q15408380
Q13371,P355,Q1053592
Q13371,P355,Q3558578
Q13371,P355,Q1264942
Q13371,P355,Q2001855
Q13371,P355,Q49127
Q13371,P355,Q59297496
Q13371,P355,Q5676392
Q13371,P122,Q5676287
Q13371,P1151,Q21041851
Q13371,P2643,Q23334765
Q13371,P2643,Q23623491
Q13371,P2643,Q23662741
Q13371,P2643,Q23662486
Q13371,P2643,Q23662432
Q13371,P2643,Q23622831
Q13371,P138,Q318328
Q13371,P1424,Q13395939
Q13371,P3876,Q7234382
Q13371,P4195,Q6376057
Q13371,P488,Q49128
Q13371,P488,Q6504550
Q13371,P2388,Q19588706
Q13371,P5125,Q7112286
Q13371,P527,Q3605059
Q13371,P527,Q8026572
Q13371,P527,Q7272145
Q13371,P527,Q6693225
Q13371,P527,Q14715665
Q13371,P527,Q3815603
Q13371,P527,Q3716309
Q13371,P527,Q3649216
Q13371,P527,Q3699650
Q13371,P527,Q7179823
Q13371,P1416,Q6970684
Q13371,P1830,Q16945714
Q13371,P1830,Q17576108
Q13371,P1830,Q18749200
Q13371,P1830,Q43148402
Q13371,P1830,Q43371255
Q13371,P1830,Q48837745
Q13371,P1830,Q776823
Q13371,P1830,Q1420782
Q13371,P1830,Q1587879
Q13371,P1830,Q2918448
Q13371,P1830,Q3558578
Q13371,P1830,Q3783572
Q13371,P1830,Q6284262
Q13371,P1830,Q6743907
Q13371,P1830,Q7081069
Q13371,P1830,Q7557389
Q13371,P1343,Q2041543
Q13371,P6364,Q303826
Q212606,P31,Q165194
Q212606,P31,Q1172367
Q212606,P2283,Q47607
Q212606,P144,Q1027095
Q47607,P31,Q1144882
Q47607,P31,Q845739
Q47607,P31,Q9143
Q47607,P31,Q691358
Q47607,P910,Q7237520
Q47607,P366,Q3932296
Q47607,P178,Q15028
Q47607,P178,Q93007
Q47607,P178,Q93071
Q47607,P1424,Q10724710
Q47607,P287,Q93071
Q47607,P1557,Q840540
Q47607,P3966,Q531152
Q47607,P1343,Q5974436
Q47607,P1889,Q62625630
Q47607,P1535,Q192588
Q47607,P279,Q845739
Q183205,P178,Q2283
Q183205,P31,Q174989
Q183205,P306,Q748319
Q183205,P747,Q98967563
Q3570095,P31,Q4167410
Q396429,P31,Q4167410
Q3033134,P31,Q2061186
Q3033134,P17,Q30
Q1166347,P31,Q4167410
Q1166347,P1889,Q4638178
Q1166347,P460,Q158784
Q274839,P31,Q4167410
Q1166345,P31,Q4167410
Q1166345,P1889,Q1473043
Q224817,P31,Q4167410
Q408252,P31,Q4167410
Q358634,P31,Q4167410
Q422279,P31,Q4167410
Q422279,P1889,Q3006634
Q236645,P31,Q4167410
Q1415970,P31,Q7889
Q1415970,P179,Q99416119
Q1415970,P136,Q744038
Q1415970,P404,Q208850
Q1415970,P400,Q172742
Q1415970,P400,Q188642
Q1415970,P400,Q10677
Q1415970,P400,Q8079
Q1415970,P400,Q4885200
Q1415970,P400,Q94
Q1415970,P400,Q853547
Q1415970,P400,Q170325
Q1415970,P400,Q48493
Q1415970,P156,Q921957
Q1415970,P908,Q14915512
Q1415970,P914,Q14920391
Q1415970,P914,Q14920387
Q1415970,P123,Q739552
Q1415970,P178,Q739552
Q1415970,P86,Q312327
Q1415970,P287,Q312525
Q1415970,P437,Q633454
Q1415970,P943,Q1934555
Q1415970,P852,Q14864330
Q1415970,P853,Q14870285
Q1415970,P277,Q165436
Q1415970,P479,Q273140
Q1415970,P495,Q17
Q1415970,P1434,Q99415917
Q1415970,P8345,Q12391356
Q1155472,P279,Q193663
Q1155472,P279,Q317623
Q1155472,P156,Q2302273
Q1155472,P31,Q10715094
Q1155472,P1889,Q270183
Q423727,P31,Q4167410
Q226510,P31,Q4167410
Q6715110,P31,Q4167410
Q3297371,P31,Q6942441
Q3297371,P31,Q561068
Q3297371,P910,Q24903433
Q3297371,P127,Q5183537
Q3297371,P17,Q928
Q3297371,P159,Q19650241
Q57252543,P31,Q4167410
Q235235,P31,Q4167410
Q260445,P31,Q4167410
Q259141,P31,Q4167410
Q218887,P31,Q4167410
Q2239306,P31,Q2085381
Q2239306,P17,Q183
Q2239306,P159,Q3798
Q2239306,P463,Q1008861
Q218996,P31,Q4167410
Q218996,P1889,Q1470484
Q562107,P31,Q4167410
Q2383471,P31,Q4167410
Q7953460,P31,Q1616075
Q7953460,P159,Q741134
Q7953460,P1416,Q136538
Q27975609,P31,Q4167410
Q248451,P31,Q4167410
Q248451,P1343,Q2041543
Q4007082,P31,Q4167410
Q7946109,P31,Q4167410
Q7946160,P31,Q4167410
Q35127,P279,Q1076968
Q35127,P279,Q1714118
Q35127,P279,Q19967801
Q35127,P910,Q6447030
Q35127,P1963,P127
Q35127,P1963,P571
Q35127,P1963,P126
Q35127,P1963,P166
Q35127,P1963,P101
Q35127,P1963,P31
Q35127,P1424,Q5875625
Q35127,P361,Q466
Q35127,P408,Q11288
Q35127,P6440,Q17634596
Q35127,P527,Q36774
Q35127,P527,Q30849
Q35127,P460,Q36774
Q35127,P1889,Q36774
Q35127,P1889,Q193424
Q35127,P137,Q41674
Q76917,P176,Q898208
Q76917,P624,Q570607
Q76917,P495,Q30
Q76917,P287,Q898208
Q76917,P279,Q2995808
Q76917,P137,Q11220
Q76917,P137,Q1750688
Q76917,P137,Q25387
Q76917,P137,Q56015
Q76917,P137,Q1129369
Q76917,P137,Q833040
Q76917,P137,Q731647
Q76917,P137,Q2528358
Q76917,P137,Q488756
Q76917,P137,Q2258261
Q76917,P137,Q676404
Q76917,P137,Q702116
Q76917,P137,Q2427907
Q76917,P137,Q3293295
Q76917,P910,Q32605049
Q2536806,P279,Q625107
Q2536806,P495,Q30
Q2536806,P287,Q519826
Q560547,P31,Q4167410
Q8064597,P31,Q4167410
Q8064597,P1889,Q37200396
Q222736,P31,Q4167410
Q4633211,P31,Q4167410
Q293979,P31,Q4167410
Q1276091,P31,Q4167410
Q26503,P910,Q8475409
Q26503,P31,Q23442
Q26503,P17,Q35
Q26503,P206,Q545
Q26503,P1464,Q32756398
Q26503,P1792,Q9963436
Q26503,P131,Q26061
Q26503,P36,Q25331
Q26503,P610,Q5506758
Q26503,P1343,Q4532138
Q26503,P1343,Q3181656
Q214410,P910,Q15099937
Q214410,P31,Q11417
Q214410,P31,Q2312410
Q214410,P495,Q17
Q214410,P1889,Q867731
Q365130,P31,Q4167410
Q406525,P31,Q4167410
Q410409,P31,Q4167410
Q227962,P31,Q4167410
Q7669113,P31,Q4167410
Q10853176,P31,Q4167410
Q21837966,P31,Q4167410
Q395544,P31,Q4167410
Q50531716,P31,Q4167410
Q1770933,P31,Q4167410
Q261782,P31,Q4167410
Q135967,P31,Q4167410
Q200,P31,Q49008
Q200,P31,Q898675
Q200,P31,Q624025
Q200,P31,Q973861
Q200,P31,Q599093
Q200,P31,Q2915234
Q200,P31,Q816063
Q200,P31,Q21199
Q200,P31,Q13366104
Q200,P31,Q1486643
Q200,P31,Q1103699
Q200,P31,Q11606
Q200,P31,Q1136880
Q200,P31,Q47577
Q200,P31,Q1462591
Q200,P31,Q12786684
Q200,P910,Q8207878
Q200,P1535,Q111124
Q200,P1535,Q1136880
Q200,P1889,Q19647
Q200,P1889,Q28469712
Q200,P1889,Q40134
Q200,P1889,Q2752630
Q200,P5236,Q200
Q200,P2959,Q56446855
Q200,P2959,Q60455094
Q200,P2959,Q60455095
Q200,P2959,Q60455159
Q200,P2959,Q89812726
Q200,P461,Q3827340
Q200,P461,Q2114394
Q3905910,P31,Q4167410
Q3796889,P279,Q10715094
Q3796889,P127,Q41187
Q3756093,P31,Q4167410
Q361983,P31,Q4167410
Q361983,P1889,Q19823358
Q20590418,P31,Q2094158
Q20590418,P17,Q25
Q20590418,P17,Q145
Q20590418,P361,Q769782
Q20590418,P131,Q650682
Q20590418,P159,Q1226281
Q20590418,P159,Q6661071
Q20590418,P7959,Q5256625
Q353304,P31,Q4167410
Q353304,P1889,Q10544275
Q353304,P1889,Q37463868
Q353304,P460,Q1022892
Q260126,P31,Q47574
Q260126,P31,Q82047057
Q260126,P111,Q256106
Q19927694,P31,Q4167410
Q152220,P910,Q6954856
Q152220,P31,Q17149090
Q152220,P31,Q17127659
Q152220,P1142,Q7057435
Q152220,P1142,Q1186368
Q152220,P1142,Q28136245
Q152220,P1142,Q389647
Q152220,P1142,Q1202972
Q152220,P1142,Q189280
Q152220,P1142,Q507238
Q152220,P17,Q43
Q152220,P488,Q191530
Q152220,P488,Q616132
Q152220,P488,Q25476922
Q152220,P488,Q611767
Q152220,P1387,Q1129409
Q152220,P159,Q1511240
Q152220,P159,Q205047
Q152220,P749,Q1779776
Q152220,P740,Q207031
Q152220,P3461,Q30
Q152220,P3461,Q145
Q152220,P3461,Q408
Q152220,P3461,Q227
Q152220,P3461,Q16
Q152220,P3461,Q213
Q152220,P3461,Q183
Q152220,P3461,Q794
Q152220,P3461,Q17
Q152220,P3461,Q232
Q152220,P3461,Q813
Q152220,P3461,Q29999
Q152220,P3461,Q664
Q152220,P3461,Q858
Q152220,P3461,Q43
Q152220,P3461,Q29
Q152220,P1889,Q344583
Q248331,P31,Q4167410
Q40359,P31,Q4167410
Q442183,P31,Q4167410
Q2407485,P31,Q4167410
Q2407485,P1889,Q37091676
Q1351452,P31,Q4167410
Q4636423,P31,Q4167410
Q4643801,P31,Q4167410
Q405347,P31,Q4167410
Q225575,P31,Q4167410
Q229201,P31,Q4167410
Q103375,P31,Q4167410
Q103375,P1889,Q86666707
Q103375,P1889,Q5972929
Q103375,P1889,Q6061707
Q103375,P1889,Q48834299
Q103375,P1889,Q6061720
Q103375,P1889,Q3801071
Q103375,P1889,Q16566275
Q103375,P1889,Q3801073
Q989,P1598,Q953375
Q989,P1598,Q62701
Q989,P1598,Q1442366
Q989,P22,Q2085290
Q989,P19,Q212856
Q989,P20,Q145093
Q989,P27,Q36
Q989,P27,Q237
Q989,P27,Q207272
Q989,P119,Q12512
Q989,P103,Q809
Q989,P39,Q948657
Q989,P39,Q19546
Q989,P39,Q45722
Q989,P39,Q17375334
Q989,P39,Q611644
Q989,P39,Q48629921
Q989,P39,Q75178
Q989,P39,Q948657
Q989,P69,Q246887
Q989,P69,Q9379710
Q989,P69,Q175529
Q989,P509,Q438971
Q989,P509,Q183134
Q989,P509,Q11085
Q989,P509,Q12152
Q989,P411,Q43115
Q989,P411,Q2369287
Q989,P411,Q51619
Q989,P411,Q869974
Q989,P166,Q152337
Q989,P166,Q84020
Q989,P166,Q17144
Q989,P166,Q721743
Q989,P166,Q55697
Q989,P166,Q946960
Q989,P166,Q1423841
Q989,P166,Q93716
Q989,P166,Q7349636
Q989,P166,Q20853550
Q989,P166,Q207826
Q989,P166,Q2566385
Q989,P166,Q15279719
Q989,P166,Q16750686
Q989,P166,Q7611546
Q989,P166,Q59588615
Q989,P166,Q9395567
Q989,P166,Q65010046
Q989,P463,Q1633152
Q989,P841,Q2957
Q989,P31,Q5
Q989,P910,Q7011508
Q989,P1050,Q11085
Q989,P106,Q104050302
Q989,P106,Q49757
Q989,P106,Q82955
Q989,P106,Q860918
Q989,P106,Q36180
Q989,P106,Q1476215
Q989,P106,Q121594
Q989,P106,Q4964182
Q989,P106,Q7834465
Q989,P140,Q9592
Q989,P735,Q1446906
Q989,P735,Q1124825
Q989,P735,Q19688659
Q989,P735,Q17493832
Q989,P735,Q4391614
Q989,P735,Q69242302
Q989,P25,Q5371654
Q989,P1412,Q809
Q989,P1412,Q143
Q989,P1412,Q652
Q989,P1412,Q1321
Q989,P1412,Q150
Q989,P1412,Q188
Q989,P1412,Q397
Q989,P1343,Q17378135
Q989,P1343,Q1186818
Q989,P1343,Q59920205
Q989,P1343,Q67311526
Q989,P1343,Q99413897
Q989,P1343,Q99413897
Q989,P1196,Q3739104
Q989,P172,Q1026
Q989,P3373,Q3505550
Q989,P512,Q1984623
Q989,P937,Q220
Q989,P937,Q237
Q989,P793,Q125375
Q989,P793,Q41463697
Q989,P793,Q41463713
Q989,P793,Q41154026
Q989,P793,Q201676
Q989,P793,Q51620
Q989,P793,Q51621
Q989,P734,Q56541347
Q989,P108,Q189441
Q989,P108,Q175529
Q989,P1344,Q2099655
Q989,P1344,Q1421431
Q989,P1344,Q1754441
Q989,P1344,Q169789
Q989,P21,Q6581097
Q989,P1441,Q9393313
Q989,P6886,Q809
Q989,P6886,Q150
Q989,P6886,Q397
Q989,P6886,Q652
Q989,P184,Q22298495
Q127942,P31,Q4167410
Q341034,P31,Q4167410
Q341034,P1889,Q11729459
Q396092,P31,Q4167410
Q227941,P31,Q4167410
Q232204,P31,Q4167410
Q232204,P1889,Q12044466
Q232204,P1889,Q37440124
Q424587,P31,Q4167410
Q27787981,P31,Q4167410
Q3778100,P31,Q2001305
Q3778100,P17,Q27
Q3778100,P1889,Q4636336
Q4641061,P31,Q4167410
Q2819628,P31,Q4167410
Q5204161,P31,Q4167410
Q226041,P31,Q4167410
Q421691,P31,Q4167410
Q1029536,P155,Q1028854
Q1029536,P156,Q1029186
Q1029536,P279,Q825762
Q1029536,P6889,Q1050485
Q362536,P31,Q4167410
Q15069182,P279,Q28935403
Q257962,P31,Q4167410
Q568774,P31,Q4022
Q568774,P403,Q1670
Q568774,P17,Q183
Q568774,P131,Q980
Q568774,P1200,Q6350976
Q568774,P4614,Q1434368
Q568774,P469,Q1470390
Q568774,P974,Q829166
Q568774,P974,Q829181
Q568774,P974,Q872945
Q568774,P974,Q873195
Q568774,P974,Q1233533
Q568774,P974,Q14304475
Q359543,P31,Q4167410
Q446880,P31,Q4167410
Q363369,P31,Q4167410
Q64358128,P31,Q4167410
Q1017662,P17,Q227
Q1017662,P31,Q515
Q1017662,P1464,Q10175859
Q1017662,P1740,Q10175932
Q1017662,P1792,Q18784115
Q1017662,P910,Q17457653
Q1017662,P421,Q6779
Q1017662,P131,Q330796
Q1017662,P131,Q2592878
Q1017662,P1791,Q32937018
Q1017662,P1376,Q330796
Q1017662,P6,Q12842335
Q1017662,P37,Q9292
Q429852,P31,Q215380
Q429852,P136,Q131578
Q429852,P740,Q17
Q429852,P264,Q513712
Q429852,P495,Q17
Q1822445,P31,Q4167410
Q258086,P31,Q4167410
Q16248449,P31,Q4167410
Q793758,P31,Q4167410
Q240494,P31,Q4167410
Q224769,P31,Q4167410
Q425078,P31,Q11173
Q425078,P972,Q90481889
Q689087,P31,Q532
Q689087,P31,Q685309
Q689087,P31,Q70208
Q689087,P17,Q39
Q689087,P131,Q834
Q689087,P1366,Q70704
Q3339116,P31,Q2001982
Q3339116,P31,Q235557
Q64358054,P31,Q4167410
Q11917118,P31,Q101352
Q11917118,P1889,Q9325780
Q11917118,P282,Q8229
Q11917118,P407,Q9058
Q11917118,P5323,Q81945591
Q3596738,P31,Q4167410
Q4633129,P31,Q4167410
Q4642442,P31,Q4167410
Q184128,P31,Q23847174
Q184128,P1269,Q748
Q184128,P1269,Q9089
Q184128,P1269,Q9232
Q45108,P1672,Q1426327
Q45108,P1672,Q911332
Q45108,P1672,Q47089651
Q45108,P1672,Q818405
Q45108,P1672,Q27668401
Q45108,P105,Q7432
Q45108,P171,Q161100
Q45108,P31,Q16521
Q45108,P910,Q18698586
Q45108,P1343,Q2657718
Q45108,P4000,Q147768
Q205371,P31,Q4167410
Q218770,P31,Q4167410
Q8045785,P31,Q4167410
Q2816465,P31,Q4167410
Q486825,P740,Q18632575
Q486825,P358,Q2483299
Q486825,P31,Q215380
Q486825,P136,Q11366
Q486825,P910,Q9823458
Q486825,P495,Q16
Q486825,P264,Q27184
Q486825,P527,Q349551
Q486825,P1424,Q14346694
Q23350,P31,Q49008
Q23350,P31,Q186875
Q23350,P31,Q21199
Q23350,P31,Q13366129
Q23350,P31,Q190899
Q23350,P31,Q14390354
Q23350,P31,Q967999
Q23350,P31,Q1990975
Q23350,P31,Q951293
Q23350,P31,Q1318413
Q23350,P31,Q12786684
Q23350,P31,Q10338607
Q23350,P910,Q19799139
Q23350,P5236,Q23350
Q23350,P2959,Q56639969
Q23350,P2959,Q60455131
Q23350,P2959,Q89813185
Q23350,P2959,Q89813562
Q23350,P461,Q10728830
Q23350,P1889,Q28469717
Q23350,P1889,Q17954706
Q23350,P1343,Q602358
Q229678,P31,Q4167410
Q340702,P31,Q4167410
Q422541,P31,Q4167410
Q1563678,P31,Q4167410
Q5976904,P31,Q4167410
Q5976904,P1889,Q61940898
Q5976904,P1889,Q65080213
Q5976904,P1889,Q56145692
Q5976904,P1889,Q99528815
Q5976904,P1889,Q99528839
Q224853,P31,Q4167410
Q360013,P31,Q4167410
Q217400,P31,Q4167410
Q420936,P31,Q4167410
Q227968,P31,Q4167410
Q1533748,P31,Q4167410
Q4007000,P31,Q4167410
Q222038,P31,Q4167410
Q347720,P31,Q4167410
Q4646365,P31,Q4167410
Q247695,P31,Q4167410
Q4113827,P1995,Q123028
Q4113827,P279,Q9386039
Q4113827,P279,Q727096
Q4113827,P828,Q2834381
Q2005765,P31,Q4167410
Q350051,P31,Q4167410
Q227646,P31,Q4167410
Q3784040,P31,Q4167410
Q360590,P31,Q4167410
Q360590,P460,Q636679
Q360590,P1343,Q2041543
Q298021,P31,Q4167410
Q298021,P1889,Q10786776
Q298021,P1889,Q96240828
Q396128,P31,Q4167410
Q396128,P1889,Q815612
Q396128,P1889,Q3913180
Q396128,P1889,Q4882782
Q396128,P1889,Q102278424
Q1322786,P461,Q862761
Q1322786,P279,Q77613467
Q1322786,P279,Q211548
Q1322786,P279,Q213363
Q1322786,P279,Q89241524
Q1322786,P2670,Q77614854
Q12538706,P910,Q7144594
Q12538706,P31,Q614112
Q12538706,P1889,Q210521
Q12538706,P279,Q12049995
Q324603,P31,Q4830453
Q324603,P31,Q6881511
Q324603,P159,Q16555
Q324603,P452,Q11661
Q324603,P156,Q80978
Q324603,P155,Q690079
Q324603,P112,Q7356151
Q324603,P17,Q30
Q324603,P127,Q80978
Q324603,P1454,Q891723
Q324603,P910,Q25130687
Q324603,P1056,Q7397
Q324603,P749,Q80978
Q324603,P1365,Q690079
Q34505,P105,Q7432
Q34505,P141,Q278113
Q34505,P31,Q16521
Q34505,P171,Q629680
Q34505,P279,Q729
Q34505,P910,Q55330105
Q34505,P1672,Q17339713
Q571571,P1343,Q2041543
Q571571,P279,Q11024
Q571571,P361,Q77468620
Q571571,P31,Q9415
Q571571,P1269,Q9418
Q571571,P1382,Q4122037
Q571571,P910,Q9112283
Q3332814,P31,Q3550873
Q3332814,P111,Q71699827
Q39369,P31,Q208469
Q39369,P31,Q68618328
Q39369,P31,Q69197847
Q39369,P31,Q82047057
Q39369,P111,Q11652
Q39369,P138,Q41257
Q39369,P1343,Q26711932
Q39369,P1343,Q20078554
Q39369,P460,Q5198171
Q1423458,P31,Q95074
Q1423458,P31,Q25885414
Q1423458,P31,Q17624054
Q1423458,P31,Q15773347
Q1423458,P31,Q18616317
Q1423458,P910,Q7852114
Q1423458,P170,Q1344451
Q1423458,P170,Q927759
Q1423458,P7047,Q1470558
Q1423458,P1441,Q28859760
Q1423458,P175,Q1315977
Q1423458,P8345,Q28859760
Q564168,P31,Q4167410
Q1748,P17,Q35
Q1748,P31,Q5119
Q1748,P31,Q1549591
Q1748,P31,Q51929311
Q1748,P131,Q26073
Q1748,P910,Q7115523
Q1748,P190,Q956
Q1748,P190,Q64
Q1748,P190,Q4361
Q1748,P190,Q23482
Q1748,P190,Q1085
Q1748,P190,Q1764
Q1748,P190,Q1757
Q1748,P190,Q226
Q1748,P190,Q585
Q1748,P190,Q506250
Q1748,P190,Q10704
Q1748,P190,Q9899
Q1748,P190,Q391461
Q1748,P1464,Q9802975
Q1748,P1465,Q9686686
Q1748,P1740,Q19363073
Q1748,P1792,Q7119075
Q1748,P1376,Q35
Q1748,P1376,Q62623
Q1748,P1376,Q756617
Q1748,P1376,Q62651
Q1748,P1343,Q4173137
Q1748,P1343,Q19180675
Q1748,P1343,Q602358
Q1748,P1343,Q4114391
Q1748,P1343,Q2041543
Q1748,P1343,Q80437693
Q1748,P1343,Q3181656
Q1748,P206,Q104662
Q1748,P1791,Q13249215
Q1748,P6,Q113921
Q1748,P1151,Q56678216
Q1748,P1441,Q2385
Q1748,P421,Q25989
Q1748,P793,Q18647190
Q1748,P793,Q12323418
Q1748,P793,Q54092720
Q1748,P793,Q30607624
Q1748,P7867,Q83991859
Q1748,P8744,Q16323983
Q19920078,P31,Q4167410
Q16775053,P31,Q4167410
Q15119658,P31,Q101352
Q15119658,P282,Q8229
Q15119658,P1889,Q394611
Q15119658,P407,Q9056
Q15119658,P407,Q9058
Q15119658,P460,Q15119657
Q15119658,P460,Q15043091
Q15119658,P5323,Q81945591
Q2922301,P279,Q11461
Q2922301,P460,Q86913216
Q10438,P910,Q7009468
Q10438,P31,Q8928
Q10438,P1343,Q2657718
Q10438,P138,Q45614
Q10438,P361,Q1998069
Q10438,P47,Q10576
Q10438,P47,Q9302
Q10438,P47,Q8864
Q10438,P1424,Q14336011
Q404994,P31,Q4167410
Q1199356,P279,Q188860
Q1199356,P31,Q17155032
Q1199356,P1269,Q9143
Q273112,P361,Q1471505
Q273112,P361,Q2301005
Q273112,P279,Q193291
Q273112,P279,Q2239243
Q273112,P279,Q8028
Q273112,P279,Q1350132
Q273112,P1343,Q3181656
Q3155409,P31,Q169358
Q3155409,P31,Q8072
Q3155409,P17,Q298
Q3155409,P30,Q18
Q3155409,P3815,Q7569620
Q3155409,P4552,Q1132259
Q3155409,P131,Q252104
Q8069268,P31,Q4167410
Q351292,P31,Q4167410
Q351292,P1889,Q20155708
Q351292,P1889,Q12010490
Q351292,P1889,Q1130812
Q351292,P1889,Q9656852
Q351292,P1889,Q2989499
Q351292,P1889,Q12010491
Q2844542,P1889,Q20284989
Q2844542,P1343,Q1970746
Q2844542,P279,Q60539479
Q21492306,P31,Q101352
Q21492306,P1889,Q437379
Q21492306,P460,Q21502018
Q21492306,P460,Q12769144
Q21492306,P460,Q36976624
Q21492306,P282,Q8229
Q1156462,P279,Q158970
Q16889909,P31,Q21278897
Q5004124,P31,Q4167410
Q5004124,P1889,Q37521049
Q526046,P910,Q8853365
Q526046,P279,Q1190058
Q526046,P31,Q179405
Q526046,P1343,Q4532138
Q392189,P17,Q16
Q392189,P131,Q340
Q392189,P31,Q557206
Q392189,P31,Q3918
Q392189,P31,Q45400320
Q392189,P910,Q8885221
Q392189,P1075,Q3121596
Q392189,P1075,Q95714672
Q392189,P3876,Q8885223
Q392189,P463,Q4810036
Q392189,P463,Q647039
Q392189,P355,Q30264321
Q392189,P355,Q30265855
Q392189,P355,Q7896819
Q392189,P355,Q3064263
Q392189,P355,Q6537505
Q392189,P355,Q100604958
Q392189,P4195,Q6376149
Q392189,P1416,Q1346473
Q392189,P1416,Q1032195
Q392189,P1830,Q512886
Q225236,P1889,Q16825265
Q225236,P1889,Q16256658
Q225236,P31,Q4167410
Q225236,P460,Q4049497
Q5727902,P31,Q1969448
Q5727902,P31,Q19798642
Q5727902,P1269,Q205892
Q5727902,P1889,Q21818619
Q5727902,P1889,Q60070514
Q5727902,P1889,Q18122778
Q170397,P910,Q8549961
Q170397,P31,Q317623
Q170397,P361,Q418
Q170397,P1889,Q179748
Q3929317,P1343,Q2657718
Q3929317,P1889,Q56761900
Q3929317,P1889,Q16865737
Q3929317,P460,Q747713
Q3929317,P31,Q213016
Q3929317,P279,Q179635
Q3929317,P461,Q4311765
Q3929317,P2283,Q29477614
Q27791478,P31,Q4167410
Q1166633,P31,Q4167410
Q1166633,P460,Q452253
Q1166633,P460,Q12338201
Q1166633,P460,Q1110707
Q1166633,P1889,Q3597757
Q1166633,P1889,Q56393677
Q345321,P460,Q2349814
Q345321,P31,Q2738074
Q345321,P1382,Q6812827
Q451918,P31,Q4167410
Q451918,P1889,Q16870816
Q63623,P31,Q4167410
Q63623,P1889,Q29048572
Q63623,P1889,Q52582518
Q97738996,P31,Q4167410
Q97738996,P460,Q1498034
Q97738996,P460,Q97739042
Q97738996,P460,Q97739153
Q97738996,P460,Q97739609
Q97738996,P1889,Q924970
Q228372,P31,Q4167410
Q228372,P1889,Q3894860
Q228372,P1889,Q14626282
Q228372,P460,Q911733
Q1173671,P31,Q4167410
Q209338,P17,Q30
Q209338,P31,Q1093829
Q209338,P31,Q1549591
Q209338,P910,Q10193496
Q209338,P131,Q108127
Q209338,P1464,Q18201441
Q209338,P47,Q490434
Q209338,P47,Q983853
Q209338,P1465,Q24083345
Q209338,P421,Q847142
Q209338,P421,Q2204
Q209338,P421,Q2212
Q209338,P1792,Q10162805
Q7113755,P31,Q4167410
Q343527,P31,Q4167410
Q11471034,P31,Q4167410
Q7832817,P31,Q4167410
Q224621,P31,Q4167410
Q224621,P910,Q9848655
Q639762,P407,Q652
Q639762,P407,Q188
Q639762,P407,Q7411
Q639762,P31,Q12308941
Q639762,P460,Q1159023
Q639762,P460,Q2123119
Q639762,P460,Q17492907
Q639762,P460,Q1557773
Q639762,P460,Q15818743
Q639762,P460,Q17492995
Q639762,P460,Q18190949
Q639762,P460,Q20010092
Q639762,P460,Q47785946
Q639762,P1889,Q9282577
Q639762,P1533,Q18324624
Q639762,P282,Q8229
Q639762,P5323,Q21644845
Q639762,P2354,Q3834571
Q639762,P1343,Q151
Q37064132,P31,Q101352
Q37064132,P282,Q8229
Q37064132,P5323,Q92953148
Q125725,P31,Q4167410
Q179289,P279,Q930933
Q179289,P910,Q7211634
Q179289,P361,Q8078
Q179289,P361,Q18121382
Q179289,P527,Q2574811
Q179289,P527,Q261155
Q179289,P461,Q1717246
Q179289,P2579,Q156318
Q179289,P1343,Q3181656
Q179289,P1343,Q4532138
Q297903,P31,Q4167410
Q243732,P31,Q4167410
Q243732,P1889,Q37547361
Q2068804,P279,Q28877
Q2754261,P31,Q4167410
Q2754261,P1889,Q37573747
Q241751,P31,Q4167410
Q5025838,P31,Q811909
Q5025838,P361,Q488094
Q1444548,P31,Q101352
Q1444548,P31,Q17143070
Q1444548,P1889,Q1444554
Q1444548,P282,Q8229
Q1444548,P460,Q11969879
Q1444548,P460,Q16870014
Q1444548,P407,Q188
Q41803,P31,Q3647172
Q41803,P31,Q208469
Q41803,P31,Q82047053
Q41803,P361,Q26240
Q41803,P111,Q11423
Q41803,P279,Q42531880
Q41803,P1343,Q602358
Q3051870,P31,Q11879590
Q3051870,P1750,Q2393
Q3051870,P1533,Q5830084
Q3051870,P407,Q1321
Q3051870,P407,Q7411
Q3051870,P407,Q652
Q3051870,P1889,Q15427561
Q3051870,P1560,Q1334234
Q3051870,P1560,Q47869977
Q3051870,P282,Q8229
Q3051870,P460,Q33101752
Q3051870,P460,Q20088046
Q3051870,P460,Q48775036
Q3051870,P460,Q21132625
Q3051870,P5323,Q21644845
Q1485529,P31,Q4167410
Q1485529,P1889,Q1479191
Q1512068,P17,Q36
Q1512068,P279,Q532
Q1512068,P279,Q855451
Q1512068,P31,Q28872924
Q472760,P910,Q8790701
Q472760,P279,Q2342494
Q472760,P1343,Q602358
Q472760,P1343,Q1768721
Q424713,P31,Q4167410
Q424713,P1889,Q12709488
Q1769702,P31,Q4830453
Q1769702,P910,Q8829918
Q1769702,P159,Q1503983
Q1769702,P749,Q173395
Q1769702,P1454,Q14942889
Q1769702,P1365,Q19509637
Q1769702,P355,Q12005160
Q1769702,P452,Q5358497
Q1769702,P452,Q418
Q1769702,P17,Q20
Q223127,P31,Q4830453
Q223127,P31,Q6881511
Q223127,P31,Q18388277
Q223127,P112,Q118056
Q223127,P112,Q3903138
Q223127,P112,Q3762176
Q223127,P159,Q807
Q223127,P159,Q850812
Q223127,P169,Q3119209
Q223127,P414,Q82059
Q223127,P414,Q661834
Q223127,P452,Q179310
Q223127,P910,Q9008172
Q223127,P1454,Q166280
Q223127,P1056,Q250
Q223127,P1056,Q7987
Q223127,P1056,Q20140
Q223127,P1056,Q46384
Q223127,P1056,Q865422
Q223127,P1056,Q29576
Q223127,P1056,Q1209975
Q223127,P1056,Q697434
Q223127,P1056,Q17517
Q223127,P1056,Q7397
Q223127,P740,Q43202
Q223127,P361,Q17591621
Q223127,P1830,Q7540571
Q223127,P463,Q1361045
Q223127,P355,Q867526
Q223127,P355,Q24206907
Q223127,P355,Q4929431
Q403764,P31,Q4167410
Q2734755,P279,Q56147803
Q1937841,P31,Q4830453
Q1937841,P159,Q16553
Q1937841,P485,Q964035
Q1937841,P17,Q30
Q173431,P279,Q175805
Q173431,P366,Q5297
Q173431,P366,Q165678
Q173431,P366,Q267416
Q173431,P366,Q80831
Q173431,P366,Q210745
Q173431,P61,Q466499
Q173431,P31,Q80831
Q52468,P31,Q1093829
Q52468,P17,Q30
Q52468,P131,Q27229
Q52468,P1464,Q9226247
Q52468,P1465,Q9219360
Q52468,P910,Q9232939
Q52468,P47,Q482609
Q52468,P47,Q23443
Q52468,P47,Q482435
Q52468,P421,Q3134980
Q52468,P1792,Q10162514
Q52468,P163,Q65733569
Q347008,P31,Q4167410
Q152864,P1056,Q4321
Q152864,P1056,Q4308
Q152864,P1056,Q7987
Q152864,P1056,Q250
Q152864,P1056,Q3962
Q152864,P1056,Q5290
Q152864,P1056,Q4492
Q152864,P1056,Q3407440
Q152864,P1056,Q4343
Q152864,P1056,Q16338
Q152864,P1056,Q3966
Q152864,P1056,Q7397
Q152864,P1056,Q22645
Q152864,P31,Q4830453
Q152864,P31,Q431289
Q152864,P31,Q6881511
Q152864,P31,Q18388277
Q152864,P138,Q162797
Q152864,P910,Q8273669
Q152864,P414,Q548621
Q152864,P159,Q1867
Q152864,P17,Q865
Q152864,P355,Q4046573
Q152864,P355,Q29000341
Q152864,P355,Q55639089
Q152864,P1454,Q134161
Q152864,P452,Q5358497
Q152864,P1830,Q300784
Q152864,P463,Q1361045
Q226548,P31,Q4167410
Q226548,P460,Q352807
Q226548,P460,Q1178473
Q226548,P460,Q1182264
Q226548,P460,Q1586295
Q226548,P460,Q6170807
Q226548,P1889,Q20631613
Q226548,P1889,Q10859343
Q6056647,P279,Q11660269
Q6056647,P31,Q1310239
Q251759,P31,Q4167410
Q251759,P460,Q9264877
Q36850,P17,Q117
Q36850,P31,Q34770
Q36850,P31,Q2630831
Q36850,P31,Q1288568
Q36850,P282,Q8229
Q36850,P279,Q1658486
Q36850,P4132,Q651641
Q36850,P7084,Q84970617
Q36850,P1889,Q1656014
Q36850,P910,Q32149601
Q716794,P910,Q9457953
Q716794,P157,Q1027691
Q716794,P172,Q6672460
Q716794,P22,Q1154861
Q716794,P25,Q939694
Q716794,P21,Q6581097
Q716794,P40,Q1752322
Q716794,P40,Q1751491
Q716794,P40,Q1984461
Q716794,P40,Q1769879
Q716794,P40,Q1982793
Q716794,P40,Q1994025
Q716794,P40,Q431704
Q716794,P31,Q203904
Q716794,P26,Q2475686
Q716794,P53,Q2472713
Q716794,P1080,Q81738
Q716794,P1441,Q79762
Q716794,P39,Q12097
Q716794,P3373,Q15363695
Q716794,P3373,Q13636183
Q716794,P3373,Q217190
Q716794,P3373,Q1135676
Q716794,P7047,Q80453
Q172157,P190,Q3874
Q172157,P17,Q145
Q172157,P17,Q174193
Q172157,P17,Q161885
Q172157,P17,Q179876
Q172157,P17,Q105313
Q172157,P31,Q515
Q172157,P31,Q1357964
Q172157,P131,Q1094226
Q172157,P910,Q8085340
Q172157,P1464,Q7930618
Q172157,P1465,Q9220396
Q172157,P1792,Q9238102
Q172157,P1376,Q105313
Q172157,P1376,Q179876
Q172157,P1376,Q1094226
Q172157,P1376,Q23204
Q172157,P47,Q15242520
Q172157,P421,Q6574
Q172157,P1343,Q20078554
Q172157,P1343,Q602358
Q172157,P1791,Q7978535
Q172157,P7867,Q84059387
Q172157,P7959,Q67531563
Q5535434,P31,Q4167410
Q1460347,P31,Q11032
Q348894,P31,Q4167410
Q7564859,P31,Q4167410
Q7860391,P17,Q96
Q6669413,P31,Q4167410
Q6669413,P1889,Q37513621
Q5427203,P31,Q4167410
Q264554,P279,Q7892
Q264554,P279,Q13417200
Q264554,P279,Q147538
Q264554,P910,Q8343712
Q264554,P461,Q56410950
Q264554,P1382,Q1049049
Q264554,P1343,Q3181656
Q264554,P1343,Q63284758
Q7172809,P31,Q5
Q7172809,P21,Q6581097
Q7172809,P27,Q30
Q7172809,P106,Q40348
Q7172809,P102,Q29468
Q7172809,P735,Q2793400
Q7172809,P69,Q5546035
Q7172809,P69,Q115376
Q7172809,P19,Q1375920
Q228898,P31,Q4167410
Q228898,P1889,Q25114481
Q228898,P1889,Q88543078
Q170612,P910,Q8834551
Q170612,P1343,Q2657718
Q170612,P279,Q332102
Q170612,P279,Q11024
Q170612,P31,Q1047698
Q220437,P31,Q23413
Q220437,P31,Q1134237
Q220437,P17,Q145
Q443764,P31,Q4167410
Q1217912,P31,Q4167410
Q1217912,P1889,Q20089345
Q1217912,P1889,Q854795
Q1217912,P1889,Q4502336
Q133151,P21,Q6581097
Q133151,P358,Q765381
Q133151,P19,Q2256
Q133151,P27,Q145
Q133151,P463,Q47670
Q133151,P26,Q24042958
Q133151,P26,Q1806985
Q133151,P40,Q231182
Q133151,P40,Q724791
Q133151,P40,Q405565
Q133151,P40,Q24042713
Q133151,P40,Q24042836
Q133151,P40,Q6030028
Q133151,P910,Q8902622
Q133151,P31,Q5
Q133151,P106,Q488205
Q133151,P106,Q36834
Q133151,P106,Q33999
Q133151,P106,Q177220
Q133151,P106,Q639669
Q133151,P136,Q38848
Q133151,P136,Q83270
Q133151,P136,Q1133657
Q133151,P136,Q186170
Q133151,P136,Q2045695
Q133151,P1303,Q17172850
Q133151,P1303,Q52954
Q133151,P1303,Q51290
Q133151,P140,Q6423963
Q133151,P264,Q216364
Q133151,P551,Q23229
Q133151,P551,Q65
Q133151,P1412,Q1860
Q133151,P412,Q27914
Q133151,P2632,Q5635137
Q133151,P166,Q919095
Q133151,P735,Q4925477
Q133151,P735,Q4927524
Q133151,P735,Q83379505
Q133151,P734,Q37512228
Q133151,P6275,Q373087
Q133151,P1343,Q67311526
Q133151,P1050,Q11085
Q133151,P7763,Q73555012
Q675937,P57,Q313566
Q675937,P31,Q11424
Q675937,P58,Q1335583
Q675937,P58,Q313566
Q675937,P58,Q934811
Q675937,P161,Q208649
Q675937,P161,Q311615
Q675937,P161,Q229784
Q675937,P161,Q40337
Q675937,P161,Q439163
Q675937,P161,Q722038
Q675937,P161,Q450344
Q675937,P161,Q119966
Q675937,P161,Q19848909
Q675937,P161,Q531195
Q675937,P344,Q978315
Q675937,P162,Q6832300
Q675937,P136,Q860626
Q675937,P136,Q663106
Q675937,P136,Q859369
Q675937,P136,Q130232
Q675937,P840,Q99
Q675937,P495,Q30
Q675937,P364,Q1860
Q675937,P1411,Q102427
Q675937,P1411,Q106301
Q675937,P1411,Q106291
Q675937,P1411,Q103360
Q675937,P1411,Q107258
Q675937,P915,Q99
Q675937,P915,Q16552
Q675937,P1040,Q301846
Q675937,P86,Q860670
Q675937,P166,Q107258
Q675937,P166,Q1966965
Q675937,P750,Q1097348
Q675937,P272,Q953040
Q675937,P462,Q22006653
Q675937,P1981,Q20644795
Q675937,P3650,Q28732985
Q675937,P1552,Q45171911
Q675937,P5970,Q56887384
Q675937,P2758,Q23817729
Q79407829,P31,Q4167410
Q79407829,P1889,Q898353
Q79407829,P1889,Q14167942
Q79407829,P460,Q977582
Q4895393,P279,Q17852731
Q6849437,P31,Q4167410
Q16784911,P31,Q4167410
Q1182762,P31,Q4167410
Q25303092,P31,Q4830453
Q25303092,P112,Q4893305
Q398887,P31,Q4167410
Q398887,P1889,Q6037486
Q398887,P1889,Q100878615
Q398887,P460,Q16878586
Q2350778,P31,Q4167410
Q2350778,P1889,Q37306297
Q178022,P61,Q216295
Q178022,P910,Q8458575
Q178022,P31,Q11854279
Q178022,P1343,Q2657718
Q178022,P279,Q904206
Q178022,P2283,Q2050786
Q178022,P2579,Q904206
Q5554853,P31,Q4167410
Q5554853,P1343,Q2657718
Q5554853,P1889,Q37551246
Q207535,P21,Q6581097
Q207535,P910,Q8672834
Q207535,P31,Q13002315
Q207535,P31,Q15632617
Q207535,P735,Q1068487
Q207535,P27,Q183
Q207535,P27,Q146246
Q207535,P1343,Q19180675
Q207535,P1343,Q602358
Q207535,P1343,Q42735522
Q207535,P106,Q102083
Q207535,P3091,Q1656977
Q207535,P20,Q917891
Q207535,P1441,Q185427
Q207535,P1441,Q48922
Q207535,P97,Q3519259
Q207535,P509,Q210392
Q207535,P1830,Q640832
Q207535,P1830,Q1656977
Q225770,P31,Q4167410
Q296943,P31,Q4167410
Q296943,P1889,Q4236404
Q5251118,P31,Q4167410
Q32541,P31,Q577
Q32541,P361,Q236824
Q32541,P155,Q31001
Q32541,P156,Q31588
Q32541,P910,Q6553114
Q32541,P2959,Q31800323
Q41716,P279,Q6452502
Q41716,P1889,Q132814
Q41716,P1889,Q6452502
Q41716,P1552,Q11466
Q41716,P2579,Q11473
Q2078905,P279,Q730920
Q2078905,P3095,Q15982644
Q2078905,P361,Q77468620
Q36074,P1151,Q13376403
Q36074,P17,Q408
Q36074,P36,Q34932
Q36074,P47,Q35715
Q36074,P47,Q3224
Q36074,P47,Q3235
Q36074,P194,Q3365548
Q36074,P163,Q383109
Q36074,P131,Q408
Q36074,P31,Q5852411
Q36074,P31,Q133156
Q36074,P150,Q264641
Q36074,P150,Q805499
Q36074,P150,Q806083
Q36074,P150,Q807896
Q36074,P150,Q807974
Q36074,P150,Q880682
Q36074,P150,Q895093
Q36074,P150,Q917682
Q36074,P150,Q1004546
Q36074,P150,Q1025962
Q36074,P150,Q676334
Q36074,P150,Q1048446
Q36074,P150,Q1053796
Q36074,P150,Q1066838
Q36074,P150,Q1070208
Q36074,P150,Q740289
Q36074,P150,Q1069392
Q36074,P150,Q1067063
Q36074,P150,Q1221662
Q36074,P150,Q476477
Q36074,P150,Q1066890
Q36074,P150,Q1066809
Q36074,P150,Q925987
Q36074,P150,Q1069385
Q36074,P150,Q162021
Q36074,P150,Q1066821
Q36074,P150,Q948147
Q36074,P150,Q14320095
Q36074,P150,Q1631867
Q36074,P150,Q1066868
Q36074,P150,Q1236246
Q36074,P150,Q1593316
Q36074,P150,Q1065012
Q36074,P150,Q1782552
Q36074,P150,Q1066794
Q36074,P150,Q951713
Q36074,P150,Q37448321
Q36074,P150,Q1066859
Q36074,P150,Q667458
Q36074,P150,Q1064985
Q36074,P150,Q1948315
Q36074,P150,Q1066830
Q36074,P150,Q1066803
Q36074,P150,Q1965048
Q36074,P150,Q1069375
Q36074,P150,Q1752892
Q36074,P150,Q427631
Q36074,P150,Q1066844
Q36074,P150,Q778562
Q36074,P150,Q283252
Q36074,P150,Q1492782
Q36074,P150,Q1067044
Q36074,P150,Q201774
Q36074,P150,Q1065054
Q36074,P150,Q1065025
Q36074,P150,Q1066852
Q36074,P150,Q1065065
Q36074,P150,Q1065035
Q36074,P150,Q1066876
Q36074,P150,Q1067014
Q36074,P150,Q1276697
Q36074,P150,Q1495808
Q36074,P150,Q1066884
Q36074,P150,Q1066815
Q36074,P150,Q1069401
Q36074,P150,Q1067032
Q36074,P150,Q2593327
Q36074,P150,Q2594736
Q36074,P150,Q660227
Q36074,P150,Q1005343
Q36074,P150,Q383090
Q36074,P150,Q1016378
Q36074,P150,Q969590
Q36074,P150,Q2556322
Q36074,P910,Q7146018
Q36074,P1464,Q8057128
Q36074,P1465,Q9679127
Q36074,P190,Q8686
Q36074,P190,Q122723
Q36074,P190,Q128186
Q36074,P1740,Q18403387
Q36074,P1792,Q7234402
Q36074,P138,Q9439
Q36074,P2633,Q3123445
Q36074,P421,Q7056
Q36074,P610,Q1330376
Q36074,P1313,Q13526082
Q36074,P2184,Q3137746
Q36074,P3403,Q56649111
Q36074,P208,Q56762214
Q36074,P1365,Q28401203
Q36074,P1830,Q4968564
Q36074,P1830,Q5017709
Q36074,P1830,Q14935428
Q36074,P6364,Q25393814
Q36074,P2936,Q16112737
Q36074,P2936,Q52008172
Q36074,P2936,Q8053828
Q36074,P2936,Q788174
Q36074,P2936,Q954916
Q36074,P2936,Q2092246
Q36074,P2936,Q3446663
Q36074,P2936,Q4874263
Q36074,P2936,Q6799620
Q36074,P2936,Q2524022
Q36074,P2936,Q2567916
Q36074,P2936,Q6928192
Q36074,P2936,Q2591262
Q36074,P2936,Q4830109
Q36074,P2936,Q2591320
Q36074,P2936,Q6983809
Q36074,P2936,Q3508123
Q36074,P2936,Q3509164
Q36074,P2936,Q2980386
Q36074,P2936,Q10720039
Q36074,P2936,Q10720045
Q36074,P2936,Q10719110
Q36074,P2936,Q3913761
Q36074,P2936,Q3913770
Q36074,P2936,Q3913765
Q36074,P2936,Q3053283
Q36074,P2936,Q5515391
Q36074,P2936,Q5619998
Q36074,P2936,Q5619931
Q36074,P2936,Q5621992
Q36074,P2936,Q5621973
Q36074,P2936,Q3111818
Q36074,P2936,Q3914057
Q36074,P2936,Q5614528
Q36074,P2936,Q5615286
Q36074,P2936,Q5615186
Q36074,P2936,Q5995402
Q36074,P2936,Q3915695
Q36074,P2936,Q3915688
Q36074,P2936,Q3915702
Q36074,P2936,Q3915686
Q36074,P2936,Q3915694
Q36074,P2936,Q3915693
Q36074,P2936,Q3915711
Q36074,P2936,Q3915672
Q36074,P2936,Q3915677
Q36074,P2936,Q3915783
Q36074,P2936,Q3915680
Q36074,P2936,Q3915442
Q36074,P2936,Q4087011
Q36074,P2936,Q3915942
Q36074,P2936,Q3200468
Q36074,P2936,Q3279409
Q36074,P2936,Q4764288
Q36074,P2936,Q4683034
Q36074,P2936,Q6426526
Q36074,P2936,Q6426699
Q36074,P2936,Q6433116
Q36074,P2936,Q6444526
Q36074,P2936,Q6448718
Q36074,P2936,Q6448417
Q36074,P2936,Q7881346
Q36074,P2936,Q6448719
Q36074,P2936,Q3303475
Q36074,P2936,Q6482727
Q36074,P2936,Q8048318
Q36074,P2936,Q8039208
Q36074,P2936,Q8048335
Q36074,P2936,Q8053763
Q36074,P2936,Q7966934
Q36074,P2936,Q7961277
Q36074,P2936,Q7968201
Q36074,P2936,Q7999800
Q36074,P2936,Q7970854
Q36074,P2936,Q7960748
Q36074,P2936,Q12953954
Q36074,P2936,Q16905490
Q36074,P2936,Q16825981
Q36074,P2936,Q56543
Q36074,P2936,Q47004719
Q36074,P2936,Q48987680
Q36074,P2936,Q16954400
Q36074,P2936,Q35465
Q36074,P2936,Q35671
Q36074,P2936,Q36648
Q36074,P2936,Q34241
Q36074,P2936,Q3327389
Q36074,P2936,Q3446651
Q36074,P2936,Q3509129
Q36074,P2936,Q3915687
Q36074,P2936,Q10511225
Q36074,P2936,Q8842355
Q36074,P2936,Q10549849
Q36074,P2936,Q10549852
Q36074,P2936,Q10510783
Q36074,P2936,Q10576338
Q36074,P2936,Q10549851
Q36074,P2936,Q10511001
Q36074,P2936,Q10549854
Q36074,P2936,Q10543322
Q36074,P2936,Q10550697
Q36074,P2936,Q10550184
Q36074,P2936,Q10577017
Q36074,P2936,Q10510360
Q36074,P2936,Q10590149
Q36074,P2936,Q10604331
Q36074,P2936,Q10723454
Q36074,P2936,Q10720036
Q36074,P2936,Q10720037
Q36074,P2936,Q10719025
Q36074,P2936,Q10720035
Q36074,P2936,Q31752631
Q36074,P2936,Q47004730
Q36074,P2936,Q56809601
Q36074,P2936,Q62603022
Q36074,P2936,Q63341096
Q36074,P2936,Q63257867
Q36074,P1343,Q602358
Q36074,P7867,Q84075301
Q36074,P8402,Q97299656
Q55554050,P31,Q4167410
Q2732608,P31,Q4167410
Q1676440,P31,Q4167410
Q1676445,P31,Q4167410
Q964990,P31,Q4167410
Q3332814,P31,Q3550873
Q3332814,P111,Q71699827
Q1960514,P131,Q338296
Q1960514,P17,Q213
Q1960514,P31,Q5153359
Q1960514,P31,Q16155707
Q1960514,P47,Q2191563
Q1960514,P47,Q1615565
Q1960514,P47,Q812791
Q1960514,P47,Q2205711
Q1960514,P47,Q2215092
Q1960514,P47,Q2271673
Q1960514,P47,Q2703975
Q1960514,P910,Q28793405
Q1960514,P6885,Q39193
Q3370919,P31,Q68295960
Q3370919,P361,Q55581099
Q3370919,P17,Q34
Q3370919,P155,Q10505446
Q3370919,P155,Q2005581
Q3370919,P155,Q10536085
Q3370919,P159,Q1754
Q3370919,P749,Q1780898
Q3370919,P276,Q1754
Q3370919,P1001,Q34
Q3370919,P92,Q100588775
Q30621831,P31,Q783794
Q30621831,P1454,Q783794
Q98000229,P31,Q4167410
Q147638,P910,Q7129786
Q147638,P31,Q1665984
Q147638,P279,Q9418
Q147638,P279,Q23407
Q147638,P279,Q8162
Q147638,P279,Q23404
Q147638,P279,Q207011
Q147638,P279,Q11660
Q147638,P2578,Q9420
Q147638,P2578,Q2200417
Q147638,P527,Q11660
Q147638,P527,Q9471
Q147638,P527,Q23373
Q147638,P527,Q660910
Q147638,P527,Q508969
Q147638,P527,Q207125
Q256020,P279,Q5307737
Q256020,P279,Q11707
Q256020,P279,Q2460422
Q256020,P279,Q62602544
Q256020,P910,Q6301758
Q256020,P1889,Q898476
Q256020,P1889,Q32860419
Q256020,P1343,Q602358
Q256020,P137,Q21500306
Q256020,P3095,Q21500306
Q231825,P31,Q4167410
Q13383825,P279,Q1333024
Q13383825,P279,Q39908
Q13383825,P1889,Q1077396
Q1417378,P279,Q23824424
Q1417378,P61,Q2140315
Q1417378,P1889,Q23824436
Q1417378,P1419,Q27921428
Q40831,P1151,Q11192591
Q40831,P910,Q8391712
Q40831,P31,Q483394
Q40831,P1343,Q2657718
Q40831,P1343,Q30059240
Q40831,P1343,Q602358
Q40831,P1343,Q19180675
Q40831,P1343,Q2041543
Q40831,P279,Q838948
Q40831,P279,Q7725634
Q40831,P921,Q35874
Q40831,P1889,Q5151421
Q40831,P1889,Q1113999
Q40831,P3095,Q245068
Q15836450,P31,Q4167410
Q15836450,P1889,Q7726009
Q15836450,P1889,Q56244128
Q256873,P31,Q4167410
Q4097,P279,Q102742
Q4097,P279,Q3642920
Q4097,P517,Q11415
Q4097,P517,Q11418
Q4097,P517,Q849919
Q4097,P517,Q11412
Q4097,P1343,Q2657718
Q4097,P31,Q22675015
Q4900322,P31,Q4167410
Q2914373,P463,Q248137
Q2914373,P31,Q133442
Q2914373,P31,Q839954
Q2914373,P37,Q35726
Q2914373,P17,Q38
Q2914373,P131,Q242505
Q2914373,P1343,Q1138524
Q4428696,P31,Q101352
Q4428696,P31,Q1714800
Q4428696,P31,Q829026
Q4428696,P1889,Q2380169
Q4428696,P282,Q8229
Q4428696,P460,Q36944001
Q4428696,P460,Q16883997
Q4428696,P5323,Q81945591
Q4428696,P407,Q188
Q5619,P31,Q577
Q5619,P361,Q82319
Q5619,P155,Q5614
Q5619,P156,Q5624
Q5619,P910,Q6713662
Q5619,P2959,Q31801777
Q224025,P31,Q4167410
Q15906346,P31,Q215380
Q15906346,P495,Q30
Q15906346,P264,Q913631
Q15906346,P136,Q10922
Q247419,P31,Q4167410
Q13415686,P1889,Q3808220
Q13415686,P282,Q8229
Q13415686,P1533,Q37301436
Q13415686,P31,Q12308941
Q250391,P31,Q4167410
Q250391,P1889,Q18921114
Q250391,P1889,Q16877244
Q194404,P1343,Q2657718
Q194404,P279,Q11348
Q194404,P2737,Q23766486
Q194404,P1552,Q78056921
Q898377,P279,Q187510
Q898377,P186,Q744
Q898377,P186,Q1091
Q402830,P31,Q4167410
Q5156665,P31,Q4167410
Q105368,P279,Q429635
Q105368,P279,Q11985097
Q105368,P1343,Q2657718
Q105368,P1343,Q1970746
Q105368,P1343,Q602358
Q105368,P1343,Q19180675
Q105368,P1343,Q602358
Q105368,P1343,Q4086271
Q105368,P534,Q23444
Q105368,P556,Q473227
Q105368,P138,Q13188
Q105368,P462,Q3142
Q105368,P910,Q7255558
Q398595,P31,Q4167410
Q398595,P1889,Q16279095
Q398595,P1889,Q29571497
Q16275336,P31,Q4167410
Q16275336,P1889,Q52984092
Q5048384,P31,Q4167410
Q5048384,P1889,Q14159020
Q5048384,P1889,Q17372492
Q5048384,P1889,Q56296165
Q5048384,P460,Q12795258
Q5048384,P460,Q13606790
Q5048384,P460,Q1775176
Q5048384,P460,Q30281
Q5048384,P460,Q2295610
Q166886,P31,Q355567
Q166886,P910,Q6447657
Q166886,P1001,Q154547
Q166886,P279,Q116
Q166886,P1889,Q4593319
Q166886,P1343,Q602358
Q166886,P1343,Q20078554
Q293837,P31,Q4167410
Q1813469,P279,Q391414
Q292763,P31,Q4167410
Q1043452,P279,Q1914636
Q1043452,P279,Q3249551
Q1043452,P1687,P6440
Q1043452,P3095,Q63930359
Q1043452,P3095,Q327029
Q1043452,P361,Q69406938
Q175089,P279,Q15727345
Q175089,P910,Q7219994
Q175089,P1343,Q1768721
Q1179598,P31,Q4167410
Q1179598,P1889,Q458843
Q1179598,P1889,Q1452579
Q107626,P22,Q70899
Q107626,P25,Q830183
Q107626,P21,Q6581097
Q107626,P40,Q682531
Q107626,P910,Q8733028
Q107626,P31,Q20643955
Q107626,P460,Q2175581
Q107626,P1441,Q1810885
Q107626,P1441,Q205388
Q107626,P1441,Q393148
Q107626,P1441,Q1232616
Q107626,P1441,Q843946
Q107626,P1441,Q12490446
Q107626,P1441,Q14566195
Q107626,P1343,Q4086271
Q107626,P1343,Q4173137
Q107626,P1343,Q602358
Q107626,P3373,Q205365
Q107626,P3373,Q313421
Q107626,P3373,Q23992730
Q107626,P3373,Q5681043
Q107626,P3373,Q9639242
Q107626,P841,Q2723
Q107626,P361,Q5532615
Q107626,P1889,Q131795
Q107626,P411,Q43115
Q107626,P106,Q42857
Q107626,P26,Q23992730
Q1269781,P31,Q4167410
Q1269781,P460,Q1229197
Q1269781,P460,Q6404593
Q1269781,P1889,Q16452527
Q31528,P31,Q4936952
Q31528,P366,Q213449
Q31528,P366,Q999981
Q31528,P366,Q4918888
Q31528,P366,Q10968643
Q31528,P366,Q66024931
Q31528,P527,Q180284
Q31528,P279,Q167896
Q229146,P31,Q101352
Q229146,P1889,Q6493119
Q229146,P407,Q5287
Q229146,P407,Q652
Q229146,P460,Q26000622
Q229146,P460,Q41236943
Q229146,P460,Q28885752
Q229146,P282,Q8229
Q229146,P361,Q90034733
Q229146,P361,Q90035897
Q229146,P1552,Q89410507
Q102039327,P279,Q79984
Q102039327,P1889,Q605045
Q300101,P31,Q4167410
Q169033,P31,Q317623
Q954187,P279,Q11019
Q2047589,P1343,Q2657718
Q2047589,P1343,Q602358
Q2047589,P2579,Q272737
Q2047589,P279,Q506
Q2047589,P279,Q69575280
Q123314,P534,Q23444
Q123314,P279,Q43010
Q123314,P279,Q83437
Q123314,P1343,Q16387823
Q123314,P1343,Q20078554
Q123314,P1343,Q602358
Q123314,P1343,Q1138524
Q123314,P1343,Q2041543
Q123314,P1343,Q1210353
Q123314,P1343,Q4086271
Q123314,P1343,Q1970746
Q123314,P1343,Q19180675
Q123314,P1343,Q1768721
Q145324,P31,Q4167410
Q1066807,P17,Q30
Q1066807,P910,Q7450164
Q1066807,P31,Q82794
Q1066807,P131,Q99
Q1066807,P1464,Q32665097
Q1066807,P1792,Q32665104
Q11917609,P31,Q4167410
Q11917609,P1889,Q37049199
Q4023454,P31,Q4167410
Q214266,P31,Q2355426
Q214266,P31,Q7250609
Q214266,P910,Q55277174
Q249474,P31,Q4167410
Q249474,P1889,Q36578
Q14620,P361,Q413
Q14620,P910,Q4103352
Q14620,P31,Q4162444
Q14620,P279,Q627436
Q14620,P1889,Q618211
Q14620,P1343,Q19190511
Q14620,P3095,Q71133019
Q14620,P2578,Q9128
Q14620,P2578,Q14506045
Q14620,P2184,Q3137024
Q188447,P910,Q9657901
Q188447,P279,Q124291
Q188447,P279,Q2425052
Q188447,P279,Q811367
Q188447,P1343,Q2657718
Q188447,P1343,Q4114391
Q188447,P1343,Q4114391
Q188447,P1343,Q602358
Q188447,P1343,Q19180675
Q188447,P1343,Q23705356
Q188447,P1343,Q4114391
Q188447,P527,Q551997
Q188447,P527,Q99955064
Q188447,P527,Q2119531
Q188447,P366,Q132629
Q188447,P366,Q192043
Q188447,P1889,Q551997
Q7547992,P31,Q4167410
Q182933,P910,Q7470468
Q182933,P3374,Q12745768
Q182933,P287,Q248
Q182933,P287,Q128896
Q182933,P527,Q291904
Q182933,P527,Q904336
Q182933,P527,Q741291
Q182933,P527,Q17600
Q182933,P527,Q1471952
Q182933,P527,Q229427
Q182933,P527,Q900402
Q182933,P527,Q1152888
Q182933,P527,Q1366124
Q182933,P527,Q6011196
Q182933,P527,Q1024235
Q182933,P279,Q272683
Q182933,P1889,Q297868
Q182933,P1889,Q262238
Q182933,P1889,Q272629
Q182933,P2670,Q20816930
Q182933,P31,Q241317
Q182933,P31,Q272683
Q344255,P31,Q4167410
Q344255,P1889,Q37575747
Q8063296,P306,Q1343889
Q8063296,P31,Q1071233
Q132580,P910,Q8641390
Q132580,P361,Q180388
Q132580,P2283,Q5573447
Q132580,P186,Q37328283
Q132580,P1056,Q37328535
Q132580,P279,Q37305821
Q132580,P1889,Q919243
Q132580,P1889,Q1060794
Q132580,P4969,Q19599549
Q132580,P31,Q8187769
Q27787344,P31,Q4167410
Q407747,P31,Q60539481
Q407747,P1478,Q770480
Q407747,P361,Q77468620
Q407747,P1889,Q1588077
Q7994095,P31,Q4167410
Q7994095,P1889,Q37492365
Q7994095,P1889,Q19902142
Q21492357,P31,Q101352
Q21492357,P1889,Q924303
Q21492357,P282,Q8229
Q15725997,P31,Q101352
Q15725997,P31,Q98775491
Q15725997,P460,Q1596057
Q15725997,P460,Q1616996
Q15725997,P460,Q16842176
Q15725997,P460,Q1595911
Q15725997,P1889,Q3129460
Q15725997,P282,Q8229
Q15725997,P407,Q188
Q4680654,P31,Q4167410
Q396574,P31,Q4167410
Q12057131,P31,Q4167410
Q12057131,P1889,Q37081790
Q401635,P31,Q4167410
Q401635,P1889,Q16877432
Q401635,P1889,Q27772541
Q401635,P460,Q224657
Q401635,P460,Q363678
Q401635,P460,Q359995
Q1166337,P31,Q4167410
Q2880866,P31,Q4167410
Q224358,P460,Q2736869
Q224358,P460,Q15617217
Q224358,P31,Q4167410
Q406923,P31,Q4167410
Q256081,P31,Q4167410
Q256081,P1889,Q16419678
Q256081,P1889,Q27783959
Q1095605,P31,Q4830453
Q1095605,P17,Q30
Q1095605,P159,Q159260
Q1095605,P1056,Q7397
Q1095605,P452,Q7397
Q1095605,P749,Q312
Q451520,P31,Q4167410
Q415898,P31,Q4167410
Q219068,P31,Q4167410
Q219068,P1889,Q1417705
Q219068,P1889,Q15729650
Q219068,P1889,Q18341238
Q444265,P31,Q4167410
Q444265,P1889,Q16146667
Q170924,P910,Q8550190
Q170924,P361,Q806737
Q170924,P1343,Q2041543
Q170924,P279,Q30242023
Q1192422,P31,Q1799072
Q1192422,P31,Q66747126
Q126692,P910,Q8789058
Q126692,P1343,Q678259
Q126692,P1343,Q20743760
Q126692,P1343,Q4532138
Q126692,P941,Q47471464
Q126692,P31,Q7257
Q126692,P279,Q5891
Q126692,P3095,Q16263353
Q126692,P1889,Q3401218
Q768396,P31,Q4167410
Q2390313,P31,Q4830453
Q2390313,P112,Q312
Q2390313,P452,Q638608
Q413821,P31,Q4167410
Q413821,P1889,Q3744564
Q1882274,P31,Q12308941
Q1882274,P460,Q16421983
Q1882274,P460,Q18002399
Q1882274,P460,Q6757191
Q1882274,P460,Q17520926
Q1882274,P460,Q14948203
Q1882274,P460,Q18002404
Q1882274,P460,Q18002424
Q1882274,P460,Q16290624
Q1882274,P460,Q1586063
Q1882274,P460,Q16290633
Q1882274,P460,Q18964343
Q1882274,P460,Q12900955
Q1882274,P460,Q17744639
Q1882274,P460,Q23048763
Q1882274,P460,Q28174114
Q1882274,P282,Q8229
Q1882274,P407,Q7411
Q1882274,P5323,Q21644845
Q1882274,P5323,Q21142040
Q5128429,P31,Q4167410
Q5128429,P1889,Q541377
Q34589,P31,Q4022
Q34589,P31,Q166620
Q34589,P30,Q48
Q34589,P403,Q166966
Q34589,P910,Q8426521
Q34589,P1200,Q8955965
Q34589,P17,Q43
Q34589,P17,Q858
Q34589,P17,Q796
Q34589,P974,Q685344
Q34589,P974,Q815591
Q34589,P974,Q21209613
Q34589,P974,Q21210392
Q34589,P974,Q21210587
Q34589,P974,Q21210652
Q34589,P974,Q21211048
Q34589,P974,Q21211065
Q34589,P974,Q16401289
Q34589,P974,Q21696944
Q34589,P974,Q745611
Q34589,P974,Q913193
Q34589,P974,Q1728989
Q34589,P974,Q2929095
Q34589,P974,Q2973281
Q34589,P974,Q3033332
Q34589,P974,Q3124547
Q34589,P974,Q21468328
Q34589,P974,Q21695122
Q34589,P974,Q21210543
Q34589,P1343,Q4086271
Q34589,P1343,Q4173137
Q34589,P1343,Q19180675
Q34589,P1343,Q602358
Q34589,P1343,Q30059240
Q34589,P1343,Q3181656
Q34589,P205,Q43
Q34589,P205,Q858
Q34589,P205,Q796
Q250380,P31,Q4167410
Q306163,P361,Q300914
Q306163,P361,Q4035705
Q306163,P361,Q1022270
Q306163,P31,Q29642901
Q297076,P31,Q4167410
Q297076,P1889,Q30849
Q347830,P31,Q4167410
Q1182745,P31,Q4167410
Q6453151,P31,Q55983715
Q6453151,P910,Q7375703
Q6453151,P1343,Q1768721
Q818629,P31,Q4167410
Q8043974,P31,Q732970
Q782326,P31,Q4167410
Q782326,P1889,Q37513748
Q5191792,P31,Q4167410
Q3055589,P31,Q5
Q3055589,P21,Q6581097
Q507810,P279,Q186408
Q507810,P279,Q121769
Q507810,P1889,Q754897
Q507810,P1889,Q906376
Q507810,P1889,Q4375074
Q13402954,P361,Q300914
Q13402954,P2283,Q838087
Q13402954,P361,Q300914
Q13402954,P2283,Q838087
Q13402954,P361,Q300914
Q13402954,P2283,Q838087
Q2292662,P31,Q4167410
Q2292662,P460,Q224309
Q2292662,P460,Q1180152
Q2292662,P460,Q56725072
Q2292662,P1889,Q1072012
Q184914,P31,Q617945
Q184914,P31,Q1641420
Q184914,P31,Q73071329
Q340798,P31,Q4167410
Q310597,P31,Q18343316
Q310597,P361,Q1348204
Q310597,P4810,Q47517764
Q310597,P4810,Q47517765
Q310597,P4810,Q47517768
Q310597,P4810,Q47517769
Q310597,P4810,Q47517774
Q1753881,P31,Q194166
Q1753881,P17,Q142
Q1753881,P131,Q189153
Q1753881,P1366,Q1061619
Q1753881,P527,Q1004175
Q1753881,P527,Q1413338
Q1753881,P527,Q81230
Q1753881,P527,Q673267
Q1753881,P527,Q539508
Q1753881,P527,Q170416
Q1753881,P527,Q52618
Q1753881,P527,Q1418
Q1753881,P527,Q2843047
Q1753881,P527,Q690079
Q1753881,P527,Q518016
Q1753881,P527,Q80978
Q1753881,P527,Q37156
Q1753881,P527,Q524989
Q1753881,P527,Q14647
Q1753881,P527,Q1270618
Q1753881,P527,Q619107
Q1753881,P527,Q186394
Q1753881,P527,Q53238
Q1753881,P527,Q219203
Q1753881,P527,Q1190931
Q1753881,P527,Q1185260
Q1180792,P31,Q4167410
Q1217317,P31,Q4167410
Q1217317,P1889,Q21146008
Q1217317,P1889,Q37513231
Q436163,P31,Q4167410
Q2118862,P31,Q4167410
Q421980,P31,Q4167410
Q17990151,P31,Q4167410
Q3427073,P21,Q6581072
Q3427073,P31,Q5
Q3427073,P27,Q34
Q3427073,P69,Q1061504
Q3427073,P735,Q19869330
Q3427073,P108,Q1065
Q3427073,P1343,Q19897035
Q3427073,P463,Q3394637
Q3427073,P19,Q25457
Q3427073,P734,Q34678237
Q3427073,P106,Q212238
Q1500254,P31,Q13406463
Q1500254,P360,Q29448469
Q15785746,P31,Q4167410
Q15785746,P1889,Q37463900
Q652537,P31,Q4830453
Q652537,P159,Q386170
Q652537,P1056,Q7397
Q747334,P31,Q4167410
Q747334,P1889,Q37506415
Q747334,P1889,Q85493043
Q47805,P910,Q1452421
Q47805,P1343,Q867541
Q47805,P1343,Q2657718
Q47805,P1343,Q4114391
Q47805,P1343,Q602358
Q47805,P1343,Q19180675
Q47805,P1343,Q602358
Q47805,P1343,Q2041543
Q47805,P1343,Q3181656
Q47805,P31,Q25380035
Q47805,P31,Q187588
Q47805,P31,Q657326
Q47805,P1889,Q80040
Q47805,P279,Q8473
Q464113,P31,Q193231
Q464113,P31,Q20825628
Q464113,P31,Q341
Q464113,P275,Q10513445
Q464113,P275,Q10513450
Q464113,P135,Q1076638
Q464113,P178,Q7598
Q464113,P277,Q15777
Q464113,P277,Q187560
Q464113,P306,Q3251801
Q464113,P306,Q58636917
Q464113,P306,Q1406
Q464113,P306,Q14116
Q464113,P306,Q14656
Q464113,P407,Q1860
Q464113,P361,Q1144323
Q464113,P943,Q1452302
Q5710207,P31,Q4167410
Q5710207,P1889,Q37090798
Q1348177,P31,Q11424
Q1348177,P57,Q51519
Q1348177,P161,Q41142
Q1348177,P161,Q103784
Q1348177,P161,Q176248
Q1348177,P161,Q216569
Q1348177,P161,Q272857
Q1348177,P161,Q3870728
Q1348177,P161,Q1250354
Q1348177,P161,Q7498855
Q1348177,P161,Q40026
Q1348177,P161,Q272761
Q1348177,P161,Q1269321
Q1348177,P161,Q271856
Q1348177,P161,Q550202
Q1348177,P161,Q16012089
Q1348177,P161,Q19799880
Q1348177,P161,Q2166559
Q1348177,P161,Q222832
Q1348177,P364,Q1860
Q1348177,P162,Q51519
Q1348177,P162,Q367589
Q1348177,P272,Q126399
Q1348177,P344,Q560108
Q1348177,P136,Q2421031
Q1348177,P136,Q19367312
Q1348177,P840,Q60
Q1348177,P921,Q36633
Q1348177,P495,Q30
Q1348177,P135,Q377616
Q1348177,P1040,Q15448682
Q1348177,P86,Q1929416
Q1348177,P166,Q103618
Q1348177,P1411,Q103618
Q1348177,P1411,Q41417
Q1348177,P58,Q20670175
Q1348177,P462,Q22006653
Q1348177,P1981,Q20644798
Q1348177,P750,Q126399
Q1348177,P2061,Q21062414
Q1348177,P2515,Q508660
Q1348177,P1552,Q45171911
Q1348177,P195,Q188740
Q1348177,P2758,Q23817729
Q6822271,P31,Q1193246
Q1900321,P31,Q4167410
Q1900321,P1889,Q37508990
Q154614,P31,Q4167410
Q154614,P1889,Q346047
Q154614,P1889,Q37502609
Q154614,P460,Q2819079
Q449958,P31,Q4167410
Q184759,P910,Q6176131
Q184759,P1424,Q20353665
Q184759,P1424,Q6869614
Q184759,P279,Q188889
Q184759,P279,Q190087
Q184759,P279,Q317623
Q184759,P6104,Q6526225
Q184759,P527,Q55670208
Q184759,P527,Q30921757
Q184759,P527,Q29149990
Q184759,P366,Q184754
Q184759,P366,Q86920
Q442468,P31,Q4167410
Q442468,P1889,Q19882597
Q442468,P1889,Q34992030
Q442468,P1889,Q10541129
Q442468,P460,Q1639809
Q442468,P460,Q1626768
Q442468,P460,Q1711181
Q1799981,P31,Q4167410
Q1560626,P241,Q11220
Q1560626,P17,Q30
Q156106,P105,Q7432
Q156106,P171,Q159549
Q156106,P31,Q16521
Q156106,P1343,Q16387823
Q156106,P141,Q211005
Q156106,P910,Q32105781
Q156106,P138,Q3248829
Q156106,P138,Q188840
Q240805,P31,Q4167410
Q240805,P910,Q23898263
Q235890,P31,Q4167410
Q235890,P1889,Q17523984
Q235890,P1889,Q14649317
Q235890,P460,Q14629625
Q1232942,P31,Q4167410
Q3705086,P31,Q4167410
Q451994,P31,Q4167410
Q7884906,P31,Q4167410
Q1881476,P31,Q570871
Q1881476,P275,Q191307
Q1881476,P178,Q861141
Q5150919,P31,Q4167410
Q5186499,P31,Q82799
Q232406,P31,Q4167410
Q232406,P1889,Q18627472
Q232406,P460,Q16999115
Q232406,P460,Q13417539
Q118765,P31,Q4167410
Q118765,P460,Q21504113
Q118765,P460,Q29430589
Q118765,P460,Q4675338
Q118765,P1889,Q4844560
Q118765,P1889,Q18157322
Q118765,P1889,Q734098
Q421708,P31,Q4167410
Q835016,P279,Q605117
Q835016,P361,Q184752
Q835016,P138,Q35473
Q835016,P31,Q66747126
Q7902551,P31,Q4167410
Q1698752,P31,Q4167410
Q1698752,P460,Q2636912
Q1698752,P460,Q28230125
Q1698752,P460,Q219314
Q1698752,P460,Q406781
Q1698752,P460,Q1412698
Q1698752,P460,Q2591155
Q1698752,P1889,Q2829505
Q1698752,P1889,Q5304059
Q2872572,P527,Q76891063
Q2872572,P527,Q9026959
Q2872572,P279,Q1027879
Q809630,P31,Q4167410
Q809630,P1889,Q9166352
Q809630,P1889,Q37237941
Q809630,P460,Q20659422
Q809630,P460,Q15787650
Q809630,P460,Q232452
Q809630,P460,Q232224
Q809630,P460,Q226456
Q809630,P460,Q225652
Q809630,P460,Q250248
Q809630,P460,Q174960
Q809630,P460,Q225640
Q809630,P460,Q299090
Q809630,P460,Q388539
Q809630,P460,Q344056
Q809630,P460,Q418439
Q809630,P460,Q564687
Q809630,P460,Q423373
Q809630,P460,Q816816
Q809630,P460,Q792838
Q809630,P460,Q816786
Q809630,P460,Q816895
Q441311,P21,Q6581097
Q441311,P19,Q43387
Q441311,P20,Q58477
Q441311,P22,Q34503
Q441311,P25,Q14230114
Q441311,P31,Q5
Q441311,P53,Q193383
Q441311,P119,Q40738
Q441311,P140,Q432
Q441311,P106,Q49757
Q441311,P27,Q12560
Q441311,P735,Q917132
Q441311,P3373,Q165983
Q441311,P734,Q37050058
Q441311,P39,Q15315411
Q441311,P97,Q2747456
Q441311,P509,Q40867
Q441311,P1343,Q67311526
Q441311,P1343,Q602358
Q49848,P279,Q340169
Q49848,P279,Q234460
Q49848,P279,Q47461344
Q49848,P279,Q37866906
Q49848,P361,Q199655
Q49848,P910,Q5461105
Q49848,P1424,Q8085455
Q49848,P1687,P1574
Q49848,P1963,P2679
Q49848,P1963,P2680
Q49848,P1963,P1104
Q49848,P1343,Q602358
Q49848,P527,Q59157099
Q49848,P1889,Q11853106
Q243530,P31,Q4167410
Q224621,P31,Q4167410
Q224621,P910,Q9848655
Q2161419,P31,Q4167410
Q2161419,P1889,Q37539480
Q7886898,P31,Q1058914
Q7886898,P131,Q145
Q7886898,P17,Q145
Q1183652,P279,Q4818701
Q1183652,P279,Q55387456
Q1183652,P1343,Q35696037
Q1183652,P910,Q55247088
Q256444,P31,Q4167410
Q298494,P31,Q4167410
Q364827,P31,Q4167410
Q6015862,P31,Q4167410
Q1323078,P31,Q4167410
Q1323078,P1889,Q1921640
Q1323078,P460,Q73670284
Q189331,P910,Q7163848
Q189331,P1995,Q10379
Q189331,P2176,Q904071
Q189331,P2176,Q410061
Q189331,P2176,Q216935
Q189331,P2176,Q514534
Q189331,P2176,Q410374
Q189331,P2176,Q757058
Q189331,P2176,Q662511
Q189331,P2176,Q408637
Q189331,P2176,Q422222
Q189331,P2176,Q409468
Q189331,P2176,Q7700570
Q189331,P2176,Q421381
Q189331,P2176,Q20078502
Q189331,P2176,Q413591
Q189331,P2176,Q420262
Q189331,P2176,Q3712521
Q189331,P279,Q190805
Q189331,P279,Q1441305
Q189331,P279,Q44492082
Q189331,P31,Q169872
Q189331,P31,Q639907
Q189331,P31,Q12136
Q189331,P689,Q933954
Q189331,P461,Q44492277
Q189331,P5008,Q54439832
Q189331,P1542,Q181754
Q189331,P1343,Q4532138
Q1165717,P910,Q8153167
Q1165717,P279,Q207961
Q1165717,P1424,Q70474065
Q1165717,P1889,Q290667
Q1165717,P1889,Q5380913
Q766483,P361,Q55813
Q766483,P279,Q925783
Q12131,P910,Q7023066
Q12131,P527,Q1179623
Q12131,P527,Q183560
Q12131,P527,Q737460
Q12131,P527,Q12133
Q12131,P527,Q3317827
Q12131,P527,Q1142806
Q12131,P527,Q25098548
Q12131,P92,Q3258513
Q12131,P279,Q937228
Q12131,P1424,Q15634384
Q12131,P1424,Q12981323
Q12131,P5008,Q5460604
Q12131,P5008,Q54439832
Q12131,P5008,Q13382529
Q12131,P1343,Q602358
Q12131,P2579,Q627208
Q12131,P2283,Q98178108
Q28232349,P31,Q47574
Q28232349,P111,Q39552
Q28232349,P101,Q179643
Q131140,P88,Q11209
Q131140,P31,Q9143
Q131140,P31,Q28922885
Q131140,P31,Q21562092
Q131140,P31,Q899523
Q131140,P910,Q7281696
Q131140,P737,Q1389173
Q131140,P737,Q5013384
Q131140,P737,Q7474729
Q131140,P170,Q1023961
Q131140,P178,Q15028
Q131140,P178,Q1023961
Q131140,P178,Q180003
Q131140,P1343,Q2657718
Q131140,P3966,Q1418502
Q131140,P3966,Q79872
Q131140,P3966,Q275596
Q131140,P4969,Q7095747
Q7901798,P31,Q4167410
Q7901798,P460,Q19447399
Q134194,P31,Q1231896
Q134194,P279,Q11629
Q134194,P910,Q7450561
Q134194,P1056,Q22669139
Q134194,P2283,Q25631150
Q134194,P1889,Q25631150
Q134194,P1889,Q22669139
Q134194,P1343,Q2041543
Q134194,P186,Q378312
Q5297091,P31,Q1969448
Q5297091,P1269,Q1229640
Q1140423,P31,Q3427422
Q1140423,P31,Q41362222
Q130243,P1343,Q19558994
Q130243,P1343,Q602358
Q130243,P1343,Q19180675
Q130243,P2329,Q283673
Q130243,P31,Q103813440
Q130243,P3189,Q1547173
Q130243,P2286,Q493410
Q130243,P2286,Q707104
Q130243,P2286,Q707098
Q130243,P527,Q28792026
Q130243,P527,Q28792062
Q130243,P3490,Q16343
Q130243,P3490,Q615414
Q130243,P3490,Q16336
Q130243,P3491,Q836921
Q130243,P279,Q66523016
Q130243,P4882,Q5065354
Q130243,P4882,Q5065355
Q21492451,P31,Q101352
Q21492451,P1889,Q1811223
Q21492451,P282,Q8229
Q752719,P17,Q30
Q752719,P31,Q1093829
Q752719,P910,Q7222446
Q752719,P131,Q488659
Q752719,P47,Q754801
Q752719,P47,Q327022
Q752719,P1464,Q28653065
Q752719,P1792,Q8734399
Q752719,P421,Q941023
Q752719,P421,Q5390
Q752719,P421,Q5762
Q32919983,P31,Q4167410
Q32919983,P1889,Q37537562
Q232459,P31,Q4167410
Q232459,P1889,Q19901949
Q232459,P1889,Q11259438
Q224285,P31,Q4167410
Q254873,P31,Q4167410
Q254873,P1889,Q37565194
Q229457,P31,Q4167410
Q229457,P1889,Q3874602
Q229457,P1889,Q18324365
Q255254,P31,Q4167410
Q7272674,P31,Q11424
Q7272674,P57,Q197311
Q7272674,P162,Q7175502
Q7272674,P162,Q6003375
Q7272674,P344,Q7967741
Q7272674,P58,Q197311
Q7272674,P161,Q12614235
Q7272674,P136,Q622370
Q7272674,P495,Q148
Q7272674,P364,Q9192
Q7272674,P750,Q1320443
Q7272674,P462,Q22006653
Q10964327,P279,Q366
Q10964327,P1889,Q161165
Q5608697,P31,Q101352
Q5608697,P282,Q8229
Q5608697,P1889,Q48694905
Q58410546,P360,Q5
Q58410546,P31,Q58408484
Q1639362,P31,Q12308941
Q1639362,P407,Q7411
Q1639362,P282,Q8229
Q1639362,P1889,Q51879202
Q1639362,P5323,Q21644845
Q1347367,P910,Q8257790
Q1347367,P279,Q1207505
Q1347367,P1382,Q30295815
Q1347367,P1343,Q3181656
Q225905,P31,Q4167410
Q225905,P1889,Q10471460
Q1072801,P31,Q4167410
Q1072801,P1889,Q16865553
Q439092,P31,Q4167410
Q622588,P279,Q11692
Q622588,P1889,Q2823672
Q622588,P461,Q1081659
Q622588,P92,Q422121
Q322481,P910,Q8749074
Q322481,P279,Q2091629
Q322481,P1343,Q101314624
Q7993536,P31,Q4167410
Q858449,P31,Q4167410
Q858449,P1889,Q362403
Q1247691,P31,Q4167410
Q797384,P31,Q4167410
Q223907,P31,Q169872
Q223907,P31,Q14864472
Q223907,P1995,Q83042
Q223907,P1995,Q7867
Q223907,P2176,Q413762
Q223907,P2176,Q420383
Q223907,P279,Q2608695
Q878872,P31,Q4167410
Q219288,P31,Q4167410
Q219288,P1889,Q2698865
Q224183,P31,Q4167410
Q498267,P910,Q8677726
Q498267,P279,Q528166
Q498267,P279,Q166142
Q498267,P279,Q393351
Q498267,P279,Q28933155
Q498267,P1269,Q260531
Q498267,P1424,Q6672189
Q498267,P1889,Q28933155
Q498267,P31,Q17155032
Q1213674,P31,Q4167410
Q353354,P31,Q4167410
Q188066,P31,Q4167410
Q188066,P1889,Q16870620
Q344850,P31,Q4167410
Q8033731,P31,Q4167410
Q8033731,P1889,Q81202256
Q542726,P31,Q9135
Q542726,P31,Q218616
Q542726,P178,Q690079
Q2994601,P31,Q4167410
Q2994601,P1889,Q37504680
Q224413,P31,Q4167410
Q4840953,P31,Q4167410
Q4840953,P1889,Q37571462
Q1179459,P31,Q4167410
Q563605,P31,Q4167410
Q760434,P31,Q4167410
Q729752,P31,Q27884930
Q729752,P31,Q3532816
Q729752,P366,Q6888088
Q729752,P1889,Q1551388
Q37560018,P31,Q101352
Q37560018,P1889,Q37590324
Q37560018,P282,Q8229
Q37560018,P5323,Q92953148
Q1132541,P279,Q17004810
Q1132541,P910,Q8724159
Q1132541,P1343,Q4114391
Q2598420,P31,Q7397
Q2598420,P366,Q1324042
Q16800941,P31,Q4167410
Q16800941,P1889,Q1459942
Q187706,P910,Q7370305
Q187706,P279,Q71272629
Q187706,P279,Q407595
Q187706,P279,Q183206
Q187706,P279,Q11173
Q187706,P1889,Q252251
Q187706,P2175,Q3234995
Q187706,P1552,Q216678
Q187706,P61,Q6780705
Q187706,P61,Q268874
Q187706,P61,Q157242
Q424421,P31,Q4167410
Q191062,P31,Q2695280
Q191062,P910,Q6401766
Q191062,P361,Q13461032
Q191062,P1269,Q492
Q191062,P279,Q187931
Q191062,P1382,Q13461032
Q191062,P1382,Q104093790
Q191062,P366,Q784221
Q191062,P1343,Q19190511
Q226952,P31,Q4167410
Q444842,P31,Q4167410
Q444842,P1889,Q16872038
Q255768,P31,Q4167410
Q255768,P1889,Q16869520
Q255768,P1889,Q904028
Q408994,P31,Q4167410
Q3119297,P31,Q4167410
Q3119297,P1889,Q30934224
Q3119297,P1889,Q25439363
Q1052586,P31,Q4167410
Q8045007,P31,Q7397
Q8045007,P178,Q93145
Q8045007,P306,Q14656
Q8045007,P277,Q15777
Q8045007,P366,Q178481
Q70544,P17,Q39
Q70544,P31,Q70208
Q70544,P131,Q12771
Q70544,P131,Q660462
Q70544,P37,Q150
Q70544,P1456,Q14540999
Q70544,P910,Q14540994
Q70544,P1313,Q24701523
Q70544,P6,Q24699887
Q2117899,P31,Q4167410
Q2654990,P31,Q186548
Q306039,P31,Q341
Q306039,P31,Q54366
Q306039,P277,Q15777
Q306039,P2992,Q965769
Q306039,P275,Q18491847
Q306039,P306,Q388
Q306039,P306,Q1406
Q306039,P1072,Q28009435
Q41271,P910,Q6970071
Q41271,P527,Q12071165
Q41271,P527,Q12071467
Q41271,P527,Q1758815
Q41271,P527,Q9264835
Q41271,P527,Q64699525
Q41271,P279,Q31842289
Q219262,P31,Q4167410
Q219262,P1889,Q15635788
Q219262,P1889,Q1544163
Q219262,P460,Q3827896
Q219262,P460,Q231547
Q219262,P460,Q1215033
Q219262,P460,Q1806656
Q219262,P460,Q10944043
Q219262,P460,Q10945666
Q219262,P460,Q6453249
Q766625,P460,Q1204668
Q766625,P31,Q4167410
Q766625,P1889,Q37435546
Q341613,P31,Q4167410
Q341613,P1889,Q16870000
Q8044849,P50,Q6828844
Q8044849,P123,Q5475605
Q8044849,P840,Q60
Q8044849,P136,Q8261
Q8044849,P736,Q3293999
Q8044849,P407,Q1860
Q8044849,P31,Q7725634
Q1455711,P31,Q166863
Q231416,P31,Q4167410
Q231416,P1889,Q18608336
Q231416,P1889,Q2354177
Q231416,P1889,Q27181141
Q231416,P1889,Q6031662
Q231416,P1889,Q55221557
Q231416,P1889,Q15943536
Q231416,P1889,Q2960259
Q226642,P31,Q4167410
Q7925,P279,Q25257
Q7925,P279,Q11663
Q7925,P279,Q1522115
Q7925,P910,Q8821538
Q7925,P1542,Q8068
Q7925,P828,Q3382037
Q7925,P5008,Q5460604
Q7925,P527,Q283
Q7925,P1343,Q4086271
Q7925,P1343,Q1768721
Q7925,P7084,Q16605080
Q7925,P31,Q29053744
Q7925,P1889,Q20423499
Q1757962,P910,Q9607187
Q1757962,P527,Q101824893
Q226092,P31,Q4167410
Q226092,P1889,Q26000727
Q247172,P31,Q4167410
Q414375,P31,Q4167410
Q15847659,P31,Q4167410
Q411284,P31,Q4167410
Q925943,P31,Q4167410
Q925943,P1889,Q1130234
Q925943,P1889,Q19832245
Q925943,P1889,Q27678568
Q925943,P1889,Q9333119
Q925943,P1889,Q58491030
Q925943,P460,Q22167462
Q331432,P31,Q28640
Q331432,P425,Q14373
Q331432,P2283,Q37152
Q331432,P2283,Q1572168
Q331432,P2283,Q1415280
Q331432,P2283,Q205276
Q331432,P2283,Q803978
Q331432,P2283,Q1197418
Q331432,P2283,Q3054261
Q331432,P417,Q189776
Q331432,P1889,Q15962600
Q331432,P279,Q33394058
Q331432,P910,Q7040149
Q841979,P17,Q145
Q841979,P31,Q18511725
Q841979,P910,Q8606229
Q841979,P131,Q1891143
Q841979,P131,Q23041953
Q841979,P190,Q161673
Q841979,P190,Q193293
Q841979,P1464,Q9225676
Q841979,P47,Q2281091
Q841979,P47,Q694780
Q841979,P421,Q6574
Q841979,P1792,Q8741476
Q841979,P1376,Q1891143
Q841979,P1376,Q23041953
Q841979,P7959,Q67535681
Q61509,P279,Q79782
Q61509,P279,Q1914636
Q61509,P279,Q1190554
Q61509,P910,Q8894303
Q61509,P3095,Q22813352
Q61509,P5008,Q54439832
Q61509,P1424,Q14158821
Q61509,P1889,Q7590
Q61509,P527,Q102206321
Q61509,P31,Q1071
Q331350,P279,Q2745944
Q331350,P279,Q4381515
Q331350,P279,Q7520906
Q628096,P279,Q127995
Q628096,P279,Q902174
Q5287257,P31,Q4167410
Q21494364,P31,Q101352
Q21494364,P1889,Q2821722
Q21494364,P460,Q27157476
Q21494364,P460,Q27166957
Q21494364,P460,Q79783064
Q21494364,P282,Q8229
Q10379,P31,Q930752
Q10379,P31,Q11862829
Q10379,P910,Q7063424
Q10379,P361,Q11180
Q10379,P1343,Q2657718
Q10379,P5125,Q30314003
Q10379,P2578,Q1072
Q10379,P3095,Q3264451
Q10379,P279,Q11190
Q29570,P31,Q334453
Q29570,P31,Q4830453
Q29570,P31,Q17412622
Q29570,P112,Q351372
Q29570,P112,Q381381
Q29570,P910,Q8358204
Q29570,P159,Q12439
Q29570,P127,Q81965
Q29570,P17,Q30
Q29570,P740,Q1166
Q29570,P1056,Q43193
Q29570,P1056,Q1420
Q29570,P452,Q190117
Q29570,P749,Q81965
Q29570,P495,Q30
Q1772294,P31,Q4167410
Q1772294,P1889,Q37540946
Q3397397,P17,Q145
Q3397397,P131,Q1540110
Q3397397,P31,Q532
Q3397397,P31,Q1115575
Q3397397,P206,Q19686
Q3397397,P460,Q24670767
Q3397397,P47,Q3407596
Q3397397,P47,Q2123031
Q3397397,P47,Q321381
Q3397397,P47,Q1012411
Q3397397,P47,Q7069827
Q3397397,P47,Q2329846
Q3397397,P7959,Q67284726
Q93222426,P31,Q66474017
Q93222426,P360,Q5
Q93222426,P360,Q5
Q93222426,P360,Q5
Q93222426,P360,Q5
Q93222426,P360,Q5
Q232770,P31,Q4167410
Q232770,P1889,Q36965522
Q7645714,P31,Q12308941
Q7645714,P1889,Q20759867
Q7645714,P282,Q8229
Q7645714,P282,Q756802
Q7645714,P1533,Q37533844
Q1244298,P31,Q4167410
Q173799,P910,Q6337045
Q173799,P279,Q1914636
Q173799,P279,Q8148
Q173799,P366,Q180910
Q173799,P366,Q208195
Q173799,P5125,Q7112620
Q173799,P1151,Q42351492
Q173799,P3095,Q138858
Q62288,P31,Q4830453
Q62288,P910,Q8672952
Q62288,P159,Q71
Q62288,P159,Q71
Q62288,P1454,Q693737
Q62288,P112,Q28901
Q62288,P452,Q41767
Q62288,P17,Q39
Q62288,P127,Q3075457
Q62288,P1830,Q3541852
Q62288,P1830,Q47017209
Q62288,P1056,Q178794
Q186437,P176,Q8093
Q186437,P156,Q203992
Q186437,P31,Q10929058
Q186437,P361,Q129585
Q186437,P361,Q2916338
Q186437,P910,Q7222148
Q186437,P155,Q215034
Q186437,P178,Q2633052
Q186437,P179,Q2916338
Q186437,P1889,Q203992
Q186437,P279,Q941818
Q239450,P31,Q4167410
Q214252,P279,Q1207909
Q214252,P910,Q8809777
Q214252,P1343,Q4114391
Q215928,P279,Q11653
Q215928,P910,Q6460587
Q215928,P1343,Q1491484
Q161851,P279,Q2588076
Q161851,P279,Q1400881
Q161851,P279,Q684740
Q161851,P910,Q8408903
Q161851,P1889,Q734818
Q28237,P190,Q13619
Q28237,P190,Q53077
Q28237,P190,Q9022
Q28237,P190,Q855059
Q28237,P31,Q1093829
Q28237,P31,Q21518270
Q28237,P31,Q1549591
Q28237,P17,Q30
Q28237,P131,Q133853
Q28237,P131,Q490813
Q28237,P131,Q94669
Q28237,P910,Q7486346
Q28237,P1464,Q8060746
Q28237,P1465,Q18009432
Q28237,P1376,Q1166
Q28237,P47,Q3308164
Q28237,P1792,Q9237523
Q28237,P6,Q7933744
Q28237,P1830,Q5167437
Q28237,P421,Q5390
Q28237,P421,Q5762
Q28237,P7867,Q84058960
Q8467,P27,Q12490507
Q8467,P26,Q510433
Q8467,P26,Q27581840
Q8467,P26,Q6758866
Q8467,P40,Q2046261
Q8467,P40,Q4806987
Q8467,P40,Q263791
Q8467,P40,Q6406400
Q8467,P119,Q486080
Q8467,P22,Q6400960
Q8467,P910,Q8857618
Q8467,P31,Q5
Q8467,P19,Q5806
Q8467,P20,Q35484
Q8467,P140,Q432
Q8467,P39,Q180465
Q8467,P106,Q372436
Q8467,P172,Q35323
Q8467,P607,Q486124
Q8467,P607,Q488278
Q8467,P607,Q826083
Q8467,P607,Q565661
Q8467,P25,Q18745048
Q8467,P735,Q4475314
Q8467,P1196,Q149086
Q8467,P361,Q188711
Q8467,P1343,Q20078554
Q8467,P1343,Q4173137
Q8467,P1343,Q19180675
Q8467,P1343,Q602358
Q8467,P1343,Q19190511
Q8467,P3373,Q3574949
Q8467,P3373,Q5437877
Q8467,P460,Q7495974
Q8467,P460,Q7640576
Q8467,P157,Q3771961
Q8467,P1412,Q13955
Q8467,P5008,Q5460604
Q8467,P509,Q4228595
Q8467,P21,Q6581097
Q8467,P8927,Q103924317
Q1184248,P31,Q4167410
Q1184248,P1889,Q2529610
Q1184248,P1889,Q1501570
Q1184248,P460,Q10313911
Q1184248,P460,Q6372527
Q1184248,P460,Q2326251
Q1184248,P460,Q2939054
Q1184248,P460,Q2938137
Q1184248,P460,Q4214873
Q1184248,P460,Q225306
Q1184248,P460,Q348783
Q1184248,P460,Q343310
Q1184248,P460,Q404144
Q217338,P159,Q11520692
Q217338,P138,Q1737565
Q217338,P112,Q1737565
Q217338,P31,Q891723
Q217338,P31,Q55190325
Q217338,P31,Q18388277
Q217338,P910,Q7321342
Q217338,P414,Q217475
Q217338,P740,Q1490
Q217338,P1454,Q1480166
Q217338,P452,Q3587639
Q217338,P17,Q17
Q217338,P1830,Q1047701
Q217338,P1037,Q1737565
Q217338,P6379,Q1809071
Q217338,P6379,Q188740
Q217338,P463,Q1361045
Q217338,P463,Q7389502
Q217338,P1056,Q31087
Q217338,P1056,Q178794
Q345281,P31,Q4167410
Q295152,P31,Q4167410
Q295152,P1889,Q18156186
Q295152,P1889,Q17542089
Q295152,P460,Q1782518
Q295152,P460,Q231963
Q295152,P460,Q347098
Q295152,P460,Q892983
Q12493,P910,Q7215319
Q12493,P279,Q811979
Q12493,P1889,Q19981029
Q12493,P1343,Q2657718
Q12493,P31,Q1156686
Q12493,P5008,Q5460604
Q82806,P461,Q145825
Q82806,P1343,Q2657718
Q82806,P1343,Q2041543
Q82806,P1343,Q602358
Q82806,P361,Q12134
Q82806,P31,Q182167
Q82806,P5008,Q99671171
Q179797,P279,Q90580318
Q179797,P910,Q9140405
Q179797,P1889,Q17152639
Q179797,P1889,Q9087300
Q179797,P1889,Q2376111
Q179797,P460,Q2376111
Q411888,P31,Q4167410
Q411888,P460,Q48540112
Q110599,P31,Q4167410
Q852100,P910,Q8267761
Q852100,P279,Q23841
Q852100,P31,Q2695280
Q852100,P2283,Q910284
Q852100,P2283,Q124441
Q852100,P2283,Q1123029
Q852100,P3095,Q16624872
Q852100,P1889,Q71847667
Q852100,P1889,Q7238366
Q400924,P31,Q4167410
Q400924,P1889,Q16877517
Q716894,P1343,Q2041543
Q716894,P2670,Q16869121
Q716894,P2670,Q45574934
Q716894,P2670,Q1400881
Q716894,P1382,Q157171
Q716894,P279,Q93288
Q716894,P31,Q29028649
Q93249,P279,Q870898
Q93249,P910,Q7454896
Q93249,P31,Q17155032
Q93249,P1424,Q16513056
Q93249,P2354,Q2202242
Q93249,P1687,P1845
Q93249,P366,Q23009442
Q93249,P1889,Q846227
Q93249,P1889,Q13429867
Q15127272,P31,Q4167410
Q15127272,P460,Q403040
Q9027575,P31,Q4167410
Q9027575,P1889,Q11113719
Q9027575,P1889,Q22122844
Q9027575,P1889,Q3286725
Q9027575,P1889,Q53599670
Q9027575,P460,Q6301940
Q9027575,P460,Q20047476
Q9027575,P460,Q16291131
Q369164,P31,Q4167410
Q369164,P1889,Q3041502
Q369164,P460,Q20115647
Q2235472,P460,Q13376892
Q2235472,P460,Q4963089
Q2235472,P460,Q18250113
Q2235472,P460,Q1035239
Q2235472,P460,Q1209486
Q2235472,P460,Q12364182
Q2235472,P460,Q18195530
Q2235472,P460,Q18111428
Q2235472,P460,Q971710
Q2235472,P460,Q654581
Q2235472,P460,Q19760437
Q2235472,P460,Q19844769
Q2235472,P460,Q4716154
Q2235472,P460,Q7086343
Q2235472,P460,Q12747658
Q2235472,P460,Q1428115
Q2235472,P460,Q1865968
Q2235472,P460,Q19833256
Q2235472,P460,Q16278322
Q2235472,P460,Q19833250
Q2235472,P460,Q19957102
Q2235472,P460,Q988968
Q2235472,P460,Q48776880
Q2235472,P460,Q29622741
Q2235472,P31,Q11879590
Q2235472,P1750,Q2580
Q2235472,P1750,Q2826
Q2235472,P1889,Q15427541
Q2235472,P1533,Q18324587
Q2235472,P282,Q8229
Q2235472,P407,Q7411
Q2235472,P5323,Q21644845
Q2235472,P1343,Q151
Q1751466,P361,Q8087
Q165435,P279,Q1786017
Q165435,P279,Q1183543
Q165435,P910,Q7325367
Q165435,P1343,Q2657718
Q165435,P527,Q4372298
Q165435,P527,Q4180266
Q165435,P527,Q1389702
Q165435,P527,Q492071
Q165435,P527,Q961356
Q165435,P527,Q4424432
Q165435,P527,Q208443
Q165435,P527,Q1224578
Q165435,P527,Q4421005
Q165435,P366,Q4214621
Q614302,P31,Q216640
Q614302,P176,Q690079
Q614302,P279,Q216640
Q614302,P155,Q4052565
Q614302,P156,Q3553018
Q407045,P31,Q4167410
Q770289,P31,Q570
Q193219,P279,Q230788
Q193219,P279,Q1414816
Q193219,P910,Q7220687
Q193219,P1343,Q2657718
Q193219,P1889,Q466938
Q7988482,P910,Q30815385
Q7988482,P279,Q131505
Q7988482,P361,Q842333
Q2284765,P910,Q8350209
Q2284765,P1343,Q678259
Q2284765,P1343,Q3181656
Q2284765,P31,Q12909644
Q2284765,P279,Q943197
Q2284765,P607,Q80330
Q2041907,P31,Q4167410
Q2041907,P460,Q98000286
Q160213,P31,Q979507
Q160213,P31,Q21070568
Q160213,P31,Q55607025
Q160213,P21,Q6581097
Q160213,P910,Q20930027
Q160213,P22,Q1996692
Q160213,P26,Q191114
Q160213,P53,Q3765113
Q160213,P53,Q144997
Q160213,P179,Q2176651
Q160213,P179,Q26701417
Q160213,P25,Q2046270
Q160213,P140,Q9232
Q160213,P140,Q9089
Q160213,P2959,Q27131391
Q160213,P2959,Q17064714
Q160213,P19,Q186040
Q160213,P3373,Q917687
Q160213,P3373,Q1978615
Q160213,P3373,Q3518451
Q160213,P3373,Q7489020
Q160213,P3701,Q11380
Q160213,P40,Q2725781
Q160213,P40,Q2725716
Q160213,P520,Q19827042
Q160213,P1441,Q37293
Q160213,P793,Q1771621
Q160213,P793,Q7937526
Q160213,P793,Q10244
Q160213,P793,Q10274
Q160213,P793,Q65564807
Q160213,P1343,Q602358
Q867785,P31,Q4167410
Q867785,P1889,Q37331487
Q867785,P1889,Q1290714
Q1178473,P31,Q4167410
Q1178473,P1889,Q668885
Q1178473,P1889,Q23012892
Q1178473,P460,Q1241205
Q1178473,P460,Q1605288
Q1178473,P460,Q1640723
Q1178473,P460,Q2211225
Q1178473,P460,Q19956968
Q1178473,P460,Q48895
Q1178473,P460,Q15815117
Q1178473,P460,Q3477322
Q1178473,P460,Q222254
Q1178473,P460,Q294763
Q1178473,P460,Q341652
Q1178473,P460,Q299569
Q1178473,P460,Q352807
Q1178473,P460,Q671675
Q1178473,P460,Q1179347
Q1178473,P460,Q1181012
Q1178473,P460,Q1179243
Q182780,P279,Q1514280
Q182780,P910,Q6426238
Q182780,P1343,Q1970746
Q182780,P1343,Q4114391
Q182780,P1343,Q602358
Q182780,P1343,Q19180675
Q182780,P2354,Q52092067
Q566512,P31,Q4167410
Q566512,P1889,Q18071263
Q566512,P1889,Q37330252
Q566512,P460,Q17313969
Q566512,P460,Q4489382
Q566512,P460,Q223958
Q566512,P460,Q224792
Q566512,P460,Q4778193
Q566512,P460,Q348835
Q566512,P460,Q670117
Q566512,P460,Q1196204
Q566512,P460,Q1493580
Q566512,P460,Q2406872
Q7414,P452,Q56611639
Q7414,P452,Q49389
Q7414,P452,Q1415395
Q7414,P452,Q19595701
Q7414,P414,Q13677
Q7414,P414,Q217475
Q7414,P112,Q8704
Q7414,P112,Q347432
Q7414,P31,Q1762059
Q7414,P31,Q21980538
Q7414,P31,Q1916382
Q7414,P31,Q4830453
Q7414,P910,Q7217192
Q7414,P1151,Q11774592
Q7414,P155,Q2088225
Q7414,P199,Q1233073
Q7414,P199,Q1431781
Q7414,P355,Q1200552
Q7414,P355,Q2216535
Q7414,P355,Q54958623
Q7414,P355,Q654073
Q7414,P355,Q217776
Q7414,P355,Q156073
Q7414,P355,Q50840363
Q7414,P355,Q127552
Q7414,P355,Q242446
Q7414,P355,Q76302236
Q7414,P355,Q5476713
Q7414,P17,Q30
Q7414,P166,Q8610
Q7414,P166,Q54862960
Q7414,P740,Q39561
Q7414,P1454,Q88537331
Q7414,P169,Q532423
Q7414,P169,Q727953
Q7414,P169,Q3421200
Q7414,P169,Q325214
Q7414,P169,Q436622
Q7414,P169,Q347432
Q7414,P169,Q8704
Q7414,P361,Q242345
Q7414,P361,Q180816
Q7414,P793,Q185142
Q7414,P1056,Q7397
Q7414,P3320,Q18206823
Q7414,P1830,Q46996011
Q7414,P1830,Q50991720
Q7414,P1830,Q55830205
Q7414,P1830,Q3030351
Q7414,P1830,Q3030368
Q7414,P1830,Q3030369
Q7414,P1830,Q3030385
Q7414,P1830,Q178837
Q7414,P1830,Q3030399
Q7414,P1830,Q3030406
Q7414,P1830,Q3030405
Q7414,P1830,Q3030410
Q7414,P1830,Q3030411
Q7414,P1830,Q3030429
Q7414,P1830,Q3030432
Q7414,P1830,Q3030440
Q7414,P1830,Q3030447
Q7414,P1830,Q3030445
Q7414,P1830,Q3030458
Q7414,P1830,Q3030460
Q7414,P1830,Q3030485
Q7414,P1830,Q3030499
Q7414,P1830,Q3030506
Q7414,P1830,Q3030511
Q7414,P1830,Q3039254
Q7414,P1830,Q3046171
Q7414,P1830,Q3064766
Q7414,P1830,Q3094998
Q7414,P1830,Q3100510
Q7414,P1830,Q3146319
Q7414,P1830,Q3150108
Q7414,P1830,Q3150870
Q7414,P1830,Q3177799
Q7414,P1830,Q3177801
Q7414,P1830,Q3189915
Q7414,P1830,Q3189994
Q7414,P1830,Q3191359
Q7414,P1830,Q3195479
Q7414,P1830,Q3327964
Q7414,P1830,Q3366991
Q7414,P1830,Q3497261
Q7414,P1830,Q3497756
Q7414,P1830,Q3523270
Q7414,P1830,Q3523271
Q7414,P1830,Q3523275
Q7414,P1830,Q3523272
Q7414,P1830,Q3523273
Q7414,P1830,Q3561108
Q7414,P1830,Q3564667
Q7414,P1830,Q3564732
Q7414,P1830,Q3565606
Q7414,P1830,Q3565607
Q7414,P1830,Q3565612
Q7414,P1830,Q3565623
Q7414,P1830,Q3565620
Q7414,P1830,Q3565621
Q7414,P1830,Q3565635
Q7414,P1830,Q3565637
Q7414,P1830,Q3565642
Q7414,P1830,Q4132097
Q7414,P1830,Q4132994
Q7414,P1830,Q4837590
Q7414,P1830,Q5282418
Q7414,P1830,Q5282427
Q7414,P1830,Q5282435
Q7414,P1830,Q5282441
Q7414,P1830,Q5282458
Q7414,P1830,Q5930877
Q7414,P1830,Q6145466
Q7414,P1830,Q6148912
Q7414,P1830,Q6545534
Q7414,P1830,Q6739276
Q7414,P1830,Q7280765
Q7414,P1830,Q7340286
Q7414,P1830,Q7747662
Q7414,P1830,Q9004339
Q7414,P1830,Q3299645
Q7414,P1830,Q3030374
Q7414,P1830,Q14928314
Q7414,P1830,Q15070400
Q7414,P1830,Q16155122
Q7414,P1830,Q16679850
Q7414,P1830,Q16683129
Q7414,P1830,Q16835471
Q7414,P1830,Q16991842
Q7414,P1830,Q17014745
Q7414,P1830,Q17082860
Q7414,P1830,Q17085515
Q7414,P1830,Q17183023
Q7414,P1830,Q17511049
Q7414,P1830,Q17625387
Q7414,P1830,Q17639984
Q7414,P1830,Q18148065
Q7414,P1830,Q18149304
Q7414,P1830,Q19868095
Q7414,P1830,Q22079532
Q7414,P1830,Q23022864
Q7414,P1830,Q24273005
Q7414,P1830,Q25377492
Q7414,P1830,Q25384903
Q7414,P1830,Q27186707
Q7414,P1830,Q29015971
Q7414,P1830,Q849284
Q7414,P1830,Q902959
Q7414,P1830,Q908662
Q7414,P1830,Q969695
Q7414,P1830,Q973987
Q7414,P1830,Q1047009
Q7414,P1830,Q1047410
Q7414,P1830,Q1141129
Q7414,P1830,Q1169075
Q7414,P1830,Q1200552
Q7414,P1830,Q1204077
Q7414,P1830,Q1228987
Q7414,P1830,Q1229035
Q7414,P1830,Q1233073
Q7414,P1830,Q1319610
Q7414,P1830,Q1348264
Q7414,P1830,Q1431781
Q7414,P1830,Q1621107
Q7414,P1830,Q1858139
Q7414,P1830,Q2037777
Q7414,P1830,Q2104471
Q7414,P1830,Q2125296
Q7414,P1830,Q2216535
Q7414,P1830,Q2260281
Q7414,P1830,Q2340292
Q7414,P1830,Q2376669
Q7414,P1830,Q2377604
Q7414,P1830,Q2378052
Q7414,P1830,Q2405352
Q7414,P1830,Q2501552
Q7414,P1830,Q2592540
Q7414,P1830,Q2703822
Q7414,P1830,Q2734852
Q7414,P1830,Q2737435
Q7414,P1830,Q2777866
Q7414,P1830,Q2813838
Q7414,P1830,Q2912731
Q7414,P1830,Q2915959
Q7414,P1830,Q2937387
Q7414,P1830,Q54857
Q7414,P1830,Q83723
Q7414,P1830,Q127552
Q7414,P1830,Q169889
Q7414,P1830,Q181185
Q7414,P1830,Q191224
Q7414,P1830,Q206521
Q7414,P1830,Q206859
Q7414,P1830,Q216611
Q7414,P1830,Q217776
Q7414,P1830,Q242446
Q7414,P1830,Q277561
Q7414,P1830,Q287149
Q7414,P1830,Q313173
Q7414,P1830,Q313621
Q7414,P1830,Q334671
Q7414,P1830,Q390223
Q7414,P1830,Q420947
Q7414,P1830,Q465449
Q7414,P1830,Q497155
Q7414,P1830,Q622329
Q7414,P1830,Q635278
Q7414,P1830,Q637164
Q7414,P1830,Q654073
Q7414,P1830,Q672664
Q7414,P1830,Q684994
Q7414,P1830,Q724613
Q7414,P1830,Q746676
Q7414,P1830,Q434841
Q7414,P1830,Q2717612
Q7414,P1830,Q2084961
Q7414,P1830,Q634019
Q7414,P1830,Q953040
Q7414,P1830,Q885885
Q7414,P1830,Q5476977
Q7414,P1830,Q919514
Q7414,P1830,Q651228
Q7414,P1830,Q11681754
Q7414,P1830,Q5476820
Q7414,P1830,Q157118
Q7414,P1830,Q138709
Q7414,P1830,Q1189112
Q7414,P1830,Q30492190
Q7414,P1830,Q38072167
Q7414,P1830,Q28457298
Q7414,P1830,Q2814799
Q7414,P1830,Q45001184
Q7414,P1830,Q738088
Q7414,P1830,Q2014847
Q7414,P1830,Q5427400
Q7414,P1830,Q1118859
Q7414,P1830,Q5476678
Q7414,P1830,Q495107
Q7414,P1830,Q5270612
Q7414,P1830,Q5476806
Q7414,P1830,Q5476702
Q7414,P1830,Q3556742
Q7414,P1830,Q22079560
Q7414,P1830,Q130809
Q7414,P1830,Q3631478
Q7414,P1830,Q39058665
Q7414,P1830,Q3630152
Q7414,P1830,Q3631491
Q7414,P1830,Q16271976
Q7414,P1830,Q23022746
Q7414,P1830,Q3628946
Q7414,P1830,Q2273453
Q7414,P1830,Q7394684
Q7414,P1830,Q7394683
Q7414,P1830,Q17145072
Q7414,P1830,Q19758675
Q7414,P1830,Q18207757
Q7414,P1830,Q2994210
Q7414,P1830,Q10279075
Q7414,P1830,Q49402184
Q7414,P1830,Q5476840
Q7414,P1830,Q23837644
Q7414,P1830,Q5376047
Q7414,P1830,Q32854807
Q7414,P1830,Q3492330
Q7414,P1830,Q47481944
Q7414,P1830,Q3282004
Q7414,P1830,Q4947547
Q7414,P485,Q3565602
Q7414,P822,Q11934
Q7414,P463,Q37033
Q7414,P159,Q39561
Q7414,P127,Q849363
Q7414,P127,Q16658878
Q7414,P127,Q7603552
Q7414,P127,Q219635
Q7414,P127,Q3133593
Q7414,P127,Q505275
Q7414,P127,Q2007336
Q7414,P127,Q970695
Q7414,P127,Q1411292
Q7414,P127,Q3511946
Q7414,P1037,Q86408516
Q24232907,P31,Q4167410
Q7359756,P31,Q12308941
Q7359756,P1533,Q7359755
Q7359756,P407,Q1568
Q7359756,P282,Q38592
Q1542940,P31,Q4167410
Q1542940,P1889,Q21112232
Q1542940,P1889,Q37512492
Q1057377,P156,Q202375
Q1057377,P910,Q9425127
Q1057377,P31,Q10929058
Q1057377,P361,Q129585
Q1057377,P176,Q219203
Q1057377,P279,Q17589470
Q1057377,P437,Q1190785
Q1057377,P437,Q34467
Q1057377,P641,Q847
Q1057377,P880,Q1323830
Q1317270,P31,Q4830453
Q1317270,P31,Q6881511
Q1317270,P159,Q35765
Q1317270,P740,Q35765
Q1317270,P1454,Q1480166
Q1317270,P910,Q24859927
Q1317270,P17,Q17
Q1317270,P463,Q1361045
Q1317270,P463,Q7389502
Q1317270,P452,Q11650
Q1317270,P414,Q217475
Q7645315,P31,Q4167410
Q295609,P31,Q4167410
Q295609,P460,Q419192
Q295609,P1889,Q430699
Q295609,P1889,Q37439131
Q1179174,P31,Q4167410
Q170477,P279,Q391414
Q170477,P279,Q811979
Q170477,P279,Q65115262
Q170477,P910,Q8361445
Q170477,P6440,Q41324048
Q170477,P1343,Q602358
Q229825,P31,Q4167410
Q2326110,P279,Q10843872
Q2326110,P910,Q8637674
Q2326110,P1269,Q216678
Q2326110,P1889,Q29856937
Q2326110,P460,Q811964
Q633852,P279,Q483247
Q633852,P1343,Q96267557
Q633852,P407,Q188
Q41127,P460,Q3954
Q41127,P460,Q4303414
Q41127,P460,Q204927
Q41127,P21,Q6581097
Q41127,P22,Q44204
Q41127,P25,Q108419
Q41127,P40,Q2715013
Q41127,P40,Q1471633
Q41127,P40,Q10396307
Q41127,P40,Q193567
Q41127,P40,Q430157
Q41127,P40,Q637955
Q41127,P40,Q148030
Q41127,P40,Q191481
Q41127,P40,Q641286
Q41127,P40,Q793088
Q41127,P40,Q592348
Q41127,P40,Q7179974
Q41127,P40,Q3342132
Q41127,P40,Q17521227
Q41127,P40,Q182439
Q41127,P40,Q617753
Q41127,P40,Q271949
Q41127,P40,Q272006
Q41127,P40,Q697942
Q41127,P40,Q1372039
Q41127,P40,Q15838246
Q41127,P40,Q833826
Q41127,P40,Q172549
Q41127,P40,Q757089
Q41127,P40,Q12873238
Q41127,P40,Q29654939
Q41127,P40,Q28075412
Q41127,P40,Q392631
Q41127,P40,Q844867
Q41127,P40,Q10487485
Q41127,P40,Q1320718
Q41127,P40,Q26610012
Q41127,P40,Q21547870
Q41127,P40,Q26611664
Q41127,P40,Q15709147
Q41127,P40,Q1817912
Q41127,P40,Q3618450
Q41127,P40,Q1304531
Q41127,P40,Q740468
Q41127,P40,Q1136130
Q41127,P40,Q305614
Q41127,P40,Q1349772
Q41127,P40,Q1378556
Q41127,P40,Q1606756
Q41127,P40,Q16331922
Q41127,P40,Q43986
Q41127,P40,Q1466343
Q41127,P40,Q25433606
Q41127,P40,Q2632716
Q41127,P40,Q1347568
Q41127,P40,Q622781
Q41127,P40,Q3346641
Q41127,P40,Q3268519
Q41127,P40,Q3060919
Q41127,P40,Q2352974
Q41127,P40,Q771241
Q41127,P40,Q905409
Q41127,P40,Q863859
Q41127,P40,Q1125049
Q41127,P40,Q23818209
Q41127,P40,Q44418388
Q41127,P40,Q1924572
Q41127,P40,Q12873066
Q41127,P40,Q842435
Q41127,P40,Q1146978
Q41127,P40,Q749123
Q41127,P40,Q12877646
Q41127,P40,Q189872
Q41127,P40,Q192082
Q41127,P40,Q2578114
Q41127,P40,Q7124089
Q41127,P40,Q362738
Q41127,P40,Q18551588
Q41127,P40,Q957340
Q41127,P40,Q4063102
Q41127,P40,Q1657298
Q41127,P40,Q320660
Q41127,P40,Q162797
Q41127,P40,Q5349850
Q41127,P40,Q2322448
Q41127,P40,Q4292726
Q41127,P40,Q10715158
Q41127,P40,Q3699000
Q41127,P40,Q6019601
Q41127,P40,Q247446
Q41127,P40,Q6050752
Q41127,P40,Q4421209
Q41127,P40,Q80493
Q41127,P40,Q3620546
Q41127,P40,Q3381352
Q41127,P40,Q679716
Q41127,P40,Q2167123
Q41127,P40,Q1066344
Q41127,P40,Q1088981
Q41127,P40,Q3198070
Q41127,P40,Q308055
Q41127,P40,Q1074481
Q41127,P40,Q18816362
Q41127,P40,Q392412
Q41127,P40,Q541061
Q41127,P40,Q4891678
Q41127,P40,Q22906256
Q41127,P40,Q4259170
Q41127,P40,Q3891746
Q41127,P40,Q28126889
Q41127,P40,Q641065
Q41127,P40,Q3907701
Q41127,P40,Q3950582
Q41127,P40,Q1469237
Q41127,P40,Q843335
Q41127,P40,Q532251
Q41127,P40,Q7674863
Q41127,P40,Q1301972
Q41127,P40,Q207663
Q41127,P40,Q5873881
Q41127,P40,Q18518833
Q41127,P40,Q1088867
Q41127,P40,Q12757032
Q41127,P40,Q11941123
Q41127,P40,Q4749584
Q41127,P40,Q5712975
Q41127,P40,Q6885930
Q41127,P40,Q16328054
Q41127,P40,Q15825733
Q41127,P40,Q53271809
Q41127,P40,Q5869976
Q41127,P40,Q3960045
Q41127,P40,Q4419033
Q41127,P40,Q21548810
Q41127,P40,Q21548578
Q41127,P40,Q21548705
Q41127,P40,Q55590474
Q41127,P40,Q21548702
Q41127,P40,Q55804916
Q41127,P40,Q21548259
Q41127,P40,Q55962319
Q41127,P40,Q56246406
Q41127,P40,Q2305446
Q41127,P40,Q57208772
Q41127,P40,Q57426646
Q41127,P40,Q58918959
Q41127,P40,Q59828953
Q41127,P40,Q60185226
Q41127,P40,Q60219445
Q41127,P40,Q61241198
Q41127,P40,Q385397
Q41127,P26,Q1627764
Q41127,P26,Q180222
Q41127,P26,Q1126715
Q41127,P26,Q19681430
Q41127,P26,Q644692
Q41127,P451,Q35500
Q41127,P451,Q1458587
Q41127,P451,Q304227
Q41127,P451,Q11921121
Q41127,P451,Q390348
Q41127,P451,Q763268
Q41127,P451,Q657562
Q41127,P451,Q482096
Q41127,P451,Q10411954
Q41127,P451,Q1704642
Q41127,P451,Q641993
Q41127,P451,Q643456
Q41127,P451,Q4068816
Q41127,P451,Q371206
Q41127,P451,Q2930007
Q41127,P451,Q5741517
Q41127,P451,Q5741709
Q41127,P451,Q2934559
Q41127,P451,Q1362409
Q41127,P451,Q686174
Q41127,P451,Q1106075
Q41127,P451,Q3665076
Q41127,P451,Q2723170
Q41127,P451,Q7382381
Q41127,P451,Q1088827
Q41127,P451,Q17581463
Q41127,P451,Q4040541
Q41127,P451,Q40730
Q41127,P451,Q3060743
Q41127,P451,Q1378472
Q41127,P451,Q956831
Q41127,P451,Q93172
Q41127,P451,Q3611629
Q41127,P451,Q638578
Q41127,P451,Q1620067
Q41127,P451,Q1672201
Q41127,P451,Q1129914
Q41127,P451,Q160730
Q41127,P451,Q3854114
Q41127,P451,Q4289514
Q41127,P451,Q4300425
Q41127,P451,Q6019598
Q41127,P451,Q12751581
Q41127,P451,Q19800714
Q41127,P451,Q398524
Q41127,P451,Q4843985
Q41127,P451,Q2349443
Q41127,P451,Q7426963
Q41127,P451,Q7661261
Q41127,P451,Q4482867
Q41127,P451,Q843514
Q41127,P451,Q6009377
Q41127,P451,Q16607057
Q41127,P451,Q10419837
Q41127,P451,Q25393568
Q41127,P451,Q2112871
Q41127,P451,Q2071595
Q41127,P451,Q1805704
Q41127,P451,Q54810406
Q41127,P451,Q21548371
Q41127,P451,Q11905735
Q41127,P451,Q56098449
Q41127,P451,Q56162726
Q41127,P451,Q57157139
Q41127,P451,Q12750909
Q41127,P31,Q1916821
Q41127,P31,Q22989102
Q41127,P910,Q6345228
Q41127,P1049,Q34726
Q41127,P2925,Q165
Q41127,P2925,Q7944
Q41127,P2925,Q1265288
Q41127,P2283,Q271628
Q41127,P4185,Q20644862
Q41127,P4185,Q13938622
Q41127,P4185,Q816795
Q41127,P1343,Q602358
Q41127,P1343,Q19180675
Q41127,P1343,Q30059240
Q41127,P1343,Q4532138
Q41127,P3373,Q41419
Q41127,P3373,Q41410
Q41127,P3373,Q34201
Q41127,P3373,Q38012
Q41127,P3373,Q40730
Q41127,P361,Q101609
Q41127,P1441,Q35160
Q41127,P1441,Q8275
Q14118,P1151,Q14616193
Q14118,P17,Q142
Q14118,P31,Q572995
Q14118,P36,Q165090
Q14118,P37,Q150
Q14118,P910,Q8936563
Q14118,P1343,Q2657718
Q14118,P1464,Q13335328
Q14118,P2936,Q15087
Q14118,P7867,Q84128186
Q14118,P163,Q16630001
Q258317,P31,Q4167410
Q247989,P31,Q4167410
Q247989,P1889,Q37032969
Q3465,P279,Q6949149
Q3465,P279,Q193291
Q3465,P910,Q7461205
Q3465,P361,Q47280
Q3465,P361,Q432
Q3465,P1343,Q19180675
Q3465,P1343,Q602358
Q3465,P1343,Q4532135
Q3465,P1343,Q18517268
Q3465,P1889,Q235113
Q3465,P460,Q30607480
Q3465,P460,Q177413
Q245921,P31,Q4167410
Q37159497,P31,Q101352
Q37159497,P282,Q8229
Q37159497,P5323,Q92953148
Q1030091,P31,Q4167410
Q14565197,P279,Q2151613
Q14565197,P31,Q2712963
Q14565197,P2670,Q542952
Q14565197,P2670,Q22672702
Q14565197,P2670,Q22672981
Q14565197,P2670,Q89210763
Q14565197,P1552,Q3348297
Q5477144,P17,Q33
Q378907,P156,Q3024870
Q378907,P279,Q140703
Q378907,P1889,Q12271340
Q378907,P1889,Q1211349
Q378907,P1889,Q6122027
Q378907,P138,Q376895
Q5690016,P31,Q4167410
Q5690016,P366,Q3624911
Q7705499,P31,Q101352
Q7705499,P282,Q8229
Q204420,P31,Q4830453
Q204420,P159,Q6346
Q204420,P1056,Q570
Q231878,P31,Q4167410
Q231878,P910,Q32033730
Q3733304,P31,Q4167410
Q3733304,P279,Q41176
Q3733304,P1889,Q16869683
Q69709,P17,Q39
Q69709,P31,Q70208
Q69709,P31,Q685309
Q69709,P131,Q11925
Q69709,P131,Q680753
Q69709,P47,Q7912633
Q69709,P47,Q65375
Q69709,P47,Q65089
Q69709,P47,Q69079
Q69709,P47,Q380146
Q69709,P47,Q427187
Q69709,P910,Q9117429
Q69709,P206,Q14369
Q69709,P37,Q13199
Q69709,P1435,Q12127133
Q69709,P1366,Q69079
Q92793927,P31,Q4167410
Q4174178,P279,Q7590
Q230154,P31,Q4167410
Q230154,P1889,Q21450564
Q230154,P1889,Q30107019
Q230154,P1889,Q20542905
Q230154,P1889,Q12397575
Q230154,P460,Q14566499
Q230154,P460,Q2070444
Q1753080,P31,Q4830453
Q1753080,P31,Q6881511
Q1753080,P31,Q2549179
Q1753080,P31,Q261428
Q1753080,P112,Q7387856
Q1753080,P910,Q8574941
Q1753080,P159,Q12439
Q1753080,P452,Q126793
Q1753080,P749,Q966556
Q1753080,P17,Q30
Q1753080,P1454,Q891723
Q1753080,P414,Q217475
Q85301,P19,Q365
Q85301,P20,Q502749
Q85301,P27,Q183
Q85301,P31,Q5
Q85301,P106,Q49757
Q85301,P106,Q482980
Q85301,P106,Q36180
Q85301,P735,Q15730712
Q85301,P937,Q2742
Q85301,P734,Q36918721
Q85301,P1412,Q188
Q85301,P21,Q6581097
Q503673,P31,Q4830453
Q503673,P31,Q6881511
Q503673,P910,Q7342775
Q503673,P159,Q1490
Q503673,P740,Q1490
Q503673,P1454,Q1480166
Q503673,P127,Q178778
Q503673,P749,Q178778
Q503673,P452,Q1439700
Q503673,P17,Q17
Q503673,P1830,Q66132435
Q503673,P1056,Q313600
Q2507721,P31,Q9143
Q2507721,P31,Q176165
Q2507721,P1072,Q60628005
Q2507721,P1072,Q60628025
Q2507721,P1073,Q60628005
Q2507721,P1073,Q60628025
Q66175,P31,Q340169
Q66175,P1889,Q615867
Q345410,P31,Q4830453
Q345410,P740,Q176
Q345410,P159,Q16
Q345410,P452,Q581105
Q344565,P31,Q4167410
Q344565,P1889,Q5215930
Q344565,P1889,Q20064982
Q344565,P1889,Q96624214
Q344565,P460,Q3516580
Q344565,P460,Q340957
Q7856729,P31,Q4167410
Q5283579,P31,Q4167410
Q7858597,P31,Q4167410
Q43010,P534,Q23445
Q43010,P279,Q12550001
Q43010,P279,Q116269
Q43010,P279,Q214609
Q43010,P538,Q2747476
Q43010,P556,Q588274
Q43010,P589,Q13362465
Q43010,P579,Q13406835
Q43010,P579,Q63016949
Q43010,P690,Q15040807
Q43010,P690,Q15040810
Q43010,P910,Q7282399
Q43010,P31,Q12089225
Q43010,P138,Q28842424
Q43010,P1552,Q183759
Q43010,P1343,Q1970746
Q43010,P1343,Q19180675
Q43010,P1343,Q602358
Q43010,P1343,Q1768721
Q43010,P1889,Q410336
Q225549,P31,Q4167410
Q225549,P1889,Q1413008
Q225549,P1889,Q20727077
Q225549,P1889,Q198962
Q225549,P460,Q1209992
Q225549,P460,Q1699786
Q225549,P460,Q16479349
Q225549,P460,Q3012063
Q225549,P910,Q61962580
Q15731774,P31,Q12308941
Q15731774,P407,Q652
Q15731774,P460,Q4925623
Q15731774,P460,Q15731728
Q15731774,P460,Q2045089
Q15731774,P460,Q429542
Q15731774,P460,Q1242655
Q15731774,P460,Q2064754
Q15731774,P460,Q2064096
Q15731774,P460,Q1500197
Q15731774,P460,Q2106710
Q15731774,P460,Q2065177
Q15731774,P460,Q2063876
Q15731774,P460,Q2045138
Q15731774,P460,Q1521055
Q15731774,P460,Q15732803
Q15731774,P460,Q15732792
Q15731774,P460,Q18385147
Q15731774,P460,Q7155959
Q15731774,P460,Q18760931
Q15731774,P460,Q19816823
Q15731774,P460,Q24068557
Q15731774,P460,Q21552890
Q15731774,P1889,Q15268804
Q15731774,P1533,Q28066457
Q15731774,P282,Q8229
Q15731774,P1560,Q13137395
Q39850,P31,Q21199
Q39850,P31,Q49008
Q39850,P31,Q13366129
Q39850,P31,Q190890
Q39850,P31,Q190899
Q39850,P31,Q2634498
Q39850,P31,Q145134
Q39850,P5236,Q39850
Q11114344,P361,Q2151613
Q11114344,P361,Q34735
Q11114344,P31,Q34735
Q1744,P103,Q1860
Q1744,P172,Q974693
Q1744,P172,Q857880
Q1744,P735,Q20020
Q1744,P735,Q2655122
Q1744,P735,Q3215140
Q1744,P551,Q597
Q1744,P106,Q2526255
Q1744,P106,Q36834
Q1744,P106,Q3282637
Q1744,P106,Q36180
Q1744,P106,Q33999
Q1744,P106,Q5716684
Q1744,P106,Q131524
Q1744,P106,Q177220
Q1744,P106,Q183945
Q1744,P106,Q713200
Q1744,P106,Q43845
Q1744,P106,Q28389
Q1744,P106,Q753110
Q1744,P106,Q49757
Q1744,P106,Q4610556
Q1744,P106,Q4853732
Q1744,P106,Q13235160
Q1744,P106,Q3455803
Q1744,P106,Q12362622
Q1744,P106,Q855091
Q1744,P106,Q10800557
Q1744,P106,Q10732476
Q1744,P27,Q30
Q1744,P27,Q145
Q1744,P19,Q746820
Q1744,P358,Q14848569
Q1744,P910,Q7483193
Q1744,P31,Q5
Q1744,P26,Q192990
Q1744,P26,Q44221
Q1744,P91,Q43200
Q1744,P1343,Q4091875
Q1744,P1343,Q67311526
Q1744,P1343,Q17290934
Q1744,P69,Q7895775
Q1744,P69,Q7353940
Q1744,P69,Q230492
Q1744,P412,Q186506
Q1744,P412,Q30903
Q1744,P1303,Q6607
Q1744,P1303,Q128309
Q1744,P1303,Q61285
Q1744,P1303,Q17172850
Q1744,P102,Q29552
Q1744,P166,Q4992254
Q1744,P166,Q1027891
Q1744,P166,Q740968
Q1744,P166,Q2976730
Q1744,P166,Q428808
Q1744,P166,Q1542147
Q1744,P166,Q4992254
Q1744,P166,Q1011564
Q1744,P166,Q1472235
Q1744,P166,Q179191
Q1744,P166,Q1535145
Q1744,P166,Q977915
Q1744,P166,Q451842
Q1744,P166,Q223313
Q1744,P166,Q602866
Q1744,P166,Q602866
Q1744,P451,Q4343020
Q1744,P463,Q903791
Q1744,P463,Q63546531
Q1744,P1283,Q2622543
Q1744,P1151,Q14236364
Q1744,P136,Q37073
Q1744,P136,Q316930
Q1744,P136,Q9778
Q1744,P136,Q211756
Q1744,P136,Q484641
Q1744,P136,Q850412
Q1744,P136,Q378988
Q1744,P136,Q8341
Q1744,P136,Q253137
Q1744,P136,Q43343
Q1744,P101,Q746359
Q1744,P101,Q1415395
Q1744,P101,Q184485
Q1744,P101,Q625568
Q1744,P101,Q207628
Q1744,P734,Q20830931
Q1744,P1412,Q1860
Q1744,P1412,Q150
Q1744,P793,Q6728421
Q1744,P793,Q7642201
Q1744,P793,Q42722842
Q1744,P1455,Q2993580
Q1744,P1424,Q10565802
Q1744,P138,Q7560
Q1744,P138,Q64214945
Q1744,P40,Q24856246
Q1744,P40,Q24857222
Q1744,P40,Q24858136
Q1744,P40,Q44748772
Q1744,P40,Q44749098
Q1744,P40,Q24857732
Q1744,P264,Q165711
Q1744,P264,Q843402
Q1744,P264,Q2016567
Q1744,P264,Q231694
Q1744,P264,Q21077
Q1744,P264,Q1061903
Q1744,P737,Q5383
Q1744,P737,Q215026
Q1744,P737,Q239202
Q1744,P737,Q487604
Q1744,P737,Q202878
Q1744,P3373,Q5112102
Q1744,P1889,Q586048
Q1744,P1884,Q2367101
Q1744,P1344,Q193740
Q1744,P21,Q6581072
Q1744,P7084,Q6295801
Q1744,P1037,Q5622519
Q1744,P1037,Q5496856
Q1744,P108,Q847743
Q1744,P361,Q903791
Q1744,P1411,Q602866
Q1744,P1411,Q602866
Q1744,P1411,Q977915
Q1744,P1411,Q602866
Q1744,P22,Q97068316
Q1744,P25,Q97068329
Q450118,P31,Q4167410
Q450118,P1889,Q16883799
Q450118,P460,Q176688
Q403958,P31,Q4167410
Q17451,P279,Q15621286
Q17451,P279,Q18593264
Q17451,P910,Q7215661
Q17451,P1687,P2739
Q17451,P527,Q4868296
Q17451,P1963,P1878
Q17451,P1963,P6165
Q17451,P1963,P4586
Q17451,P1963,P4452
Q17451,P1889,Q4868296
Q17451,P1889,Q1147633
Q1391,P1151,Q14615883
Q1391,P17,Q30
Q1391,P47,Q1393
Q1391,P47,Q3551781
Q1391,P47,Q1370
Q1391,P47,Q1371
Q1391,P47,Q1400
Q1391,P36,Q28271
Q1391,P138,Q848615
Q1391,P163,Q752569
Q1391,P150,Q156257
Q1391,P150,Q488701
Q1391,P150,Q5092
Q1391,P150,Q488668
Q1391,P150,Q501277
Q1391,P150,Q501242
Q1391,P150,Q501323
Q1391,P150,Q385365
Q1391,P150,Q501319
Q1391,P150,Q501263
Q1391,P150,Q501345
Q1391,P150,Q501236
Q1391,P150,Q501284
Q1391,P150,Q398939
Q1391,P150,Q494228
Q1391,P150,Q488659
Q1391,P150,Q26807
Q1391,P150,Q511150
Q1391,P150,Q511135
Q1391,P150,Q511084
Q1391,P150,Q511164
Q1391,P150,Q511106
Q1391,P150,Q494072
Q1391,P150,Q511120
Q1391,P131,Q30
Q1391,P910,Q6808270
Q1391,P31,Q35657
Q1391,P194,Q10566065
Q1391,P1464,Q8064553
Q1391,P1465,Q8365545
Q1391,P1740,Q7522288
Q1391,P1791,Q7977104
Q1391,P1792,Q7116747
Q1391,P421,Q941023
Q1391,P421,Q28146035
Q1391,P421,Q5390
Q1391,P421,Q5762
Q1391,P1343,Q302556
Q1391,P1343,Q2657718
Q1391,P1343,Q602358
Q1391,P1343,Q19190511
Q1391,P1313,Q693032
Q1391,P1365,Q2452027
Q1391,P6,Q16731303
Q1391,P610,Q658808
Q1391,P1589,Q97
Q1391,P2184,Q5865454
Q1391,P190,Q127513
Q1391,P2633,Q52312641
Q1391,P5125,Q7112350
Q1391,P208,Q5589245
Q1391,P457,Q5164205
Q1391,P209,Q6781295
Q1391,P361,Q578170
Q1391,P361,Q2261430
Q1391,P361,Q632014
Q1391,P206,Q216868
Q1391,P206,Q179444
Q1391,P206,Q27538
Q1391,P206,Q432641
Q1391,P206,Q483607
Q1391,P206,Q97
Q1391,P2238,Q805774
Q1391,P2238,Q469555
Q1391,P30,Q49
Q1391,P418,Q1815129
Q1391,P2936,Q3504233
Q1391,P2936,Q3915517
Q1391,P2936,Q12635887
Q1391,P1889,Q6781252
Q1391,P7867,Q8610660
Q1391,P1424,Q10401922
Q1391,P1456,Q6976779
Q1391,P8402,Q97155998
Q1391,P8744,Q100782119
Q2055379,P31,Q12308941
Q2055379,P460,Q256463
Q2055379,P460,Q18204287
Q2055379,P460,Q18204128
Q2055379,P460,Q18204275
Q2055379,P460,Q18635486
Q2055379,P460,Q12901382
Q2055379,P282,Q8229
Q2055379,P1533,Q37011198
Q2055379,P1889,Q47469931
Q201970,P131,Q21694759
Q201970,P17,Q145
Q201970,P17,Q161885
Q201970,P31,Q1357964
Q201970,P31,Q18511725
Q201970,P31,Q1115575
Q201970,P910,Q8742856
Q201970,P1464,Q8079744
Q201970,P1465,Q9219986
Q201970,P47,Q301082
Q201970,P1792,Q7933568
Q201970,P421,Q6574
Q201970,P206,Q19682
Q201970,P460,Q24668013
Q201970,P1376,Q67574371
Q201970,P1343,Q602358
Q201970,P1343,Q63284758
Q201970,P190,Q109535
Q201970,P7867,Q84020525
Q201970,P7959,Q67574371
Q61742459,P31,Q4167410
Q1930567,P156,Q61054367
Q1930567,P279,Q41689629
Q1930567,P279,Q1363085
Q1930567,P279,Q161519
Q1930567,P3712,Q176640
Q1930567,P710,Q1734562
Q1930567,P2283,Q33767
Q344441,P31,Q4167410
Q1221,P1151,Q14615790
Q1221,P17,Q30
Q1221,P36,Q35775
Q1221,P31,Q35657
Q1221,P47,Q1974
Q1221,P47,Q1212
Q1221,P47,Q1214
Q1221,P47,Q829
Q1221,P47,Q1227
Q1221,P47,Q824
Q1221,P47,Q1223
Q1221,P37,Q1860
Q1221,P421,Q2212
Q1221,P421,Q2204
Q1221,P421,Q28145790
Q1221,P163,Q736760
Q1221,P131,Q30
Q1221,P910,Q6808490
Q1221,P194,Q4256974
Q1221,P1464,Q14330692
Q1221,P1465,Q8365484
Q1221,P1740,Q6466974
Q1221,P1792,Q7116986
Q1221,P1343,Q302556
Q1221,P1343,Q2657718
Q1221,P1343,Q602358
Q1221,P1343,Q19180675
Q1221,P1343,Q20078554
Q1221,P1313,Q29514674
Q1221,P6,Q4954097
Q1221,P166,Q3381638
Q1221,P610,Q893312
Q1221,P1589,Q505539
Q1221,P150,Q109820
Q1221,P150,Q109815
Q1221,P150,Q113017
Q1221,P150,Q486372
Q1221,P150,Q486376
Q1221,P150,Q488548
Q1221,P150,Q488582
Q1221,P150,Q486357
Q1221,P150,Q483932
Q1221,P150,Q486380
Q1221,P150,Q486366
Q1221,P150,Q111298
Q1221,P150,Q486054
Q1221,P150,Q486078
Q1221,P150,Q488481
Q1221,P150,Q483947
Q1221,P150,Q156448
Q1221,P150,Q175799
Q1221,P150,Q488512
Q1221,P150,Q486336
Q1221,P150,Q494494
Q1221,P150,Q494508
Q1221,P150,Q494514
Q1221,P150,Q494575
Q1221,P150,Q494480
Q1221,P150,Q494526
Q1221,P150,Q494536
Q1221,P150,Q494460
Q1221,P150,Q284840
Q1221,P150,Q487415
Q1221,P150,Q491073
Q1221,P150,Q486994
Q1221,P150,Q491456
Q1221,P150,Q491052
Q1221,P150,Q494569
Q1221,P150,Q491331
Q1221,P150,Q491316
Q1221,P150,Q491432
Q1221,P150,Q491311
Q1221,P150,Q494518
Q1221,P150,Q491068
Q1221,P150,Q491339
Q1221,P150,Q491327
Q1221,P150,Q486040
Q1221,P2184,Q4204547
Q1221,P1791,Q48976219
Q1221,P2633,Q4135598
Q1221,P5125,Q7112291
Q1221,P209,Q5987471
Q1221,P208,Q53709972
Q1221,P1546,Q4038232
Q1221,P361,Q578170
Q1221,P2238,Q819825
Q1221,P457,Q64362976
Q1221,P2936,Q3339226
Q1221,P2936,Q3360656
Q1221,P2936,Q32915
Q1221,P2936,Q33434
Q1221,P2936,Q33811
Q1221,P7867,Q84099523
Q1221,P418,Q1523657
Q1221,P8402,Q97100902
Q1221,P8744,Q85758535
Q320729,P190,Q842854
Q320729,P190,Q693264
Q320729,P17,Q30
Q320729,P31,Q1093829
Q320729,P31,Q62049
Q320729,P131,Q113017
Q320729,P131,Q491311
Q320729,P910,Q7336619
Q320729,P47,Q1515246
Q320729,P47,Q1438552
Q320729,P1792,Q14439580
Q320729,P1464,Q41859656
Q320729,P1376,Q113017
Q320729,P421,Q3134980
Q474642,P279,Q311666
Q474642,P279,Q1183543
Q405101,P31,Q4167410
Q405101,P1889,Q18697527
Q405101,P1889,Q36906328
Q405101,P460,Q355882
Q484583,P279,Q8066
Q484583,P279,Q2875193
Q484583,P31,Q55662747
Q484583,P527,Q623
Q484583,P1343,Q2657718
Q484583,P361,Q22313719
Q484583,P361,Q22273320
Q484583,P361,Q22273321
Q484583,P361,Q21121261
Q484583,P361,Q22324861
Q484583,P361,Q21124457
Q484583,P361,Q27862619
Q159614,P31,Q4830453
Q159614,P31,Q891723
Q159614,P31,Q6881511
Q159614,P910,Q8727639
Q159614,P159,Q846338
Q159614,P414,Q217475
Q159614,P749,Q3247512
Q159614,P1056,Q235041
Q159614,P1056,Q3962
Q159614,P1056,Q80831
Q159614,P1056,Q83341
Q159614,P1056,Q108766
Q159614,P1056,Q199769
Q159614,P1056,Q82744
Q159614,P1056,Q7397
Q159614,P1454,Q1480166
Q159614,P740,Q846338
Q159614,P17,Q17
Q159614,P355,Q29122947
Q159614,P452,Q11650
Q159614,P452,Q350532
Q159614,P1830,Q1771114
Q159614,P463,Q1361045
Q159614,P463,Q7389502
Q159614,P6379,Q1809071
Q159614,P1889,Q322601
Q527628,P910,Q8520935
Q527628,P1056,Q3139490
Q527628,P1343,Q2657718
Q527628,P31,Q4162444
Q527628,P279,Q1439691
Q1485039,P31,Q4167410
Q1485039,P1889,Q37452046
Q742033,P31,Q4167410
Q742033,P1889,Q19413922
Q742033,P1889,Q37234805
Q742033,P460,Q366468
Q485708,P31,Q1093829
Q485708,P31,Q62049
Q485708,P17,Q30
Q485708,P131,Q111549
Q485708,P910,Q8392654
Q485708,P190,Q1895
Q485708,P190,Q34116
Q485708,P190,Q840834
Q485708,P190,Q1656131
Q485708,P190,Q500217
Q485708,P1376,Q111549
Q485708,P1792,Q9919424
Q485708,P1464,Q20637641
Q485708,P138,Q3014132
Q485708,P421,Q2086913
Q485708,P206,Q5313521
Q485708,P1830,Q3277758
Q485708,P1830,Q4813750
Q485708,P47,Q1924152
Q485708,P706,Q1066
Q485708,P1343,Q602358
Q485708,P1343,Q19190511
Q485708,P1343,Q20078554
Q485708,P1343,Q3181656
Q485708,P7867,Q84062079
Q485708,P6,Q22278787
Q229209,P31,Q4167410
Q296518,P31,Q4167410
Q238972,P31,Q4167410
Q238972,P1889,Q29837991
Q1788022,P31,Q8502
Q1788022,P30,Q49
Q1788022,P131,Q1223
Q1788022,P17,Q30
Q1788022,P3018,Q1163799
Q1788022,P186,Q15315
Q1788022,P4552,Q2961872
Q1788022,P2348,Q44626
Q1788022,P910,Q55272941
Q163810,P31,Q2005696
Q163810,P112,Q52846
Q163810,P910,Q7371643
Q163810,P159,Q25287
Q163810,P1454,Q422007
Q163810,P355,Q2373435
Q163810,P355,Q2033642
Q163810,P355,Q29122962
Q163810,P355,Q29122967
Q163810,P355,Q29122969
Q163810,P355,Q10716714
Q163810,P355,Q617322
Q163810,P452,Q190117
Q163810,P17,Q34
Q163810,P414,Q217475
Q163810,P414,Q1019992
Q163810,P1830,Q672889
Q163810,P1830,Q840045
Q163810,P1830,Q1241339
Q163810,P1830,Q1756227
Q163810,P1830,Q2033642
Q163810,P1830,Q10716722
Q163810,P1830,Q10716725
Q163810,P1056,Q43193
Q163810,P488,Q963421
Q163810,P169,Q15544602
Q163810,P1889,Q20827600
Q163810,P1889,Q215293
Q43489,P105,Q34740
Q43489,P171,Q754660
Q43489,P910,Q6677825
Q43489,P31,Q16521
Q43489,P1343,Q1138524
Q43489,P1343,Q602358
Q43489,P1343,Q19180675
Q226504,P31,Q4167410
Q324782,P31,Q4830453
Q324782,P31,Q6881511
Q324782,P910,Q8297842
Q324782,P910,Q8297835
Q324782,P159,Q6221
Q324782,P17,Q38
Q324782,P1454,Q134161
Q324782,P749,Q11687735
Q324782,P740,Q104623
Q324782,P1056,Q12796
Q324782,P452,Q392933
Q324782,P112,Q3635327
Q324782,P1830,Q324171
Q343479,P31,Q4167410
Q343479,P1889,Q37183303
Q2409201,P31,Q4167410
Q51809591,P31,Q4167410
Q15820139,P31,Q4167410
Q15820139,P1889,Q41796333
Q5966,P17,Q183
Q5966,P131,Q1197
Q5966,P910,Q8707036
Q5966,P31,Q85332736
Q5966,P1365,Q1803439
Q5966,P47,Q5958
Q5966,P47,Q6230
Q5966,P47,Q5963
Q5966,P47,Q5970
Q5966,P47,Q6239
Q5966,P421,Q6655
Q5966,P421,Q6723
Q5966,P36,Q544501
Q5966,P37,Q188
Q5966,P1792,Q8748661
Q5966,P1464,Q9073550
Q5966,P1465,Q32318356
Q5966,P463,Q1606487
Q1321250,P31,Q1411242
Q36501,P31,Q4167410
Q359428,P31,Q4167410
Q34763,P910,Q7023666
Q34763,P279,Q271669
Q34763,P279,Q205895
Q34763,P279,Q35145263
Q34763,P1424,Q6465461
Q34763,P6186,Q15715258
Q34763,P1343,Q3181656
Q34763,P1343,Q4532138
Q34763,P1889,Q2362867
Q11288132,P279,Q164160
Q11288132,P361,Q573
Q11288132,P155,Q166564
Q11288132,P156,Q1141780
Q8188561,P279,Q2118549
Q8188561,P1889,Q65045986
Q8188561,P1269,Q65045986
Q745757,P31,Q18120271
Q745757,P31,Q15416
Q745757,P1441,Q886
Q745757,P737,Q131144
Q745757,P136,Q11425
Q745757,P495,Q30
Q745757,P1080,Q61468436
Q745757,P8345,Q7764350
Q745757,P161,Q60293409
Q745757,P161,Q60293414
Q745757,P161,Q3489275
Q745757,P1811,Q6574937
Q1220375,P31,Q4167410
Q243641,P31,Q4167410
Q243641,P1889,Q30431299
Q128709,P910,Q6375545
Q128709,P31,Q5725005
Q128709,P31,Q107715
Q128709,P461,Q3074482
Q128709,P1343,Q2657718
Q128709,P1343,Q20078554
Q128709,P279,Q6478447
Q128709,P279,Q1409260
Q128709,P279,Q3387041
Q128709,P279,Q82580
Q128709,P1889,Q472074
Q16874864,P31,Q21278897
Q175185,P461,Q702492
Q175185,P461,Q61055883
Q175185,P910,Q9010345
Q175185,P279,Q2221906
Q175185,P279,Q82794
Q175185,P527,Q532
Q175185,P527,Q181307
Q175185,P2579,Q11523535
Q175185,P2579,Q396246
Q175185,P1552,Q7380600
Q216212,P279,Q63099748
Q216212,P279,Q27686
Q216212,P910,Q8642274
Q784831,P31,Q41298
Q784831,P136,Q3267592
Q784831,P407,Q1860
Q784831,P495,Q30
Q784831,P123,Q1138758
Q2157427,P31,Q4167410
Q22671,P105,Q36602
Q22671,P171,Q304358
Q22671,P171,Q37140800
Q22671,P31,Q16521
Q22671,P910,Q7034239
Q22671,P910,Q8921339
Q22671,P2579,Q1779152
Q851436,P31,Q28640
Q851436,P910,Q7484695
Q851436,P279,Q856887
Q851436,P101,Q2072391
Q851436,P2354,Q6607997
Q851436,P1889,Q3095365
Q7167926,P31,Q4167410
Q1049970,P31,Q4830453
Q1049970,P31,Q6881511
Q1049970,P159,Q161491
Q1049970,P112,Q5083297
Q1049970,P749,Q152057
Q1049970,P1454,Q6832945
Q1049970,P452,Q862571
Q1049970,P17,Q145
Q292396,P31,Q4167410
Q292396,P460,Q1024933
Q21510021,P31,Q101352
Q21510021,P1889,Q1306325
Q21510021,P282,Q8229
Q192152,P910,Q5652992
Q192152,P279,Q1420
Q192152,P31,Q836985
Q224530,P279,Q1190554
Q224530,P1343,Q2657718
Q224530,P1889,Q14855775
Q334637,P910,Q6220740
Q334637,P910,Q7356215
Q334637,P1343,Q2657718
Q334637,P279,Q1069267
Q334637,P279,Q191154
Q334637,P279,Q1974312
Q334637,P361,Q162297
Q334637,P527,Q191154
Q334637,P460,Q1201133
Q3735933,P31,Q4167410
Q152282,P31,Q60539481
Q152282,P361,Q9357054
Q152282,P361,Q77468620
Q152282,P1889,Q628939
Q152282,P461,Q187234
Q152282,P279,Q490149
Q170263,P190,Q6855
Q170263,P190,Q124925
Q170263,P190,Q462804
Q170263,P17,Q145
Q170263,P31,Q515
Q170263,P31,Q1357964
Q170263,P131,Q1070591
Q170263,P910,Q7332506
Q170263,P1464,Q8078917
Q170263,P1465,Q9218035
Q170263,P1792,Q6528500
Q170263,P1376,Q816814
Q170263,P1376,Q1070591
Q170263,P421,Q6574
Q170263,P421,Q6655
Q170263,P1830,Q26656956
Q170263,P793,Q7509929
Q170263,P7867,Q84098066
Q170263,P7959,Q67287495
Q170263,P1343,Q4532138
Q170263,P1343,Q3181656
Q111104,P31,Q4167410
Q111104,P1889,Q101250960
Q111104,P1889,Q6139319
Q111104,P1889,Q7688915
Q111104,P1889,Q10378386
Q111104,P1889,Q10824118
Q111104,P1889,Q11322441
Q206976,P279,Q2041172
Q206976,P279,Q28816538
Q206976,P366,Q12453
Q206976,P1343,Q2657718
Q206976,P910,Q55276128
Q206976,P2575,Q1256787
Q3459271,P31,Q4167410
Q898637,P31,Q47088359
Q10566551,P910,Q7022841
Q10566551,P279,Q813912
Q10566551,P279,Q10354783
Q10566551,P461,Q104493
Q10566551,P361,Q189447
Q10566551,P361,Q2689057
Q10566551,P1552,Q190258
Q10566551,P1552,Q2034862
Q10566551,P1889,Q2526135
Q181114,P31,Q786820
Q181114,P112,Q318044
Q181114,P910,Q7215648
Q181114,P155,Q1476861
Q181114,P155,Q1967466
Q181114,P452,Q190117
Q181114,P17,Q30
Q181114,P127,Q15678788
Q181114,P159,Q758559
Q181114,P159,Q30
Q181114,P749,Q15678788
Q181114,P749,Q27530
Q181114,P749,Q289362
Q181114,P749,Q940689
Q181114,P740,Q758559
Q181114,P1056,Q43193
Q181114,P1056,Q1420
Q181114,P1454,Q149789
Q181114,P1454,Q18624259
Q181114,P169,Q1229223
Q181114,P199,Q27564
Q181114,P199,Q30113
Q181114,P199,Q165708
Q181114,P199,Q304444
Q181114,P199,Q1789249
Q181114,P355,Q29610
Q181114,P355,Q27564
Q181114,P355,Q30113
Q181114,P355,Q165708
Q181114,P1889,Q29610
Q181114,P1830,Q27558
Q181114,P1830,Q29610
Q181114,P1830,Q463677
Q181114,P1830,Q668822
Q181114,P1830,Q1088671
Q181114,P1830,Q1124857
Q181114,P1830,Q1203417
Q181114,P1830,Q5114658
Q181114,P1830,Q7194164
Q181114,P495,Q30
Q181114,P138,Q318044
Q181114,P1037,Q1229223
Q7301201,P31,Q4167410
Q362338,P31,Q4167410
Q1990797,P910,Q8706869
Q1990797,P366,Q4339909
Q1990797,P279,Q8205328
Q1990797,P279,Q3545649
Q1990797,P276,Q188869
Q1990797,P276,Q624114
Q653401,P910,Q8872232
Q653401,P279,Q12280
Q653401,P31,Q17644823
Q766791,P31,Q4167410
Q228999,P31,Q4167410
Q228999,P460,Q226158
Q228999,P460,Q8210371
Q228999,P460,Q397448
Q228999,P460,Q9030832
Q228999,P1889,Q24436157
Q228999,P1889,Q24436077
Q5943610,P31,Q4167410
Q721983,P17,Q30
Q721983,P131,Q173
Q721983,P31,Q49614
Q53121,P1151,Q8210238
Q53121,P910,Q7517245
Q53121,P279,Q1914636
Q53121,P279,Q31629
Q53121,P279,Q334166
Q53121,P279,Q79782
Q53121,P618,Q20984829
Q53121,P2283,Q11442
Q53121,P1889,Q2215841
Q53121,P3095,Q2125610
Q53121,P6104,Q11755824
Q53121,P1424,Q7745571
Q984613,P1464,Q9225247
Q984613,P190,Q866307
Q984613,P17,Q145
Q984613,P131,Q894088
Q984613,P31,Q3957
Q984613,P910,Q7311157
Q984613,P1465,Q18057006
Q984613,P1343,Q602358
Q984613,P1343,Q867541
Q984613,P47,Q1900484
Q984613,P421,Q6574
Q984613,P1792,Q8738492
Q984613,P1376,Q894088
Q984613,P7959,Q67311402
Q74801,P31,Q5398426
Q74801,P449,Q23633
Q74801,P161,Q232072
Q74801,P161,Q234201
Q74801,P161,Q601032
Q74801,P161,Q2278533
Q74801,P161,Q2139900
Q74801,P364,Q1860
Q74801,P170,Q646929
Q74801,P840,Q61
Q74801,P921,Q7163
Q74801,P136,Q7225114
Q74801,P136,Q22812458
Q74801,P495,Q30
Q74801,P2061,Q1383069
Q74801,P86,Q932744
Q74801,P1431,Q646929
Q74801,P272,Q23633
Q74801,P166,Q2110156
Q74801,P4312,Q2918907
Q74801,P910,Q42145666
Q74801,P527,Q3730509
Q74801,P527,Q17630028
Q74801,P527,Q17630031
Q74801,P527,Q21186097
Q74801,P527,Q25410603
Q74801,P527,Q29221335
Q74801,P1811,Q1689492
Q74801,P750,Q1156642
Q74801,P407,Q1860
Q418833,P175,Q55641
Q418833,P264,Q203059
Q418833,P31,Q134556
Q418833,P156,Q2349439
Q418833,P361,Q818781
Q418833,P162,Q3934878
Q418833,P136,Q211756
Q418833,P407,Q1860
Q7676109,P31,Q4167410
Q7597269,P31,Q4167410
Q7597269,P1889,Q37190256
Q1401706,P279,Q202875
Q1401706,P910,Q8289886
Q6398305,P31,Q4167410
Q6030084,P31,Q4167410
Q1092,P1434,Q18043309
Q1092,P1151,Q8209008
Q1092,P674,Q16375
Q1092,P170,Q191716
Q1092,P50,Q191716
Q1092,P31,Q196600
Q1092,P136,Q24925
Q1092,P910,Q7155418
Q1092,P495,Q30
Q1092,P800,Q49404247
Q1092,P800,Q20909
Q1092,P800,Q1077
Q1092,P112,Q191716
Q1092,P527,Q3500963
Q1092,P8345,Q1092
Q151107,P31,Q4830453
Q151107,P31,Q20032039
Q151107,P31,Q2085381
Q151107,P31,Q6881511
Q151107,P910,Q7461808
Q151107,P159,Q42168
Q151107,P17,Q142
Q151107,P1454,Q837619
Q151107,P112,Q274389
Q151107,P112,Q382573
Q151107,P414,Q842108
Q151107,P361,Q648828
Q151107,P1830,Q28192579
Q151107,P452,Q190117
Q151107,P355,Q30338203
Q151107,P355,Q50398874
Q151107,P138,Q274389
Q151107,P138,Q382573
Q151107,P1037,Q33272867
Q151107,P822,Q302895
Q151107,P1056,Q169545
Q151107,P166,Q92429087
Q240147,P31,Q4167410
Q12439,P910,Q8375444
Q12439,P30,Q49
Q12439,P17,Q30
Q12439,P31,Q1093829
Q12439,P31,Q62049
Q12439,P31,Q902814
Q12439,P31,Q1549591
Q12439,P131,Q195664
Q12439,P190,Q2280
Q12439,P190,Q201117
Q12439,P190,Q495
Q12439,P190,Q19660
Q12439,P190,Q11725
Q12439,P190,Q613
Q12439,P190,Q239580
Q12439,P190,Q2467
Q12439,P190,Q48195
Q12439,P190,Q612
Q12439,P194,Q5265877
Q12439,P163,Q5456733
Q12439,P206,Q318435
Q12439,P206,Q447316
Q12439,P1464,Q9224478
Q12439,P1465,Q9218233
Q12439,P47,Q182625
Q12439,P47,Q430464
Q12439,P1740,Q30631198
Q12439,P1792,Q6942471
Q12439,P421,Q941023
Q12439,P6,Q15699836
Q12439,P1791,Q32383034
Q12439,P361,Q781973
Q12439,P706,Q781973
Q12439,P1376,Q1360064
Q12439,P1376,Q195664
Q12439,P1830,Q1201545
Q12439,P1830,Q5265878
Q12439,P1830,Q168579
Q12439,P1343,Q602358
Q12439,P1343,Q3181656
Q12439,P1151,Q11240965
Q12439,P793,Q2888469
Q12439,P7867,Q84020708
Q12439,P8402,Q97153920
Q224301,P31,Q101352
Q224301,P460,Q23907787
Q224301,P460,Q21508276
Q224301,P460,Q27897615
Q224301,P460,Q5876815
Q224301,P1889,Q14325378
Q224301,P282,Q8229
Q224301,P5323,Q81945591
Q224301,P407,Q8641
Q1208529,P279,Q57833034
Q55664453,P527,Q870083
Q55664453,P527,Q2607091
Q55664453,P1889,Q870083
Q55664453,P1889,Q2607091
Q4952492,P31,Q4167410
Q931092,P910,Q6198468
Q931092,P279,Q3769299
Q931092,P279,Q35874
Q931092,P279,Q240126
Q931092,P527,Q1851760
Q931092,P527,Q747883
Q931092,P527,Q309100
Q931092,P3712,Q1761451
Q931092,P3712,Q557945
Q931092,P3712,Q12101178
Q931092,P3712,Q430986
Q931092,P3712,Q256401
Q931092,P3712,Q35874
Q582069,P31,Q4167410
Q964912,P279,Q225960
Q964912,P910,Q8951959
Q421850,P31,Q4167410
Q421850,P1889,Q16870300
Q421850,P1889,Q29763315
Q381155,P1343,Q2657718
Q381155,P279,Q1521410
Q381155,P279,Q3629395
Q381155,P1535,Q93921102
Q381155,P1889,Q93921102
Q1293287,P31,Q4167410
Q375982,P452,Q190117
Q375982,P31,Q786820
Q375982,P31,Q15081030
Q375982,P159,Q490
Q375982,P17,Q38
Q375982,P740,Q490
Q42042,P910,Q8734961
Q42042,P1343,Q2657718
Q42042,P1343,Q19180675
Q42042,P31,Q9174
Q42042,P3095,Q697405
Q346215,P31,Q4167410
Q2143919,P31,Q4167410
Q1901251,P31,Q4167410
Q332030,P279,Q7590
Q332030,P2283,Q908584
Q332030,P2283,Q332050
Q332030,P2283,Q191826
Q332030,P2283,Q545837
Q332030,P1382,Q61707958
Q332030,P461,Q69396773
Q28136847,P31,Q8171
Q28136847,P31,Q278485
Q28136847,P3342,Q223875
Q28136847,P135,Q19600530
Q28136847,P135,Q1516555
Q28136847,P407,Q8002
Q28136847,P5008,Q15304953
Q12786745,P31,Q4167410
Q232872,P31,Q4167410
Q232872,P1889,Q16419216
Q232872,P460,Q217510
Q232872,P460,Q64711754
Q232872,P460,Q64711772
Q7967198,P31,Q4167410
Q300211,P31,Q4167410
Q1398840,P31,Q4167410
Q1398840,P1889,Q37262525
Q415633,P31,Q4167410
Q417539,P31,Q4167410
Q417539,P1889,Q20085849
Q417539,P1889,Q12617221
Q417539,P1889,Q20021678
Q417539,P1889,Q30128457
Q417539,P1889,Q3520308
Q417539,P460,Q241954
Q417539,P460,Q2600662
Q216754,P31,Q59773381
Q216754,P176,Q156578
Q216754,P155,Q1500251
Q216754,P155,Q1569892
Q216754,P155,Q933636
Q216754,P155,Q1411491
Q216754,P910,Q10251691
Q216754,P156,Q6164698
Q216754,P1716,Q246
Q216754,P527,Q1543320
Q216754,P527,Q30600
Q216754,P527,Q1784892
Q216754,P527,Q1785526
Q216754,P527,Q2007797
Q216754,P527,Q2007788
Q216754,P527,Q1140232
Q216754,P527,Q15305561
Q216754,P279,Q1940287
Q11358,P279,Q156
Q11358,P910,Q7216557
Q11358,P5008,Q5460604
Q11358,P1424,Q6863216
Q11358,P31,Q47154513
Q11358,P1343,Q602358
Q11358,P1343,Q3181656
Q11358,P361,Q14633866
Q11358,P361,Q2734081
Q11358,P361,Q14890579
Q11358,P361,Q21102359
Q11358,P361,Q21151801
Q11358,P361,Q14912641
Q11358,P361,Q21121265
Q11358,P361,Q22320700
Q11358,P361,Q21106264
Q11358,P361,Q22324692
Q11358,P361,Q14887311
Q11358,P361,Q22320699
Q11358,P361,Q22290444
Q11358,P361,Q22291667
Q11358,P361,Q21122289
Q11358,P1889,Q43648
Q28406960,P31,Q101352
Q11376,P61,Q379219
Q11376,P910,Q8219476
Q11376,P2959,Q22827994
Q11376,P1343,Q26711932
Q11376,P1343,Q602358
Q11376,P1343,Q90137277
Q11376,P5008,Q5460604
Q11376,P156,Q497332
Q11376,P155,Q11465
Q11376,P279,Q107715
Q11376,P279,Q30337763
Q11376,P279,Q2672914
Q11376,P4934,Q11465
Q11376,P4934,Q2199864
Q11376,P8111,Q1051665
Q453448,P31,Q4167410
Q453448,P1889,Q37174152
Q272921,P910,Q8285757
Q272921,P279,Q271669
Q272921,P1889,Q14204651
Q18013,P31,Q21518270
Q18013,P31,Q62049
Q18013,P31,Q1093829
Q18013,P31,Q1549591
Q18013,P31,Q13218391
Q18013,P17,Q30
Q18013,P131,Q108131
Q18013,P421,Q2204
Q18013,P190,Q68972
Q18013,P190,Q5776
Q18013,P190,Q21197
Q18013,P190,Q170247
Q18013,P190,Q1461
Q18013,P190,Q200022
Q18013,P190,Q50429
Q18013,P190,Q200028
Q18013,P190,Q17189
Q18013,P190,Q60956
Q18013,P910,Q8696192
Q18013,P1464,Q9226848
Q18013,P1465,Q12415584
Q18013,P1376,Q99
Q18013,P47,Q2154437
Q18013,P47,Q983600
Q18013,P47,Q7338700
Q18013,P1740,Q21926715
Q18013,P793,Q4274684
Q18013,P6,Q203286
Q18013,P6,Q14859204
Q18013,P1792,Q7926355
Q18013,P1830,Q1432668
Q18013,P1830,Q3097479
Q18013,P1830,Q7011384
Q18013,P1343,Q602358
Q18013,P7867,Q84036389
Q1791873,P31,Q4167410
Q1791873,P1889,Q37474477
Q12725,P361,Q11406
Q12725,P910,Q7215676
Q12725,P31,Q1293220
Q12725,P5008,Q5460604
Q12725,P1343,Q602358
Q12725,P1343,Q602358
Q12725,P1343,Q63284758
Q12725,P1343,Q19180675
Q12725,P1343,Q3181656
Q12725,P2579,Q849919
Q12725,P279,Q11379
Q12725,P279,Q1522115
Q413480,P31,Q4167410
Q1535464,P31,Q4167410
Q1535464,P1889,Q917462
Q1274115,P279,Q1969448
Q4925769,P186,Q211367
Q4925769,P31,Q2488579
Q877,P61,Q377800
Q877,P138,Q184570
Q877,P910,Q8553771
Q877,P279,Q223995
Q877,P31,Q11344
Q877,P1343,Q2657718
Q877,P189,Q84
Q877,P361,Q239813
Q877,P361,Q208107
Q274586,P279,Q1420
Q274586,P910,Q8797488
Q274586,P138,Q349
Q274586,P31,Q836985
Q229138,P31,Q4167410
Q229138,P1889,Q1128840
Q229138,P1889,Q61810714
Q229138,P460,Q61810569
Q203084,P31,Q786820
Q203084,P31,Q6881511
Q203084,P452,Q190117
Q203084,P159,Q279
Q203084,P159,Q838769
Q203084,P910,Q9002145
Q203084,P1454,Q3742388
Q203084,P740,Q279
Q203084,P1056,Q815679
Q416532,P31,Q4167410
Q416532,P1889,Q27587771
Q1163122,P279,Q1127794
Q127110,P176,Q35996
Q127110,P279,Q828170
Q127110,P1002,Q1784109
Q127110,P1716,Q35996
Q127110,P31,Q3231690
Q127110,P641,Q5386
Q127110,P910,Q55337463
Q407387,P31,Q4167410
Q355385,P31,Q4167410
Q355385,P1889,Q16869756
Q7316477,P31,Q4830453
Q7316477,P1889,Q13544289
Q2039332,P279,Q811679
Q535939,P1269,Q2328303
Q2892536,P31,Q4485156
Q2892536,P366,Q3220391
Q2892536,P366,Q30849
Q2892536,P366,Q168210
Q2892536,P366,Q216177
Q2892536,P461,Q30753169
Q7271555,P31,Q4167410
Q874531,P279,Q83180
Q874531,P186,Q28557
Q874531,P186,Q160066
Q874531,P31,Q361132
Q874531,P3259,Q57021103
Q874531,P910,Q8846054
Q1207633,P31,Q4167410
Q1207633,P1889,Q3061852
Q1207633,P460,Q72725802
Q1014056,P31,Q15416
Q1014056,P495,Q145
Q1216388,P31,Q4167410
Q228442,P31,Q4167410
Q437065,P31,Q4167410
Q1043452,P279,Q1914636
Q1043452,P279,Q3249551
Q1043452,P1687,P6440
Q1043452,P3095,Q63930359
Q1043452,P3095,Q327029
Q1043452,P361,Q69406938
Q21509453,P31,Q101352
Q21509453,P1889,Q1741964
Q21509453,P282,Q8229
Q1421125,P31,Q4167410
Q1421125,P1889,Q3967281
Q1421125,P1889,Q64027515
Q1421125,P1889,Q7581296
Q1421125,P1889,Q211234
Q1421125,P1889,Q57588452
Q1421125,P1889,Q41595403
Q37602,P527,Q23392
Q37602,P279,Q25257
Q37602,P1343,Q2657718
Q37602,P1343,Q602358
Q37602,P1343,Q4173137
Q37602,P1343,Q1970746
Q37602,P1343,Q2041543
Q37602,P462,Q23444
Q37602,P186,Q23392
Q37602,P828,Q931652
Q37602,P828,Q182311
Q37602,P31,Q23392
Q16876979,P31,Q4167410
Q16876979,P1889,Q37327126
Q281,P279,Q1479546
Q281,P910,Q7153778
Q281,P1343,Q2657718
Q281,P1343,Q20078554
Q281,P495,Q27
Q281,P495,Q22
Q237691,P31,Q4167410
Q237691,P1889,Q37162720
Q1249093,P31,Q8142
Q794715,P279,Q9644
Q2197,P31,Q159979
Q2197,P31,Q20830276
Q2197,P527,Q1242632
Q2197,P527,Q2186
Q2197,P1343,Q678259
Q2197,P1343,Q2657718
Q2197,P1343,Q20961706
Q2197,P1343,Q842337
Q2197,P1343,Q602358
Q2197,P1343,Q30059240
Q2197,P1343,Q4532138
Q232174,P31,Q4167410
Q1585696,P31,Q4167410
Q1585696,P1889,Q37514948
Q716,P138,Q45713
Q716,P279,Q19588
Q716,P279,Q428766
Q716,P910,Q8956663
Q716,P31,Q11344
Q716,P1343,Q2657718
Q716,P556,Q663314
Q716,P61,Q498817
Q716,P61,Q160196
Q716,P61,Q58575
Q716,P61,Q2070100
Q716,P361,Q239825
Q716,P361,Q189302
Q18358244,P1889,Q70467272
Q18358244,P1889,Q1777902
Q18358244,P1269,Q24965456
Q1931051,P1889,Q25304523
Q1931051,P279,Q1601114
Q45083482,P31,Q101352
Q45083482,P282,Q8229
Q45083482,P1889,Q2018578
Q108158,P1343,Q2041543
Q108158,P279,Q30336093
Q108158,P279,Q66506231
Q108158,P527,Q43054
Q108158,P31,Q4936952
Q108158,P4843,Q21095260
Q3030775,P1889,Q1088794
Q3030775,P279,Q3249551
Q3030775,P1269,Q944806
Q3030775,P1343,Q101314624
Q18218442,P31,Q101352
Q18218442,P1889,Q2176731
Q18218442,P460,Q37468172
Q18218442,P282,Q8229
Q18218442,P407,Q9067
Q673361,P21,Q6581097
Q673361,P31,Q3375722
Q673361,P31,Q15632617
Q673361,P1441,Q83186
Q673361,P26,Q1092632
Q673361,P509,Q40867
Q673361,P735,Q1069139
Q673361,P734,Q16877350
Q673361,P551,Q2028
Q673361,P170,Q692
Q673361,P170,Q1364730
Q673361,P1196,Q10737
Q673361,P4969,Q55038723
Q673361,P460,Q55038723
Q673361,P361,Q1624928
Q732699,P279,Q1786828
Q732699,P279,Q575882
Q732699,P1552,Q2732820
Q732699,P460,Q17487501
Q732699,P1343,Q19190511
Q21492553,P31,Q101352
Q21492553,P1889,Q2123152
Q21492553,P282,Q8229
Q1413166,P31,Q6942574
Q1413166,P3095,Q18277803
Q3754,P31,Q577
Q3754,P31,Q19828
Q3754,P361,Q35724
Q3754,P155,Q5302
Q3754,P156,Q3696
Q3754,P910,Q5610554
Q3754,P2959,Q31802905
Q3754,P527,Q2401003
Q3754,P527,Q2858044
Q3754,P527,Q2874554
Q3754,P527,Q3042483
Q3754,P527,Q3092755
Q3754,P527,Q3162142
Q3754,P527,Q3188188
Q3754,P527,Q3188250
Q3754,P527,Q3294909
Q3754,P527,Q3345422
Q3754,P527,Q3478977
Q3754,P527,Q7076888
Q3754,P1889,Q13143052
Q1931051,P1889,Q25304523
Q1931051,P279,Q1601114
Q5988186,P31,Q4167410
Q295939,P31,Q4167410
Q295939,P1889,Q37524650
Q40802,P105,Q2889003
Q40802,P31,Q16521
Q40802,P171,Q147873
Q40802,P910,Q5624832
Q40802,P1343,Q2657718
Q40802,P1343,Q1768721
Q40802,P1889,Q236769
Q41087,P190,Q180871
Q41087,P190,Q128147
Q41087,P190,Q133026
Q41087,P190,Q3870
Q41087,P190,Q2861
Q41087,P190,Q71284
Q41087,P31,Q1093829
Q41087,P31,Q21518270
Q41087,P31,Q1549591
Q41087,P17,Q30
Q41087,P131,Q506215
Q41087,P910,Q8632604
Q41087,P1464,Q8070407
Q41087,P1465,Q15633712
Q41087,P1792,Q9240750
Q41087,P1376,Q1454
Q41087,P361,Q767860
Q41087,P6,Q6962841
Q41087,P138,Q189144
Q41087,P1343,Q602358
Q41087,P7867,Q84095517
Q41087,P8402,Q97299653
Q41087,P8744,Q100868355
Q5022764,P31,Q4387609
Q5022764,P159,Q5083
Q5022764,P17,Q30
Q1321905,P361,Q168338
Q1321905,P361,Q77468620
Q1321905,P279,Q20679883
Q408087,P31,Q4167410
Q408087,P1889,Q7535070
Q408599,P31,Q4167410
Q408599,P1889,Q36889911
Q35381,P31,Q515
Q35381,P31,Q5119
Q35381,P31,Q1549591
Q35381,P17,Q854
Q35381,P131,Q606287
Q35381,P910,Q7205866
Q35381,P190,Q8247
Q35381,P190,Q656
Q35381,P190,Q8686
Q35381,P190,Q39121
Q35381,P190,Q23430
Q35381,P190,Q9347
Q35381,P190,Q774015
Q35381,P1465,Q13323240
Q35381,P1464,Q8058648
Q35381,P1376,Q854
Q35381,P1376,Q2670092
Q35381,P1376,Q606287
Q35381,P1376,Q856686
Q35381,P1376,Q918153
Q35381,P1792,Q8731100
Q35381,P1343,Q2657718
Q35381,P1343,Q602358
Q35381,P1343,Q3181656
Q35381,P206,Q1738136
Q35381,P206,Q1239
Q35381,P421,Q6828
Q35381,P361,Q856686
Q35381,P1441,Q2385
Q35381,P793,Q27926580
Q35381,P7867,Q84044458
Q35381,P1889,Q371207
Q249038,P31,Q4167410
Q249038,P1343,Q2657718
Q249038,P1889,Q37557697
Q1232589,P910,Q8653132
Q1232589,P279,Q1784021
Q1232589,P1382,Q65088916
Q21508198,P31,Q101352
Q21508198,P1889,Q2576382
Q21508198,P282,Q8229
Q350539,P31,Q4167410
Q1662634,P279,Q874405
Q6451925,P31,Q4167410
Q1413053,P910,Q8568457
Q1413053,P279,Q476300
Q1413053,P1889,Q1714127
Q1413053,P31,Q650711
Q1413053,P520,Q44475
Q42569,P105,Q7432
Q42569,P31,Q16521
Q42569,P1403,Q27064352
Q42569,P171,Q753853
Q42569,P910,Q55330688
Q42569,P1343,Q602358
Q42569,P1672,Q28152302
Q42569,P1672,Q103822076
Q42569,P1889,Q729
Q1869199,P31,Q4167410
Q1869199,P1889,Q4569738
Q1869199,P1889,Q37573563
Q1869199,P460,Q409187
Q237704,P31,Q4167410
Q237704,P1889,Q28820680
Q4160079,P31,Q21191270
Q4160079,P179,Q11622
Q4160079,P58,Q4885582
Q4160079,P58,Q933743
Q4160079,P57,Q3029711
Q4160079,P57,Q6830821
Q4160079,P138,Q16499617
Q4160079,P155,Q7111106
Q4160079,P156,Q7111537
Q4160079,P840,Q47526094
Q4160079,P4908,Q50876267
Q4160079,P364,Q1860
Q4160079,P1343,Q65013034
Q4160079,P674,Q16499670
Q4160079,P674,Q16499677
Q4160079,P674,Q16499592
Q4160079,P674,Q16499617
Q4160079,P674,Q6742587
Q4160079,P674,Q7494464
Q4160079,P674,Q16499545
Q4160079,P674,Q15291049
Q4160079,P674,Q16499517
Q3817282,P31,Q4167410
Q683031,P279,Q391414
Q683031,P910,Q55309613
Q465837,P1889,Q2156270
Q465837,P1889,Q42304051
Q465837,P279,Q43261
Q465837,P279,Q2075301
Q465837,P1552,Q14623823
Q465837,P2670,Q41176
Q465837,P2670,Q1322402
Q241663,P31,Q4167410
Q241663,P1889,Q340710
Q236022,P31,Q4167410
Q236022,P1889,Q16876363
Q236022,P460,Q22168120
Q189009,P31,Q4167410
Q189009,P460,Q16108455
Q189009,P1889,Q37051089
Q189009,P1889,Q32503
Q189009,P1889,Q744013
Q189009,P1889,Q78494017
Q189009,P1889,Q78504384
Q189009,P1889,Q78506420
Q189009,P1889,Q78490336
Q63354,P910,Q32771471
Q22348915,P31,Q4167410
Q145441,P31,Q4167410
Q145441,P1889,Q20748941
Q20811953,P31,Q4167410
Q17042560,P31,Q210167
Q17042560,P17,Q30
Q17042560,P159,Q489197
Q17042560,P452,Q941594
Q17042560,P1889,Q49740
Q4198296,P31,Q4167410
Q82714,P361,Q37017
Q82714,P279,Q66536543
Q82714,P2286,Q486774
Q82714,P2959,Q22828766
Q749316,P279,Q2095
Q749316,P910,Q7213610
Q749316,P2354,Q2526716
Q749316,P1552,Q24245823
Q749316,P2670,Q213449
Q228873,P31,Q4167410
Q228873,P1889,Q2840778
Q228873,P1889,Q26779241
Q228873,P1889,Q27307374
Q1737300,P176,Q249033
Q1737300,P31,Q23866334
Q192249,P279,Q3590880
Q192249,P910,Q8696409
Q384315,P31,Q4167410
Q384315,P460,Q7940010
Q384315,P460,Q341695
Q384315,P460,Q679944
Q384315,P1889,Q16867751
Q937377,P31,Q4167410
Q937377,P1889,Q24231614
Q937377,P1889,Q16747215
Q937377,P460,Q1225419
Q1009448,P31,Q4167410
Q7524307,P31,Q101352
Q7524307,P1889,Q2289364
Q11376,P61,Q379219
Q11376,P910,Q8219476
Q11376,P2959,Q22827994
Q11376,P1343,Q26711932
Q11376,P1343,Q602358
Q11376,P1343,Q90137277
Q11376,P5008,Q5460604
Q11376,P156,Q497332
Q11376,P155,Q11465
Q11376,P279,Q107715
Q11376,P279,Q30337763
Q11376,P279,Q2672914
Q11376,P4934,Q11465
Q11376,P4934,Q2199864
Q11376,P8111,Q1051665
Q352003,P31,Q4167410
Q352003,P1889,Q12834336
Q622324,P279,Q17587776
Q622324,P279,Q107715
Q744069,P279,Q791801
Q744069,P279,Q748250
Q744069,P31,Q395
Q1531302,P31,Q4167410
Q16886336,P31,Q21278897
Q2495957,P31,Q55983715
Q2495957,P910,Q43884826
Q17053909,P176,Q158888
Q299148,P31,Q4167410
Q299148,P1889,Q29530473
Q11574,P31,Q223662
Q11574,P31,Q1790144
Q11574,P31,Q69197847
Q11574,P31,Q82047053
Q11574,P361,Q7727
Q11574,P361,Q26240
Q11574,P361,Q512417
Q11574,P111,Q2199864
Q11574,P279,Q186081
Q11574,P1343,Q26711932
Q11574,P1889,Q22699224
Q11574,P5008,Q5460604
Q11574,P910,Q55329150
Q7502269,P31,Q4167410
Q7502269,P1889,Q37125154
Q242925,P31,Q4167410
Q832778,P279,Q99587139
Q832778,P279,Q811430
Q832778,P366,Q455550
Q832778,P361,Q7860
Q832778,P910,Q8337532
Q832778,P1889,Q27108230
Q5430425,P31,Q4167410
Q233816,P31,Q4167410
Q233816,P1889,Q20681186
Q233816,P1889,Q7272112
Q3288834,P31,Q4830453
Q3288834,P31,Q6881511
Q3288834,P159,Q1490
Q3288834,P1454,Q1480166
Q3288834,P17,Q17
Q6839137,P31,Q4830453
Q6839137,P17,Q30
Q6839137,P159,Q864124
Q6839137,P452,Q3966
Q245418,P910,Q8470793
Q245418,P279,Q11639
Q7102435,P31,Q4167410
Q7102435,P1889,Q36973847
Q1051405,P279,Q1301433
Q1051405,P910,Q8743520
Q5580393,P31,Q4167410
Q37136,P31,Q3343100
Q37136,P31,Q21199
Q37136,P31,Q898675
Q37136,P31,Q49008
Q37136,P31,Q13366129
Q37136,P31,Q1587812
Q37136,P31,Q145134
Q37136,P31,Q1200532
Q37136,P31,Q1199125
Q37136,P31,Q65028992
Q37136,P31,Q754831
Q37136,P5236,Q37136
Q37136,P910,Q81741165
Q305675,P31,Q4167410
Q305675,P1889,Q3603136
Q219314,P31,Q4167410
Q219314,P1889,Q18118122
Q219314,P1889,Q2648323
Q219314,P460,Q406781
Q219314,P460,Q1412698
Q219314,P460,Q1698752
Q219314,P460,Q2591155
Q658584,P31,Q4167410
Q658584,P1889,Q1793444
Q658584,P1889,Q37488790
Q658584,P1889,Q56598257
Q658584,P1889,Q983087
Q114466,P31,Q31629
Q114466,P910,Q8934981
Q114466,P279,Q7128792
Q114466,P3095,Q11607585
Q114466,P2283,Q169031
Q114466,P2283,Q11179
Q114466,P2283,Q2302770
Q114466,P2283,Q173603
Q1666225,P31,Q4167410
Q1666225,P1889,Q37069895
Q9069969,P31,Q4167410
Q9069969,P460,Q422084
Q9069969,P1889,Q37538431
Q248235,P31,Q4167410
Q227180,P31,Q4167410
Q227180,P1889,Q3573194
Q227180,P1889,Q37279636
Q14629485,P31,Q101352
Q14629485,P407,Q35505
Q14629485,P407,Q1860
Q14629485,P282,Q8229
Q14629485,P1889,Q295426
Q14629485,P460,Q6750904
Q14629485,P460,Q34999977
Q168291,P361,Q430024
Q168291,P361,Q7364
Q168291,P1343,Q19558994
Q168291,P31,Q4936952
Q168291,P2789,Q193107
Q168291,P527,Q2040445
Q168291,P527,Q2290527
Q168291,P527,Q1796515
Q168291,P527,Q2706844
Q168291,P527,Q1189806
Q168291,P279,Q66554739
Q3800758,P31,Q4167410
Q1734,P1151,Q3595929
Q1734,P910,Q3595960
Q1734,P279,Q877517
Q1734,P279,Q216048
Q1734,P1343,Q2657718
Q1734,P2959,Q27136411
Q1734,P2184,Q41437501
Q1734,P527,Q41533146
Q1734,P527,Q927924
Q1734,P527,Q15117302
Q1734,P527,Q15720476
Q1734,P797,Q6851
Q1734,P2283,Q927924
Q1734,P2283,Q26707613
Q1734,P3095,Q15117302
Q1734,P3095,Q20730881
Q1734,P1889,Q927924
Q1734,P2094,Q55753932
Q1734,P2094,Q20892731
Q1734,P61,Q313949
Q1734,P31,Q31629
Q239398,P31,Q4167410
Q239398,P1889,Q29578095
Q398635,P31,Q4167410
Q398635,P1889,Q16275193
Q398635,P1889,Q37432028
Q398635,P460,Q404144
Q160493,P190,Q2749
Q160493,P190,Q829711
Q160493,P17,Q145
Q160493,P31,Q515
Q160493,P31,Q6489113
Q160493,P131,Q208279
Q160493,P131,Q68815719
Q160493,P131,Q1247390
Q160493,P131,Q21467370
Q160493,P910,Q8552205
Q160493,P1464,Q8054864
Q160493,P47,Q6936767
Q160493,P1792,Q9072099
Q160493,P421,Q6574
Q160493,P1465,Q17485667
Q160493,P1376,Q208279
Q160493,P1456,Q6626042
Q160493,P793,Q7510105
Q160493,P793,Q7510103
Q160493,P793,Q7510102
Q160493,P793,Q7510100
Q160493,P793,Q7510098
Q160493,P793,Q7510099
Q160493,P793,Q16931436
Q160493,P7959,Q1247390
Q417711,P31,Q4167410
Q417711,P1889,Q12795232
Q417711,P1889,Q1872944
Q417711,P1889,Q15262542
Q417711,P460,Q9025499
Q417711,P460,Q224094
Q417711,P460,Q228144
Q417711,P460,Q237776
Q417711,P460,Q775673
Q417711,P460,Q1573038
Q417711,P460,Q1872252
Q2038754,P31,Q4167410
Q1237453,P31,Q4167410
Q1237453,P460,Q19367471
Q133500,P910,Q7216255
Q133500,P1424,Q14440227
Q133500,P31,Q2996394
Q133500,P1889,Q352842
Q133500,P279,Q14819853
Q133500,P279,Q2200417
Q133500,P1542,Q9081
Q133500,P1542,Q164359
Q133500,P1542,Q46744
Q133500,P828,Q282250
Q133500,P828,Q352842
Q133500,P1552,Q1820370
Q133500,P527,Q98034006
Q1761035,P176,Q192814
Q1761035,P31,Q23866334
Q1573827,P31,Q4167410
Q1573827,P1889,Q36905284
Q7917855,P279,Q207643
Q5032399,P31,Q4167410
Q5032399,P1889,Q37303327
Q2577621,P17,Q30
Q2577621,P131,Q54073
Q2577621,P31,Q15127012
Q2577621,P31,Q486972
Q2577621,P421,Q941023
Q2577621,P361,Q88098393
Q2577621,P361,Q88206996
Q2577621,P910,Q25099151
Q104225,P361,Q11397
Q104225,P910,Q8789496
Q104225,P279,Q107617
Q7295676,P31,Q4167410
Q3116539,P31,Q11879590
Q3116539,P460,Q17457039
Q3116539,P460,Q16639594
Q3116539,P460,Q222327
Q3116539,P460,Q1794155
Q3116539,P460,Q1546039
Q3116539,P460,Q1473690
Q3116539,P460,Q20998971
Q3116539,P1889,Q16784124
Q3116539,P282,Q8229
Q3116539,P1533,Q37171425
Q898440,P279,Q2995644
Q898440,P828,Q29477802
Q898440,P828,Q82580
Q898440,P2579,Q11473
Q2196000,P910,Q8647132
Q2196000,P361,Q950799
Q2196000,P279,Q3590880
Q2196000,P1889,Q1814063
Q7307,P1343,Q302556
Q7307,P910,Q8574738
Q7307,P279,Q1190058
Q7307,P2579,Q3744958
Q7307,P2283,Q15173
Q152234,P31,Q1441305
Q152234,P31,Q2057971
Q152234,P279,Q169872
Q152234,P1343,Q19190511
Q21069185,P31,Q12308941
Q21069185,P1889,Q3285975
Q21069185,P282,Q8229
Q348723,P31,Q4167410
Q348723,P1889,Q15281155
Q1277377,P31,Q3117863
Q1277377,P1889,Q1883623
Q351215,P31,Q4167410
Q351215,P1889,Q37055595
Q3700521,P31,Q4167410
Q3700521,P1889,Q21510148
Q846750,P279,Q2730732
Q846750,P31,Q28640
Q846750,P910,Q7029064
Q846750,P425,Q187916
Q846750,P425,Q3214425
Q846750,P2354,Q3244074
Q846750,P1687,P5317
Q162908,P910,Q8411321
Q162908,P361,Q267298
Q162908,P1552,Q124291
Q162908,P1552,Q11435
Q162908,P527,Q36496
Q162908,P527,Q146505
Q162908,P279,Q5447188
Q162908,P279,Q79529
Q162908,P282,Q8229
Q162908,P31,Q79529
Q167296,P910,Q7008779
Q167296,P279,Q154
Q167296,P527,Q3029797
Q167296,P17,Q29
Q167296,P1343,Q29551022
Q167296,P1343,Q2041543
Q167296,P462,Q943
Q167296,P186,Q89
Q167296,P186,Q45422
Q167296,P2849,Q45422
Q167296,P2849,Q41760
Q167296,P366,Q8193047
Q167296,P366,Q40050
Q5074301,P31,Q4167410
Q5074301,P1889,Q37558751
Q170579,P910,Q8584563
Q170579,P31,Q327968
Q170579,P1343,Q4086271
Q170579,P1343,Q1970746
Q170579,P1343,Q602358
Q170579,P1343,Q19180675
Q170579,P1343,Q4532138
Q170579,P1889,Q22113739
Q170579,P1889,Q14619005
Q170579,P1889,Q35874
Q170579,P279,Q2844542
Q343085,P31,Q4167410
Q343085,P1889,Q16871987
Q343085,P460,Q1377567
Q560025,P31,Q4167410
Q560025,P1889,Q37550815
Q1381688,P31,Q4167410
Q1381688,P1889,Q1381706
Q1381688,P1889,Q37538140
Q863924,P31,Q4167410
Q349165,P31,Q4167410
Q349165,P1889,Q16872303
Q227846,P31,Q4167410
Q16884664,P31,Q4167410
Q1934123,P31,Q4167410
Q1934123,P1889,Q27166221
Q1778168,P1533,Q14915259
Q1778168,P460,Q18075656
Q1778168,P460,Q4801582
Q1778168,P460,Q18079402
Q1778168,P460,Q18079405
Q1778168,P460,Q714052
Q1778168,P460,Q19860319
Q1778168,P460,Q19963468
Q1778168,P460,Q4801968
Q1778168,P460,Q40204814
Q1778168,P460,Q24699548
Q1778168,P460,Q100934148
Q1778168,P460,Q100934215
Q1778168,P31,Q12308941
Q1778168,P407,Q9309
Q1778168,P407,Q1860
Q1778168,P407,Q150
Q1778168,P407,Q7411
Q1778168,P138,Q45792
Q1778168,P1889,Q124371
Q1778168,P282,Q8229
Q1778168,P5323,Q21644845
Q1778168,P5323,Q21142040
Q1778168,P361,Q98601298
Q9618,P910,Q7486227
Q9618,P31,Q9647
Q9618,P31,Q712378
Q9618,P31,Q52193405
Q9618,P1343,Q19558994
Q9618,P2286,Q707436
Q9618,P2289,Q7130422
Q9618,P2288,Q7578544
Q9618,P2288,Q1995284
Q9618,P2288,Q7643652
Q9618,P927,Q682466
Q9618,P3189,Q7130417
Q9618,P3189,Q897760
Q9618,P3189,Q190140
Q9618,P279,Q28846466
Q9618,P4843,Q14859942
Q1064569,P31,Q1781513
Q1064569,P641,Q5377
Q1064569,P910,Q8335162
Q877096,P279,Q1146001
Q877096,P279,Q18335
Q877096,P461,Q184240
Q877096,P1552,Q105902
Q877096,P1552,Q1075
Q877096,P31,Q1293220
Q877096,P910,Q32083640
Q877096,P1343,Q602358
Q877096,P2579,Q413
Q2024018,P31,Q4167410
Q1441855,P31,Q11436
Q1441855,P17,Q145
Q225788,P31,Q4167410
Q225788,P1889,Q16590774
Q225788,P1889,Q4342272
Q225788,P1889,Q16881248
Q3263753,P495,Q30
Q249286,P31,Q4167410
Q23485,P105,Q7432
Q23485,P31,Q16521
Q23485,P171,Q49391
Q23485,P1672,Q3406628
Q23485,P4000,Q147768
Q23485,P910,Q26000247
Q23485,P1703,Q306939
Q23485,P166,Q1595426
Q11464,P366,Q878333
Q11464,P279,Q15306431
Q11464,P279,Q29888707
Q11464,P279,Q16000047
Q11464,P1343,Q2657718
Q11464,P1343,Q2041543
Q11464,P1343,Q602358
Q11464,P1343,Q602358
Q11464,P1343,Q602358
Q11464,P1343,Q30059240
Q11464,P1343,Q63284758
Q11464,P156,Q1150400
Q11464,P618,Q103459
Q11464,P618,Q20984829
Q11464,P618,Q39495
Q11464,P618,Q1150400
Q11464,P5008,Q5460604
Q11464,P1889,Q62274204
Q11464,P910,Q9719968
Q1185311,P17,Q30
Q402870,P31,Q4167410
Q10673707,P31,Q12308941
Q10673707,P1889,Q2302240
Q10673707,P282,Q8229
Q10673707,P407,Q7411
Q10673707,P407,Q1860
Q10673707,P1533,Q37263542
Q10673707,P5323,Q21644845
Q225329,P31,Q4167410
Q225329,P1889,Q36991505
Q1077823,P1889,Q9690
Q1077823,P31,Q1441305
Q1077823,P279,Q99860490
Q2995534,P31,Q4167410
Q6512642,P31,Q4167410
Q442982,P31,Q4167410
Q442982,P1889,Q16825379
Q533665,P17,Q844930
Q533665,P131,Q13415463
Q533665,P131,Q13422906
Q533665,P31,Q672490
Q533665,P1343,Q1138524
Q416500,P31,Q4167410
Q416500,P1889,Q16276369
Q416500,P1889,Q47326328
Q3325303,P31,Q7889
Q3325303,P400,Q23882
Q3325303,P400,Q478829
Q3325303,P123,Q309996
Q3325303,P136,Q270948
Q3325303,P880,Q1545600
Q3325303,P178,Q309996
Q3325303,P479,Q178805
Q3325303,P1889,Q9035387
Q3325303,P495,Q17
Q402661,P31,Q4167410
Q402661,P1889,Q16277291
Q402661,P1889,Q37214018
Q402661,P1889,Q1070052
Q51771,P31,Q14623646
Q51771,P1080,Q3551295
Q51771,P1080,Q19786052
Q51771,P910,Q9095037
Q51771,P520,Q19873
Q51771,P520,Q1093766
Q51771,P170,Q38222
Q51771,P8345,Q462
Q51771,P279,Q7970798
Q658018,P279,Q371174
Q658018,P366,Q47146
Q658018,P2283,Q184824
Q658018,P2283,Q620207
Q233796,P31,Q4167410
Q233796,P1889,Q36967909
Q233796,P1889,Q72916218
Q233796,P910,Q56479145
Q13693,P279,Q1426151
Q13693,P279,Q506095
Q13693,P31,Q60673395
Q13693,P361,Q194156
Q226204,P31,Q4167410
Q226204,P1889,Q18760887
Q226204,P1889,Q36990713
Q438359,P31,Q4167410
Q402285,P31,Q4167410
Q402285,P460,Q9061903
Q28472,P910,Q5601891
Q28472,P186,Q189474
Q28472,P279,Q2920483
Q28472,P279,Q865663
Q28472,P279,Q66568863
Q28472,P361,Q40895177
Q28472,P361,Q66543709
Q28472,P5008,Q5460604
Q28472,P1343,Q602358
Q28472,P1343,Q19180675
Q28472,P1343,Q4086271
Q28472,P1343,Q1970746
Q28472,P1343,Q4173137
Q28472,P31,Q4936952
Q174782,P279,Q811979
Q174782,P279,Q294440
Q174782,P279,Q83620
Q174782,P279,Q2015628
Q174782,P910,Q7463177
Q174782,P1343,Q2657718
Q174782,P1343,Q65109596
Q174782,P1424,Q13427271
Q7201646,P31,Q101352
Q7201646,P1889,Q2098360
Q7201646,P282,Q8229
Q7605896,P31,Q4167410
Q7605896,P1889,Q37431599
Q7694219,P31,Q101352
Q7694219,P282,Q8229
Q208913,P31,Q4167410
Q292788,P31,Q4167410
Q4913814,P31,Q4167410
Q43475,P190,Q2916
Q43475,P190,Q201117
Q43475,P17,Q145
Q43475,P17,Q174193
Q43475,P31,Q515
Q43475,P31,Q1357964
Q43475,P31,Q1549591
Q43475,P30,Q46
Q43475,P131,Q21885980
Q43475,P501,Q23098
Q43475,P910,Q8374777
Q43475,P421,Q30192
Q43475,P421,Q6574
Q43475,P1464,Q18048822
Q43475,P1465,Q9218226
Q43475,P1792,Q8052175
Q43475,P47,Q2749481
Q43475,P7867,Q84081374
Q43475,P7959,Q67393503
Q43475,P1343,Q2041543
Q43475,P1343,Q3181656
Q43475,P1376,Q21885980
Q21491429,P31,Q101352
Q21491429,P1889,Q780704
Q21491429,P460,Q28811880
Q21491429,P282,Q8229
Q19825033,P31,Q12308941
Q19825033,P1889,Q18914696
Q19825033,P1533,Q26780679
Q19825033,P460,Q4928254
Q19825033,P460,Q4111945
Q19825033,P460,Q16282458
Q19825033,P460,Q16291179
Q19825033,P460,Q16741113
Q19825033,P460,Q16741111
Q19825033,P460,Q18220129
Q19825033,P460,Q18402209
Q19825033,P460,Q20000643
Q19825033,P460,Q21069411
Q19825033,P460,Q21061294
Q19825033,P460,Q1566865
Q19825033,P460,Q7932140
Q19825033,P460,Q1530994
Q19825033,P282,Q8229
Q19825033,P407,Q7411
Q19825033,P5323,Q21644845
Q448556,P31,Q4167410
Q448556,P1889,Q37020374
Q283831,P31,Q4167410
Q283831,P1889,Q3627624
Q283831,P1889,Q23004252
Q18115751,P460,Q3276175
Q18115751,P460,Q18115844
Q18115751,P460,Q17523781
Q18115751,P460,Q18171074
Q18115751,P460,Q1406472
Q18115751,P460,Q5443979
Q18115751,P460,Q18920947
Q18115751,P460,Q19688586
Q18115751,P460,Q21055466
Q18115751,P31,Q12308941
Q18115751,P31,Q202444
Q18115751,P1889,Q1307851
Q18115751,P282,Q8229
Q18115751,P1533,Q37116656
Q18115751,P407,Q652
Q18115751,P407,Q5146
Q18115751,P407,Q1321
Q18115751,P407,Q7411
Q18115751,P5323,Q21644845
Q18115751,P1560,Q1406557
Q18115751,P2976,Q164892
Q18115751,P2976,Q21510337
Q298555,P31,Q4167410
Q298555,P1889,Q3260107
Q298555,P1889,Q37506857
Q298555,P1889,Q10943807
Q298555,P1889,Q9018247
Q298555,P460,Q9018247
Q2850854,P31,Q4167410
Q2850854,P1889,Q11027623
Q2850854,P1889,Q18171087
Q2850854,P460,Q13371784
Q2850854,P460,Q257022
Q2850854,P460,Q397358
Q2850854,P460,Q18609366
Q2850854,P460,Q28004766
Q2850854,P460,Q1498271
Q2850854,P460,Q1553384
Q2850854,P460,Q1553990
Q2850854,P460,Q2090277
Q2850854,P460,Q2419320
Q416744,P31,Q12308941
Q416744,P460,Q18572334
Q416744,P460,Q18179743
Q416744,P460,Q20003742
Q416744,P1750,Q2588
Q416744,P282,Q8229
Q416744,P1533,Q37005351
Q416744,P1889,Q8022518
Q416744,P407,Q7411
Q416744,P5323,Q21644845
Q416744,P1343,Q151
Q145660,P1889,Q12027152
Q145660,P1889,Q204514
Q145660,P279,Q11402
Q145660,P138,Q1370311
Q1041081,P31,Q4167410
Q2695945,P407,Q652
Q2695945,P407,Q7026
Q2695945,P1560,Q2268455
Q2695945,P1560,Q2605625
Q2695945,P31,Q11879590
Q2695945,P460,Q15208593
Q2695945,P460,Q15304142
Q2695945,P460,Q15304164
Q2695945,P460,Q1003466
Q2695945,P460,Q12789220
Q2695945,P460,Q1244936
Q2695945,P460,Q1444535
Q2695945,P460,Q15304255
Q2695945,P460,Q17396606
Q2695945,P460,Q15304232
Q2695945,P460,Q18421123
Q2695945,P460,Q28914857
Q2695945,P460,Q1469911
Q2695945,P460,Q23011647
Q2695945,P460,Q98600443
Q2695945,P1889,Q1440855
Q2695945,P282,Q8229
Q2695945,P1343,Q151
Q16263308,P31,Q4167410
Q16263308,P195,Q188740
Q21493631,P31,Q101352
Q21493631,P1889,Q1674680
Q21493631,P282,Q8229
Q158356,P105,Q7432
Q158356,P171,Q165258
Q158356,P31,Q16521
Q158356,P910,Q55268488
Q296156,P31,Q4167410
Q296156,P1889,Q14943953
Q296156,P1889,Q16825795
Q23355,P31,Q21199
Q23355,P31,Q2661866
Q23355,P31,Q50707
Q23355,P31,Q13366104
Q23355,P31,Q861555
Q23355,P31,Q940343
Q23355,P31,Q606977
Q23355,P31,Q2634498
Q23355,P31,Q11606
Q23355,P31,Q1136880
Q23355,P31,Q47577
Q23355,P910,Q19799150
Q23355,P5236,Q200
Q23355,P2959,Q56639966
Q23355,P2959,Q60455105
Q23355,P2959,Q89813268
Q23355,P2959,Q89813621
Q23355,P461,Q10728831
Q23355,P747,Q81491862
Q410746,P31,Q4167410
Q410746,P1889,Q1258367
Q5510522,P31,Q4167410
Q1301768,P31,Q4167410
Q1301768,P1889,Q37127690
Q1301768,P1889,Q1750746
Q2356163,P31,Q4167410
Q2356163,P1889,Q16883924
Q438274,P31,Q4167410
Q438274,P1889,Q9375952
Q438274,P460,Q2586477
Q438274,P460,Q17130425
Q23806,P31,Q21199
Q23806,P31,Q245102
Q23806,P31,Q467511
Q23806,P31,Q50707
Q23806,P31,Q13366104
Q23806,P31,Q190890
Q23806,P31,Q1587799
Q23806,P31,Q663029
Q23806,P31,Q975166
Q23806,P31,Q184611
Q23806,P460,Q17344038
Q23806,P5236,Q200
Q23806,P5236,Q203
Q23806,P2959,Q56639927
Q23806,P2959,Q60455108
Q23806,P2959,Q89813437
Q23806,P2959,Q89813712
Q23806,P461,Q11184976
Q23806,P461,Q10728822
Q23806,P1889,Q28469720
Q23806,P1889,Q13012266
Q23806,P1889,Q3842089
Q23806,P1889,Q21048
Q23806,P910,Q29849892
Q23806,P629,Q821255
Q4894866,P31,Q4167410
Q4894866,P1889,Q24230528
Q92409,P279,Q57821
Q92409,P527,Q234668
Q21510293,P31,Q101352
Q21510293,P1889,Q1340638
Q21510293,P282,Q8229
Q23768,P190,Q189128
Q23768,P190,Q75379
Q23768,P190,Q844430
Q23768,P190,Q185289
Q23768,P1151,Q11241296
Q23768,P421,Q2204
Q23768,P17,Q30
Q23768,P163,Q5456769
Q23768,P31,Q1549591
Q23768,P31,Q1093829
Q23768,P31,Q56061
Q23768,P131,Q108403
Q23768,P910,Q8134677
Q23768,P1464,Q8060832
Q23768,P1465,Q9218826
Q23768,P1792,Q7117042
Q23768,P6,Q19957924
Q23768,P1376,Q108403
Q23768,P1791,Q32383037
Q23768,P1830,Q892701
Q23768,P1830,Q1806490
Q23768,P1830,Q14705191
Q23768,P7867,Q84081606
Q23768,P8402,Q97101052
Q1704104,P31,Q4167410
Q1704104,P460,Q1183055
Q1704104,P460,Q1569877
Q1704104,P460,Q22192334
Q1704104,P460,Q3191155
Q1704104,P460,Q4205987
Q1704104,P460,Q6620202
Q1704104,P1889,Q19801116
Q1704104,P1889,Q36980175
Q190340,P31,Q98088085
Q190340,P1343,Q19211082
Q190340,P1343,Q1970746
Q190340,P1343,Q602358
Q190340,P1343,Q20961706
Q190340,P1343,Q2041543
Q190340,P1343,Q4173137
Q190340,P1889,Q1032968
Q190340,P279,Q63203971
Q6753261,P31,Q101352
Q6753261,P460,Q21491920
Q6753261,P282,Q8229
Q15731961,P31,Q49371
Q15731961,P1001,Q252
Q1158489,P460,Q18182616
Q1158489,P460,Q48778823
Q1158489,P31,Q12308941
Q1158489,P1750,Q3019
Q1158489,P1750,Q2986
Q1158489,P1889,Q343280
Q1158489,P1533,Q16871638
Q1158489,P282,Q8229
Q1158489,P407,Q188
Q1158489,P2354,Q3834593
Q295246,P31,Q4167410
Q295246,P1889,Q431274
Q295246,P1889,Q47037953
Q636744,P17,Q183
Q636744,P31,Q262166
Q636744,P910,Q9104382
Q636744,P131,Q2967
Q636744,P421,Q6655
Q636744,P421,Q6723
Q636744,P463,Q2239296
Q12258838,P31,Q101352
Q12258838,P1889,Q27435474
Q12258838,P282,Q8229
Q419748,P31,Q4167410
Q419748,P1889,Q16884052
Q1158701,P31,Q101352
Q1158701,P31,Q11455398
Q1158701,P31,Q110874
Q1158701,P2354,Q20007669
Q1158701,P460,Q26078995
Q1158701,P460,Q37228753
Q1158701,P460,Q32945574
Q1158701,P460,Q16876057
Q1158701,P460,Q21501951
Q1158701,P460,Q21449046
Q1158701,P460,Q21510822
Q1158701,P460,Q37533510
Q1158701,P407,Q1321
Q1158701,P1889,Q230862
Q1158701,P282,Q8229
Q406230,P31,Q4167410
Q232773,P31,Q4167410
Q232773,P1889,Q29002296
Q253312,P31,Q4167410
Q46212,P183,Q132959
Q46212,P105,Q7432
Q46212,P141,Q211005
Q46212,P31,Q16521
Q46212,P171,Q1975774
Q46212,P910,Q10014395
Q46212,P1343,Q678259
Q46212,P1343,Q867541
Q1069430,P21,Q6581097
Q1069430,P27,Q30
Q1069430,P31,Q5
Q1069430,P106,Q10871364
Q1069430,P69,Q41506
Q1069430,P54,Q650816
Q1069430,P54,Q1966948
Q1069430,P54,Q213417
Q1069430,P166,Q120649
Q1069430,P735,Q361309
Q1069430,P641,Q5369
Q1069430,P413,Q772148
Q1069430,P19,Q1016159
Q1069430,P1532,Q30
Q1145308,P31,Q5
Q1145308,P106,Q10871364
Q1145308,P735,Q4925477
Q1145308,P54,Q461595
Q1145308,P54,Q213959
Q1145308,P54,Q504309
Q1145308,P19,Q499401
Q1145308,P27,Q30
Q1145308,P641,Q5369
Q1145308,P551,Q23556
Q1145308,P551,Q499401
Q1145308,P69,Q7975494
Q1145308,P413,Q1048902
Q1145308,P413,Q772148
Q1145308,P166,Q6685514
Q1145308,P1532,Q30
Q1145308,P21,Q6581097
Q1902877,P31,Q4167410
Q1902877,P1889,Q16880716
Q43199,P194,Q7089412
Q43199,P17,Q30
Q43199,P31,Q1549591
Q43199,P31,Q1093829
Q43199,P131,Q490695
Q43199,P190,Q2773
Q43199,P190,Q210493
Q43199,P190,Q221051
Q43199,P190,Q216038
Q43199,P190,Q134712
Q43199,P190,Q174691
Q43199,P190,Q995718
Q43199,P910,Q8899643
Q43199,P1464,Q8066838
Q43199,P1465,Q18012233
Q43199,P1792,Q7119087
Q43199,P2633,Q5535213
Q43199,P6,Q13562400
Q43199,P1313,Q30185
Q43199,P361,Q14214568
Q43199,P421,Q5385
Q43199,P421,Q5390
Q43199,P1376,Q490695
Q43199,P1830,Q769480
Q43199,P1830,Q7089414
Q43199,P1830,Q7669888
Q43199,P1343,Q19190511
Q546606,P31,Q4167410
Q546606,P1889,Q6164290
Q2901587,P31,Q12737077
Q2901587,P425,Q9350
Q2901587,P910,Q7778986
Q213417,P118,Q1163715
Q213417,P118,Q465469
Q213417,P910,Q7429212
Q213417,P31,Q13027888
Q213417,P641,Q5369
Q213417,P17,Q30
Q213417,P1830,Q753529
Q213417,P1830,Q3101733
Q213417,P1830,Q7380435
Q213417,P127,Q5640937
Q213417,P115,Q675214
Q213417,P115,Q753529
Q213417,P115,Q1056326
Q213417,P115,Q1276360
Q213417,P115,Q5764114
Q213417,P286,Q4661865
Q213417,P138,Q692062
Q213417,P138,Q60
Q213417,P505,Q2924879
Q213417,P159,Q18426
Q2887,P17,Q298
Q2887,P17,Q763808
Q2887,P17,Q7145245
Q2887,P17,Q763808
Q2887,P31,Q5119
Q2887,P31,Q25412763
Q2887,P31,Q1549591
Q2887,P31,Q1637706
Q2887,P421,Q5762
Q2887,P131,Q2131
Q2887,P131,Q5697196
Q2887,P190,Q956
Q2887,P190,Q174
Q2887,P190,Q2807
Q2887,P190,Q3640
Q2887,P190,Q1899
Q2887,P190,Q1773
Q2887,P190,Q36091
Q2887,P190,Q173121
Q2887,P190,Q3572
Q2887,P190,Q1491
Q2887,P190,Q1461
Q2887,P190,Q3070
Q2887,P190,Q1486
Q2887,P190,Q185684
Q2887,P190,Q43509
Q2887,P190,Q1524
Q2887,P190,Q493806
Q2887,P190,Q241767
Q2887,P190,Q8652
Q2887,P190,Q1489
Q2887,P190,Q34820
Q2887,P190,Q685509
Q2887,P190,Q2844
Q2887,P910,Q7032522
Q2887,P1464,Q9227207
Q2887,P1465,Q9219887
Q2887,P1792,Q7115012
Q2887,P1376,Q298
Q2887,P1376,Q2131
Q2887,P1376,Q45632
Q2887,P1376,Q5697196
Q2887,P1376,Q5397453
Q2887,P1740,Q20654364
Q2887,P1343,Q17329836
Q2887,P1343,Q602358
Q2887,P2184,Q6444010
Q2887,P112,Q203534
Q2887,P138,Q43999
Q2887,P206,Q738973
Q3881921,P31,Q4167410
Q3881921,P1889,Q12042571
Q254679,P31,Q4167410
Q254679,P1889,Q16870901
Q254679,P1889,Q29598746
Q21507817,P31,Q101352
Q21507817,P1889,Q1605352
Q21507817,P282,Q8229
Q296435,P31,Q4167410
Q5419252,P461,Q12498580
Q5419252,P361,Q77468620
Q11901,P358,Q4878623
Q11901,P106,Q639669
Q11901,P106,Q177220
Q11901,P106,Q2914170
Q11901,P106,Q36834
Q11901,P106,Q855091
Q11901,P106,Q183945
Q11901,P106,Q9648008
Q11901,P106,Q488205
Q11901,P106,Q13235160
Q11901,P27,Q30
Q11901,P910,Q8294914
Q11901,P31,Q5
Q11901,P19,Q65
Q11901,P734,Q2665383
Q11901,P734,Q2712367
Q11901,P1303,Q6607
Q11901,P1303,Q17172850
Q11901,P1303,Q52954
Q11901,P1303,Q46185
Q11901,P1303,Q128309
Q11901,P1303,Q51290
Q11901,P1303,Q229205
Q11901,P1303,Q258896
Q11901,P1303,Q428152
Q11901,P1303,Q678090
Q11901,P1303,Q626035
Q11901,P1303,Q908562
Q11901,P1303,Q1467960
Q11901,P1303,Q512191
Q11901,P1303,Q213608
Q11901,P166,Q904528
Q11901,P166,Q41254
Q11901,P136,Q11366
Q11901,P136,Q574651
Q11901,P136,Q438503
Q11901,P136,Q183504
Q11901,P136,Q10568514
Q11901,P136,Q846119
Q11901,P136,Q131272
Q11901,P26,Q299790
Q11901,P264,Q1123947
Q11901,P264,Q2311775
Q11901,P264,Q231694
Q11901,P264,Q212699
Q11901,P412,Q31687
Q11901,P1412,Q1860
Q11901,P21,Q6581097
Q11901,P22,Q1747204
Q11901,P25,Q4902971
Q11901,P2348,Q6927
Q11901,P1343,Q67311526
Q11901,P140,Q131036
Q11901,P735,Q25114341
Q11901,P735,Q18057751
Q21447989,P31,Q101352
Q21447989,P1889,Q250977
Q21447989,P282,Q8229
Q294042,P31,Q4167410
Q294042,P1889,Q2277072
Q294042,P1889,Q16479493
Q294042,P460,Q6466735
Q294042,P460,Q347577
Q1412655,P31,Q4167410
Q1412655,P1889,Q16873816
Q204042,P21,Q6581097
Q204042,P106,Q33999
Q204042,P106,Q10800557
Q204042,P509,Q12152
Q204042,P19,Q16557
Q204042,P20,Q185216
Q204042,P27,Q30
Q204042,P31,Q5
Q204042,P735,Q15921732
Q204042,P1196,Q3739104
Q204042,P734,Q16876678
Q1104038,P31,Q4167410
Q1104038,P1889,Q37540472
Q402702,P31,Q4167410
Q170984,P279,Q28972621
Q170984,P279,Q5064153
Q170984,P31,Q80071
Q170984,P910,Q8906800
Q170984,P1343,Q19538713
Q170984,P1889,Q50402369
Q1137658,P31,Q15217609
Q1137658,P17,Q43
Q1137658,P140,Q9592
Q1193284,P31,Q43229
Q30149188,P31,Q101352
Q30149188,P1889,Q2331610
Q30149188,P282,Q8229
Q30149188,P407,Q809
Q30149188,P407,Q1860
Q30149188,P460,Q12673694
Q30149188,P460,Q41583720
Q21510797,P31,Q101352
Q21510797,P1889,Q1487023
Q21510797,P282,Q8229
Q21510797,P460,Q28150943
Q199602,P910,Q8804123
Q199602,P1995,Q171171
Q199602,P1343,Q2657718
Q199602,P279,Q169872
Q199602,P279,Q1641015
Q1428317,P31,Q5891
Q38582,P31,Q21199
Q38582,P31,Q467511
Q38582,P31,Q50707
Q38582,P31,Q13366104
Q38582,P31,Q18949
Q38582,P31,Q3879425
Q38582,P5236,Q200
Q38582,P5236,Q23350
Q206948,P910,Q7165205
Q206948,P105,Q36602
Q206948,P171,Q204861
Q206948,P171,Q127282
Q206948,P171,Q30026706
Q206948,P171,Q343460
Q206948,P31,Q16521
Q206948,P944,Q13011
Q206948,P1343,Q3181656
Q206948,P1343,Q1768721
Q2986228,P31,Q28640
Q2986228,P910,Q7178083
Q2986228,P279,Q13219447
Q2986228,P279,Q1642960
Q2986228,P279,Q947873
Q2986228,P279,Q1371925
Q2986228,P1424,Q56871522
Q14775908,P31,Q4167410
Q14775908,P1889,Q36889157
Q224722,P31,Q4167410
Q224722,P460,Q19689193
Q224722,P460,Q451074
Q224722,P460,Q11823863
Q224722,P1889,Q463035
Q224722,P1889,Q2677358
Q1331874,P31,Q4167410
Q1331874,P1889,Q27260736
Q1331874,P1889,Q28199655
Q1331874,P460,Q10861923
Q1331874,P460,Q122487
Q1331874,P460,Q1686508
Q1331874,P460,Q13416643
Q1331874,P460,Q1554553
Q347322,P31,Q4167410
Q347322,P1889,Q16280793
Q347322,P1889,Q16881854
Q347322,P460,Q16881861
Q35775,P1464,Q8046712
Q35775,P190,Q189848
Q35775,P17,Q30
Q35775,P31,Q1093829
Q35775,P31,Q21518270
Q35775,P31,Q1549591
Q35775,P131,Q109820
Q35775,P194,Q4938444
Q35775,P910,Q8910723
Q35775,P1465,Q9217726
Q35775,P1376,Q1221
Q35775,P1376,Q109820
Q35775,P1792,Q8728389
Q35775,P6,Q433605
Q35775,P6,Q5045477
Q35775,P6,Q5628096
Q35775,P6,Q737493
Q35775,P6,Q7325415
Q35775,P6,Q6167145
Q35775,P6,Q5407836
Q35775,P6,Q7346538
Q35775,P6,Q7273597
Q35775,P6,Q7235280
Q35775,P6,Q5628653
Q35775,P6,Q7408105
Q35775,P6,Q4823327
Q35775,P6,Q5628653
Q35775,P6,Q6137662
Q35775,P6,Q15997622
Q35775,P6,Q5004343
Q35775,P6,Q6106116
Q35775,P6,Q7369221
Q35775,P6,Q282091
Q35775,P6,Q7964805
Q35775,P6,Q5734052
Q35775,P6,Q5393091
Q35775,P6,Q5407049
Q35775,P6,Q5393091
Q35775,P6,Q7387514
Q35775,P6,Q6107392
Q35775,P6,Q61638095
Q35775,P6,Q61638134
Q35775,P6,Q61638221
Q35775,P6,Q442073
Q35775,P6,Q6128227
Q35775,P6,Q442014
Q35775,P6,Q327585
Q35775,P6,Q77339485
Q35775,P206,Q891080
Q35775,P1830,Q14687005
Q35775,P421,Q3134980
Q35775,P7867,Q84056750
Q229660,P31,Q4167410
Q6251217,P54,Q650829
Q6251217,P54,Q692417
Q6251217,P54,Q466586
Q6251217,P54,Q213417
Q6251217,P54,Q213959
Q6251217,P54,Q7972233
Q6251217,P31,Q5
Q6251217,P106,Q10871364
Q6251217,P69,Q597236
Q6251217,P69,Q14713703
Q6251217,P735,Q4925477
Q6251217,P166,Q120649
Q6251217,P166,Q120649
Q6251217,P166,Q120649
Q6251217,P19,Q5083
Q6251217,P27,Q30
Q6251217,P641,Q5369
Q6251217,P413,Q1326154
Q6251217,P1532,Q30
Q6251217,P21,Q6581097
Q6251217,P647,Q692417
Q6251217,P647,Q650829
Q6251217,P1344,Q4273491
Q6251217,P1344,Q4273489
Q6251217,P1344,Q4273492
Q6251217,P1344,Q4273493
Q6251217,P1344,Q4273494
Q6251217,P1344,Q2392480
Q6251217,P1344,Q1649741
Q6251217,P1344,Q924097
Q6251217,P1344,Q1649722
Q6251217,P1344,Q1649712
Q6251217,P1344,Q4273496
Q6251217,P1344,Q516947
Q6251217,P1344,Q2628391
Q6251217,P1344,Q2628150
Q6251217,P1344,Q2628156
Q6251217,P1344,Q2606383
Q6251217,P1344,Q2606383
Q6251217,P1344,Q2392515
Q6251217,P1344,Q2092944
Q6251217,P1344,Q2062194
Q246872,P31,Q4167410
Q246872,P1889,Q18014868
Q246872,P1889,Q37494439
Q246872,P460,Q236377
Q246872,P460,Q1251911
Q144649,P31,Q4167410
Q144649,P1889,Q21485499
Q144649,P1889,Q13571989
Q36936275,P31,Q101352
Q36936275,P1889,Q2147211
Q36936275,P282,Q8229
Q36936275,P460,Q37125872
Q36936275,P460,Q37505701
Q36936275,P460,Q21011431
Q36936275,P5323,Q92953148
Q58101,P31,Q4167410
Q58101,P1889,Q16882776
Q1301721,P31,Q4167410
Q1301721,P1889,Q37215066
Q219341,P31,Q4167410
Q219341,P1889,Q21020754
Q219341,P1889,Q2803433
Q101072,P910,Q8367813
Q101072,P279,Q1200750
Q101072,P279,Q2684591
Q101072,P828,Q2063340
Q101072,P1343,Q602358
Q101072,P1343,Q19190511
Q101072,P1343,Q101314624
Q19108,P31,Q21199
Q19108,P31,Q467511
Q19108,P31,Q50705
Q19108,P31,Q50707
Q19108,P31,Q13366129
Q19108,P31,Q190893
Q19108,P31,Q1589528
Q19108,P31,Q2702442
Q19108,P5236,Q201
Q19108,P2959,Q56634275
Q19108,P2959,Q56639949
Q19108,P2959,Q60455115
Q19108,P2959,Q89813347
Q19108,P2959,Q89813672
Q19108,P461,Q10728832
Q19108,P910,Q30600922
Q19108,P629,Q103150231
Q37431273,P31,Q101352
Q37431273,P1889,Q2341366
Q37431273,P282,Q8229
Q37431273,P460,Q21507960
Q37431273,P460,Q37481028
Q37431273,P460,Q37269987
Q37431273,P5323,Q92953148
Q1495540,P31,Q82799
Q1495540,P527,Q18086818
Q1495540,P527,Q21445512
Q1495540,P407,Q150
Q1495540,P1889,Q18086818
Q298365,P31,Q4167410
Q298365,P1889,Q16860360
Q1368423,P31,Q4167410
Q1368423,P1889,Q37515479
Q21507730,P31,Q101352
Q21507730,P1889,Q2117582
Q21507730,P282,Q8229
Q21484793,P31,Q101352
Q21484793,P1889,Q16871430
Q21484793,P282,Q8229
Q232923,P31,Q4167410
Q232923,P1889,Q3700314
Q846257,P641,Q5369
Q846257,P641,Q5375
Q158847,P31,Q4022
Q158847,P17,Q31
Q158847,P17,Q32
Q158847,P17,Q183
Q158847,P403,Q1667
Q158847,P910,Q9898282
Q158847,P1200,Q8956665
Q158847,P131,Q1200
Q158847,P974,Q450722
Q158847,P974,Q252318
Q158847,P974,Q318762
Q158847,P974,Q697718
Q158847,P974,Q836780
Q158847,P974,Q839414
Q158847,P974,Q883458
Q158847,P974,Q1708483
Q158847,P974,Q2671282
Q158847,P974,Q28500018
Q158847,P974,Q13105494
Q158847,P974,Q20969743
Q158847,P4614,Q31837223
Q158847,P885,Q2417931
Q158847,P1343,Q1138524
Q158847,P4792,Q1366851
Q158847,P469,Q2621998
Q158847,P1889,Q1247302
Q158847,P1382,Q3088839
Q158847,P1382,Q3088708
Q5293534,P31,Q5
Q5293534,P21,Q6581097
Q5293534,P106,Q10871364
Q5293534,P54,Q335169
Q5293534,P54,Q653772
Q5293534,P54,Q213417
Q5293534,P54,Q721134
Q5293534,P54,Q329816
Q5293534,P735,Q16275555
Q5293534,P27,Q30
Q5293534,P19,Q16739
Q5293534,P413,Q1050571
Q5293534,P641,Q5369
Q297391,P31,Q4167410
Q297391,P1889,Q60836687
Q402137,P31,Q4167410
Q233276,P31,Q4167410
Q697327,P910,Q8585488
Q697327,P1343,Q2657718
Q697327,P279,Q2334719
Q697327,P1889,Q3365641
Q740043,P31,Q4167410
Q740043,P1889,Q19365842
Q740043,P1889,Q12652678
Q1147649,P509,Q12152
Q1147649,P509,Q910944
Q1147649,P509,Q3505252
Q1147649,P31,Q5
Q1147649,P106,Q10871364
Q1147649,P735,Q2645657
Q1147649,P166,Q1514249
Q1147649,P166,Q120649
Q1147649,P166,Q4896722
Q1147649,P27,Q30
Q1147649,P19,Q375185
Q1147649,P20,Q60
Q1147649,P641,Q5369
Q1147649,P54,Q461595
Q1147649,P54,Q848117
Q1147649,P54,Q329816
Q1147649,P54,Q721134
Q1147649,P1196,Q171558
Q1147649,P551,Q16553
Q1147649,P551,Q375185
Q1147649,P413,Q1368170
Q1147649,P172,Q974693
Q1147649,P69,Q498526
Q1147649,P1532,Q30
Q1147649,P21,Q6581097
Q1559123,P31,Q101352
Q1559123,P31,Q11455398
Q1559123,P2354,Q20007601
Q1559123,P407,Q1321
Q1559123,P1889,Q1559120
Q1559123,P282,Q8229
Q1559123,P460,Q37499550
Q1559123,P460,Q30307749
Q1559123,P460,Q42721123
Q1559123,P460,Q23769784
Q1559123,P460,Q100165562
Q1559123,P460,Q100165567
Q1028313,P31,Q101352
Q1028313,P31,Q1714800
Q1028313,P31,Q17143070
Q1028313,P31,Q829026
Q1028313,P1889,Q1550241
Q1028313,P282,Q8229
Q1028313,P5323,Q81945591
Q1028313,P407,Q188
Q230503,P31,Q4167410
Q230503,P1889,Q2712367
Q230503,P1889,Q27238020
Q230503,P460,Q228294
Q230503,P1343,Q2041543
Q294703,P31,Q4167410
Q294703,P1889,Q19873913
Q294703,P1889,Q16870902
Q294703,P1889,Q19873913
Q342349,P31,Q4167410
Q342349,P1889,Q16277244
Q342349,P1889,Q16871122
Q418426,P31,Q4167410
Q418426,P1889,Q37529318
Q218656,P31,Q4167410
Q218656,P1889,Q3859417
Q218656,P1889,Q179205
Q218656,P460,Q1939479
Q7158812,P31,Q4167410
Q18868,P31,Q4167410
Q18868,P1889,Q15240355
Q18868,P460,Q2246516
Q18868,P460,Q217465
Q18868,P460,Q1286198
Q18868,P460,Q1772537
Q18868,P460,Q28932752
Q18868,P460,Q2246362
Q42448,P190,Q164234
Q42448,P190,Q1342
Q42448,P190,Q2103
Q42448,P190,Q13135
Q42448,P190,Q43070
Q42448,P190,Q239580
Q42448,P190,Q30002
Q42448,P190,Q74957
Q42448,P190,Q1007634
Q42448,P190,Q2586558
Q42448,P17,Q145
Q42448,P131,Q12956644
Q42448,P910,Q8735950
Q42448,P31,Q515
Q42448,P31,Q1549591
Q42448,P1464,Q7117930
Q42448,P1465,Q9690044
Q42448,P1792,Q15710450
Q42448,P47,Q54212
Q42448,P2633,Q5535225
Q42448,P421,Q30192
Q42448,P1889,Q12956644
Q42448,P1889,Q62482000
Q42448,P1376,Q12956644
Q42448,P7959,Q163
Q42448,P1343,Q63284758
Q42448,P8744,Q5333774
Q959414,P31,Q4167410
Q959414,P1889,Q18331002
Q959414,P460,Q164159
Q959414,P460,Q409730
Q959414,P460,Q1623239
Q959414,P460,Q20758970
Q959414,P460,Q22193891
Q21449646,P31,Q101352
Q21449646,P1889,Q1908422
Q21449646,P282,Q8229
Q27869242,P31,Q101352
Q27869242,P282,Q8229
Q2046424,P31,Q4167410
Q2046424,P1889,Q16585807
Q2046424,P1889,Q16280476
Q2046424,P1889,Q37435986
Q415035,P31,Q4167410
Q415035,P1889,Q28745058
Q1234830,P31,Q4167410
Q1234830,P1889,Q21502096
Q21512754,P31,Q101352
Q21512754,P1889,Q4997825
Q21512754,P282,Q8229
Q14565194,P31,Q4167410
Q14565194,P1889,Q56245835
Q6501338,P910,Q8275282
Q6501338,P1343,Q2041543
Q6501338,P279,Q781413
Q6501338,P279,Q2200417
Q6501338,P1995,Q9418
Q6501338,P361,Q77468620
Q245801,P31,Q4167410
Q37320,P190,Q776965
Q37320,P190,Q87
Q37320,P190,Q82174
Q37320,P190,Q102397
Q37320,P190,Q178626
Q37320,P190,Q464699
Q37320,P190,Q1355
Q37320,P190,Q24550
Q37320,P190,Q190897
Q37320,P190,Q192213
Q37320,P190,Q183298
Q37320,P190,Q2868
Q37320,P190,Q3853441
Q37320,P190,Q152368
Q37320,P190,Q437
Q37320,P190,Q914
Q37320,P190,Q1792
Q37320,P190,Q1867
Q37320,P190,Q6537
Q37320,P190,Q243116
Q37320,P190,Q1780
Q37320,P1151,Q11240801
Q37320,P31,Q1093829
Q37320,P31,Q1549591
Q37320,P17,Q30
Q37320,P131,Q251267
Q37320,P910,Q6490464
Q37320,P138,Q3324749
Q37320,P194,Q5132092
Q37320,P6,Q5486737
Q37320,P1464,Q9224256
Q37320,P1465,Q9218092
Q37320,P1740,Q8458063
Q37320,P1792,Q7112479
Q37320,P1791,Q19677988
Q37320,P1376,Q251267
Q37320,P206,Q1146724
Q37320,P206,Q5492
Q37320,P1830,Q1100756
Q37320,P1830,Q2113078
Q37320,P421,Q941023
Q37320,P1343,Q602358
Q37320,P1343,Q3181656
Q37320,P7867,Q84112074
Q250092,P31,Q4167410
Q250092,P1889,Q26439559
Q250092,P1889,Q26203599
Q250092,P1889,Q27180895
Q250092,P1889,Q26229430
Q250092,P1889,Q27307930
Q250092,P1889,Q4212043
Q250092,P1889,Q17031790
Q485176,P190,Q2910
Q485176,P190,Q126148
Q485176,P190,Q208293
Q485176,P190,Q653478
Q485176,P190,Q62337
Q485176,P190,Q30138
Q485176,P17,Q30
Q485176,P131,Q104994
Q485176,P31,Q1549591
Q485176,P31,Q13218357
Q485176,P31,Q13218391
Q485176,P910,Q7358256
Q485176,P1464,Q8067676
Q485176,P1465,Q9219432
Q485176,P1740,Q10219524
Q485176,P1792,Q8965590
Q485176,P47,Q174026
Q485176,P47,Q65
Q485176,P47,Q850869
Q485176,P6,Q20880837
Q485176,P1830,Q582280
Q485176,P1830,Q14681977
Q485176,P421,Q847142
Q2537167,P31,Q4167410
Q23556,P190,Q1867
Q23556,P190,Q2090
Q23556,P190,Q34713
Q23556,P190,Q167582
Q23556,P190,Q182059
Q23556,P190,Q239
Q23556,P190,Q637555
Q23556,P190,Q8678
Q23556,P190,Q8673
Q23556,P190,Q7880
Q23556,P190,Q1425428
Q23556,P190,Q39178
Q23556,P190,Q994
Q23556,P190,Q3642
Q23556,P190,Q1524
Q23556,P190,Q19660
Q23556,P190,Q43595
Q23556,P190,Q7786
Q23556,P190,Q309164
Q23556,P190,Q26600
Q23556,P190,Q632542
Q23556,P190,Q1023951
Q23556,P190,Q9005
Q23556,P910,Q7215222
Q23556,P31,Q21518270
Q23556,P31,Q62049
Q23556,P31,Q1549591
Q23556,P31,Q1093829
Q23556,P31,Q76514543
Q23556,P17,Q30
Q23556,P131,Q486633
Q23556,P131,Q486398
Q23556,P194,Q4816040
Q23556,P421,Q941023
Q23556,P421,Q5390
Q23556,P421,Q5762
Q23556,P1151,Q10883387
Q23556,P1464,Q9228553
Q23556,P1465,Q9220635
Q23556,P1740,Q8458030
Q23556,P1792,Q7118690
Q23556,P1376,Q1428
Q23556,P1376,Q486633
Q23556,P1343,Q20749109
Q23556,P1343,Q19180675
Q23556,P1343,Q20078554
Q23556,P1343,Q602358
Q23556,P1343,Q4173137
Q23556,P1343,Q4114391
Q23556,P1343,Q3181656
Q23556,P2633,Q5535121
Q23556,P6,Q6374539
Q23556,P6,Q42770663
Q23556,P6,Q529446
Q23556,P6,Q4908401
Q23556,P6,Q3302990
Q23556,P6,Q959635
Q23556,P1313,Q30185
Q23556,P1830,Q641243
Q23556,P1830,Q1970067
Q23556,P1830,Q2798738
Q23556,P1830,Q214861
Q23556,P5008,Q15304953
Q23556,P361,Q971998
Q23556,P7867,Q84090582
Q23556,P37,Q1860
Q23556,P8744,Q5333629
Q450313,P31,Q4167410
Q450313,P1889,Q37288874
Q812,P17,Q30
Q812,P47,Q1428
Q812,P47,Q173
Q812,P36,Q37043
Q812,P37,Q1860
Q812,P150,Q488826
Q812,P150,Q156568
Q812,P150,Q488865
Q812,P150,Q156577
Q812,P150,Q488517
Q812,P150,Q494624
Q812,P150,Q174913
Q812,P150,Q488499
Q812,P150,Q488821
Q812,P150,Q488853
Q812,P150,Q488531
Q812,P150,Q173867
Q812,P150,Q488796
Q812,P150,Q488805
Q812,P150,Q493605
Q812,P150,Q156643
Q812,P150,Q386885
Q812,P150,Q488813
Q812,P150,Q501848
Q812,P150,Q111720
Q812,P150,Q488468
Q812,P150,Q488461
Q812,P150,Q257311
Q812,P150,Q488792
Q812,P150,Q488488
Q812,P150,Q488572
Q812,P150,Q488885
Q812,P150,Q488874
Q812,P150,Q488879
Q812,P150,Q488528
Q812,P150,Q488537
Q812,P150,Q488859
Q812,P150,Q488810
Q812,P150,Q501029
Q812,P150,Q494616
Q812,P150,Q488576
Q812,P150,Q501022
Q812,P150,Q255943
Q812,P150,Q494463
Q812,P150,Q262708
Q812,P150,Q501014
Q812,P150,Q648752
Q812,P150,Q468557
Q812,P150,Q263742
Q812,P150,Q488818
Q812,P150,Q494476
Q812,P150,Q501123
Q812,P150,Q488543
Q812,P150,Q501067
Q812,P150,Q484294
Q812,P150,Q500992
Q812,P150,Q494556
Q812,P150,Q501043
Q812,P150,Q503059
Q812,P150,Q494471
Q812,P150,Q494564
Q812,P150,Q494500
Q812,P150,Q501163
Q812,P150,Q280596
Q812,P150,Q503889
Q812,P150,Q501036
Q812,P150,Q503064
Q812,P150,Q501078
Q812,P150,Q494541
Q812,P150,Q505417
Q812,P150,Q503455
Q812,P150,Q263418
Q812,P163,Q730106
Q812,P421,Q5385
Q812,P421,Q941023
Q812,P421,Q2086913
Q812,P421,Q28146035
Q812,P910,Q6785459
Q812,P31,Q35657
Q812,P194,Q3556484
Q812,P1151,Q14615722
Q812,P1464,Q8082147
Q812,P1740,Q6296753
Q812,P1791,Q8328590
Q812,P1792,Q9781880
Q812,P1465,Q8365431
Q812,P1343,Q302556
Q812,P1343,Q3181656
Q812,P1313,Q20198851
Q812,P206,Q12630
Q812,P206,Q97
Q812,P206,Q232912
Q812,P2633,Q3123342
Q812,P6,Q439729
Q812,P6,Q3105215
Q812,P131,Q30
Q812,P1546,Q270871
Q812,P1365,Q1187087
Q812,P610,Q921136
Q812,P1589,Q97
Q812,P706,Q2661894
Q812,P2184,Q1050231
Q812,P190,Q131314
Q812,P5125,Q7112264
Q812,P208,Q3112589
Q812,P457,Q2995130
Q812,P209,Q3001105
Q812,P361,Q578170
Q812,P361,Q2261430
Q812,P138,Q21196
Q812,P2238,Q829683
Q812,P2238,Q193327
Q812,P2238,Q776670
Q812,P2238,Q169449
Q812,P2238,Q42797
Q812,P2238,Q127497
Q812,P2238,Q755105
Q812,P2238,Q1152711
Q812,P2238,Q1362995
Q812,P2238,Q1088471
Q812,P2238,Q219059
Q812,P2238,Q140046
Q812,P2238,Q430034
Q812,P2238,Q16254184
Q812,P2238,Q834609
Q812,P2238,Q270871
Q812,P2238,Q5188434
Q812,P1889,Q54894930
Q812,P2936,Q523014
Q812,P2936,Q35602
Q812,P2936,Q13316
Q812,P2936,Q22711
Q812,P2936,Q33395
Q812,P2936,Q1860
Q812,P7867,Q8462457
Q812,P85,Q834609
Q812,P85,Q5461164
Q812,P418,Q1148305
Q812,P8402,Q97070435
Q812,P8744,Q3578663
Q407851,P31,Q4167410
Q407851,P1889,Q42034021
Q407851,P1889,Q4500455
Q226597,P31,Q4167410
Q226597,P1889,Q30231794
Q226597,P1889,Q30669967
Q293413,P31,Q4167410
Q293413,P1889,Q37250072
Q293413,P1889,Q25409198
Q1345,P190,Q83317
Q1345,P190,Q2044
Q1345,P190,Q33935
Q1345,P190,Q47554
Q1345,P190,Q11736
Q1345,P190,Q20934
Q1345,P190,Q132830
Q1345,P190,Q891
Q1345,P190,Q1284
Q1345,P190,Q47465
Q1345,P190,Q48320
Q1345,P190,Q36947
Q1345,P190,Q1794
Q1345,P1151,Q11240205
Q1345,P31,Q21010817
Q1345,P31,Q1637706
Q1345,P17,Q30
Q1345,P131,Q496900
Q1345,P163,Q5456797
Q1345,P6,Q6133660
Q1345,P910,Q8969722
Q1345,P1464,Q9224679
Q1345,P1465,Q9218358
Q1345,P1740,Q8458187
Q1345,P1792,Q7234298
Q1345,P421,Q941023
Q1345,P421,Q5390
Q1345,P421,Q5762
Q1345,P47,Q20694
Q1345,P47,Q1185519
Q1345,P47,Q1182154
Q1345,P47,Q1133990
Q1345,P47,Q1132078
Q1345,P47,Q1132746
Q1345,P47,Q1134737
Q1345,P47,Q1184539
Q1345,P47,Q3015382
Q1345,P47,Q1083114
Q1345,P47,Q1083524
Q1345,P47,Q1083028
Q1345,P47,Q138367
Q1345,P47,Q1089732
Q1345,P47,Q1086818
Q1345,P47,Q1086800
Q1345,P47,Q1072648
Q1345,P47,Q3016798
Q1345,P47,Q1073917
Q1345,P47,Q583018
Q1345,P47,Q1894278
Q1345,P47,Q6693640
Q1345,P47,Q2222550
Q1345,P47,Q1184059
Q1345,P47,Q893085
Q1345,P47,Q634715
Q1345,P47,Q7996166
Q1345,P47,Q2879328
Q1345,P47,Q924299
Q1345,P1376,Q30
Q1345,P1376,Q496900
Q1345,P2184,Q5865934
Q1345,P1791,Q7978581
Q1345,P5125,Q17084563
Q1345,P206,Q143762
Q1345,P706,Q14925011
Q1345,P1889,Q16556
Q1345,P5353,Q7182793
Q1345,P112,Q209152
Q1345,P1343,Q602358
Q1345,P7867,Q84044284
Q1345,P1830,Q512128
Q1345,P166,Q92429087
Q1345,P166,Q92429087
Q1345,P8744,Q16992255
Q447870,P31,Q4167410
Q408620,P31,Q4167410
Q408620,P1889,Q37310209
Q21072802,P31,Q4167410
Q233561,P31,Q4167410
Q233561,P1889,Q16884843
Q233561,P460,Q26944734
Q21449875,P31,Q101352
Q21449875,P1889,Q1494798
Q21449875,P282,Q8229
Q359112,P31,Q4167410
Q359112,P1889,Q20898965
Q899771,P31,Q4167410
Q899771,P1889,Q27614787
Q117280,P279,Q215627
Q117280,P279,Q851990
Q117280,P5008,Q13382529
Q117280,P31,Q187588
Q21255975,P279,Q3249551
Q21255975,P279,Q17281278
Q21255975,P461,Q481609
Q133671,P31,Q4167410
Q133671,P1889,Q37508882
Q9588,P19,Q493518
Q9588,P119,Q1754354
Q9588,P27,Q30
Q9588,P26,Q158707
Q9588,P40,Q7841119
Q9588,P40,Q1770472
Q9588,P509,Q12202
Q9588,P106,Q82955
Q9588,P106,Q189290
Q9588,P106,Q40348
Q9588,P106,Q18814623
Q9588,P106,Q372436
Q9588,P39,Q13218630
Q9588,P39,Q11696
Q9588,P39,Q11699
Q9588,P39,Q4416090
Q9588,P39,Q4416090
Q9588,P39,Q1467287
Q9588,P20,Q11299
Q9588,P241,Q11220
Q9588,P31,Q5
Q9588,P102,Q29468
Q9588,P69,Q7996868
Q9588,P69,Q168751
Q9588,P69,Q5312901
Q9588,P69,Q9842
Q9588,P910,Q8662071
Q9588,P140,Q170208
Q9588,P410,Q3983433
Q9588,P166,Q2338107
Q9588,P166,Q2338071
Q9588,P166,Q2079534
Q9588,P166,Q14539974
Q9588,P166,Q207826
Q9588,P166,Q207826
Q9588,P607,Q362
Q9588,P735,Q1249148
Q9588,P735,Q101251048
Q9588,P22,Q5479914
Q9588,P937,Q61
Q9588,P937,Q838791
Q9588,P937,Q948071
Q9588,P793,Q11553006
Q9588,P793,Q19032033
Q9588,P793,Q42761
Q9588,P793,Q862054
Q9588,P734,Q16880460
Q9588,P1412,Q1860
Q9588,P103,Q1860
Q9588,P1196,Q3739104
Q9588,P485,Q1754354
Q9588,P25,Q5648899
Q9588,P552,Q3039938
Q9588,P1853,Q19831453
Q9588,P3373,Q5294941
Q9588,P3373,Q5344628
Q9588,P1340,Q17244894
Q9588,P1884,Q28961883
Q9588,P1441,Q7600958
Q9588,P1441,Q47468233
Q9588,P1441,Q1146706
Q9588,P21,Q6581097
Q9588,P6886,Q1860
Q9588,P1343,Q67311526
Q9588,P463,Q468865
Q9588,P463,Q3556413
Q9588,P3602,Q7891408
Q9588,P3602,Q693742
Q9588,P3602,Q699590
Q9588,P3602,Q644161
Q9588,P3602,Q17016606
Q9588,P3602,Q7892706
Q5679599,P31,Q532
Q5679599,P17,Q794
Q5679599,P131,Q5666918
Q5679599,P361,Q946847
Q6502423,P31,Q1978718
Q6502423,P31,Q28608087
Q6502423,P31,Q16782623
Q6502423,P111,Q36253
Q6502423,P460,Q280164
Q6502423,P1889,Q61794388
Q6502423,P1889,Q100051890
Q6502423,P1889,Q100158510
Q5173529,P31,Q3409032
Q5173529,P1889,Q15213814
Q5173529,P282,Q8229
Q5173529,P1533,Q36858301
Q5173529,P460,Q30670035
Q232422,P31,Q4167410
Q232422,P1889,Q12018387
Q232422,P1889,Q28025190
Q295719,P31,Q4167410
Q295719,P1889,Q15825746
Q295719,P1889,Q14959634
Q295719,P460,Q1822054
Q295719,P460,Q241322
Q1156895,P279,Q2684591
Q1156895,P279,Q1190554
Q1156895,P1889,Q11884698
Q40244,P279,Q878123
Q40244,P279,Q917206
Q40244,P910,Q10088591
Q40244,P641,Q542
Q40244,P31,Q2312410
Q40244,P138,Q31900
Q40244,P1343,Q2657718
Q40244,P1000,Q63223
Q40244,P1000,Q9124
Q40244,P3095,Q13382460
Q1104561,P31,Q4167410
Q1104561,P1889,Q1104540
Q1104561,P460,Q1104637
Q125216,P31,Q4167410
Q125216,P1889,Q16870911
Q526719,P279,Q1379672
Q526719,P1552,Q188619
Q526719,P910,Q9758919
Q686514,P279,Q173878
Q686514,P279,Q680421
Q7170679,P57,Q55165
Q7170679,P31,Q506240
Q7170679,P364,Q809
Q7170679,P495,Q36
Q7170679,P161,Q1349134
Q7170679,P58,Q55165
Q7170679,P136,Q130232
Q7170679,P344,Q22330836
Q7170679,P1040,Q11756578
Q21448928,P31,Q101352
Q21448928,P1889,Q421485
Q21448928,P282,Q8229
Q16767400,P31,Q4167410
Q16767400,P460,Q18198824
Q16767400,P460,Q7332509
Q16767400,P460,Q3350191
Q16767400,P460,Q227433
Q16767400,P460,Q451388
Q16767400,P460,Q1457005
Q16767400,P460,Q1456171
Q16767400,P1889,Q3273004
Q16767400,P1889,Q28800684
Q63145,P17,Q928
Q63145,P131,Q13785
Q63145,P31,Q104157
Q63145,P31,Q1549591
Q63145,P910,Q6581480
Q63145,P1313,Q30185
Q63145,P1376,Q13785
Q63145,P47,Q62755
Q63145,P47,Q63139
Q63145,P47,Q63129
Q63145,P2564,Q863882
Q63145,P2936,Q34057
Q63145,P1879,Q23014453
Q63145,P421,Q3543509
Q28130473,P31,Q101352
Q28130473,P1889,Q39232038
Q28130473,P407,Q652
Q28130473,P282,Q8229
Q21504857,P31,Q101352
Q21504857,P1889,Q743027
Q21504857,P282,Q8229
Q13416,P59,Q10538
Q13416,P31,Q523
Q13416,P31,Q13890
Q13416,P31,Q1048372
Q13416,P31,Q6243
Q13416,P31,Q353834
Q13416,P31,Q67206691
Q13416,P881,Q622467
Q13416,P6259,Q1264450
Q518016,P31,Q4830453
Q518016,P155,Q256593
Q518016,P155,Q784567
Q518016,P414,Q13677
Q518016,P159,Q885631
Q518016,P17,Q30
Q518016,P910,Q24070281
Q518016,P1056,Q7397
Q518016,P452,Q1481411
Q518016,P452,Q11661
Q518016,P1889,Q2495515
Q518016,P1365,Q256593
Q518016,P1365,Q784567
Q5336506,P31,Q5
Q5336506,P21,Q6581097
Q5336506,P106,Q10871364
Q5336506,P54,Q504309
Q5336506,P54,Q8021271
Q5336506,P54,Q6724873
Q5336506,P54,Q246782
Q5336506,P735,Q430699
Q5336506,P20,Q79502
Q5336506,P19,Q1345
Q5336506,P27,Q30
Q5336506,P69,Q13572981
Q5336506,P413,Q1368195
Q5336506,P641,Q5369
Q1072186,P31,Q483110
Q1072186,P131,Q36091
Q1072186,P466,Q221150
Q1072186,P466,Q604879
Q1072186,P466,Q6868253
Q1072186,P466,Q170558
Q1072186,P466,Q13858732
Q1072186,P137,Q6825253
Q1072186,P631,Q5530110
Q1072186,P127,Q6825253
Q1072186,P84,Q459464
Q1072186,P84,Q6523514
Q1072186,P641,Q41323
Q1072186,P17,Q30
Q1072186,P138,Q209989
Q1072186,P167,Q7929512
Q1072186,P276,Q36091
Q1072186,P7561,Q86116049
Q1072186,P910,Q103821983
Q7646076,P703,Q15978631
Q7646076,P31,Q1501261
Q15727828,P31,Q11455398
Q15727828,P31,Q101352
Q15727828,P1889,Q362211
Q15727828,P282,Q8229
Q15727828,P460,Q21507692
Q15727828,P460,Q30238430
Q15727828,P460,Q30238431
Q15727828,P460,Q37164360
Q15727828,P407,Q1860
Q15832807,P31,Q4167410
Q15832807,P460,Q24213621
Q15832807,P460,Q443565
Q15832807,P1889,Q37497532
Q26736,P105,Q7432
Q26736,P171,Q133290
Q26736,P31,Q16521
Q26736,P1672,Q15622897
Q26736,P1672,Q2195458
Q26736,P279,Q190489
Q26736,P566,Q21872197
Q26736,P910,Q55329824
Q26736,P166,Q1595426
Q407271,P31,Q4167410
Q407271,P1889,Q1682564
Q407271,P1889,Q12573029
Q407271,P460,Q18195528
Q407271,P460,Q344767
Q407271,P460,Q407065
Q407271,P460,Q1184390
Q12350404,P31,Q55983715
Q22348604,P31,Q82799
Q22348604,P527,Q3854316
Q22348604,P460,Q1663816
Q22348604,P1889,Q402986
Q5312572,P31,Q4167410
Q28199867,P31,Q101352
Q28199867,P407,Q1860
Q28199867,P282,Q8229
Q28199867,P1889,Q421731
Q28199867,P1552,Q89410507
Q21504890,P31,Q101352
Q21504890,P1889,Q773689
Q21504890,P282,Q8229
Q3418873,P54,Q209636
Q3418873,P54,Q131206
Q3418873,P54,Q830968
Q3418873,P54,Q193643
Q3418873,P54,Q576406
Q3418873,P54,Q1240798
Q3418873,P21,Q6581097
Q3418873,P31,Q5
Q3418873,P27,Q16
Q3418873,P106,Q11774891
Q3418873,P735,Q1215702
Q3418873,P641,Q41466
Q3418873,P413,Q2827965
Q3418873,P647,Q131206
Q3418873,P19,Q1020159
Q3418873,P423,Q10927615
Q3418873,P118,Q1215892
Q3418873,P734,Q68241383
Q360764,P31,Q4167410
Q360764,P1889,Q16869383
Q360764,P460,Q1157880
Q4063275,P17,Q227
Q4063275,P31,Q486972
Q4063275,P421,Q6779
Q4063275,P131,Q457499
Q332885,P910,Q7069242
Q332885,P31,Q15632617
Q332885,P31,Q13002315
Q332885,P101,Q15954519
Q332885,P21,Q6581097
Q332885,P1343,Q19538713
Q332885,P1343,Q17329836
Q332885,P941,Q76918
Q332885,P4969,Q50919
Q188924,P910,Q8480061
Q188924,P31,Q2235308
Q188924,P279,Q3114762
Q188924,P279,Q848944
Q188924,P1343,Q678259
Q188924,P1343,Q602358
Q188924,P1343,Q4114391
Q188924,P1343,Q19180675
Q188924,P1343,Q4532135
Q188924,P1343,Q602358
Q188924,P1343,Q602358
Q188924,P1343,Q20078554
Q188924,P4969,Q897941
Q188924,P301,Q97324605
Q12018934,P31,Q101352
Q12018934,P282,Q8229
Q33486,P190,Q17151
Q33486,P190,Q3780
Q33486,P190,Q41252
Q33486,P190,Q490900
Q33486,P190,Q597789
Q33486,P190,Q527268
Q33486,P31,Q1093829
Q33486,P31,Q21518270
Q33486,P31,Q1549591
Q33486,P31,Q15303838
Q33486,P17,Q30
Q33486,P131,Q54236
Q33486,P910,Q7213840
Q33486,P1464,Q9225038
Q33486,P1465,Q9218585
Q33486,P1792,Q7117866
Q33486,P1376,Q779
Q33486,P1376,Q951500
Q33486,P421,Q941023
Q33486,P47,Q1787206
Q33486,P1830,Q1783634
Q33486,P1830,Q20708763
Q33486,P1343,Q602358
Q33486,P7867,Q84116265
Q33486,P8402,Q97130721
Q16863048,P31,Q101352
Q16863048,P282,Q8229
Q247712,P31,Q4167410
Q247712,P1889,Q1438720
Q5916266,P31,Q101352
Q5916266,P282,Q8229
Q21491763,P31,Q101352
Q21491763,P1889,Q1786965
Q21491763,P460,Q17125177
Q21491763,P460,Q21449127
Q21491763,P407,Q8798
Q21491763,P407,Q9091
Q21491763,P407,Q7737
Q21491763,P282,Q8209
Q366735,P31,Q4167410
Q366735,P1343,Q2657718
Q366735,P1889,Q13553878
Q366735,P1889,Q48725148
Q488718,P17,Q183
Q488718,P131,Q10483
Q488718,P31,Q262166
Q488718,P47,Q489045
Q488718,P47,Q163091
Q488718,P47,Q491435
Q488718,P47,Q1590715
Q488718,P47,Q1394385
Q488718,P47,Q327749
Q488718,P910,Q9004022
Q488718,P421,Q6655
Q488718,P421,Q6723
Q488718,P361,Q2350024
Q488718,P1456,Q1832419
Q488718,P1313,Q57522369
Q488718,P6,Q58334306
Q6801664,P31,Q101352
Q6801664,P31,Q56219051
Q6801664,P1889,Q15834642
Q6801664,P282,Q8229
Q6801664,P460,Q37166615
Q21449241,P31,Q101352
Q21449241,P1889,Q2005026
Q21449241,P282,Q8229
Q21449241,P407,Q1412
Q3044517,P21,Q6581097
Q3044517,P119,Q926913
Q3044517,P31,Q5
Q3044517,P735,Q15921732
Q3044517,P1343,Q678259
Q3044517,P1343,Q15987216
Q3044517,P106,Q15627169
Q3044517,P463,Q183725
Q3044517,P39,Q1607826
Q28135398,P31,Q101352
Q28135398,P1889,Q71416065
Q243647,P31,Q4167410
Q243647,P1889,Q21508448
Q243647,P460,Q256781
Q54862614,P31,Q101352
Q54862614,P282,Q8229
Q54862614,P407,Q1860
Q21450739,P31,Q101352
Q21450739,P1889,Q579567
Q21450739,P282,Q8229
Q4458977,P31,Q101352
Q4458977,P282,Q8209
Q4458977,P1889,Q96147050
Q147992,P21,Q6581097
Q147992,P54,Q194126
Q147992,P54,Q830968
Q147992,P54,Q192083
Q147992,P54,Q193643
Q147992,P54,Q1653574
Q147992,P54,Q188143
Q147992,P54,Q675245
Q147992,P54,Q36847
Q147992,P54,Q136398
Q147992,P54,Q668549
Q147992,P54,Q446028
Q147992,P54,Q870402
Q147992,P54,Q681072
Q147992,P31,Q5
Q147992,P27,Q16
Q147992,P27,Q39
Q147992,P106,Q11774891
Q147992,P1344,Q9658
Q147992,P735,Q19967588
Q147992,P641,Q41466
Q147992,P19,Q2096
Q147992,P413,Q2304909
Q147992,P647,Q193643
Q147992,P423,Q10927615
Q147992,P20,Q36312
Q147992,P118,Q1215892
Q147992,P734,Q68954578
Q543447,P54,Q194121
Q543447,P54,Q188984
Q543447,P54,Q201864
Q543447,P54,Q652053
Q543447,P21,Q6581097
Q543447,P31,Q5
Q543447,P27,Q16
Q543447,P106,Q11774891
Q543447,P735,Q1795088
Q543447,P1344,Q9664
Q543447,P641,Q41466
Q543447,P19,Q424984
Q543447,P413,Q2827965
Q543447,P647,Q188984
Q543447,P423,Q10927615
Q543447,P118,Q1215892
Q543447,P734,Q65115033
Q21506771,P31,Q101352
Q21506771,P1889,Q335339
Q21506771,P282,Q8229
Q21506771,P5323,Q81945591
Q174198,P31,Q4830453
Q174198,P31,Q6881511
Q174198,P414,Q13677
Q174198,P159,Q49169
Q174198,P740,Q49169
Q174198,P1454,Q3178478
Q174198,P112,Q5559588
Q174198,P17,Q30
Q174198,P452,Q913709
Q174198,P355,Q5036903
Q56243668,P31,Q101352
Q56243668,P1889,Q2018280
Q1694177,P31,Q4167410
Q1694177,P460,Q607125
Q1694177,P460,Q2079632
Q1694177,P460,Q251905
Q1694177,P1889,Q47529843
Q418103,P31,Q4167410
Q418103,P1889,Q21492092
Q418103,P1889,Q23038954
Q27887245,P31,Q101352
Q27887245,P1889,Q2460602
Q27887245,P282,Q8229
Q162807,P31,Q4167410
Q162807,P460,Q62070076
Q1791952,P31,Q4167410
Q1791952,P460,Q16884601
Q330946,P361,Q32489
Q330946,P361,Q13422881
Q330946,P361,Q204260
Q330946,P361,Q12791
Q330946,P361,Q15407649
Q330946,P279,Q66310125
Q330946,P461,Q17504947
Q274988,P366,Q572879
Q274988,P279,Q829532
Q274988,P279,Q391414
Q274988,P279,Q206615
Q274988,P1552,Q216678
Q274988,P910,Q32092555
Q274988,P1889,Q331424
Q274988,P1889,Q82658
Q274988,P1889,Q1514256
Q274988,P1343,Q602358
Q274988,P1343,Q63284758
Q4916,P166,Q152337
Q4916,P138,Q46
Q4916,P31,Q8142
Q4916,P31,Q28795800
Q4916,P489,Q18100
Q4916,P562,Q8901
Q4916,P910,Q7778928
Q4916,P2959,Q25681519
Q4916,P17,Q40
Q4916,P17,Q31
Q4916,P17,Q229
Q4916,P17,Q55
Q4916,P17,Q191
Q4916,P17,Q33
Q4916,P17,Q142
Q4916,P17,Q183
Q4916,P17,Q41
Q4916,P17,Q27
Q4916,P17,Q38
Q4916,P17,Q211
Q4916,P17,Q37
Q4916,P17,Q32
Q4916,P17,Q233
Q4916,P17,Q235
Q4916,P17,Q45
Q4916,P17,Q238
Q4916,P17,Q214
Q4916,P17,Q215
Q4916,P17,Q29
Q4916,P17,Q237
Q4916,P17,Q228
Q4916,P1365,Q208730
Q4916,P1365,Q232415
Q4916,P1365,Q193716
Q4916,P1365,Q788472
Q4916,P1365,Q129983
Q4916,P1365,Q203354
Q4916,P1365,Q184172
Q4916,P1365,Q16068
Q4916,P1365,Q1546443
Q4916,P1365,Q270642
Q4916,P1365,Q204992
Q4916,P1365,Q133011
Q4916,P1365,Q25627
Q4916,P1365,Q213940
Q4916,P1365,Q174467
Q4916,P1365,Q1047040
Q4916,P1365,Q468474
Q4916,P1365,Q1063029
Q4916,P1365,Q178874
Q4916,P1365,Q208133
Q4916,P1365,Q189097
Q4916,P1365,Q183354
Q4916,P1365,Q221828
Q4916,P1001,Q8268
Q4916,P5008,Q5460604
Q4916,P279,Q363958
Q838960,P366,Q7590
Q838960,P121,Q181600
Q838960,P279,Q6657015
Q838960,P276,Q180481
Q838960,P276,Q30139652
Q838960,P3437,Q181600
Q838960,P1343,Q602358
Q10514602,P31,Q3409032
Q10514602,P1533,Q2405539
Q10514602,P460,Q18001848
Q10514602,P460,Q18145860
Q10514602,P460,Q18177026
Q10514602,P460,Q23751541
Q10514602,P1889,Q256969
Q10514602,P407,Q1860
Q10514602,P407,Q7411
Q10514602,P282,Q8229
Q10514602,P5323,Q21644845
Q10514602,P1343,Q151
Q21491426,P31,Q101352
Q21491426,P1889,Q778972
Q21491426,P282,Q8229
Q21491426,P460,Q42293812
Q21491426,P460,Q63217254
Q422910,P31,Q4167410
Q422910,P1889,Q20727059
Q422910,P1889,Q97632806
Q3443266,P641,Q41323
Q15829860,P31,Q101352
Q15829860,P31,Q11455398
Q15829860,P460,Q16511256
Q15829860,P460,Q21491937
Q15829860,P460,Q21072886
Q15829860,P460,Q50196992
Q15829860,P460,Q21484692
Q15829860,P460,Q21449502
Q15829860,P460,Q1992484
Q15829860,P460,Q33123357
Q15829860,P1889,Q1992555
Q15829860,P282,Q8229
Q15829860,P5278,Q34369950
Q15829860,P407,Q9027
Q4125649,P31,Q4167410
Q4125649,P1889,Q18002623
Q4125649,P1889,Q203052
Q4125649,P1889,Q4927850
Q4125649,P460,Q3897849
Q4125649,P460,Q15730170
Q475552,P31,Q4167410
Q475552,P1889,Q16883820
Q475552,P1889,Q20872559
Q475552,P1889,Q2675293
Q475552,P460,Q2339718
Q475552,P460,Q398946
Q359600,P31,Q4167410
Q359600,P1889,Q1870304
Q359600,P1889,Q37554218
Q1545519,P31,Q4167410
Q1545519,P1889,Q5607282
Q1545519,P1889,Q28215980
Q1545519,P460,Q421175
Q1545519,P460,Q1546459
Q1545519,P460,Q2648748
Q1545519,P460,Q3116293
Q1545519,P460,Q1436075
Q1545519,P460,Q6405888
Q1682994,P31,Q4167410
Q1682994,P1889,Q16871136
Q1682994,P460,Q248980
Q734620,P21,Q6581097
Q734620,P54,Q204623
Q734620,P54,Q192081
Q734620,P54,Q188984
Q734620,P54,Q192083
Q734620,P31,Q5
Q734620,P19,Q12439
Q734620,P27,Q30
Q734620,P106,Q11774891
Q734620,P735,Q4925477
Q734620,P1344,Q9664
Q734620,P641,Q41466
Q734620,P413,Q1317534
Q734620,P647,Q188984
Q734620,P1532,Q30
Q734620,P166,Q221401
Q953503,P910,Q9530866
Q953503,P31,Q13417114
Q953503,P1343,Q602358
Q953503,P1343,Q4114391
Q953503,P734,Q21493112
Q953503,P17,Q170770
Q953503,P1830,Q134712
Q23645110,P31,Q11455398
Q23645110,P31,Q101352
Q23645110,P1889,Q792466
Q23645110,P282,Q8229
Q23645110,P460,Q27892821
Q23645110,P460,Q21501405
Q23645110,P460,Q16479458
Q23645110,P460,Q46994928
Q1393,P1151,Q14615679
Q1393,P17,Q30
Q1393,P47,Q1408
Q1393,P47,Q1400
Q1393,P47,Q1391
Q1393,P36,Q33518
Q1393,P138,Q738808
Q1393,P163,Q752566
Q1393,P150,Q128137
Q1393,P150,Q156156
Q1393,P150,Q156213
Q1393,P131,Q30
Q1393,P910,Q6916033
Q1393,P31,Q35657
Q1393,P194,Q5253303
Q1393,P1464,Q8052052
Q1393,P1465,Q8365412
Q1393,P1740,Q7522500
Q1393,P1791,Q8328563
Q1393,P1792,Q7116679
Q1393,P421,Q941023
Q1393,P421,Q28146035
Q1393,P1313,Q20801656
Q1393,P1343,Q2657718
Q1393,P1343,Q602358
Q1393,P1343,Q19180675
Q1393,P1343,Q4173137
Q1393,P1343,Q867541
Q1393,P1343,Q3181656
Q1393,P6,Q505302
Q1393,P6,Q513243
Q1393,P6,Q262440
Q1393,P610,Q1280075
Q1393,P1589,Q97
Q1393,P2184,Q5775877
Q1393,P2633,Q52312610
Q1393,P5125,Q13218151
Q1393,P457,Q5164173
Q1393,P209,Q5253374
Q1393,P208,Q53709974
Q1393,P1365,Q2571194
Q1393,P361,Q578170
Q1393,P361,Q2261430
Q1393,P2238,Q4929212
Q1393,P2936,Q3915517
Q1393,P206,Q97
Q1393,P206,Q738808
Q1393,P206,Q143762
Q1393,P7867,Q8371909
Q1393,P418,Q685340
Q1393,P8744,Q85758533
Q1393,P30,Q49
Q424795,P31,Q4167410
Q131545,P21,Q6581097
Q131545,P119,Q6723847
Q131545,P106,Q33999
Q131545,P106,Q713200
Q131545,P106,Q2095549
Q131545,P106,Q4964182
Q131545,P106,Q3282637
Q131545,P106,Q201788
Q131545,P106,Q15855449
Q131545,P106,Q465501
Q131545,P19,Q1781
Q131545,P20,Q12439
Q131545,P27,Q28513
Q131545,P27,Q30
Q131545,P31,Q5
Q131545,P735,Q668885
Q131545,P735,Q750186
Q131545,P26,Q4896361
Q131545,P910,Q24069498
Q131545,P1196,Q3739104
Q131545,P172,Q7325
Q131545,P172,Q133032
Q131545,P509,Q121041
Q131545,P509,Q223102
Q131545,P734,Q145210
Q131545,P101,Q15855449
Q131545,P101,Q2293082
Q131545,P551,Q25491412
Q131545,P1412,Q1860
Q131545,P6886,Q1860
Q131545,P1343,Q67311526
Q131545,P140,Q9268
Q13728754,P31,Q12308941
Q13728754,P1560,Q1056162
Q13728754,P1750,Q2995
Q13728754,P407,Q809
Q13728754,P407,Q7411
Q13728754,P407,Q9027
Q13728754,P460,Q613014
Q13728754,P460,Q19688598
Q13728754,P460,Q93328664
Q13728754,P460,Q98925661
Q13728754,P1533,Q21494174
Q13728754,P1889,Q4926797
Q13728754,P282,Q8229
Q13728754,P910,Q55250986
Q13728754,P5323,Q21644845
Q13728754,P5323,Q21142040
Q13728754,P2976,Q100685173
Q2997978,P31,Q101352
Q2997978,P1889,Q1135364
Q2997978,P282,Q8229
Q7924420,P31,Q12308941
Q7924420,P460,Q7917679
Q7924420,P282,Q8229
Q2602345,P31,Q4167410
Q2602345,P1889,Q16282828
Q2602345,P1889,Q16860482
Q2602345,P460,Q3789934
Q2602345,P460,Q423887
Q2602345,P460,Q1177820
Q2602345,P460,Q1220456
Q47034,P190,Q8686
Q47034,P190,Q7436
Q47034,P190,Q171353
Q47034,P190,Q51690
Q47034,P190,Q21184
Q47034,P190,Q1549436
Q47034,P190,Q108988
Q47034,P190,Q39420
Q47034,P190,Q498857
Q47034,P190,Q1023563
Q47034,P190,Q1156
Q47034,P17,Q33
Q47034,P30,Q46
Q47034,P131,Q5711
Q47034,P150,Q195736
Q47034,P150,Q196007
Q47034,P150,Q195892
Q47034,P150,Q195884
Q47034,P150,Q195539
Q47034,P150,Q195749
Q47034,P150,Q196098
Q47034,P31,Q515
Q47034,P31,Q856076
Q47034,P31,Q1549591
Q47034,P47,Q748092
Q47034,P47,Q935858
Q47034,P47,Q597156
Q47034,P47,Q127623
Q47034,P47,Q1757
Q47034,P910,Q8422140
Q47034,P1464,Q8080294
Q47034,P1465,Q9218324
Q47034,P237,Q2120333
Q47034,P421,Q6723
Q47034,P421,Q6760
Q47034,P1792,Q7934097
Q47034,P6,Q6305504
Q47034,P361,Q3736054
Q47034,P194,Q11858804
Q47034,P37,Q1412
Q47034,P37,Q9027
Q47034,P2184,Q55512000
Q47034,P1830,Q1109809
Q47034,P7867,Q84069306
Q232150,P31,Q4167410
Q193162,P279,Q1668024
Q193162,P910,Q7217844
Q345802,P31,Q3062294
Q27824310,P31,Q101352
Q27824310,P1889,Q7916203
Q27824310,P282,Q8229
Q27824310,P407,Q1412
Q88291,P279,Q57821
Q88291,P910,Q9002045
Q88291,P1343,Q2657718
Q88291,P1889,Q27764356
Q88291,P1889,Q5122368
Q88291,P1889,Q2411766
Q88291,P527,Q2538929
Q345407,P31,Q4167410
Q719861,P279,Q131502
Q719861,P279,Q62019572
Q719861,P1343,Q602358
Q719861,P1343,Q3181656
Q182010,P910,Q8395572
Q182010,P641,Q41466
Q182010,P17,Q30
Q182010,P31,Q623109
Q182010,P4794,Q124
Q722617,P31,Q4167410
Q16784389,P31,Q4167410
Q16784389,P1889,Q37148113
Q1357204,P31,Q4498974
Q1357204,P910,Q8567843
Q1357204,P17,Q33
Q1357204,P115,Q33176
Q1357204,P641,Q41466
Q1357204,P118,Q456107
Q1357204,P118,Q190001
Q1357204,P634,Q155307
Q217390,P31,Q4167410
Q217390,P1889,Q717763
Q217390,P1889,Q37276728
Q217390,P460,Q12368155
Q26268,P17,Q34
Q26268,P131,Q177019
Q26268,P31,Q12813115
Q26268,P31,Q515
Q26268,P910,Q7486208
Q26268,P1464,Q8062031
Q26268,P1740,Q16779868
Q26268,P1792,Q18794442
Q26268,P1376,Q103686
Q26268,P1376,Q177019
Q26268,P421,Q6655
Q26268,P421,Q6723
Q26268,P1343,Q602358
Q26268,P7867,Q84020684
Q21512309,P31,Q101352
Q21512309,P1889,Q1957267
Q21512309,P282,Q8229
Q21512309,P407,Q1412
Q2211,P17,Q34
Q2211,P131,Q503361
Q2211,P131,Q186662
Q2211,P131,Q427991
Q2211,P910,Q7485079
Q2211,P31,Q12813115
Q2211,P31,Q1549591
Q2211,P1464,Q8062639
Q2211,P1465,Q9219002
Q2211,P1792,Q7881379
Q2211,P1376,Q103659
Q2211,P1376,Q503361
Q2211,P1376,Q533915
Q2211,P421,Q6655
Q2211,P421,Q6723
Q2211,P3096,Q26711009
Q2211,P793,Q4582269
Q2211,P7867,Q84091357
Q2211,P8744,Q100868442
Q21071764,P31,Q4167410
Q10566,P190,Q507709
Q10566,P190,Q157725
Q10566,P131,Q1989
Q10566,P17,Q16
Q10566,P910,Q8705105
Q10566,P31,Q515
Q10566,P31,Q1549591
Q10566,P31,Q3750285
Q10566,P1464,Q17142526
Q10566,P1465,Q17149642
Q10566,P1792,Q7926883
Q10566,P47,Q1915082
Q10566,P361,Q14210593
Q10566,P1830,Q1139421
Q10566,P1830,Q3944776
Q10566,P138,Q164158
Q10566,P6,Q28233193
Q10566,P421,Q2086913
Q10566,P7867,Q84135579
Q10566,P8744,Q5333769
Q1766893,P31,Q4167410
Q1766893,P1889,Q16883852
Q1766893,P1889,Q27678487
Q7696924,P31,Q215380
Q7696924,P495,Q145
Q7696924,P136,Q272167
Q7696924,P740,Q84
Q374202,P31,Q4167410
Q374202,P1889,Q16884761
Q1718,P190,Q2795
Q1718,P190,Q161491
Q1718,P190,Q41621
Q1718,P190,Q270
Q1718,P190,Q11725
Q1718,P190,Q649
Q1718,P190,Q2656
Q1718,P190,Q170616
Q1718,P17,Q183
Q1718,P30,Q5401
Q1718,P131,Q7926
Q1718,P131,Q1803134
Q1718,P6,Q86019
Q1718,P6,Q17198510
Q1718,P6,Q1336422
Q1718,P6,Q99603
Q1718,P6,Q1596475
Q1718,P6,Q1744941
Q1718,P6,Q1705093
Q1718,P6,Q1744941
Q1718,P6,Q98324
Q1718,P6,Q1799910
Q1718,P6,Q1468754
Q1718,P6,Q98324
Q1718,P6,Q1504455
Q1718,P6,Q2574111
Q1718,P6,Q1704665
Q1718,P6,Q75808
Q1718,P6,Q2545117
Q1718,P6,Q2572757
Q1718,P6,Q2561701
Q1718,P6,Q1341971
Q1718,P6,Q1038578
Q1718,P6,Q2716220
Q1718,P6,Q2039781
Q1718,P6,Q1372133
Q1718,P6,Q66628
Q1718,P6,Q347607
Q1718,P6,Q102327
Q1718,P6,Q1874487
Q1718,P6,Q1875126
Q1718,P6,Q2572378
Q1718,P6,Q1269070
Q1718,P6,Q2087198
Q1718,P6,Q1458003
Q1718,P6,Q1459800
Q1718,P6,Q1707652
Q1718,P6,Q1801374
Q1718,P6,Q1338290
Q1718,P47,Q2948
Q1718,P47,Q14878
Q1718,P47,Q3791
Q1718,P47,Q4094
Q1718,P47,Q6968
Q1718,P47,Q4048
Q1718,P47,Q2100
Q1718,P47,Q4105
Q1718,P47,Q6253
Q1718,P47,Q6257
Q1718,P31,Q42744322
Q1718,P31,Q14784328
Q1718,P31,Q1549591
Q1718,P31,Q22865
Q1718,P31,Q15253706
Q1718,P31,Q85635630
Q1718,P910,Q8395471
Q1718,P1376,Q1198
Q1718,P1376,Q7926
Q1718,P1376,Q22880
Q1718,P1376,Q151095
Q1718,P1376,Q1270638
Q1718,P1464,Q8053280
Q1718,P1465,Q9218286
Q1718,P1740,Q19363086
Q1718,P1792,Q7115060
Q1718,P206,Q584
Q1718,P206,Q701645
Q1718,P361,Q164903
Q1718,P706,Q212520
Q1718,P138,Q701645
Q1718,P610,Q2220451
Q1718,P150,Q551600
Q1718,P150,Q320896
Q1718,P150,Q322875
Q1718,P150,Q323607
Q1718,P150,Q323588
Q1718,P150,Q831039
Q1718,P150,Q323826
Q1718,P150,Q870865
Q1718,P150,Q323577
Q1718,P150,Q831067
Q1718,P2872,Q28106719
Q1718,P1151,Q14614580
Q1718,P485,Q28720001
Q1718,P463,Q627637
Q1718,P463,Q1768108
Q1718,P463,Q747279
Q1718,P463,Q52144567
Q1718,P463,Q153468
Q1718,P1791,Q7975774
Q1718,P1830,Q2138160
Q1718,P1830,Q58226
Q1718,P355,Q59161646
Q1718,P1313,Q63342999
Q1718,P7867,Q84023544
Q1718,P421,Q5412096
Q1718,P37,Q188
Q1718,P8402,Q96988774
Q1718,P1343,Q3181656
Q15873292,P31,Q12308941
Q15873292,P407,Q1412
Q15873292,P407,Q7411
Q15873292,P1889,Q15124301
Q15873292,P282,Q8229
Q15873292,P1533,Q30127831
Q15873292,P5323,Q21644845
Q15873292,P1343,Q151
Q242841,P31,Q4167410
Q242841,P1889,Q21396850
Q242841,P1889,Q13553579
Q242841,P460,Q358456
Q56537816,P31,Q101352
Q56537816,P1889,Q15792885
Q56537816,P282,Q8229
Q21491812,P31,Q101352
Q21491812,P1889,Q1877082
Q21491812,P282,Q8209
Q21491812,P407,Q7737
Q21491812,P407,Q8798
Q295088,P31,Q4167410
Q295088,P1889,Q16877887
Q295088,P910,Q61725026
Q1901405,P31,Q4167410
Q1901405,P1889,Q24698555
Q21482624,P31,Q101352
Q21482624,P1889,Q892012
Q21482624,P282,Q8229
Q237540,P31,Q4167410
Q4125649,P31,Q4167410
Q4125649,P1889,Q18002623
Q4125649,P1889,Q203052
Q4125649,P1889,Q4927850
Q4125649,P460,Q3897849
Q4125649,P460,Q15730170
Q20996233,P31,Q101352
Q20996233,P1889,Q1491303
Q20996233,P282,Q8229
Q2394042,P31,Q4167410
Q2394042,P31,Q101352
Q2394042,P1889,Q21450334
Q2394042,P282,Q8229
Q2394042,P5323,Q92953148
Q1538297,P31,Q4167410
Q1538297,P1889,Q16870249
Q1538297,P460,Q417217
Q7205278,P31,Q4167410
Q56243678,P31,Q101352
Q56243678,P1889,Q2308126
Q56243678,P282,Q8229
Q16520872,P31,Q101352
Q16520872,P407,Q9056
Q16520872,P407,Q9058
Q16520872,P1889,Q392855
Q16520872,P282,Q8229
Q16520872,P460,Q15208160
Q16520872,P5323,Q81945591
Q1664720,P279,Q13226383
Q1664720,P279,Q178706
Q1664720,P279,Q2385804
Q1664720,P279,Q45103187
Q1664720,P1343,Q2041543
Q1664720,P1424,Q11043238
Q1664720,P1889,Q178706
Q345199,P31,Q4167410
Q345199,P1889,Q666112
Q345199,P1889,Q16860251
Q345199,P1889,Q39314414
Q345199,P460,Q15789457
Q1303167,P279,Q10480682
Q1303167,P279,Q3044808
Q1303167,P910,Q8289979
Q1303167,P1343,Q2657718
Q1303167,P1343,Q602358
Q1303167,P366,Q9158768
Q1303167,P31,Q2581063
Q17989034,P31,Q4167410
Q649225,P31,Q101352
Q649225,P407,Q23526
Q649225,P407,Q9091
Q649225,P407,Q8798
Q649225,P407,Q8641
Q649225,P460,Q1714570
Q649225,P282,Q8209
Q7544100,P31,Q726
Q7544100,P21,Q44148
Q7544100,P40,Q5128464
Q7544100,P17,Q30
Q7544100,P22,Q61970819
Q7544100,P25,Q61970820
Q7544100,P4743,Q210826
Q7544100,P366,Q2442470
Q213814,P17,Q30
Q213814,P131,Q47894
Q213814,P31,Q15063611
Q213814,P910,Q8300356
Q213814,P1792,Q7907791
Q213814,P1464,Q8046335
Q213814,P1465,Q25969948
Q213814,P1376,Q47894
Q213814,P1830,Q6956095
Q213814,P1343,Q602358
Q908513,P641,Q847
Q908513,P641,Q718
Q908513,P279,Q1379672
Q908513,P279,Q12621536
Q908513,P361,Q66739595
Q908513,P361,Q841654
Q908513,P1889,Q3177935
Q908513,P1269,Q16510064
Q908513,P1269,Q841654
Q908513,P1542,Q18560095
Q908513,P1542,Q20861252
Q908513,P7167,Q1164849
Q1545259,P136,Q26906566
Q1545259,P50,Q6711
Q1545259,P31,Q7725634
Q1545259,P135,Q213457
Q1545259,P495,Q30
Q1545259,P407,Q1860
Q350259,P31,Q4167410
Q350259,P1889,Q20799128
Q350259,P1889,Q13552870
Q7916128,P31,Q4167410
Q16147765,P31,Q101352
Q16147765,P1889,Q402352
Q16147765,P282,Q8229
Q16147765,P407,Q1412
Q56537491,P31,Q101352
Q56537491,P1889,Q15786584
Q797878,P31,Q101352
Q797878,P282,Q8229
Q160131,P910,Q8286584
Q160131,P31,Q28640
Q160131,P425,Q720398
Q160131,P279,Q1294787
Q160131,P417,Q200895
Q160131,P2283,Q274393
Q160131,P2283,Q36539
Q160131,P2283,Q44432
Q160131,P1343,Q30059240
Q16274724,P31,Q147276
Q16274724,P527,Q24251029
Q16274724,P527,Q24251030
Q36995405,P31,Q101352
Q36995405,P1889,Q808828
Q36995405,P282,Q8229
Q1899949,P54,Q206381
Q1899949,P21,Q6581097
Q1899949,P31,Q5
Q1899949,P106,Q11774891
Q1899949,P735,Q13610143
Q1899949,P1344,Q9663
Q1899949,P27,Q30
Q1899949,P641,Q41466
Q1899949,P413,Q2827965
Q1899949,P647,Q206381
Q1899949,P19,Q529165
Q1899949,P423,Q10927630
Q1899949,P1532,Q30
Q1899949,P118,Q1215892
Q21508668,P31,Q101352
Q21508668,P1889,Q819617
Q21508668,P407,Q150
Q21508668,P282,Q8229
Q819940,P31,Q4167410
Q819940,P1889,Q33876264
Q16128920,P279,Q3314483
Q16128920,P1889,Q13184
Q16128920,P910,Q9168470
Q56245114,P31,Q101352
Q56245114,P1889,Q2899315
Q56245114,P282,Q8229
Q538847,P31,Q12308941
Q538847,P1533,Q896987
Q538847,P460,Q2923375
Q538847,P1889,Q225544
Q538847,P407,Q1860
Q538847,P407,Q7411
Q538847,P282,Q8229
Q538847,P5323,Q21644845
Q926725,P31,Q4167410
Q926725,P1889,Q16865785
Q402056,P31,Q4167410
Q402056,P1889,Q21491266
Q402056,P1889,Q38118403
Q21507590,P31,Q101352
Q21507590,P1889,Q1140934
Q21507590,P282,Q8229
Q1178925,P31,Q4167410
Q1178925,P1889,Q21508015
Q1178925,P1889,Q18180830
Q344009,P31,Q4167410
Q344009,P1889,Q5455667
Q344009,P1889,Q65679823
Q28922279,P31,Q101352
Q28922279,P1889,Q1435127
Q28922279,P460,Q21488931
Q28922279,P460,Q5577331
Q28922279,P282,Q8229
Q1815963,P17,Q145
Q1815963,P31,Q532
Q1815963,P131,Q189592
Q1815963,P421,Q6574
Q1815963,P7959,Q189592
Q411470,P31,Q22808320
Q411470,P1889,Q16870376
Q411470,P1889,Q256948
Q411470,P460,Q1567215
Q256239,P31,Q4167410
Q256239,P1889,Q2711174
Q256239,P1889,Q30146120
Q24354068,P31,Q101352
Q24354068,P1889,Q1557371
Q24354068,P460,Q14312974
Q24354068,P282,Q8229
Q24354068,P407,Q1321
Q24354068,P407,Q7411
Q24354068,P5323,Q81945591
Q296109,P31,Q4167410
Q296109,P1889,Q16276492
Q296109,P1889,Q16870619
Q1620328,P31,Q101352
Q1620328,P31,Q829026
Q1620328,P31,Q333021
Q1620328,P31,Q1714800
Q1620328,P1889,Q596331
Q1620328,P282,Q8229
Q1620328,P460,Q66723381
Q1620328,P460,Q21493054
Q1620328,P5323,Q81945591
Q1620328,P407,Q8641
Q1620328,P407,Q188
Q1638451,P31,Q4167410
Q1638451,P1889,Q21450771
Q26422418,P31,Q82799
Q26422418,P527,Q26422451
Q26422418,P527,Q26422448
Q388332,P31,Q101352
Q388332,P282,Q8229
Q388332,P460,Q27869195
Q48337126,P31,Q101352
Q48337126,P1889,Q11724151
Q48337126,P282,Q8229
Q48337126,P460,Q21507424
Q48337126,P407,Q9056
Q48337126,P5323,Q81945591
Q448836,P31,Q4167410
Q448836,P1889,Q18199995
Q448836,P1889,Q16871287
Q448836,P460,Q256023
Q448836,P460,Q3193719
Q448836,P460,Q345234
Q448836,P460,Q353725
Q448836,P460,Q729374
Q202717,P31,Q4167410
Q202717,P1889,Q16277865
Q202717,P1889,Q4042166
Q202717,P460,Q296443
Q202717,P460,Q424004
Q21508757,P31,Q101352
Q21508757,P1889,Q1648687
Q21508757,P282,Q8229
Q13425736,P31,Q101352
Q13425736,P407,Q9058
Q13425736,P1889,Q649475
Q13425736,P282,Q8229
Q13425736,P5323,Q81945591
Q6441681,P31,Q4167410
Q6441681,P1889,Q64705278
Q21507175,P31,Q101352
Q21507175,P1889,Q955891
Q21507175,P282,Q8229
Q21507175,P460,Q86529068
Q349480,P31,Q4167410
Q349480,P1889,Q13403801
Q349480,P1889,Q12794893
Q349480,P460,Q10702868
Q349480,P460,Q6400791
Q56539255,P31,Q101352
Q56539255,P1889,Q922311
Q56539255,P282,Q8229
Q21446342,P31,Q101352
Q21446342,P1889,Q287984
Q21446342,P282,Q8229
Q21491924,P31,Q101352
Q21491924,P1889,Q1887790
Q21491924,P282,Q8229
Q30198,P910,Q8609965
Q30198,P1889,Q15324
Q30198,P1889,Q62562206
Q30198,P1889,Q36449705
Q30198,P1889,Q12826781
Q30198,P1889,Q30312340
Q30198,P1889,Q17249182
Q30198,P1889,Q166735
Q30198,P1889,Q1681353
Q30198,P279,Q170321
Q30198,P1343,Q602358
Q30198,P1343,Q602358
Q30198,P1343,Q19180675
Q30198,P1343,Q1970746
Q30198,P2670,Q4090948
Q1057289,P106,Q170790
Q1057289,P106,Q188094
Q1057289,P31,Q5
Q1057289,P166,Q2329480
Q1057289,P166,Q185493
Q1057289,P166,Q478850
Q1057289,P166,Q695106
Q1057289,P166,Q51067
Q1057289,P27,Q34266
Q1057289,P27,Q15180
Q1057289,P512,Q17281072
Q1057289,P20,Q649
Q1057289,P463,Q2370801
Q1057289,P735,Q27452576
Q1057289,P1343,Q17378135
Q1057289,P19,Q4147288
Q1057289,P108,Q4504389
Q1057289,P108,Q13164
Q1057289,P119,Q208175
Q1057289,P185,Q318430
Q1057289,P21,Q6581097
Q16583334,P31,Q8436
Q16583334,P17,Q27
Q249933,P31,Q4167410
Q249933,P1889,Q19944233
Q249933,P1889,Q12798029
Q249933,P460,Q347966
Q281921,P31,Q4167410
Q281921,P1889,Q19809242
Q281921,P460,Q3229846
Q281921,P460,Q1810043
Q7179138,P31,Q101352
Q7179138,P1889,Q1708276
Q7179138,P407,Q9056
Q7179138,P407,Q9058
Q7179138,P282,Q8229
Q207853,P910,Q9245768
Q207853,P190,Q239943
Q207853,P17,Q142
Q207853,P131,Q1726869
Q207853,P131,Q3349
Q207853,P131,Q586597
Q207853,P31,Q484170
Q207853,P1464,Q9226634
Q207853,P1376,Q1726869
Q207853,P47,Q214616
Q207853,P47,Q1014018
Q207853,P421,Q6655
Q207853,P421,Q6723
Q207853,P1313,Q62389279
Q207853,P7938,Q17623037
Q207853,P166,Q3377466
Q207853,P1456,Q63196735
Q2125297,P31,Q4167410
Q2125297,P1889,Q37442509
Q7292561,P17,Q408
Q7292561,P131,Q3206
Q7292561,P131,Q603898
Q7292561,P31,Q3257686
Q23041455,P31,Q101352
Q23041455,P2354,Q20007751
Q23041455,P407,Q1860
Q23041455,P1889,Q2139902
Q23041455,P282,Q8229
Q56245750,P31,Q101352
Q56245750,P1889,Q1494586
Q56245750,P282,Q8229
Q397797,P31,Q4167410
Q397797,P1889,Q37495066
Q397797,P1889,Q90134221
Q397797,P1889,Q2393775
Q397797,P1889,Q14956569
Q16516818,P31,Q101352
Q16516818,P407,Q9056
Q16516818,P1889,Q1312966
Q16516818,P282,Q8229
Q16516818,P460,Q56886122
Q16516818,P460,Q15057857
Q16516818,P5323,Q81945591
Q2219079,P31,Q11455398
Q2219079,P31,Q101352
Q2219079,P282,Q8229
Q2219079,P460,Q21450098
Q2219079,P460,Q21492224
Q2219079,P1889,Q50309135
Q257184,P31,Q4167410
Q257184,P1889,Q16883776
Q257184,P1889,Q55496658
Q257184,P460,Q248709
Q273062,P361,Q6750281
Q273062,P1889,Q12030230
Q273062,P461,Q301897
Q273062,P279,Q15688633
Q231521,P31,Q4167410
Q231521,P1889,Q1797561
Q231521,P1889,Q27832383
Q231521,P1889,Q10374206
Q231521,P1889,Q51718517
Q231521,P460,Q419071
Q231521,P460,Q10374188
Q225624,P31,Q4167410
Q225624,P1889,Q2364643
Q233595,P31,Q4167410
Q233595,P1889,Q25392907
Q233595,P1889,Q13418278
Q242770,P31,Q4167410
Q242770,P1889,Q21512001
Q23698531,P31,Q17343829
Q23698531,P17,Q30
Q348542,P31,Q4167410
Q348542,P1889,Q19873527
Q348542,P1889,Q16931192
Q12344159,P31,Q12308941
Q12344159,P407,Q1860
Q12344159,P407,Q7411
Q12344159,P460,Q18190448
Q12344159,P460,Q11027623
Q12344159,P460,Q18245781
Q12344159,P460,Q15729029
Q12344159,P460,Q1553978
Q12344159,P460,Q15282375
Q12344159,P460,Q18402511
Q12344159,P460,Q1310869
Q12344159,P460,Q15630581
Q12344159,P460,Q2625084
Q12344159,P460,Q21170036
Q12344159,P460,Q21193134
Q12344159,P460,Q21061069
Q12344159,P460,Q2526270
Q12344159,P460,Q15282597
Q12344159,P460,Q1553386
Q12344159,P460,Q19874199
Q12344159,P460,Q20819614
Q12344159,P460,Q21899341
Q12344159,P460,Q28048558
Q12344159,P460,Q30128366
Q12344159,P460,Q5479520
Q12344159,P460,Q29026812
Q12344159,P460,Q12805716
Q12344159,P460,Q175279
Q12344159,P460,Q63226452
Q12344159,P460,Q14371234
Q12344159,P460,Q50841956
Q12344159,P460,Q83810703
Q12344159,P1750,Q2588
Q12344159,P1750,Q2506
Q12344159,P1889,Q2419320
Q12344159,P282,Q8229
Q12344159,P1533,Q26883087
Q12344159,P5323,Q21644845
Q12344159,P5323,Q21142040
Q409864,P31,Q4167410
Q409864,P1889,Q37563902
Q227746,P31,Q4167410
Q1210638,P31,Q4167410
Q2304909,P31,Q3399646
Q2304909,P279,Q31861287
Q2304909,P641,Q41466
Q2304909,P910,Q8530685
Q2522563,P31,Q61788060
Q2522563,P3095,Q78587245
Q2522563,P279,Q273088
Q83301,P361,Q2857578
Q83301,P2959,Q22828362
Q83301,P279,Q1322005
Q83301,P279,Q6980787
Q83301,P828,Q33741
Q83301,P1889,Q31757745
Q83301,P1889,Q7852962
Q83301,P5008,Q5460604
Q1532241,P31,Q4167410
Q1532241,P1889,Q27887594
Q1532241,P460,Q3817145
Q1532241,P460,Q414198
Q1532241,P460,Q1141006
Q1532241,P460,Q1789732
Q1532241,P460,Q2765479
Q1744377,P31,Q4167410
Q1744377,P1889,Q21448158
Q7916839,P31,Q101352
Q7916839,P282,Q8229
Q7916839,P1889,Q48548149
Q7916839,P407,Q188
Q209636,P31,Q4498974
Q209636,P118,Q1215892
Q209636,P641,Q41466
Q209636,P910,Q6399571
Q209636,P17,Q30
Q209636,P286,Q1687588
Q209636,P115,Q639975
Q209636,P115,Q2703852
Q209636,P1424,Q13564379
Q209636,P361,Q728811
Q209636,P1830,Q639975
Q209636,P1830,Q2703852
Q209636,P6112,Q4422071
Q209636,P166,Q250246
Q209636,P166,Q250246
Q209636,P166,Q1133502
Q209636,P166,Q1133502
Q209636,P166,Q922116
Q209636,P166,Q922116
Q209636,P166,Q922116
Q209636,P166,Q922116
Q209636,P166,Q922116
Q209636,P166,Q922116
Q209636,P166,Q922116
Q27429891,P31,Q101352
Q27429891,P1889,Q910664
Q27429891,P282,Q8229
Q27429891,P460,Q37296800
Q5128461,P31,Q4167410
Q154242,P910,Q7216539
Q154242,P31,Q151885
Q154242,P461,Q2165236
Q154242,P461,Q35120
Q154242,P279,Q19829125
Q154242,P1889,Q40984492
Q154242,P361,Q77468620
Q154242,P1343,Q2041543
Q154242,P1269,Q468777
Q19284238,P31,Q4167410
Q21492342,P31,Q101352
Q21492342,P1889,Q913971
Q21492342,P282,Q8229
Q21492342,P407,Q1860
Q1200068,P279,Q56061
Q346510,P31,Q4167410
Q892312,P31,Q4167410
Q18145837,P460,Q364977
Q18145837,P460,Q365625
Q18145837,P460,Q18526132
Q18145837,P460,Q365967
Q18145837,P460,Q21286045
Q18145837,P460,Q300777
Q18145837,P31,Q12308941
Q18145837,P1533,Q360542
Q18145837,P1750,Q2668
Q18145837,P1889,Q1294986
Q18145837,P1889,Q360542
Q18145837,P1560,Q505008
Q18145837,P1560,Q18437717
Q18145837,P407,Q9063
Q18145837,P407,Q809
Q18145837,P407,Q7411
Q18145837,P407,Q188
Q18145837,P282,Q8229
Q18145837,P5323,Q21644845
Q18145837,P5323,Q21142040
Q18145837,P1343,Q2041543
Q25287,P131,Q52502
Q25287,P131,Q511270
Q25287,P131,Q499380
Q25287,P131,Q125222
Q25287,P131,Q209523
Q25287,P131,Q213551
Q25287,P17,Q34
Q25287,P31,Q12813115
Q25287,P31,Q1549591
Q25287,P910,Q7240112
Q25287,P1464,Q9225012
Q25287,P1465,Q6407936
Q25287,P1740,Q16520882
Q25287,P1792,Q8051639
Q25287,P1376,Q52502
Q25287,P1376,Q103093
Q25287,P1376,Q579801
Q25287,P1343,Q2657718
Q25287,P1343,Q602358
Q25287,P1343,Q19180675
Q25287,P1343,Q4114391
Q25287,P1343,Q20078554
Q25287,P3096,Q26711015
Q25287,P421,Q207020
Q25287,P421,Q6655
Q25287,P421,Q6723
Q25287,P361,Q213551
Q25287,P7867,Q84081676
Q25287,P8744,Q100868232
Q1131737,P31,Q9332
Q1131737,P1343,Q2657718
Q1131737,P361,Q77468620
Q2127,P17,Q16
Q2127,P421,Q5762
Q2127,P421,Q6513
Q2127,P131,Q2006290
Q2127,P910,Q8356937
Q2127,P31,Q515
Q2127,P31,Q21507383
Q2127,P31,Q3788231
Q2127,P138,Q161159
Q2127,P1464,Q8730240
Q2127,P1465,Q18881553
Q2127,P1376,Q1979
Q2127,P1792,Q42672443
Q2127,P361,Q1979
Q2127,P206,Q3433700
Q2127,P112,Q7411720
Q2127,P1343,Q602358
Q2127,P1343,Q3181656
Q2127,P190,Q725311
Q2127,P163,Q85845933
Q2376565,P31,Q4167410
Q2376565,P1889,Q37018461
Q2003,P1151,Q10992090
Q2003,P17,Q16
Q2003,P47,Q176
Q2003,P47,Q2023
Q2003,P47,Q2007
Q2003,P36,Q2082
Q2003,P194,Q15150636
Q2003,P163,Q636719
Q2003,P131,Q16
Q2003,P421,Q2420151
Q2003,P910,Q6581525
Q2003,P31,Q11828004
Q2003,P31,Q3750285
Q2003,P6,Q7816723
Q2003,P6,Q17004109
Q2003,P6,Q98098468
Q2003,P1464,Q8081647
Q2003,P1465,Q8365585
Q2003,P1740,Q8458169
Q2003,P1792,Q7116494
Q2003,P1313,Q7240356
Q2003,P208,Q5419822
Q2003,P1343,Q302556
Q2003,P1365,Q38610
Q2003,P1456,Q742416
Q2003,P1456,Q3250828
Q2003,P2633,Q5535206
Q2003,P37,Q1860
Q2003,P610,Q3321804
Q2003,P1589,Q788
Q2003,P35,Q9682
Q2003,P1906,Q14931511
Q2003,P5125,Q37483487
Q2003,P237,Q581070
Q2003,P1791,Q8328703
Q2003,P832,Q3400710
Q2003,P832,Q5281906
Q2003,P832,Q212829
Q2003,P832,Q181817
Q2003,P832,Q5433098
Q2003,P832,Q2916311
Q2003,P2936,Q28070
Q2003,P2936,Q27990
Q2003,P1299,Q71990338
Q2003,P2184,Q3136824
Q2003,P30,Q49
Q2003,P206,Q97
Q2003,P206,Q184189
Q2003,P206,Q169523
Q2003,P38,Q1104069
Q2003,P122,Q3043547
Q2003,P7867,Q83981580
Q2003,P8744,Q101584259
Q406087,P31,Q4167410
Q406087,P1889,Q37503957
Q5479777,P31,Q4167410
Q5479777,P1889,Q12789275
Q374,P279,Q56139
Q374,P910,Q7151801
Q374,P1343,Q867541
Q374,P527,Q153
Q374,P527,Q7892
Q374,P495,Q159
Q374,P495,Q36
Q810196,P190,Q181269
Q810196,P17,Q145
Q810196,P421,Q6574
Q810196,P131,Q810185
Q810196,P31,Q3957
Q810196,P31,Q1549591
Q810196,P910,Q8291380
Q810196,P1464,Q8047845
Q810196,P47,Q161491
Q810196,P1465,Q29624024
Q810196,P1792,Q32405268
Q810196,P1376,Q810185
Q810196,P1343,Q602358
Q810196,P1343,Q602358
Q810196,P7959,Q67531563
Q862891,P17,Q145
Q862891,P31,Q3957
Q862891,P31,Q1115575
Q862891,P421,Q6574
Q862891,P131,Q894094
Q862891,P1792,Q13282452
Q862891,P7959,Q67300436
Q862891,P910,Q47932145
Q783210,P17,Q145
Q783210,P131,Q896725
Q783210,P31,Q3957
Q783210,P31,Q1115575
Q783210,P910,Q8309266
Q783210,P421,Q6574
Q783210,P460,Q24666030
Q783210,P1792,Q8728690
Q783210,P1376,Q896725
Q783210,P7959,Q67284726
Q1636805,P17,Q145
Q1636805,P910,Q8527514
Q1636805,P31,Q769603
Q1636805,P31,Q180673
Q1636805,P31,Q19953632
Q1636805,P131,Q48063
Q1636805,P131,Q21
Q1636805,P1366,Q175945
Q1636805,P1366,Q1342914
Q1636805,P1366,Q128147
Q1636805,P1366,Q23088
Q1636805,P7867,Q84020571
Q15043437,P17,Q145
Q15043437,P31,Q1496967
Q15043437,P138,Q7526040
Q15043437,P276,Q23436
Q15043437,P131,Q2379199
Q15043437,P7959,Q67317221
Q41262,P131,Q21885994
Q41262,P17,Q145
Q41262,P190,Q1040
Q41262,P190,Q83404
Q41262,P190,Q437
Q41262,P190,Q1296
Q41262,P190,Q2280
Q41262,P190,Q3921
Q41262,P190,Q42780
Q41262,P194,Q7063612
Q41262,P31,Q515
Q41262,P31,Q1357964
Q41262,P31,Q1549591
Q41262,P910,Q8797883
Q41262,P1464,Q8066070
Q41262,P1465,Q9688890
Q41262,P1740,Q10219312
Q41262,P1792,Q7115105
Q41262,P47,Q694780
Q41262,P37,Q1860
Q41262,P166,Q3467764
Q41262,P421,Q30192
Q41262,P1343,Q602358
Q41262,P1343,Q19190511
Q41262,P7867,Q84029761
Q41262,P7959,Q67535681
Q1339305,P1464,Q8070438
Q1339305,P17,Q145
Q1339305,P131,Q215038
Q1339305,P31,Q3957
Q1339305,P31,Q2755753
Q1339305,P910,Q18698777
Q1339305,P1792,Q8747579
Q1339305,P1465,Q86308601
Q1339305,P7959,Q67442940
Q211907,P17,Q145
Q211907,P131,Q21163036
Q211907,P910,Q8752200
Q211907,P31,Q3957
Q211907,P31,Q1549591
Q211907,P190,Q1773
Q211907,P190,Q193370
Q211907,P1464,Q8073133
Q211907,P1465,Q9220006
Q211907,P1792,Q7927906
Q211907,P47,Q2259685
Q211907,P47,Q285778
Q211907,P421,Q6574
Q211907,P1376,Q21163036
Q211907,P7867,Q84045280
Q211907,P7959,Q67285329
Q42262,P31,Q245065
Q42262,P31,Q17505024
Q42262,P31,Q484652
Q42262,P112,Q31
Q42262,P112,Q35
Q42262,P112,Q142
Q42262,P112,Q183
Q42262,P112,Q38
Q42262,P112,Q55
Q42262,P112,Q29
Q42262,P112,Q34
Q42262,P112,Q145
Q42262,P112,Q39
Q42262,P910,Q7164708
Q42262,P159,Q90
Q42262,P159,Q455464
Q42262,P159,Q2973
Q42262,P159,Q365
Q42262,P159,Q190963
Q42262,P159,Q973325
Q42262,P159,Q308987
Q42262,P37,Q1860
Q42262,P37,Q150
Q42262,P37,Q188
Q42262,P17,Q142
Q42262,P155,Q697744
Q42262,P1830,Q911698
Q42262,P1830,Q1368518
Q42262,P1830,Q2889659
Q42262,P1830,Q3497409
Q42262,P1830,Q4302461
Q42262,P1830,Q4349991
Q42262,P1830,Q6741341
Q42262,P1830,Q18167242
Q42262,P1830,Q18354889
Q42262,P1830,Q36161924
Q42262,P2388,Q5280526
Q42262,P463,Q3153043
Q42262,P1343,Q73357989
Q42262,P101,Q180046
Q42262,P101,Q5916
Q1364175,P461,Q1333285
Q1364175,P31,Q849132
Q1364175,P641,Q847
Q669350,P31,Q3957
Q669350,P31,Q685309
Q669350,P31,Q70208
Q669350,P17,Q39
Q669350,P131,Q69729
Q669350,P131,Q12746
Q669350,P47,Q69625
Q669350,P47,Q67068
Q669350,P47,Q69780
Q669350,P47,Q69188
Q669350,P47,Q66684
Q669350,P47,Q65620
Q669350,P47,Q66707
Q669350,P47,Q66824
Q669350,P47,Q67100
Q669350,P47,Q69752
Q669350,P47,Q688539
Q669350,P421,Q6655
Q669350,P421,Q6723
Q669350,P37,Q1366643
Q669350,P910,Q23898436
Q669350,P1464,Q23898437
Q669350,P1366,Q69729
Q669350,P1343,Q642074
Q296358,P31,Q4167410
Q296358,P1889,Q26161793
Q296358,P460,Q2047877
Q296358,P460,Q26161782
Q296358,P460,Q26161841
Q296358,P460,Q26161796
Q296358,P460,Q26161799
Q296358,P460,Q200958
Q296358,P460,Q226429
Q30250545,P31,Q101352
Q30250545,P282,Q8229
Q30250545,P1889,Q1652611
Q30250545,P460,Q48039946
Q21452696,P31,Q101352
Q21452696,P1889,Q2176280
Q21452696,P282,Q8229
Q21452696,P460,Q36890455
Q453587,P31,Q4167410
Q37285338,P31,Q101352
Q37285338,P1889,Q1894054
Q37285338,P282,Q8229
Q37285338,P5323,Q92953148
Q12370008,P31,Q12308941
Q12370008,P460,Q16278672
Q12370008,P460,Q17485349
Q12370008,P460,Q96099739
Q12370008,P1750,Q2355
Q12370008,P1750,Q2355
Q12370008,P1889,Q1210909
Q12370008,P407,Q9027
Q12370008,P407,Q7411
Q12370008,P407,Q9043
Q12370008,P282,Q8229
Q12370008,P5323,Q21644845
Q207919,P31,Q4167410
Q207919,P1889,Q19810518
Q207919,P1889,Q27490461
Q207919,P1889,Q686223
Q207919,P1889,Q2233716
Q207919,P1889,Q15283218
Q207919,P1889,Q17008106
Q207919,P1889,Q3447118
Q207919,P1889,Q10910874
Q207919,P1889,Q11983876
Q207919,P1889,Q13588410
Q207919,P1889,Q770891
Q207919,P1889,Q19012407
Q207919,P460,Q254459
Q207919,P460,Q20531965
Q27891080,P31,Q101352
Q27891080,P282,Q8229
Q27891080,P407,Q1412
Q15897756,P31,Q12308941
Q15897756,P460,Q2793400
Q15897756,P460,Q18640818
Q15897756,P460,Q18640816
Q15897756,P460,Q13567058
Q15897756,P460,Q18640815
Q15897756,P460,Q18219701
Q15897756,P460,Q3903143
Q15897756,P460,Q11722269
Q15897756,P460,Q7178449
Q15897756,P460,Q15897204
Q15897756,P460,Q15897325
Q15897756,P460,Q15897340
Q15897756,P460,Q15897419
Q15897756,P460,Q15897583
Q15897756,P460,Q15897708
Q15897756,P460,Q15897788
Q15897756,P460,Q15897795
Q15897756,P460,Q15897830
Q15897756,P460,Q15898089
Q15897756,P460,Q2067188
Q15897756,P460,Q2093070
Q15897756,P460,Q1237447
Q15897756,P460,Q1439952
Q15897756,P460,Q10622039
Q15897756,P460,Q12798587
Q15897756,P460,Q13582800
Q15897756,P460,Q16761621
Q15897756,P460,Q10625184
Q15897756,P460,Q15897269
Q15897756,P460,Q15897150
Q15897756,P460,Q18606368
Q15897756,P460,Q19018108
Q15897756,P460,Q19816276
Q15897756,P460,Q23657234
Q15897756,P460,Q20155793
Q15897756,P460,Q16518649
Q15897756,P460,Q1646961
Q15897756,P282,Q8229
Q15897756,P407,Q1412
Q552345,P910,Q7453282
Q552345,P279,Q80071
Q552345,P279,Q7225129
Q552345,P1343,Q2041543
Q552345,P1382,Q56396415
Q552345,P1269,Q7225129
Q6327877,P31,Q4167410
Q410370,P31,Q4167410
Q410370,P1889,Q21453128
Q401522,P31,Q4167410
Q440395,P21,Q6581097
Q440395,P54,Q194116
Q440395,P54,Q1508876
Q440395,P31,Q5
Q440395,P27,Q16
Q440395,P106,Q11774891
Q440395,P19,Q1138837
Q440395,P735,Q18336566
Q440395,P1344,Q9664
Q440395,P1344,Q9668
Q440395,P166,Q211872
Q440395,P166,Q795029
Q440395,P166,Q176834
Q440395,P166,Q785207
Q440395,P166,Q1572029
Q440395,P166,Q60560976
Q440395,P166,Q1330014
Q440395,P166,Q1136687
Q440395,P641,Q41466
Q440395,P413,Q2583758
Q440395,P647,Q194116
Q440395,P1532,Q16
Q440395,P423,Q10927630
Q440395,P118,Q1215892
Q440395,P734,Q68518717
Q21509024,P31,Q101352
Q21509024,P1889,Q1257539
Q21509024,P282,Q8229
Q21509024,P460,Q21507264
Q21509024,P460,Q30652088
Q21509024,P460,Q97770867
Q7271585,P279,Q340169
Q7271585,P1269,Q9135
Q2000152,P31,Q4167410
Q2000152,P1889,Q16880515
Q2000152,P1889,Q65640454
Q817889,P31,Q4167410
Q817889,P1889,Q16479514
Q256761,P31,Q4167410
Q256761,P1889,Q21286004
Q256761,P1889,Q10281657
Q256761,P460,Q233261
Q256761,P460,Q229588
Q256761,P460,Q299358
Q256761,P460,Q1292939
Q16218076,P31,Q4167410
Q16218076,P1889,Q33120323
Q341613,P31,Q4167410
Q341613,P1889,Q16870000
Q452504,P31,Q4167410
Q452504,P1343,Q2041543
Q10535381,P31,Q215380
Q10535381,P495,Q30
Q10535381,P264,Q4439915
Q5329,P31,Q17342348
Q5329,P31,Q3268848
Q5329,P111,Q11349892
Q5329,P2959,Q27149145
Q5329,P138,Q34286
Q1385546,P31,Q4167410
Q1226958,P31,Q4167410
Q1226958,P1889,Q21647295
Q1226958,P1889,Q16275531
Q104444,P910,Q8248779
Q104444,P31,Q41710
Q104444,P279,Q165580
Q104444,P112,Q124060
Q104444,P1889,Q205006
Q220652,P1080,Q18043309
Q220652,P910,Q16267176
Q220652,P31,Q2590445
Q220652,P31,Q98142368
Q220652,P1441,Q54800569
Q220652,P1441,Q4670734
Q220652,P1441,Q5440721
Q220652,P1441,Q54800846
Q220652,P1441,Q54800851
Q220652,P1441,Q54800914
Q220652,P1441,Q54802774
Q220652,P1441,Q54802809
Q220652,P1441,Q54802814
Q220652,P1441,Q54802875
Q220652,P1441,Q54802876
Q220652,P1441,Q7733475
Q220652,P1441,Q54803185
Q220652,P1441,Q54806954
Q220652,P1441,Q54806957
Q220652,P1441,Q54806993
Q220652,P1441,Q54807159
Q220652,P1441,Q54807227
Q220652,P1441,Q54807233
Q220652,P1441,Q54807255
Q220652,P1441,Q54807333
Q220652,P1441,Q5247358
Q220652,P1441,Q54807367
Q220652,P1441,Q54807399
Q220652,P1441,Q54807402
Q220652,P1441,Q7773920
Q220652,P1441,Q58237941
Q220652,P1441,Q47461576
Q220652,P1441,Q63892457
Q220652,P1441,Q63892459
Q220652,P1441,Q63892460
Q220652,P1441,Q96358181
Q220652,P1441,Q96868272
Q220652,P1441,Q96868304
Q220652,P1343,Q64223531
Q220652,P1165,Q66370715
Q220652,P138,Q235799
Q220652,P279,Q22074477
Q220652,P8345,Q1092
Q220652,P2283,Q834826
Q17447642,P31,Q4167410
Q49255,P1464,Q8074843
Q49255,P190,Q42810
Q49255,P190,Q13678
Q49255,P190,Q205648
Q49255,P190,Q173270
Q49255,P190,Q62823
Q49255,P190,Q14317
Q49255,P190,Q35997
Q49255,P190,Q44210
Q49255,P190,Q171639
Q49255,P31,Q1093829
Q49255,P31,Q1549591
Q49255,P17,Q30
Q49255,P131,Q488874
Q49255,P163,Q4784194
Q49255,P910,Q8829582
Q49255,P1465,Q9220106
Q49255,P1792,Q7118875
Q49255,P421,Q5390
Q49255,P1376,Q488874
Q49255,P1830,Q3537205
Q49255,P7867,Q84078007
Q49255,P1343,Q4532138
Q224022,P31,Q4167410
Q224022,P1889,Q2081336
Q224022,P1889,Q13561066
Q224022,P1889,Q21285994
Q224022,P1889,Q1335575
Q224022,P1889,Q60636673
Q224022,P1889,Q596685
Q224022,P460,Q3053021
Q1738822,P31,Q4167410
Q1738822,P1889,Q6389582
Q1738822,P1889,Q120401
Q7690592,P31,Q40056
Q7690592,P31,Q1079196
Q7690592,P361,Q307306
Q15722855,P31,Q4167410
Q15722855,P1889,Q1624466
Q820106,P460,Q820100
Q820106,P460,Q15787781
Q820106,P31,Q101352
Q820106,P407,Q9027
Q820106,P282,Q8229
Q15730712,P31,Q12308941
Q15730712,P460,Q471788
Q15730712,P460,Q16277477
Q15730712,P460,Q17497882
Q15730712,P460,Q17498051
Q15730712,P460,Q17501872
Q15730712,P460,Q16429820
Q15730712,P460,Q2190619
Q15730712,P460,Q15720844
Q15730712,P460,Q2034696
Q15730712,P460,Q2188110
Q15730712,P460,Q18608492
Q15730712,P460,Q20087767
Q15730712,P460,Q18536611
Q15730712,P460,Q10954134
Q15730712,P460,Q16280443
Q15730712,P460,Q17497895
Q15730712,P460,Q17497910
Q15730712,P460,Q18022871
Q15730712,P460,Q18062828
Q15730712,P460,Q18062838
Q15730712,P460,Q20819047
Q15730712,P460,Q19688659
Q15730712,P460,Q20054151
Q15730712,P460,Q12792774
Q15730712,P460,Q1713718
Q15730712,P460,Q11866931
Q15730712,P460,Q12793010
Q15730712,P460,Q19501250
Q15730712,P460,Q19801116
Q15730712,P460,Q21286126
Q15730712,P460,Q25918063
Q15730712,P460,Q1713716
Q15730712,P460,Q29043257
Q15730712,P460,Q29043256
Q15730712,P460,Q29051199
Q15730712,P460,Q30467509
Q15730712,P460,Q79605951
Q15730712,P1750,Q2424
Q15730712,P1750,Q2424
Q15730712,P1560,Q617272
Q15730712,P1889,Q4205987
Q15730712,P282,Q8229
Q15730712,P1533,Q37252757
Q15730712,P407,Q7411
Q15730712,P407,Q9056
Q15730712,P5323,Q21644845
Q15730712,P361,Q5481537
Q15730712,P361,Q19688423
Q15730712,P361,Q99406503
Q15730712,P1343,Q2041543
Q1054021,P910,Q8497933
Q1054021,P279,Q7551318
Q1054021,P1343,Q2041543
Q894997,P31,Q4167410
Q894997,P1889,Q21508566
Q5211091,P31,Q215380
Q5211091,P136,Q235858
Q5211091,P1889,Q16545806
Q5211091,P495,Q145
Q4376240,P31,Q4167410
Q4376240,P1889,Q28337719
Q4376240,P1889,Q59771965
Q4376240,P1889,Q2447864
Q4376240,P910,Q61703207
Q1177655,P31,Q4167410
Q1177655,P1889,Q18607973
Q1177655,P1889,Q37131957
Q1177655,P1889,Q54603424
Q1177655,P460,Q411123
Q63694810,P31,Q82799
Q63694810,P407,Q20923490
Q63694810,P282,Q8229
Q63694810,P527,Q2134042
Q63694810,P527,Q2127728
Q63694810,P1889,Q2134133
Q437052,P31,Q4167410
Q437052,P1889,Q37108896
Q437052,P1889,Q1251217
Q249598,P31,Q4167410
Q240024,P31,Q4167410
Q578326,P31,Q3918
Q578326,P31,Q2085381
Q578326,P31,Q45400320
Q578326,P131,Q134620
Q578326,P17,Q33
Q578326,P910,Q9966310
Q578326,P463,Q19861084
Q578326,P463,Q868940
Q578326,P1075,Q11870712
Q578326,P1075,Q16986282
Q578326,P1075,Q11850179
Q578326,P1075,Q11852249
Q578326,P1075,Q16990765
Q578326,P1075,Q16298740
Q578326,P1075,Q17382350
Q578326,P1075,Q16990765
Q578326,P1075,Q9384362
Q578326,P1075,Q5388452
Q578326,P1075,Q17382710
Q578326,P355,Q11860196
Q578326,P3876,Q30846113
Q578326,P4195,Q8975608
Q578326,P1435,Q38896738
Q578326,P1365,Q18690571
Q777381,P31,Q4167410
Q4927524,P1533,Q1926724
Q4927524,P31,Q12308941
Q4927524,P460,Q15620350
Q4927524,P460,Q15621024
Q4927524,P460,Q1277327
Q4927524,P460,Q15620173
Q4927524,P460,Q1624251
Q4927524,P460,Q15620843
Q4927524,P460,Q1371520
Q4927524,P460,Q18057651
Q4927524,P460,Q18066465
Q4927524,P460,Q18620536
Q4927524,P460,Q19968168
Q4927524,P460,Q14626626
Q4927524,P460,Q6835978
Q4927524,P460,Q19968177
Q4927524,P460,Q15620295
Q4927524,P460,Q15620341
Q4927524,P460,Q21408170
Q4927524,P460,Q21572622
Q4927524,P460,Q22809771
Q4927524,P460,Q6845358
Q4927524,P460,Q1933706
Q4927524,P460,Q17560622
Q4927524,P460,Q18563993
Q4927524,P460,Q13137127
Q4927524,P460,Q19810348
Q4927524,P460,Q1459707
Q4927524,P460,Q32731373
Q4927524,P460,Q32731207
Q4927524,P460,Q34368640
Q4927524,P460,Q20088020
Q4927524,P460,Q29473151
Q4927524,P460,Q55220559
Q4927524,P460,Q55220579
Q4927524,P460,Q1930213
Q4927524,P460,Q15621289
Q4927524,P460,Q97497066
Q4927524,P460,Q18697349
Q4927524,P1750,Q2882
Q4927524,P1750,Q3023
Q4927524,P1889,Q951229
Q4927524,P1889,Q1957761
Q4927524,P1889,Q27654038
Q4927524,P407,Q1860
Q4927524,P407,Q7411
Q4927524,P407,Q188
Q4927524,P407,Q9035
Q4927524,P282,Q8229
Q4927524,P5323,Q21644845
Q4927524,P361,Q23043246
Q25977557,P31,Q101352
Q25977557,P282,Q8229
Q25977557,P1889,Q1737739
Q25977557,P361,Q76438378
Q3073438,P31,Q9397629
Q3073438,P136,Q9397629
Q3073438,P495,Q30
Q3073438,P407,Q1860
Q3073438,P921,Q4389750
Q8689,P31,Q63116
Q8689,P1269,Q427923
Q184825,P105,Q7432
Q184825,P141,Q719675
Q184825,P171,Q115661
Q184825,P31,Q16521
Q184825,P1343,Q16387823
Q184825,P910,Q55273659
Q184825,P5841,Q56660253
Q184825,P1889,Q754043
Q253948,P31,Q4167410
Q253948,P1889,Q16276681
Q253948,P1889,Q28125535
Q297400,P31,Q4167410
Q902300,P54,Q208652
Q902300,P21,Q6581097
Q902300,P31,Q5
Q902300,P106,Q11774891
Q902300,P27,Q33
Q902300,P735,Q1683507
Q902300,P641,Q41466
Q902300,P413,Q2827965
Q902300,P19,Q40840
Q902300,P423,Q10927630
Q902300,P647,Q902512
Q902300,P1532,Q33
Q902300,P118,Q1215892
Q6159460,P17,Q36
Q6159460,P131,Q555560
Q6159460,P31,Q3558970
Q6159460,P421,Q6655
Q6159460,P421,Q6723
Q3682933,P31,Q4167410
Q645355,P31,Q4167410
Q645355,P1889,Q21504639
Q1931313,P31,Q12308941
Q1931313,P1889,Q1030773
Q1931313,P282,Q8229
Q1931313,P1533,Q37532706
Q1931313,P407,Q7411
Q1931313,P5323,Q21644845
Q55612993,P31,Q101352
Q55612993,P1889,Q1226294
Q55612993,P282,Q8229
Q969100,P31,Q4167410
Q969100,P1889,Q18786238
Q199797,P190,Q959
Q199797,P190,Q219583
Q199797,P190,Q190005
Q199797,P190,Q68481
Q199797,P190,Q62266
Q199797,P190,Q243012
Q199797,P190,Q888954
Q199797,P190,Q841026
Q199797,P190,Q1473
Q199797,P190,Q370456
Q199797,P190,Q188806
Q199797,P190,Q42074
Q199797,P190,Q245023
Q199797,P31,Q1093829
Q199797,P31,Q1549591
Q199797,P17,Q30
Q199797,P131,Q156459
Q199797,P910,Q6434210
Q199797,P1464,Q8074704
Q199797,P1465,Q17126356
Q199797,P47,Q1011748
Q199797,P47,Q1510211
Q199797,P1792,Q6431057
Q199797,P421,Q847142
Q199797,P421,Q2204
Q199797,P421,Q2212
Q199797,P1376,Q156459
Q199797,P1830,Q1570942
Q199797,P1343,Q4532138
Q263668,P910,Q6980641
Q263668,P31,Q182545
Q263668,P279,Q998840
Q263668,P460,Q1637961
Q263668,P366,Q35874
Q3381663,P279,Q212108
Q3381663,P279,Q187931
Q231524,P31,Q4167410
Q320769,P279,Q1914636
Q225476,P31,Q4167410
Q225476,P1889,Q9361713
Q225476,P1889,Q16879969
Q1178984,P910,Q18698848
Q1178984,P461,Q2526135
Q1178984,P279,Q3505845
Q1178984,P279,Q104493
Q897511,P910,Q9649598
Q897511,P3095,Q1647775
Q897511,P279,Q1430062
Q230413,P31,Q4167410
Q230413,P1889,Q1980586
Q421065,P31,Q4167410
Q421065,P1889,Q56243842
Q224820,P31,Q4167410
Q2754968,P31,Q4167410
Q10813394,P31,Q4167410
Q10813394,P1889,Q16871598
Q10813394,P1889,Q27319039
Q10813394,P1889,Q26000396
Q10813394,P1889,Q18596519
Q10813394,P1889,Q83500812
Q172729,P31,Q4167410
Q172729,P1889,Q16916691
Q172729,P910,Q99429949
Q214700,P910,Q6813479
Q214700,P1001,Q30
Q214700,P159,Q755741
Q214700,P488,Q464166
Q214700,P31,Q20857065
Q214700,P17,Q30
Q214700,P749,Q503577
Q214700,P2388,Q7883159
Q214700,P355,Q1066823
Q214700,P355,Q1967252
Q214700,P355,Q30281463
Q214700,P355,Q261788
Q214700,P355,Q20895097
Q214700,P355,Q7122548
Q214700,P355,Q14692277
Q214700,P355,Q5327135
Q214700,P355,Q7079283
Q214700,P355,Q30284069
Q214700,P355,Q4698167
Q214700,P355,Q4816515
Q214700,P355,Q30291899
Q214700,P355,Q5364281
Q214700,P355,Q30258934
Q214700,P355,Q30258980
Q214700,P355,Q5999307
Q214700,P355,Q30296977
Q214700,P355,Q30297024
Q214700,P355,Q8027271
Q214700,P355,Q30297029
Q214700,P355,Q30297031
Q214700,P355,Q30297035
Q214700,P355,Q30297038
Q214700,P355,Q30297040
Q214700,P355,Q30297042
Q214700,P355,Q30297043
Q214700,P355,Q30297070
Q214700,P355,Q30297079
Q214700,P355,Q30297080
Q214700,P355,Q30297082
Q214700,P355,Q30297083
Q214700,P355,Q30297086
Q214700,P355,Q21015842
Q214700,P355,Q30263893
Q214700,P355,Q30264097
Q214700,P355,Q30264103
Q214700,P355,Q30264113
Q214700,P355,Q30264131
Q214700,P355,Q30264140
Q214700,P355,Q30264166
Q214700,P355,Q30264216
Q214700,P355,Q30264235
Q214700,P355,Q30264238
Q214700,P355,Q30264263
Q214700,P355,Q30264289
Q214700,P355,Q30264560
Q214700,P355,Q7058378
Q214700,P355,Q7984847
Q214700,P355,Q1701122
Q214700,P355,Q30267175
Q214700,P355,Q30267176
Q214700,P355,Q30267491
Q214700,P355,Q30267496
Q214700,P355,Q6972114
Q214700,P355,Q7079282
Q214700,P355,Q30267497
Q214700,P355,Q5599447
Q214700,P355,Q30267498
Q214700,P355,Q607374
Q214700,P355,Q3306220
Q214700,P355,Q1656840
Q214700,P355,Q6954837
Q214700,P355,Q6974249
Q214700,P1830,Q6979393
Q214700,P1830,Q15637675
Q214700,P1830,Q48969758
Q214700,P1830,Q48976018
Q214700,P1830,Q48976020
Q214700,P163,Q97516023
Q9715,P31,Q1058795
Q9715,P910,Q7484989
Q9715,P366,Q1435575
Q9715,P5008,Q54439832
Q9715,P1343,Q602358
Q9715,P1343,Q19180675
Q9715,P279,Q12334861
Q9715,P1889,Q628958
Q168341,P31,Q4167410
Q16782166,P31,Q4167410
Q1434323,P279,Q15253558
Q1434323,P1889,Q174526
Q56538170,P31,Q101352
Q56538170,P1889,Q16869540
Q15032,P279,Q11024
Q15032,P910,Q7342258
Q15032,P1343,Q20961706
Q15032,P366,Q23647168
Q15032,P366,Q51367
Q15032,P366,Q165950
Q15032,P366,Q501700
Q15032,P366,Q839180
Q15032,P366,Q7444868
Q1060330,P910,Q32076081
Q269949,P279,Q34442
Q269949,P910,Q8513655
Q269949,P1889,Q3135456
Q269949,P31,Q7860962
Q2583635,P17,Q30
Q2583635,P131,Q109686
Q2583635,P31,Q498162
Q2583635,P421,Q847142
Q2583635,P421,Q2212
Q2583635,P421,Q2204
Q28136222,P31,Q7058673
Q4038050,P31,Q4167410
Q1728674,P31,Q4167410
Q1728674,P1889,Q56243709
Q27869140,P31,Q101352
Q27869140,P1889,Q1523654
Q27869140,P282,Q8229
Q27869140,P1552,Q89410507
Q1768706,P449,Q169889
Q1768706,P161,Q2096683
Q1768706,P161,Q951095
Q1768706,P161,Q5200121
Q1768706,P161,Q7704818
Q1768706,P161,Q4911315
Q1768706,P161,Q6305309
Q1768706,P495,Q30
Q1768706,P31,Q5398426
Q1768706,P31,Q1358344
Q1768706,P170,Q3128961
Q1768706,P136,Q1962634
Q1768706,P407,Q1860
Q1768706,P166,Q838121
Q1768706,P166,Q54864484
Q635715,P31,Q4167410
Q635715,P1889,Q12329047
Q2746884,P279,Q43229
Q1093567,P137,Q6819528
Q1093567,P859,Q304878
Q1093567,P31,Q1301371
Q1093567,P31,Q1360517
Q1903993,P31,Q4167410
Q2852303,P31,Q4167410
Q2852303,P1889,Q21018658
Q2852303,P1889,Q37195234
Q16254276,P31,Q4167410
Q827742,P31,Q10843872
Q827742,P31,Q2996394
Q827742,P361,Q11978
Q827742,P361,Q3075251
Q827742,P276,Q9635
Q827742,P279,Q22290756
Q5430110,P31,Q4167410
Q5430110,P1889,Q37460569
Q907370,P358,Q5765980
Q907370,P31,Q5741069
Q907370,P910,Q9817524
Q907370,P495,Q30
Q907370,P136,Q83270
Q907370,P740,Q34863
Q907370,P264,Q1025106
Q907370,P527,Q20676514
Q907370,P1889,Q1480490
Q16546687,P31,Q937228
Q243962,P31,Q4167410
Q243962,P1889,Q83705447
Q408950,P31,Q4167410
Q408950,P1889,Q1661494
Q408950,P460,Q1023947
Q2420313,P31,Q4167410
Q2420313,P1889,Q36989049
Q6497446,P279,Q29204029
Q6497446,P910,Q8228828
Q6497446,P1889,Q12743295
Q6497446,P1343,Q1210353
Q232560,P31,Q4167410
Q232560,P1889,Q16542374
Q232560,P1889,Q18572439
Q1318674,P279,Q1003030
Q184840,P910,Q7498189
Q184840,P279,Q83267
Q184840,P1343,Q2657718
Q184840,P1343,Q2041543
Q184840,P460,Q1758553
Q184840,P3095,Q17176618
Q184840,P3095,Q890103
Q224013,P31,Q4167410
Q224013,P1889,Q37121870
Q224013,P1889,Q1507848
Q224013,P1889,Q184386
Q447481,P31,Q4167410
Q908708,P31,Q5398426
Q908708,P161,Q4475744
Q908708,P161,Q2836899
Q908708,P161,Q270579
Q908708,P161,Q1578866
Q908708,P161,Q16734491
Q908708,P161,Q2409263
Q908708,P161,Q2138113
Q908708,P161,Q11998
Q908708,P161,Q287817
Q908708,P161,Q5296779
Q908708,P161,Q5144702
Q908708,P161,Q6768614
Q908708,P161,Q6003165
Q908708,P161,Q21573089
Q908708,P161,Q23907346
Q908708,P161,Q5107468
Q908708,P161,Q26237586
Q908708,P364,Q1860
Q908708,P910,Q9063104
Q908708,P136,Q23739
Q908708,P136,Q1366112
Q908708,P495,Q408
Q908708,P272,Q520445
Q908708,P449,Q908659
Q908708,P449,Q767920
Q908708,P449,Q5359746
Q908708,P170,Q2065637
Q908708,P1431,Q16255108
Q908708,P750,Q520445
Q908708,P840,Q3141
Q908708,P86,Q368435
Q908708,P1881,Q6591675
Q908708,P1881,Q6632051
Q908708,P1881,Q7303324
Q908708,P407,Q1860
Q7899476,P31,Q4167410
Q7899476,P1889,Q37541285
Q1913973,P279,Q6537379
Q141090,P279,Q5375490
Q141090,P910,Q7019674
Q141090,P361,Q8789
Q141090,P366,Q23647168
Q141090,P366,Q165950
Q141090,P366,Q501700
Q141090,P366,Q1503443
Q141090,P366,Q839180
Q141090,P366,Q192532
Q141090,P366,Q212108
Q141090,P366,Q461671
Q141090,P366,Q7444868
Q141090,P1269,Q78908682
Q141090,P461,Q59164233
Q6398186,P31,Q4167410
Q188713,P358,Q1319480
Q188713,P31,Q215380
Q188713,P910,Q8848462
Q188713,P740,Q84
Q188713,P166,Q179191
Q188713,P136,Q11399
Q188713,P136,Q253137
Q188713,P136,Q211573
Q188713,P136,Q27190
Q188713,P136,Q837837
Q188713,P136,Q83270
Q188713,P264,Q664167
Q188713,P264,Q2117397
Q188713,P264,Q202585
Q188713,P264,Q645889
Q188713,P264,Q935090
Q188713,P264,Q2338889
Q188713,P264,Q6429478
Q188713,P264,Q38903
Q188713,P264,Q330629
Q188713,P1424,Q10741363
Q188713,P527,Q364890
Q188713,P527,Q357455
Q188713,P495,Q145
Q188713,P6365,Q8848470
Q188713,P800,Q572709
Q188713,P800,Q1792838
Q749647,P910,Q8551777
Q749647,P31,Q96253971
Q749647,P31,Q100195948
Q749647,P1269,Q174666
Q749647,P279,Q937228
Q28492,P31,Q4167410
Q28492,P460,Q162723
Q28492,P460,Q3295971
Q28492,P460,Q17573688
Q28492,P460,Q17541908
Q28492,P460,Q347730
Q28492,P460,Q749162
Q28492,P460,Q1196143
Q28492,P460,Q24192729
Q28492,P460,Q1905595
Q28492,P460,Q1903001
Q28492,P460,Q1905577
Q28492,P460,Q29954758
Q28492,P460,Q2751702
Q28492,P460,Q3295898
Q28492,P460,Q4282552
Q28492,P460,Q17541879
Q28492,P460,Q17541995
Q28492,P460,Q17541928
Q28492,P1889,Q18002399
Q28492,P1889,Q12035675
Q28492,P1889,Q22920
Q16948205,P31,Q56436498
Q16948205,P17,Q668
Q16948205,P131,Q1498
Q16948205,P421,Q6828
Q1797598,P17,Q145
Q1797598,P31,Q532
Q1797598,P31,Q1115575
Q1797598,P131,Q1458060
Q1797598,P460,Q24669112
Q1797598,P47,Q2242457
Q1797598,P47,Q3070276
Q1797598,P47,Q990920
Q1797598,P47,Q2503327
Q1797598,P47,Q19845715
Q1797598,P47,Q2038719
Q1797598,P7959,Q67393503
Q26235031,P31,Q101352
Q4681865,P279,Q8366
Q4681865,P1963,P287
Q4681865,P1963,P577
Q4681865,P1963,P144
Q4681865,P1889,Q52708542
Q4681865,P1343,Q602358
Q4681865,P1343,Q4532138
Q4681865,P1343,Q63284758
Q4681865,P910,Q8790336
Q4681865,P366,Q141090
Q4681865,P366,Q59164233
Q21452209,P31,Q101352
Q21452209,P1889,Q1402087
Q21452209,P282,Q8229
Q29179169,P31,Q101352
Q29179169,P282,Q8229
Q29179169,P1889,Q10718059
Q29179169,P407,Q1860
Q295361,P31,Q4167410
Q295361,P1889,Q4583654
Q295361,P1889,Q28798062
Q295361,P1889,Q28943641
Q295361,P1889,Q92199140
Q21497099,P31,Q101352
Q21497099,P1889,Q2041952
Q21497099,P282,Q8229
Q224220,P31,Q4167410
Q224220,P1889,Q16281375
Q224220,P1889,Q22673958
Q224220,P1889,Q19828976
Q224220,P1889,Q47536660
Q224220,P460,Q15844274
Q539504,P31,Q12308941
Q539504,P460,Q17565205
Q539504,P460,Q17565219
Q539504,P460,Q17565221
Q539504,P460,Q17565222
Q539504,P460,Q2286869
Q539504,P460,Q98593746
Q539504,P407,Q652
Q539504,P1889,Q16877092
Q539504,P282,Q8229
Q539504,P1533,Q37500867
Q539504,P1343,Q151
Q7921484,P31,Q4167410
Q2149,P31,Q4167410
Q2149,P1889,Q21187350
Q297207,P31,Q4167410
Q2438571,P31,Q4167410
Q2438571,P1889,Q21493218
Q2438571,P460,Q418794
Q2438571,P460,Q1547483
Q7718211,P175,Q587705
Q7718211,P264,Q448723
Q7718211,P31,Q482994
Q7718211,P155,Q6967548
Q7718211,P156,Q587705
Q7718211,P136,Q42201
Q3268495,P279,Q3064117
Q7268350,P31,Q4167410
Q381155,P1343,Q2657718
Q381155,P279,Q1521410
Q381155,P279,Q3629395
Q381155,P1535,Q93921102
Q381155,P1889,Q93921102
Q812916,P31,Q101352
Q812916,P1889,Q16256293
Q812916,P282,Q8229
Q812916,P407,Q1860
Q812916,P460,Q16479625
Q170790,P279,Q901
Q170790,P425,Q395
Q170790,P910,Q7217485
Q170790,P31,Q28640
Q170790,P1963,P1455
Q170790,P1963,P800
Q170790,P1963,P69
Q170790,P1687,P1556
Q170790,P6186,Q24043390
Q170790,P2283,Q66785817
Q170790,P2354,Q66777993
Q388338,P31,Q28640
Q388338,P31,Q11488158
Q388338,P31,Q4164871
Q388338,P31,Q12737077
Q388338,P425,Q10756188
Q388338,P279,Q43845
Q245828,P31,Q4167410
Q245828,P1889,Q21396475
Q245828,P1889,Q16275786
Q65043592,P31,Q482994
Q65043592,P264,Q183387
Q65043592,P175,Q62953486
Q7695677,P31,Q4167410
Q3349295,P31,Q4167410
Q32907,P527,Q16629690
Q32907,P31,Q1272194
Q32907,P910,Q8387720
Q32907,P279,Q17638008
Q32907,P1343,Q602358
Q338451,P279,Q508295
Q338451,P1889,Q1367345
Q420976,P31,Q4167410
Q4812062,P31,Q4167410
Q1670509,P279,Q43260
Q1670509,P279,Q29430681
Q1670509,P527,Q243723
Q39609,P21,Q6581097
Q39609,P27,Q30
Q39609,P102,Q29468
Q39609,P69,Q182973
Q39609,P69,Q5305629
Q39609,P31,Q5
Q39609,P39,Q17486706
Q39609,P39,Q1853520
Q39609,P39,Q20801664
Q39609,P39,Q20801664
Q39609,P39,Q7889282
Q39609,P106,Q40348
Q39609,P106,Q82955
Q39609,P106,Q193391
Q39609,P106,Q21281706
Q39609,P735,Q10514602
Q39609,P735,Q278835
Q39609,P19,Q1914012
Q39609,P241,Q9212
Q39609,P1412,Q1860
Q39609,P607,Q8740
Q39609,P140,Q1841
Q39609,P410,Q158668
Q39609,P463,Q1764682
Q39609,P734,Q37466097
Q39609,P910,Q55330565
Q39609,P26,Q46996625
Q39609,P166,Q2986122
Q39609,P1340,Q17122834
Q39609,P551,Q956
Q39609,P551,Q39709
Q39609,P108,Q5263531
Q39609,P937,Q39709
Q39609,P937,Q956
Q39609,P103,Q1860
Q1626482,P31,Q4167410
Q1626482,P1889,Q37462366
Q2538546,P31,Q4167410
Q2538546,P1889,Q37447031
Q484876,P279,Q1072363
Q484876,P279,Q25713832
Q484876,P31,Q11488158
Q484876,P31,Q2135465
Q484876,P31,Q28640
Q484876,P910,Q5829580
Q484876,P1687,P169
Q484876,P460,Q67180244
Q484876,P3729,Q1501800
Q484876,P1889,Q11378299
Q379755,P910,Q13627165
Q379755,P1343,Q2657718
Q379755,P1343,Q602358
Q379755,P31,Q20202269
Q379755,P3095,Q1643514
Q379755,P1687,P5059
Q379755,P279,Q836950
Q379755,P279,Q2188189
Q379755,P1889,Q36993249
Q831,P31,Q15076965
Q831,P407,Q652
Q4516639,P31,Q4167410
Q4516639,P1889,Q30669928
Q36794,P279,Q391414
Q36794,P279,Q1183543
Q36794,P279,Q264661
Q36794,P910,Q6291684
Q36794,P527,Q23009
Q36794,P527,Q82711
Q36794,P527,Q35473
Q36794,P527,Q24644118
Q36794,P121,Q2464427
Q36794,P121,Q1936189
Q36794,P2789,Q21263223
Q36794,P1889,Q21263223
Q36794,P361,Q3947
Q36794,P361,Q42889
Q1798287,P31,Q754659
Q16220058,P31,Q4167410
Q16220058,P1889,Q37465548
Q16220058,P1889,Q5375804
Q16220058,P460,Q236597
Q9081,P279,Q104127086
Q9081,P910,Q2945448
Q9081,P31,Q33104279
Q9081,P31,Q54989186
Q9081,P1343,Q302556
Q9081,P1343,Q2041543
Q9081,P1343,Q1768721
Q9081,P461,Q815577
Q9081,P828,Q133500
Q9081,P1889,Q11028
Q9081,P1889,Q42848
Q9081,P5008,Q5460604
Q9081,P5125,Q7112676
Q9081,P2579,Q9471
Q9081,P1535,Q192060
Q9081,P1382,Q46744
Q9081,P1382,Q164359
Q9081,P1552,Q6423374
Q9081,P460,Q1520777
Q21071540,P159,Q16554
Q21071540,P31,Q783794
Q21071540,P1454,Q783794
Q21071540,P452,Q1323528
Q5375604,P31,Q4167410
Q224246,P31,Q4167410
Q224246,P1889,Q16872194
Q203598,P31,Q50825544
Q87768670,P31,Q12308941
Q87768670,P282,Q33513
Q87768670,P407,Q9288
Q87768670,P460,Q169279
Q87768670,P460,Q19965915
Q87768670,P460,Q2588576
Q3859740,P31,Q4167410
Q6241,P910,Q7461193
Q6241,P1343,Q2657718
Q6241,P1343,Q2041543
Q6241,P31,Q12909644
Q6241,P31,Q49447
Q6241,P1889,Q6235
Q6241,P1889,Q226418
Q6241,P461,Q188843
Q6028924,P31,Q781413
Q6028924,P1889,Q1641220
Q6028924,P279,Q1356411
Q6028924,P1552,Q47001369
Q6028924,P1542,Q3030775
Q6028924,P1479,Q34255
Q297725,P31,Q4167410
Q21489124,P31,Q101352
Q21489124,P1889,Q628996
Q21489124,P282,Q8229
Q406000,P31,Q4167410
Q11024,P279,Q921513
Q11024,P279,Q6031064
Q11024,P910,Q1458498
Q11024,P910,Q8040748
Q11024,P527,Q1066689
Q11024,P1535,Q17502905
Q11024,P31,Q1413287
Q11024,P31,Q11862829
Q11024,P1424,Q22747357
Q11024,P5008,Q5460604
Q11024,P5125,Q7112587
Q11024,P2579,Q14623843
Q11024,P2579,Q59163546
Q11024,P2579,Q97008347
Q11024,P1552,Q340169
Q11024,P1552,Q38786485
Q11024,P3095,Q5280566
Q11024,P3095,Q62085571
Q11024,P3095,Q99601931
Q7404466,P31,Q4167410
Q407326,P31,Q4167410
Q407326,P1889,Q9258357
Q407326,P1889,Q1973145
Q453722,P31,Q11879590
Q453722,P1750,Q2953
Q453722,P1750,Q2953
Q453722,P460,Q283277
Q453722,P460,Q16421773
Q453722,P460,Q2841059
Q453722,P460,Q87262211
Q453722,P1889,Q254969
Q453722,P1533,Q27042958
Q453722,P282,Q8229
Q453722,P407,Q9078
Q453722,P407,Q7411
Q453722,P407,Q1860
Q453722,P407,Q9035
Q453722,P407,Q1412
Q453722,P407,Q150
Q453722,P407,Q188
Q453722,P407,Q652
Q453722,P407,Q9027
Q453722,P407,Q1321
Q453722,P407,Q5146
Q453722,P407,Q9043
Q453722,P5323,Q21644845
Q453722,P1343,Q151
Q453722,P1560,Q686636
Q453722,P1560,Q454274
Q453722,P1560,Q6978509
Q600571,P910,Q8218801
Q600571,P279,Q3769299
Q600571,P279,Q1920219
Q600571,P279,Q87075524
Q600571,P527,Q366
Q600571,P527,Q124490
Q600571,P1424,Q6667141
Q14704172,P31,Q4167410
Q14704172,P1889,Q4878752
Q14704172,P460,Q183341
Q14704172,P460,Q1018946
Q14704172,P460,Q23768160
Q14704172,P460,Q41391
Q8016,P22,Q314773
Q8016,P25,Q243011
Q8016,P27,Q145
Q8016,P27,Q174193
Q8016,P39,Q14211
Q8016,P39,Q14211
Q8016,P39,Q2747647
Q8016,P39,Q2747647
Q8016,P39,Q531471
Q8016,P39,Q2484309
Q8016,P39,Q162754
Q8016,P39,Q1446566
Q8016,P39,Q2741536
Q8016,P39,Q3303456
Q8016,P39,Q21561383
Q8016,P39,Q21561383
Q8016,P39,Q2519998
Q8016,P39,Q3477296
Q8016,P39,Q622568
Q8016,P39,Q28841847
Q8016,P39,Q27137568
Q8016,P39,Q41582606
Q8016,P39,Q41582604
Q8016,P39,Q41582603
Q8016,P39,Q41582600
Q8016,P39,Q41582597
Q8016,P39,Q41582593
Q8016,P39,Q41582591
Q8016,P39,Q41582588
Q8016,P39,Q41582587
Q8016,P39,Q41582582
Q8016,P39,Q41582581
Q8016,P39,Q41582579
Q8016,P39,Q41582577
Q8016,P39,Q41582577
Q8016,P39,Q41582575
Q8016,P39,Q41582575
Q8016,P39,Q65494714
Q8016,P106,Q82955
Q8016,P106,Q1930187
Q8016,P106,Q1028181
Q8016,P106,Q201788
Q8016,P106,Q18814623
Q8016,P106,Q28389
Q8016,P106,Q864380
Q8016,P106,Q372436
Q8016,P106,Q189290
Q8016,P19,Q208181
Q8016,P20,Q5953682
Q8016,P119,Q3967638
Q8016,P102,Q9626
Q8016,P102,Q622441
Q8016,P102,Q9626
Q8016,P166,Q37922
Q8016,P166,Q2990283
Q8016,P166,Q15631401
Q8016,P166,Q15042145
Q8016,P166,Q494273
Q8016,P166,Q20966518
Q8016,P166,Q152337
Q8016,P166,Q13377517
Q8016,P166,Q1453512
Q8016,P166,Q2297608
Q8016,P166,Q14900501
Q8016,P166,Q721743
Q8016,P166,Q1774648
Q8016,P166,Q2014709
Q8016,P166,Q2469664
Q8016,P166,Q1123431
Q8016,P166,Q1465214
Q8016,P166,Q4710826
Q8016,P166,Q215248
Q8016,P166,Q94056
Q8016,P166,Q1137694
Q8016,P166,Q2454427
Q8016,P166,Q2309070
Q8016,P166,Q2701827
Q8016,P166,Q2354625
Q8016,P166,Q93963
Q8016,P166,Q94793
Q8016,P166,Q121586
Q8016,P166,Q430502
Q8016,P166,Q920315
Q8016,P166,Q1885471
Q8016,P166,Q26126
Q8016,P166,Q94345
Q8016,P166,Q976544
Q8016,P166,Q869896
Q8016,P166,Q94093
Q8016,P166,Q1471215
Q8016,P166,Q129508
Q8016,P166,Q3885349
Q8016,P166,Q1454361
Q8016,P166,Q93728
Q8016,P166,Q97556388
Q8016,P463,Q463303
Q8016,P463,Q123885
Q8016,P463,Q1632484
Q8016,P26,Q263454
Q8016,P40,Q183105
Q8016,P40,Q5271122
Q8016,P40,Q508525
Q8016,P40,Q13408289
Q8016,P40,Q2405785
Q8016,P241,Q222595
Q8016,P241,Q47315
Q8016,P69,Q1247373
Q8016,P69,Q17020147
Q8016,P69,Q7588167
Q8016,P69,Q7618444
Q8016,P31,Q5
Q8016,P607,Q361
Q8016,P607,Q31944
Q8016,P607,Q215112
Q8016,P607,Q64879
Q8016,P607,Q362
Q8016,P140,Q82708
Q8016,P910,Q8947722
Q8016,P509,Q12202
Q8016,P735,Q2584852
Q8016,P735,Q948418
Q8016,P735,Q16281695
Q8016,P800,Q300441
Q8016,P800,Q209788
Q8016,P1412,Q150
Q8016,P1412,Q1860
Q8016,P1196,Q3739104
Q8016,P1889,Q715814
Q8016,P1889,Q332528
Q8016,P1889,Q2916076
Q8016,P1889,Q8026054
Q8016,P1889,Q1430030
Q8016,P1889,Q588566
Q8016,P551,Q1761
Q8016,P551,Q208181
Q8016,P937,Q84
Q8016,P734,Q16865587
Q8016,P1411,Q37922
Q8016,P1411,Q37922
Q8016,P1411,Q37922
Q8016,P1411,Q37922
Q8016,P1411,Q37922
Q8016,P1411,Q37922
Q8016,P1411,Q37922
Q8016,P1411,Q35637
Q8016,P1411,Q35637
Q8016,P3373,Q721915
Q8016,P485,Q666063
Q8016,P485,Q5118159
Q8016,P410,Q27849369
Q8016,P410,Q104680
Q8016,P511,Q1480896
Q8016,P5008,Q5460604
Q8016,P5008,Q100137722
Q8016,P172,Q42406
Q8016,P172,Q235155
Q8016,P172,Q7994501
Q8016,P1299,Q27958298
Q8016,P21,Q6581097
Q8016,P1343,Q602358
Q8016,P1343,Q19180675
Q8016,P1343,Q67311526
Q8016,P1343,Q15987490
Q8016,P1343,Q867541
Q8016,P1343,Q99413897
Q8016,P103,Q1860
Q8016,P108,Q160302
Q8016,P6379,Q430682
Q8016,P6886,Q1860
Q8016,P6886,Q150
Q8016,P793,Q4
Q8016,P6275,Q71521142
Q8016,P7763,Q73555012
Q8016,P2354,Q3249105
Q8016,P3602,Q3076606
Q8016,P3602,Q3042701
Q8016,P3602,Q3075752
Q8016,P3602,Q3076583
Q8016,P3602,Q918375
Q8016,P3602,Q918378
Q8016,P3602,Q2632991
Q8016,P3602,Q517639
Q8016,P3602,Q918358
Q8016,P3602,Q918397
Q8016,P3602,Q918412
Q8016,P3602,Q918420
Q8016,P3602,Q3722280
Q8016,P3602,Q748667
Q8016,P3602,Q5314860
Q5380527,P31,Q4167410
Q402439,P31,Q4167410
Q271093,P17,Q142
Q271093,P131,Q3093
Q271093,P131,Q702745
Q271093,P131,Q88077159
Q271093,P166,Q2727598
Q271093,P47,Q853989
Q271093,P47,Q849899
Q271093,P47,Q846176
Q271093,P47,Q1020191
Q271093,P47,Q869244
Q271093,P47,Q1020295
Q271093,P31,Q484170
Q271093,P1464,Q13335722
Q271093,P910,Q9029574
Q271093,P1376,Q555711
Q271093,P1376,Q88077159
Q271093,P421,Q6655
Q271093,P421,Q6723
Q271093,P1313,Q62585461
Q271093,P1343,Q4114391
Q271093,P7938,Q555711
Q271093,P1889,Q21504605
Q271093,P1456,Q99758469
Q271093,P206,Q200231
Q416938,P31,Q4167410
Q671199,P31,Q12308941
Q671199,P460,Q2478993
Q671199,P460,Q372250
Q671199,P460,Q17497496
Q671199,P460,Q12344670
Q671199,P460,Q18201504
Q671199,P460,Q18326155
Q671199,P460,Q18145211
Q671199,P460,Q1567539
Q671199,P460,Q4684789
Q671199,P460,Q16001700
Q671199,P460,Q13424497
Q671199,P460,Q17497662
Q671199,P460,Q17497613
Q671199,P460,Q1986394
Q671199,P460,Q11852748
Q671199,P460,Q11853289
Q671199,P460,Q20024939
Q671199,P282,Q8229
Q671199,P407,Q7411
Q671199,P5323,Q21644845
Q527381,P279,Q3244670
Q527381,P279,Q8366
Q527381,P910,Q9406976
Q49008,P279,Q50706
Q49008,P279,Q240651
Q49008,P910,Q7028426
Q49008,P1552,Q50708
Q49008,P461,Q50707
Q49008,P1889,Q47370614
Q49008,P2354,Q225987
Q49008,P913,Q9946
Q49008,P31,Q47460393
Q7156278,P31,Q4167410
Q318622,P19,Q22737
Q318622,P20,Q350
Q318622,P26,Q120460
Q318622,P31,Q5
Q318622,P106,Q1234713
Q318622,P106,Q36180
Q318622,P106,Q1622272
Q318622,P106,Q763779
Q318622,P27,Q183
Q318622,P1412,Q397
Q318622,P735,Q18002399
Q318622,P937,Q6602
Q318622,P937,Q3012
Q318622,P937,Q2749
Q318622,P937,Q350
Q318622,P1343,Q678259
Q318622,P1343,Q19180675
Q318622,P1343,Q602358
Q318622,P1343,Q867541
Q318622,P1343,Q590208
Q318622,P1343,Q17378135
Q318622,P1343,Q15987216
Q318622,P1343,Q3181656
Q318622,P611,Q131479
Q318622,P69,Q151510
Q318622,P108,Q35794
Q318622,P910,Q55296673
Q318622,P39,Q7309475
Q318622,P140,Q101849
Q318622,P21,Q6581097
Q2745341,P5008,Q13382529
Q2745341,P31,Q2135465
Q2745341,P461,Q1124012
Q2745341,P279,Q19829125
Q2745341,P1552,Q770480
Q366139,P361,Q36442
Q366139,P31,Q653345
Q10949665,P31,Q28640
Q10949665,P31,Q4164871
Q10949665,P279,Q326653
Q10949665,P425,Q181487
Q2138606,P31,Q4167410
Q388162,P105,Q36602
Q388162,P910,Q7274979
Q388162,P171,Q23005
Q388162,P171,Q304358
Q388162,P31,Q16521
Q388162,P2959,Q66614450
Q388162,P1343,Q1768721
Q226460,P31,Q4167410
Q4646368,P31,Q4167410
Q1158596,P1533,Q18643458
Q1158596,P31,Q12308941
Q1158596,P31,Q1130279
Q1158596,P460,Q13638114
Q1158596,P460,Q31841448
Q1158596,P1750,Q2921
Q1158596,P1750,Q2730
Q1158596,P1889,Q408694
Q1158596,P282,Q8229
Q1158596,P407,Q188
Q2017141,P31,Q4167410
Q2017141,P1889,Q18760920
Q2017141,P1889,Q16291763
Q2017141,P460,Q28148472
Q2017141,P460,Q416981
Q126919,P31,Q4167410
Q6279,P27,Q30
Q6279,P106,Q82955
Q6279,P106,Q40348
Q6279,P106,Q1622272
Q6279,P39,Q11699
Q6279,P39,Q708492
Q6279,P39,Q4416090
Q6279,P39,Q4416090
Q6279,P39,Q4416090
Q6279,P39,Q4416090
Q6279,P39,Q4416090
Q6279,P39,Q4416090
Q6279,P39,Q4416090
Q6279,P39,Q4416090
Q6279,P39,Q4416090
Q6279,P39,Q4416090
Q6279,P39,Q4416090
Q6279,P39,Q4416090
Q6279,P39,Q4416090
Q6279,P39,Q4416090
Q6279,P39,Q4416090
Q6279,P39,Q4416090
Q6279,P39,Q4416090
Q6279,P39,Q4416090
Q6279,P39,Q4416090
Q6279,P39,Q11696
Q6279,P39,Q1467287
Q6279,P102,Q29552
Q6279,P910,Q8567172
Q6279,P31,Q5
Q6279,P26,Q235349
Q6279,P26,Q19285477
Q6279,P1343,Q17290934
Q6279,P1343,Q4091875
Q6279,P734,Q20164199
Q6279,P1412,Q1860
Q6279,P103,Q1860
Q6279,P551,Q755958
Q6279,P551,Q174224
Q6279,P551,Q755958
Q6279,P551,Q638836
Q6279,P551,Q174224
Q6279,P552,Q3039938
Q6279,P793,Q6208644
Q6279,P793,Q6208645
Q6279,P793,Q63241885
Q6279,P22,Q20177093
Q6279,P166,Q22303943
Q6279,P166,Q17144
Q6279,P166,Q28323742
Q6279,P166,Q5365910
Q6279,P166,Q23058979
Q6279,P166,Q2028158
Q6279,P166,Q2469017
Q6279,P166,Q2758023
Q6279,P166,Q1800135
Q6279,P937,Q61
Q6279,P937,Q174224
Q6279,P21,Q6581097
Q6279,P6886,Q1860
Q6279,P1884,Q6933946
Q6279,P1884,Q10509939
Q6279,P1340,Q17122834
Q6279,P1424,Q20313610
Q6279,P6553,L485
Q6279,P101,Q7748
Q6279,P1299,Q65053339
Q6279,P25,Q96318245
Q6279,P3602,Q22923830
Q6279,P3602,Q7891450
Q6279,P800,Q98139710
Q6279,P641,Q41323
Q6279,P3373,Q98854090
Q6279,P3373,Q100741820
Q6279,P3373,Q100741824
Q6279,P1344,Q99998027
Q6279,P1050,Q186676
Q6279,P54,Q5253290
Q6279,P53,Q54495162
Q6279,P735,Q471788
Q6279,P735,Q89286597
Q6279,P735,Q17862013
Q6279,P19,Q100276507
Q6279,P19,Q271395
Q6279,P40,Q813332
Q6279,P40,Q98854696
Q6279,P40,Q5944264
Q6279,P40,Q97588420
Q6279,P69,Q617433
Q6279,P69,Q1068072
Q6279,P69,Q2860580
Q6279,P512,Q1540185
Q6279,P512,Q1765120
Q6279,P108,Q49117
Q6279,P108,Q3443325
Q6279,P140,Q1841
Q6279,P1889,Q65053339
Q1663844,P31,Q4830453
Q1663844,P31,Q6881511
Q1663844,P159,Q23154
Q1663844,P1454,Q134161
Q1663844,P740,Q23154
Q1663844,P17,Q145
Q1663844,P749,Q29123666
Q626217,P1343,Q19180675
Q626217,P1343,Q602358
Q13422248,P31,Q12308941
Q13422248,P1889,Q908606
Q13422248,P460,Q25929461
Q13422248,P460,Q25929470
Q13422248,P460,Q21029127
Q13422248,P460,Q16275555
Q13422248,P407,Q1860
Q13422248,P407,Q7411
Q13422248,P1533,Q16869621
Q13422248,P282,Q8229
Q13422248,P5323,Q21644845
Q1883071,P31,Q830340
Q1883071,P178,Q1354917
Q1883071,P277,Q132874
Q5397370,P31,Q4167410
Q248742,P31,Q4167410
Q248742,P1889,Q37129809
Q248742,P460,Q22147165
Q226248,P31,Q4167410
Q226248,P1889,Q541194
Q226248,P1889,Q37082492
Q226248,P1889,Q84845575
Q226248,P1889,Q84951085
Q226248,P1889,Q84845306
Q226248,P1889,Q84843705
Q226248,P460,Q2038165
Q1150737,P910,Q28440512
Q1150737,P279,Q478515
Q816657,P31,Q4167410
Q816657,P1889,Q2895622
Q816657,P1889,Q37523139
Q415667,P31,Q4167410
Q1136723,P1343,Q2657718
Q1136723,P1343,Q2041543
Q1136723,P279,Q15296531
Q1136723,P279,Q1097498
Q1136723,P279,Q1673271
Q1136723,P31,Q2135465
Q1136723,P106,Q26849155
Q1136723,P910,Q15729180
Q1758692,P364,Q1860
Q1758692,P31,Q11424
Q1758692,P57,Q458766
Q1758692,P161,Q314805
Q1758692,P161,Q524281
Q1758692,P161,Q932204
Q1758692,P161,Q601922
Q1758692,P161,Q1331953
Q1758692,P161,Q527303
Q1758692,P161,Q1754108
Q1758692,P161,Q1133435
Q1758692,P161,Q336449
Q1758692,P136,Q959790
Q1758692,P136,Q2678111
Q1758692,P136,Q663106
Q1758692,P136,Q859369
Q1758692,P136,Q130232
Q1758692,P162,Q721027
Q1758692,P162,Q950428
Q1758692,P495,Q30
Q1758692,P58,Q458766
Q1758692,P2061,Q752245
Q1758692,P462,Q22006653
Q1758692,P1040,Q968460
Q1758692,P86,Q328637
Q1758692,P272,Q219400
Q1758692,P840,Q65
Q1758692,P2758,Q23817740
Q41177,P279,Q1995951
Q41177,P910,Q8498837
Q41177,P186,Q43010
Q41177,P186,Q714830
Q41177,P186,Q430034
Q41177,P186,Q114675
Q41177,P186,Q1098
Q41177,P186,Q1115
Q41177,P1552,Q11448
Q41177,P1343,Q1138524
Q41177,P1889,Q3115353
Q41177,P166,Q1519491
Q41177,P138,Q29888
Q41177,P138,Q645201
Q535939,P1269,Q2328303
Q236246,P31,Q4167410
Q236246,P1889,Q16877305
Q7547996,P31,Q4167410
Q141090,P279,Q5375490
Q141090,P910,Q7019674
Q141090,P361,Q8789
Q141090,P366,Q23647168
Q141090,P366,Q165950
Q141090,P366,Q501700
Q141090,P366,Q1503443
Q141090,P366,Q839180
Q141090,P366,Q192532
Q141090,P366,Q212108
Q141090,P366,Q461671
Q141090,P366,Q7444868
Q141090,P1269,Q78908682
Q141090,P461,Q59164233
Q7306217,P1269,Q737201
Q1105,P138,Q332
Q1105,P61,Q19009
Q1105,P61,Q377815
Q1105,P910,Q7435662
Q1105,P31,Q11344
Q1105,P1343,Q2657718
Q1105,P361,Q244979
Q1105,P361,Q19577
Q5193165,P31,Q4167410
Q80919,P910,Q7797254
Q80919,P17,Q15180
Q80919,P31,Q3238445
Q80919,P101,Q501700
Q80919,P1366,Q58792
Q80919,P1001,Q15180
Q80919,P159,Q646334
Q80919,P2388,Q4376665
Q80919,P488,Q464719
Q80919,P488,Q1390677
Q80919,P488,Q44071
Q80919,P488,Q1332433
Q80919,P488,Q533890
Q80919,P488,Q954743
Q80919,P488,Q382145
Q80919,P488,Q1319384
Q80919,P156,Q4288875
Q80919,P156,Q3480090
Q80919,P156,Q48948654
Q80919,P156,Q4229705
Q80919,P156,Q23656088
Q80919,P156,Q58792
Q80919,P156,Q615811
Q80919,P156,Q1329608
Q80919,P156,Q422091
Q80919,P155,Q11420727
Q80919,P527,Q4229705
Q80919,P749,Q15180
Q80919,P1365,Q182449
Q80919,P1343,Q99413897
Q7953,P910,Q7800312
Q7953,P279,Q48362
Q7953,P527,Q940709
Q7953,P527,Q189424
Q7953,P527,Q3489994
Q7953,P5008,Q5460604
Q7953,P31,Q222516
Q7953,P1889,Q4023370
Q256966,P31,Q501390
Q256966,P460,Q2066166
Q256966,P460,Q1348523
Q256966,P279,Q5
Q441973,P31,Q4167410
Q811486,P31,Q101352
Q811486,P31,Q1714800
Q811486,P1889,Q17492107
Q811486,P282,Q8229
Q811486,P407,Q188
Q600751,P31,Q15987302
Q600751,P31,Q4164871
Q600751,P279,Q2135469
Q600751,P279,Q212238
Q600751,P425,Q44554
Q600751,P425,Q1522168
Q600751,P361,Q1092499
Q600751,P910,Q8789570
Q600751,P1687,P1592
Q600751,P1343,Q1970746
Q600751,P1343,Q2041543
Q208257,P190,Q106681
Q208257,P190,Q3936
Q208257,P190,Q6572
Q208257,P190,Q13378
Q208257,P17,Q145
Q208257,P131,Q894077
Q208257,P31,Q1357964
Q208257,P910,Q8294942
Q208257,P1464,Q8045427
Q208257,P1465,Q18122961
Q208257,P1792,Q7907077
Q208257,P206,Q19716
Q208257,P421,Q6574
Q208257,P1376,Q894077
Q208257,P1343,Q3181656
Q208257,P7867,Q84081416
Q208257,P7959,Q67387552
Q19186,P163,Q5456777
Q19186,P17,Q145
Q19186,P910,Q9501821
Q19186,P31,Q1138494
Q19186,P131,Q23306
Q19186,P47,Q67285329
Q19186,P47,Q67532100
Q19186,P47,Q67442940
Q19186,P47,Q67479626
Q19186,P47,Q67443130
Q19186,P1464,Q8063529
Q19186,P1792,Q9921335
Q19186,P1465,Q32372995
Q19186,P1343,Q602358
Q19186,P7867,Q84060993
Q19186,P1889,Q60576045
Q19186,P7959,Q19186
Q227442,P31,Q4167410
Q227442,P1889,Q808995
Q227442,P1889,Q808994
Q227442,P460,Q414737
Q34739,P1464,Q16739284
Q34739,P31,Q1093829
Q34739,P31,Q1549591
Q34739,P17,Q30
Q34739,P131,Q485600
Q34739,P910,Q8364604
Q34739,P190,Q2749
Q34739,P190,Q3711
Q34739,P190,Q11194
Q34739,P190,Q192213
Q34739,P190,Q3748
Q34739,P1465,Q9218216
Q34739,P6,Q16983352
Q34739,P1792,Q8052046
Q34739,P1376,Q485600
Q34739,P1830,Q5447568
Q34739,P1830,Q7840078
Q34739,P421,Q941023
Q34739,P1343,Q602358
Q34739,P1343,Q3181656
Q34739,P85,Q4840274
Q34739,P7867,Q84053547
Q34739,P163,Q98400609
Q254900,P31,Q4167410
Q3052189,P31,Q11879590
Q3052189,P31,Q88865478
Q3052189,P1533,Q27181813
Q3052189,P407,Q5287
Q3052189,P1889,Q62779
Q3052189,P282,Q187659
Q249,P910,Q7014404
Q249,P279,Q11386
Q249,P279,Q418
Q249,P2283,Q11386
Q249,P31,Q2267705
Q249,P461,Q90860917
Q474621,P414,Q13677
Q474621,P31,Q4830453
Q474621,P159,Q755745
Q474621,P112,Q4799200
Q474621,P17,Q30
Q474621,P355,Q30714048
Q474621,P1056,Q2119531
Q474621,P452,Q11650
Q474621,P361,Q242345
Q474621,P1454,Q891723
Q413253,P31,Q4167410
Q1182627,P31,Q4167410
Q1182627,P1889,Q36954508
Q224347,P31,Q4167410
Q224347,P1889,Q1207216
Q224347,P1889,Q16275514
Q131255,P31,Q208469
Q131255,P31,Q68618328
Q131255,P31,Q69197847
Q131255,P31,Q82047057
Q131255,P111,Q164399
Q131255,P138,Q8750
Q245739,P1343,Q678259
Q245739,P279,Q2981904
Q144060,P31,Q891723
Q144060,P112,Q92765
Q144060,P138,Q92765
Q144060,P910,Q8425921
Q144060,P414,Q82059
Q144060,P159,Q5083
Q144060,P17,Q30
Q144060,P1056,Q121117
Q144060,P1056,Q3966
Q144060,P1454,Q891723
Q144060,P452,Q121117
Q144060,P452,Q11661
Q144060,P463,Q858851
Q144060,P169,Q19519581
Q144060,P749,Q19923099
Q4641084,P31,Q4167410
Q192275,P279,Q36534
Q192275,P279,Q184240
Q192275,P910,Q13339749
Q192275,P1889,Q191807
Q159190,P31,Q107715
Q159190,P1343,Q2657718
Q159190,P1343,Q602358
Q159190,P1343,Q602358
Q237513,P31,Q4167410
Q181232,P361,Q3574371
Q181232,P361,Q1159201
Q181232,P361,Q11656
Q181232,P361,Q25504
Q181232,P361,Q3629214
Q181232,P361,Q180805
Q181232,P361,Q267298
Q181232,P1343,Q2657718
Q181232,P3938,Q333922
Q181232,P279,Q176140
Q231053,P31,Q4167410
Q231053,P1889,Q2696851
Q231053,P1889,Q83345497
Q453115,P31,Q4830453
Q453115,P31,Q6881511
Q453115,P1454,Q134161
Q453115,P112,Q5341809
Q453115,P159,Q2205508
Q453115,P17,Q30
Q250062,P910,Q8391092
Q250062,P279,Q999646
Q250062,P279,Q63484572
Q250062,P92,Q674827
Q250062,P527,Q97667559
Q26256512,P279,Q2184645
Q227625,P1889,Q20639749
Q227625,P1889,Q37111024
Q227625,P1889,Q4044818
Q227625,P31,Q4167410
Q21198,P910,Q6517860
Q21198,P279,Q816264
Q21198,P279,Q13420675
Q21198,P2578,Q179310
Q21198,P527,Q2878974
Q21198,P527,Q538722
Q21198,P527,Q11660
Q21198,P527,Q844718
Q21198,P31,Q11862829
Q21198,P31,Q4671286
Q21198,P1424,Q13409896
Q21198,P3095,Q56827203
Q21198,P3095,Q82594
Q21198,P6104,Q6526225
Q21198,P1343,Q4208106
Q21198,P1889,Q4027615
Q21198,P1151,Q14152352
Q233555,P31,Q4167410
Q233555,P1889,Q16281700
Q233555,P1889,Q16883681
Q297109,P31,Q4167410
Q21487778,P31,Q101352
Q21487778,P1889,Q288077
Q21487778,P282,Q8229
Q183126,P21,Q6581097
Q183126,P19,Q6356067
Q183126,P910,Q8632886
Q183126,P31,Q5
Q183126,P106,Q4964182
Q183126,P140,Q9089
Q183126,P1343,Q17378135
Q183126,P1343,Q2657718
Q183126,P1343,Q67311526
Q183126,P20,Q1348
Q183126,P26,Q3278399
Q183126,P802,Q47478
Q183126,P22,Q24661919
Q183126,P25,Q24661932
Q183126,P509,Q852423
Q183126,P1196,Q3739104
Q183126,P27,Q129286
Q183126,P734,Q37291906
Q183126,P101,Q5891
Q183126,P1412,Q9610
Q235783,P279,Q20087093
Q235783,P279,Q2424752
Q235783,P910,Q8461136
Q235783,P1552,Q68015325
Q235783,P366,Q162668
Q235783,P1542,Q210064
Q165029,P31,Q28640
Q165029,P910,Q8411267
Q165029,P1889,Q691225
Q165029,P279,Q1391083
Q165029,P279,Q2588761
Q165029,P425,Q192043
Q165029,P2354,Q6618764
Q1045848,P279,Q4991371
Q5509992,P31,Q4167410
Q6451810,P31,Q4167410
Q6451810,P460,Q16700022
Q6451810,P460,Q13806575
Q6451810,P460,Q1541102
Q6451810,P1889,Q392555
Q6451810,P1889,Q61641972
Q6451810,P1889,Q61642216
Q6451810,P1889,Q2537872
Q6451810,P1889,Q3985499
Q6451810,P1889,Q98962803
Q1760303,P279,Q5300
Q241906,P910,Q8343684
Q241906,P279,Q74796924
Q241906,P1343,Q2657718
Q241906,P31,Q47154513
Q241906,P527,Q623
Q241906,P527,Q11426
Q3575199,P31,Q4167410
Q3575199,P1889,Q37570182
Q333921,P910,Q8595504
Q333921,P1343,Q2657718
Q333921,P1343,Q602358
Q333921,P279,Q2041172
Q333921,P366,Q3277336
Q333921,P2575,Q30204
Q152415,P31,Q93344
Q152415,P31,Q18088516
Q152415,P361,Q13647261
Q152415,P1568,Q26851380
Q152415,P1851,Q26851380
Q152415,P1571,Q26851380
Q152415,P2396,Q21813730
Q152415,P461,Q674517
Q152415,P461,Q2631442
Q152415,P910,Q55254496
Q152415,P1343,Q602358
Q5348260,P31,Q4167410
Q766952,P279,Q206615
Q766952,P279,Q63917312
Q766952,P186,Q22657
Q356692,P31,Q4167410
Q557945,P31,Q2057971
Q557945,P279,Q1441305
Q557945,P279,Q54989186
Q557945,P279,Q99860490
Q557945,P361,Q77468620
Q557945,P1995,Q7867
Q5185661,P31,Q4167410
Q326306,P31,Q4167410
Q228698,P31,Q4167410
Q228698,P1889,Q37468835
Q228698,P1889,Q483135
Q257337,P31,Q4167410
Q7302351,P31,Q4167410
Q1216428,P31,Q4167410
Q1216428,P1889,Q16871318
Q1216428,P1889,Q6382851
Q1216428,P460,Q225537
Q1216428,P460,Q348255
Q1216428,P460,Q421242
Q1216428,P460,Q353012
Q1216428,P460,Q1737736
Q407040,P31,Q4167410
Q18822,P31,Q20181002
Q18822,P279,Q221329
Q18822,P279,Q17141406
Q18822,P910,Q7029002
Q18822,P17,Q30
Q18822,P495,Q30
Q18822,P137,Q407203
Q18822,P366,Q2221906
Q18822,P1557,Q179435
Q3195517,P910,Q8304223
Q3195517,P279,Q3588251
Q3195517,P6440,Q3055297
Q30067,P31,Q4167410
Q30067,P1889,Q37303439
Q30067,P1889,Q1496601
Q30067,P1889,Q28616
Q30067,P1889,Q11432
Q30067,P1889,Q80825
Q30067,P1889,Q2223941
Q30067,P1889,Q32763177
Q856,P910,Q92509
Q856,P279,Q6723621
Q856,P279,Q188889
Q856,P279,Q1048236
Q856,P1424,Q6711664
Q192196,P279,Q37477
Q192196,P1889,Q3274226
Q192196,P1889,Q3453661
Q192196,P910,Q55274393
Q2931434,P31,Q4167410
Q2931434,P1889,Q37525759
Q4068349,P31,Q4167410
Q4068349,P1889,Q26234213
Q4068349,P1889,Q27263403
Q4068349,P1889,Q27155978
Q4068349,P1889,Q27167132
Q1175790,P31,Q4167410
Q407835,P31,Q4167410
Q116434,P910,Q9461502
Q116434,P279,Q3347599
Q116434,P61,Q8743
Q116434,P1343,Q27680201
Q116434,P1343,Q602358
Q116434,P1343,Q19180675
Q116434,P2283,Q691783
Q116434,P2283,Q16629185
Q3570323,P31,Q4167410
Q42699,P105,Q7432
Q42699,P141,Q211005
Q42699,P31,Q16521
Q42699,P171,Q10859013
Q42699,P1889,Q871193
Q42699,P910,Q55330702
Q42699,P1343,Q602358
Q42699,P1343,Q19180675
Q42699,P279,Q25265
Q250238,P31,Q4167410
Q250238,P1889,Q12191165
Q2925970,P31,Q4167410
Q2925970,P1889,Q19902005
Q132814,P31,Q185357
Q132814,P1343,Q2041543
Q132814,P461,Q166583
Q132814,P279,Q6452502
Q132814,P1889,Q6452502
Q132814,P1889,Q41716
Q132814,P2579,Q11473
Q412599,P31,Q4167410
Q412599,P1889,Q37477278
Q975041,P31,Q4167410
Q975041,P460,Q1577579
Q975041,P460,Q16876441
Q975041,P1889,Q4568822
Q975041,P1889,Q27005676
Q636755,P31,Q4830453
Q636755,P159,Q45656
Q636755,P414,Q842108
Q636755,P1454,Q18195767
Q636755,P361,Q648828
Q636755,P17,Q142
Q636755,P112,Q44484872
Q636755,P355,Q28974290
Q636755,P355,Q28974291
Q636755,P355,Q28974292
Q636755,P740,Q45656
Q636755,P1830,Q2307257
Q636755,P463,Q1361045
Q636755,P463,Q79100838
Q636755,P452,Q3749263
Q636755,P1056,Q5320
Q636755,P1037,Q58118409
Q186394,P31,Q4830453
Q186394,P31,Q891723
Q186394,P31,Q6881511
Q186394,P910,Q8475241
Q186394,P159,Q1134566
Q186394,P159,Q190088
Q186394,P1454,Q1480166
Q186394,P414,Q217475
Q186394,P414,Q1188840
Q186394,P355,Q164152
Q186394,P355,Q21175570
Q186394,P355,Q11456248
Q186394,P355,Q29123068
Q186394,P355,Q29123072
Q186394,P355,Q5507509
Q186394,P355,Q5507498
Q186394,P355,Q5507497
Q186394,P355,Q2842504
Q186394,P355,Q30338277
Q186394,P355,Q30338280
Q186394,P355,Q55473948
Q186394,P1056,Q121117
Q186394,P1056,Q44127
Q186394,P1056,Q192525
Q186394,P1056,Q7397
Q186394,P1056,Q22645
Q186394,P1056,Q184824
Q186394,P1056,Q1815128
Q186394,P1056,Q3966
Q186394,P740,Q164234
Q186394,P17,Q17
Q186394,P452,Q11650
Q186394,P452,Q25245117
Q186394,P1830,Q164152
Q186394,P1830,Q874016
Q186394,P1830,Q3011384
Q186394,P463,Q858851
Q186394,P463,Q37033
Q186394,P463,Q1361045
Q186394,P463,Q7389502
Q186394,P463,Q15731702
Q186394,P463,Q3569979
Q560877,P31,Q4167410
Q106080,P1343,Q2657718
Q106080,P461,Q108000
Q106080,P2283,Q29115074
Q106080,P1542,Q29115643
Q106080,P279,Q185357
Q106080,P2959,Q4390237
Q106080,P2579,Q11473
Q1702551,P31,Q4167410
Q1702551,P1889,Q20997227
Q1781176,P31,Q4167410
Q5159187,P31,Q4167410
Q1047163,P910,Q8280318
Q1047163,P31,Q2695280
Q226398,P31,Q4167410
Q226398,P1889,Q21042813
Q226398,P1889,Q29575338
Q652965,P31,Q15623926
Q652965,P31,Q15229207
Q652965,P910,Q8642254
Q652965,P641,Q5372
Q652965,P641,Q2736
Q652965,P641,Q5849
Q652965,P641,Q10962
Q342732,P31,Q4167410
Q342732,P460,Q440414
Q342732,P460,Q1393656
Q342732,P460,Q1153561
Q342732,P460,Q223932
Q342732,P460,Q3556234
Q342732,P460,Q22950640
Q342732,P1889,Q37319837
Q21507677,P31,Q101352
Q21507677,P1889,Q2301644
Q21507677,P282,Q8229
Q21507677,P460,Q93792701
Q21507677,P407,Q8641
Q626483,P406,Q429695
Q626483,P31,Q24869
Q626483,P57,Q1378661
Q626483,P161,Q174843
Q626483,P161,Q356156
Q626483,P161,Q363271
Q626483,P161,Q2315542
Q626483,P161,Q808435
Q626483,P161,Q707026
Q626483,P161,Q577771
Q626483,P161,Q18402336
Q626483,P161,Q1159162
Q626483,P161,Q6116962
Q626483,P161,Q3177488
Q626483,P161,Q551305
Q626483,P161,Q3517052
Q626483,P364,Q1860
Q626483,P58,Q1378661
Q626483,P272,Q7414
Q626483,P156,Q18954
Q626483,P136,Q188473
Q626483,P136,Q471839
Q626483,P136,Q319221
Q626483,P136,Q174526
Q626483,P921,Q544830
Q626483,P921,Q11660
Q626483,P495,Q30
Q626483,P1040,Q6173926
Q626483,P162,Q14946778
Q626483,P86,Q44641
Q626483,P462,Q22006653
Q626483,P1411,Q277536
Q626483,P1411,Q830079
Q626483,P750,Q1323594
Q626483,P2747,Q23830577
Q626483,P1981,Q20644796
Q626483,P3803,Q1336645
Q626483,P1434,Q17130203
Q626483,P1552,Q45172088
Q626483,P437,Q47544021
Q626483,P1889,Q298451
Q626483,P2758,Q23817729
Q626483,P2684,Q23649981
Q626483,P5970,Q80654859
Q626483,P8345,Q17130203
Q348656,P31,Q4167410
Q4643796,P31,Q4167410
Q12453,P279,Q791801
Q12453,P910,Q6498192
Q12453,P361,Q394
Q12453,P1687,P2575
Q12453,P5008,Q5460604
Q12453,P1552,Q1403517
Q12453,P1552,Q196372
Q12453,P1343,Q602358
Q11683124,P31,Q4167410
Q452987,P31,Q4167410
Q452987,P1889,Q37276267
Q3328852,P31,Q4022
Q3328852,P17,Q38
Q3328852,P403,Q13924
Q3328852,P974,Q3625317
Q3328852,P131,Q1279
Q2367250,P31,Q4167410
Q1662642,P31,Q4167410
Q4812835,P279,Q865422
Q4812835,P178,Q207922
Q4812835,P31,Q10929058
Q225802,P31,Q4167410
Q2082626,P144,Q193663
Q2082626,P527,Q56082873
Q350329,P31,Q4167410
Q350329,P1889,Q21428416
Q350329,P1889,Q19611239
Q80041,P17,Q30
Q80041,P31,Q1093829
Q80041,P131,Q58711
Q80041,P131,Q58684
Q80041,P910,Q8727321
Q80041,P1465,Q18761497
Q80041,P421,Q3134980
Q80041,P1792,Q32666045
Q80041,P1792,Q8748837
Q80041,P1435,Q72114249
Q57082,P131,Q50615
Q57082,P47,Q57871
Q57082,P47,Q57914
Q57082,P47,Q56915
Q57082,P47,Q48678
Q57082,P47,Q57081
Q57082,P47,Q57870
Q57082,P17,Q20
Q57082,P910,Q8447472
Q57082,P31,Q18663579
Q57082,P6,Q11978970
Q57082,P2354,Q11972779
Q57082,P421,Q6655
Q57082,P36,Q1409180
Q57082,P1889,Q13049039
Q57082,P1313,Q65588588
Q57082,P1366,Q60806432
Q57082,P3842,Q60806432
Q57082,P2936,Q25167
Q57082,P7867,Q83982772
Q57082,P793,Q28953942
Q57082,P793,Q28953942
Q116209,P105,Q34740
Q116209,P910,Q6798980
Q116209,P31,Q16521
Q116209,P171,Q6128325
Q116209,P4000,Q147768
Q116209,P1889,Q2682085
Q116209,P138,Q464091
Q116209,P427,Q21877444
Q116209,P1343,Q4532138
Q234557,P31,Q4167410
Q9956,P31,Q19776628
Q9956,P31,Q3841820
Q9956,P361,Q8229
Q9956,P361,Q606972
Q9956,P361,Q754673
Q9956,P361,Q76228
Q9956,P361,Q607188
Q9956,P361,Q20581324
Q9956,P361,Q1095058
Q9956,P361,Q1187758
Q9956,P361,Q637405
Q9956,P361,Q550383
Q9956,P361,Q755124
Q9956,P361,Q18691434
Q9956,P361,Q384749
Q9956,P361,Q994407
Q9956,P361,Q1493494
Q9956,P361,Q2839543
Q9956,P1299,Q17022013
Q9956,P1889,Q208001
Q9956,P1889,Q11110
Q9956,P910,Q16363428
Q9956,P1343,Q867541
Q910435,P31,Q4167410
Q910435,P1889,Q37321097
Q1192667,P31,Q4830453
Q1192667,P31,Q6881511
Q1192667,P159,Q580186
Q1192667,P1454,Q1480166
Q1192667,P740,Q34600
Q1192667,P17,Q17
Q1192667,P355,Q30338128
Q1192667,P463,Q1361045
Q1192667,P463,Q7389502
Q1192667,P414,Q1930860
Q1192667,P452,Q11650
Q3055897,P31,Q4167410
Q29172072,P31,Q101352
Q29172072,P1889,Q1177090
Q29172072,P282,Q8229
Q29172072,P407,Q150
Q7597354,P105,Q35409
Q7597354,P171,Q4051801
Q7597354,P171,Q21074562
Q7597354,P910,Q8873544
Q7597354,P31,Q16521
Q1361107,P31,Q7621105
Q1361107,P31,Q1302471
Q1361107,P31,Q4167410
Q1361107,P195,Q188740
Q1361107,P170,Q2317903
Q1361107,P111,Q39297
Q344103,P31,Q4167410
Q344103,P1889,Q37502919
Q127900,P31,Q902638
Q127900,P31,Q11173
Q127900,P527,Q629
Q127900,P527,Q623
Q127900,P527,Q556
Q127900,P1343,Q2657718
Q127900,P1343,Q19190511
Q127900,P279,Q173600
Q127900,P279,Q26883713
Q127900,P4952,Q51139288
Q127900,P361,Q56229948
Q424972,P31,Q11173
Q424972,P31,Q12140
Q424972,P31,Q177911
Q424972,P2175,Q52844
Q424972,P2175,Q5508825
Q424972,P2175,Q1963588
Q424972,P2175,Q3041498
Q424972,P2175,Q1194520
Q424972,P2175,Q1446169
Q424972,P2175,Q949302
Q424972,P2175,Q12078
Q424972,P2175,Q8084905
Q424972,P2175,Q1474877
Q424972,P2175,Q101991
Q424972,P2175,Q5958765
Q424972,P2175,Q1621830
Q424972,P2175,Q1153419
Q424972,P2175,Q18554512
Q424972,P2175,Q1004647
Q424972,P2175,Q170990
Q424972,P2175,Q1088156
Q424972,P2175,Q1752891
Q424972,P2175,Q1477
Q424972,P2175,Q504790
Q424972,P2175,Q1138590
Q424972,P2175,Q8285
Q424972,P2175,Q4833719
Q424972,P2175,Q2626074
Q424972,P2175,Q707816
Q424972,P3780,Q47521444
Q424972,P3780,Q47522066
Q424972,P2868,Q16909071
Q424972,P2868,Q7447768
Q424972,P2868,Q581996
Q424972,P2868,Q422549
Q424972,P2868,Q50430266
Q424972,P1889,Q11426176
Q424972,P129,Q2663095
Q410885,P31,Q4167410
Q410885,P1889,Q21448885
Q470517,P910,Q8248590
Q470517,P414,Q82059
Q470517,P414,Q496672
Q470517,P31,Q4830453
Q470517,P31,Q6881511
Q470517,P159,Q208447
Q470517,P17,Q30
Q470517,P452,Q507443
Q470517,P740,Q208447
Q470517,P1454,Q891723
Q470517,P361,Q242345
Q470517,P361,Q507306
Q470517,P355,Q30338472
Q470517,P355,Q30338474
Q470517,P355,Q30270695
Q470517,P1056,Q28209017
Q422244,P31,Q11173
Q422244,P31,Q12140
Q422244,P31,Q35456
Q422244,P31,Q467717
Q422244,P769,Q409595
Q422244,P769,Q1747559
Q422244,P769,Q418656
Q422244,P769,Q402633
Q422244,P769,Q420885
Q422244,P61,Q5240254
Q422244,P2175,Q741713
Q422244,P2175,Q180913
Q422244,P2175,Q19000444
Q422244,P2175,Q178190
Q422244,P2175,Q188638
Q422244,P2175,Q12135
Q422244,P2175,Q202387
Q422244,P2175,Q154430
Q422244,P2175,Q544006
Q422244,P3489,Q3679261
Q422244,P3489,Q28123617
Q422244,P3780,Q47521623
Q422244,P3780,Q47521622
Q422244,P2868,Q334477
Q422244,P2868,Q50430508
Q422244,P2868,Q50430246
Q422244,P129,Q4639596
Q422244,P129,Q21105176
Q422244,P129,Q21497878
Q422244,P129,Q21134814
Q422244,P129,Q410142
Q422244,P361,Q14863321
Q422244,P361,Q22273506
Q422244,P1889,Q409236
Q7334894,P31,Q4167410
Q192309,P31,Q2057971
Q192309,P1995,Q189553
Q192309,P279,Q1644260
Q192309,P279,Q102187283
Q79928,P279,Q18558062
Q79928,P1995,Q171171
Q79928,P1995,Q3505712
Q79928,P2176,Q421352
Q79928,P2176,Q411646
Q79928,P2176,Q425362
Q79928,P2176,Q193572
Q79928,P2176,Q415336
Q79928,P2176,Q3981685
Q79928,P2176,Q287029
Q79928,P2176,Q352348
Q79928,P2176,Q213511
Q79928,P2176,Q193045
Q79928,P2176,Q415304
Q79928,P2176,Q2736402
Q79928,P2176,Q413504
Q79928,P2176,Q422273
Q79928,P2176,Q27887916
Q79928,P2176,Q411424
Q79928,P2176,Q48566696
Q79928,P2176,Q48566821
Q79928,P2176,Q422442
Q79928,P2176,Q422226
Q79928,P2176,Q3981685
Q79928,P2176,Q422226
Q79928,P2176,Q29417
Q79928,P2176,Q287029
Q79928,P1343,Q20078554
Q79928,P1343,Q602358
Q79928,P1343,Q2041543
Q79928,P1343,Q5217764
Q79928,P1343,Q3181656
Q79928,P910,Q32558805
Q79928,P5008,Q4099686
Q179965,P910,Q8411315
Q179965,P279,Q551875
Q179965,P279,Q2671652
Q179965,P1889,Q4531136
Q179965,P31,Q55215251
Q66590068,P279,Q66590056
Q66590068,P279,Q24776916
Q66590068,P31,Q417841
Q569057,P1343,Q2657718
Q569057,P31,Q5725005
Q569057,P461,Q46997943
Q569057,P279,Q107715
Q569057,P1552,Q2091584
Q15003,P910,Q10108672
Q15003,P279,Q12511
Q15003,P279,Q770135
Q15003,P279,Q4368509
Q15003,P61,Q346015
Q3505252,P279,Q114953
Q3505252,P279,Q4134457
Q3505252,P279,Q3505170
Q3505252,P910,Q7481118
Q3505252,P1995,Q2861470
Q3505252,P31,Q1931388
Q3505252,P5642,Q3184856
Q380138,P279,Q11766572
Q380138,P527,Q764184
Q380138,P1343,Q19180675
Q4198163,P279,Q5
Q349124,P31,Q4167410
Q349124,P1889,Q1642324
Q349124,P1889,Q35878973
Q14890574,P361,Q182353
Q14890574,P2283,Q36786267
Q14890574,P279,Q14885910
Q14890574,P31,Q2996394
Q14890574,P910,Q30008961
Q14890574,P1343,Q19190511
Q1903551,P31,Q4167410
Q1903551,P31,Q4167410
Q188205,P21,Q6581097
Q188205,P119,Q2687434
Q188205,P20,Q1212
Q188205,P241,Q1752901
Q188205,P241,Q9212
Q188205,P241,Q47315
Q188205,P607,Q8676
Q188205,P607,Q430053
Q188205,P607,Q221469
Q188205,P607,Q719252
Q188205,P607,Q745979
Q188205,P607,Q33132
Q188205,P607,Q1425882
Q188205,P607,Q849680
Q188205,P607,Q543028
Q188205,P607,Q205422
Q188205,P106,Q189290
Q188205,P27,Q30
Q188205,P19,Q1089287
Q188205,P31,Q5
Q188205,P735,Q15921732
Q188205,P735,Q27678357
Q188205,P69,Q9219
Q188205,P1343,Q12912667
Q188205,P1343,Q67311526
Q188205,P509,Q205422
Q188205,P410,Q6544459
Q188205,P26,Q5362363
Q188205,P910,Q44097159
Q188205,P1412,Q1860
Q188205,P1347,Q210392
Q188205,P102,Q29552
Q188205,P734,Q16865962
Q188205,P8852,Q1776959
Q906118,P1424,Q43231900
Q906118,P279,Q1568216
Q906118,P279,Q2684591
Q407631,P31,Q4167410
Q1932583,P31,Q4167410
Q1932583,P1889,Q28438088
Q1932583,P910,Q49755396
Q2785824,P279,Q451967
Q2785824,P279,Q83267
Q2785824,P279,Q22445448
Q964401,P910,Q7142614
Q964401,P31,Q1347367
Q964401,P461,Q179399
Q1103267,P31,Q4167410
Q34777,P138,Q35149
Q34777,P910,Q10160737
Q34777,P361,Q133139
Q34777,P31,Q12969754
Q34777,P1343,Q602358
Q34777,P1343,Q19180675
Q34777,P61,Q35149
Q34777,P1889,Q8041592
Q34777,P155,Q11523
Q34777,P156,Q11391
Q438997,P31,Q4167410
Q438997,P1889,Q30349176
Q179661,P910,Q7012769
Q179661,P279,Q796194
Q179661,P279,Q26256310
Q179661,P279,Q31207
Q179661,P1687,P924
Q179661,P1687,P3354
Q179661,P1687,P3355
Q179661,P3095,Q2419397
Q1187030,P279,Q179661
Q1187030,P31,Q66603536
Q83877,P31,Q4167410
Q1215575,P279,Q188724
Q1215575,P31,Q11173
Q1215575,P31,Q12140
Q1215575,P2175,Q187255
Q1215575,P2175,Q861224
Q1215575,P2175,Q62736
Q1215575,P2175,Q81938
Q1215575,P2175,Q52849
Q1215575,P2175,Q6081223
Q1215575,P2175,Q242165
Q1215575,P2175,Q645363
Q1215575,P2175,Q101991
Q1215575,P2175,Q52844
Q1215575,P2175,Q55781316
Q1215575,P2175,Q133823
Q1215575,P2175,Q540571
Q1215575,P2175,Q133087
Q1215575,P2175,Q2457358
Q1215575,P3489,Q3679261
Q1215575,P3489,Q28123617
Q1215575,P3780,Q47521613
Q1215575,P3780,Q47521049
Q1215575,P3780,Q47521865
Q1215575,P3780,Q47521667
Q1215575,P3780,Q48826264
Q1215575,P3780,Q48828187
Q1215575,P3780,Q48829011
Q1215575,P2868,Q20522059
Q1215575,P2868,Q188724
Q1215575,P2868,Q17173047
Q1215575,P129,Q21126810
Q1215575,P129,Q415364
Q101991,P279,Q12136
Q101991,P279,Q1441305
Q101991,P279,Q169872
Q101991,P279,Q102187242
Q101991,P910,Q7014562
Q101991,P910,Q8948059
Q101991,P2176,Q419890
Q101991,P2176,Q963093
Q101991,P2176,Q190875
Q101991,P2176,Q7334443
Q101991,P2176,Q416132
Q101991,P2176,Q5134843
Q101991,P2176,Q1074056
Q101991,P2176,Q607349
Q101991,P2176,Q408676
Q101991,P2176,Q4713192
Q101991,P2176,Q4376623
Q101991,P2176,Q1215575
Q101991,P2176,Q5275451
Q101991,P2176,Q422252
Q101991,P2176,Q5462632
Q101991,P2176,Q409231
Q101991,P2176,Q424972
Q101991,P2176,Q4742041
Q101991,P2176,Q11426176
Q101991,P2176,Q417222
Q101991,P2176,Q186969
Q101991,P2176,Q385370
Q101991,P2176,Q425207
Q101991,P2176,Q904011
Q101991,P2176,Q5462791
Q101991,P2176,Q3837481
Q101991,P2176,Q244408
Q101991,P2176,Q425991
Q101991,P2176,Q4224007
Q101991,P2176,Q18216
Q101991,P2176,Q27106662
Q101991,P2176,Q2823284
Q101991,P2176,Q27107089
Q101991,P5008,Q54439832
Q101991,P1424,Q10978103
Q101991,P1557,Q428253
Q350363,P31,Q4167410
Q1030458,P31,Q4167410
Q1216512,P31,Q4167410
Q407747,P31,Q60539481
Q407747,P1478,Q770480
Q407747,P361,Q77468620
Q407747,P1889,Q1588077
Q117351,P31,Q4167410
Q37569094,P31,Q101352
Q37569094,P1889,Q1614270
Q37569094,P282,Q8229
Q37569094,P5323,Q81945591
Q37569094,P5323,Q92953148
Q240931,P31,Q12308941
Q240931,P460,Q18115390
Q240931,P460,Q18115417
Q240931,P460,Q5341404
Q240931,P460,Q5346961
Q240931,P1533,Q18208671
Q240931,P1889,Q5346177
Q240931,P282,Q8229
Q240931,P407,Q7411
Q240931,P5323,Q21644845
Q193866,P279,Q234460
Q193866,P279,Q5369651
Q193866,P910,Q9493569
Q193866,P1343,Q19538713
Q193866,P1343,Q1138524
Q193866,P31,Q223393
Q193866,P3095,Q67102720
Q39918,P105,Q7432
Q39918,P171,Q190545
Q39918,P31,Q16521
Q39918,P1672,Q184357
Q39918,P4000,Q14712
Q39918,P566,Q39779602
Q39918,P1889,Q553458
Q39918,P910,Q55330584
Q39918,P1420,Q12835396
Q16033661,P31,Q4167410
Q81058,P279,Q188504
Q81058,P910,Q7403437
Q81058,P1343,Q19180675
Q81058,P1343,Q2115830
Q81058,P2959,Q27096430
Q81058,P31,Q31338769
Q81058,P31,Q1468920
Q81058,P31,Q60031086
Q81058,P112,Q157056
Q81058,P1889,Q11190
Q81058,P3095,Q12020057
Q410215,P31,Q27103225
Q410215,P31,Q11173
Q410215,P527,Q629
Q410215,P527,Q623
Q410215,P527,Q627
Q410215,P527,Q556
Q410215,P1552,Q1517187
Q410215,P1552,Q485537
Q410215,P1343,Q4532135
Q410215,P1343,Q20078554
Q410215,P1343,Q602358
Q410215,P1343,Q19180675
Q410215,P2868,Q50377200
Q410215,P4952,Q51139288
Q410215,P361,Q22320084
Q410215,P361,Q100353572
Q410215,P703,Q310654
Q227661,P31,Q4167410
Q227661,P1889,Q659189
Q227661,P1889,Q6160477
Q227661,P1889,Q25999849
Q9531,P17,Q145
Q9531,P112,Q320851
Q9531,P112,Q2359751
Q9531,P159,Q84
Q9531,P237,Q5138548
Q9531,P31,Q4830453
Q9531,P31,Q26398
Q9531,P355,Q2071905
Q9531,P355,Q4834978
Q9531,P355,Q1191294
Q9531,P355,Q1160945
Q9531,P355,Q2217163
Q9531,P355,Q971446
Q9531,P355,Q795630
Q9531,P355,Q795551
Q9531,P355,Q2347575
Q9531,P355,Q4834850
Q9531,P355,Q4835018
Q9531,P355,Q7303737
Q9531,P355,Q4834874
Q9531,P910,Q6718119
Q9531,P463,Q166400
Q9531,P463,Q37033
Q9531,P463,Q5275956
Q9531,P463,Q3247706
Q9531,P1411,Q16146879
Q9531,P1411,Q16146879
Q9531,P1411,Q16146879
Q9531,P1411,Q3025728
Q9531,P1411,Q3473886
Q9531,P1411,Q3473891
Q9531,P1411,Q3473886
Q9531,P1411,Q3473887
Q9531,P1411,Q7426020
Q9531,P1411,Q7426020
Q9531,P1411,Q7426020
Q9531,P1411,Q7426020
Q9531,P1411,Q7426020
Q9531,P1411,Q7426020
Q9531,P166,Q16146879
Q9531,P166,Q3473886
Q9531,P166,Q7426020
Q9531,P166,Q7426020
Q9531,P166,Q7426020
Q9531,P166,Q7426020
Q9531,P166,Q7426020
Q9531,P166,Q838121
Q9531,P166,Q838121
Q9531,P166,Q838121
Q9531,P166,Q838121
Q9531,P166,Q838121
Q9531,P166,Q838121
Q9531,P166,Q838121
Q9531,P166,Q838121
Q9531,P166,Q838121
Q9531,P166,Q838121
Q9531,P166,Q838121
Q9531,P166,Q11942589
Q9531,P166,Q838121
Q9531,P166,Q3473886
Q9531,P166,Q7426020
Q9531,P166,Q838121
Q9531,P166,Q838121
Q9531,P166,Q838121
Q9531,P166,Q838121
Q9531,P166,Q838121
Q9531,P166,Q838121
Q9531,P166,Q7426020
Q9531,P166,Q838121
Q9531,P166,Q838121
Q9531,P166,Q838121
Q9531,P166,Q838121
Q9531,P166,Q838121
Q9531,P166,Q838121
Q9531,P166,Q838121
Q9531,P166,Q838121
Q9531,P166,Q838121
Q9531,P166,Q838121
Q9531,P166,Q838121
Q9531,P166,Q838121
Q9531,P166,Q838121
Q9531,P166,Q838121
Q9531,P166,Q838121
Q9531,P166,Q838121
Q9531,P166,Q7426020
Q9531,P166,Q838121
Q9531,P166,Q838121
Q9531,P166,Q838121
Q9531,P166,Q838121
Q9531,P166,Q838121
Q9531,P166,Q838121
Q9531,P166,Q838121
Q9531,P166,Q838121
Q9531,P166,Q838121
Q9531,P166,Q838121
Q9531,P166,Q838121
Q9531,P166,Q838121
Q9531,P166,Q838121
Q9531,P166,Q838121
Q9531,P166,Q838121
Q9531,P166,Q838121
Q9531,P166,Q838121
Q9531,P166,Q838121
Q9531,P166,Q838121
Q9531,P166,Q838121
Q9531,P166,Q838121
Q9531,P166,Q838121
Q9531,P166,Q838121
Q9531,P166,Q838121
Q9531,P166,Q838121
Q9531,P166,Q838121
Q9531,P166,Q838121
Q9531,P166,Q838121
Q9531,P166,Q838121
Q9531,P166,Q1422253
Q9531,P166,Q66401029
Q9531,P1037,Q80390
Q9531,P1037,Q3116214
Q9531,P1037,Q1060609
Q9531,P1037,Q320851
Q9531,P1037,Q335586
Q9531,P1037,Q3161173
Q9531,P1454,Q1422253
Q9531,P1454,Q699386
Q9531,P452,Q11030
Q9531,P452,Q15078788
Q9531,P1056,Q15078788
Q9531,P1830,Q747860
Q9531,P1830,Q749608
Q9531,P1830,Q787206
Q9531,P1830,Q787211
Q9531,P1830,Q787216
Q9531,P1830,Q795533
Q9531,P1830,Q795563
Q9531,P1830,Q795578
Q9531,P1830,Q795579
Q9531,P1830,Q795585
Q9531,P1830,Q795588
Q9531,P1830,Q795594
Q9531,P1830,Q795598
Q9531,P1830,Q795596
Q9531,P1830,Q795600
Q9531,P1830,Q795613
Q9531,P1830,Q935802
Q9531,P1830,Q971446
Q9531,P1830,Q973341
Q9531,P1830,Q975380
Q9531,P1830,Q1038587
Q9531,P1830,Q1160945
Q9531,P1830,Q1191294
Q9531,P1830,Q1638793
Q9531,P1830,Q1810437
Q9531,P1830,Q2071905
Q9531,P1830,Q2876713
Q9531,P1830,Q2876751
Q9531,P1830,Q2876754
Q9531,P1830,Q2876757
Q9531,P1830,Q2914560
Q9531,P1830,Q3050542
Q9531,P1830,Q3545486
Q9531,P1830,Q4633024
Q9531,P1830,Q4704926
Q9531,P1830,Q4834787
Q9531,P1830,Q4834802
Q9531,P1830,Q4834805
Q9531,P1830,Q4834838
Q9531,P1830,Q4834855
Q9531,P1830,Q4834858
Q9531,P1830,Q4834907
Q9531,P1830,Q4834915
Q9531,P1830,Q4834924
Q9531,P1830,Q4834938
Q9531,P1830,Q4834942
Q9531,P1830,Q4834971
Q9531,P1830,Q4834981
Q9531,P1830,Q4835011
Q9531,P1830,Q4835012
Q9531,P1830,Q7091163
Q9531,P1830,Q7158518
Q9531,P1830,Q7280632
Q9531,P1830,Q16826868
Q9531,P1830,Q16983869
Q9531,P1830,Q18289539
Q9531,P1830,Q18336371
Q9531,P1830,Q19570983
Q9531,P1830,Q22079660
Q9531,P1830,Q22906668
Q9531,P1830,Q24083536
Q9531,P1830,Q42291482
Q9531,P1830,Q423289
Q9531,P1830,Q552359
Q9531,P1830,Q687427
Q9531,P1830,Q84094
Q9531,P1830,Q191472
Q9531,P1830,Q208491
Q9531,P1830,Q216108
Q9531,P1830,Q60754947
Q9531,P1365,Q1756495
Q9531,P3320,Q3568680
Q9531,P6379,Q17153751
Q9531,P6379,Q430682
Q9531,P485,Q72941560
Q9531,P1424,Q8090425
Q9531,P1343,Q99413897
Q79894,P138,Q93182
Q79894,P910,Q8929984
Q79894,P170,Q93182
Q79894,P31,Q864135
Q79894,P31,Q241871
Q79894,P31,Q184759
Q79894,P31,Q8192
Q79894,P31,Q9779
Q79894,P279,Q1191702
Q79894,P1687,P4225
Q79894,P1406,Q7333457
Q79894,P155,Q4554291
Q79894,P156,Q6398107
Q79894,P156,Q5378197
Q79894,P156,Q3909779
Q79894,P156,Q5100709
Q79894,P156,Q530289
Q79894,P156,Q904450
Q79894,P156,Q854842
Q79894,P156,Q2748494
Q5227437,P31,Q250
Q6744936,P31,Q4830453
Q6744936,P1056,Q5385826
Q6744936,P452,Q3966
Q253,P31,Q725744
Q253,P61,Q453351
Q253,P1889,Q5425971
Q258147,P31,Q4167410
Q7969656,P31,Q4167410
Q7969656,P1889,Q36979337
Q7969656,P460,Q14644273
Q7969656,P460,Q2549566
Q7969656,P460,Q2549474
Q5141261,P31,Q4167410
Q29947723,P31,Q101352
Q29947723,P1889,Q284930
Q29947723,P282,Q8229
Q29947723,P407,Q188
Q529,P19,Q205586
Q529,P106,Q3779582
Q529,P106,Q593644
Q529,P106,Q1622272
Q529,P106,Q2919046
Q529,P106,Q1781198
Q529,P106,Q18805
Q529,P463,Q123885
Q529,P463,Q3291340
Q529,P463,Q3488182
Q529,P463,Q161806
Q529,P463,Q338432
Q529,P463,Q466089
Q529,P463,Q270794
Q529,P463,Q4345832
Q529,P463,Q191583
Q529,P463,Q265058
Q529,P463,Q18912936
Q529,P463,Q253439
Q529,P463,Q188771
Q529,P463,Q2107174
Q529,P463,Q463303
Q529,P463,Q83172
Q529,P463,Q1132636
Q529,P463,Q3603946
Q529,P463,Q337555
Q529,P463,Q2124852
Q529,P166,Q10855226
Q529,P166,Q136733
Q529,P166,Q28003
Q529,P166,Q285167
Q529,P166,Q285167
Q529,P166,Q15960935
Q529,P166,Q15972369
Q529,P166,Q1366018
Q529,P166,Q1079555
Q529,P166,Q3404878
Q529,P166,Q4710826
Q529,P166,Q908793
Q529,P166,Q599024
Q529,P166,Q52564882
Q529,P166,Q14906020
Q529,P166,Q96382318
Q529,P20,Q189153
Q529,P20,Q19060369
Q529,P20,Q636993
Q529,P27,Q142
Q529,P108,Q157575
Q529,P108,Q3551621
Q529,P108,Q83259
Q529,P108,Q273461
Q529,P108,Q1322289
Q529,P108,Q391083
Q529,P108,Q500740
Q529,P26,Q13666556
Q529,P26,Q27907759
Q529,P69,Q83259
Q529,P69,Q471980
Q529,P69,Q209842
Q529,P31,Q5
Q529,P910,Q8603159
Q529,P21,Q6581097
Q529,P509,Q202837
Q529,P735,Q2897866
Q529,P1343,Q17378135
Q529,P1343,Q2041543
Q529,P1343,Q602358
Q529,P1343,Q19180675
Q529,P1343,Q51955019
Q529,P1343,Q67311526
Q529,P1343,Q99413897
Q529,P172,Q121842
Q529,P140,Q7361618
Q529,P1196,Q3739104
Q529,P184,Q314306
Q529,P101,Q2329
Q529,P101,Q7193
Q529,P40,Q27907757
Q529,P802,Q366724
Q529,P802,Q1063929
Q529,P802,Q286440
Q529,P119,Q391083
Q529,P119,Q2981
Q529,P734,Q21484850
Q529,P5008,Q5460604
Q529,P1412,Q150
Q529,P22,Q61969084
Q529,P185,Q278216
Q529,P185,Q286440
Q529,P185,Q437983
Q529,P185,Q2040268
Q529,P185,Q24249538
Q529,P512,Q913404
Q529,P512,Q503765
Q529,P512,Q209896
Q529,P512,Q752297
Q529,P611,Q165005
Q529,P6886,Q150
Q529,P39,Q70495968
Q529,P551,Q142
Q2598033,P31,Q134830
Q2598033,P1889,Q11847231
Q17145507,P31,Q482994
Q17145507,P175,Q880405
Q17145507,P155,Q7229680
Q17145507,P156,Q4712786
Q17145507,P136,Q11401
Q232377,P910,Q9091898
Q232377,P1343,Q19558994
Q232377,P279,Q26962802
Q232377,P279,Q1568840
Q232377,P31,Q4936952
Q232377,P2789,Q178492
Q232377,P2789,Q237229
Q859161,P279,Q23622
Q859161,P279,Q1469824
Q859161,P910,Q8492919
Q859161,P1687,P5178
Q859161,P1889,Q6499736
Q859161,P1343,Q20078554
Q1934511,P31,Q4167410
Q1934511,P31,Q215380
Q1934511,P1889,Q37440664
Q1641556,P279,Q1641015
Q1641556,P279,Q2289481
Q1641556,P279,Q169872
Q1641556,P1995,Q83042
Q1641556,P1343,Q20078554
Q180910,P279,Q3769299
Q180910,P910,Q6505538
Q180910,P527,Q173799
Q180910,P527,Q184872
Q180910,P5008,Q13382529
Q180910,P1343,Q101314624
Q232358,P361,Q191817
Q232358,P527,Q25615
Q232358,P910,Q8842379
Q232358,P31,Q4936952
Q232358,P279,Q5259309
Q232358,P279,Q62122079
Q232358,P1343,Q602358
Q232358,P1343,Q19180675
Q1682583,P279,Q4116663
Q1682583,P279,Q7554046
Q1682583,P279,Q18967087
Q1682583,P689,Q232358
Q1682583,P910,Q8382042
Q1682583,P1995,Q2678675
Q1682583,P1889,Q7700555
Q769220,P279,Q1641015
Q769220,P279,Q100751718
Q769220,P1995,Q83042
Q6385829,P17,Q159
Q6385829,P31,Q634099
Q6385829,P31,Q2514025
Q6385829,P131,Q2156680
Q6385829,P131,Q27477205
Q14623823,P279,Q937228
Q14623823,P461,Q37852924
Q14623823,P828,Q451967
Q14623823,P361,Q91682545
Q397918,P31,Q4167410
Q1262209,P31,Q4167410
Q100725059,P31,Q4167410
Q3241045,P279,Q1190554
Q3241045,P279,Q5422048
Q3241045,P279,Q11190
Q3241045,P527,Q12136
Q3241045,P361,Q44512
Q3241045,P1963,P1660
Q3241045,P1963,P8011
Q3241045,P1963,P1603
Q3241045,P1963,P8010
Q3241045,P1963,P1120
Q3241045,P1963,P7153
Q3241045,P1963,P793
Q3241045,P1963,P793
Q3241045,P5008,Q87748614
Q3241045,P828,Q50156634
Q534062,P31,Q4167410
Q2840,P1060,Q11986959
Q2840,P1060,Q871752
Q2840,P1060,Q15304504
Q2840,P1060,Q88103997
Q2840,P780,Q38933
Q2840,P780,Q3245488
Q2840,P780,Q474959
Q2840,P780,Q86
Q2840,P780,Q9690
Q2840,P780,Q35805
Q2840,P780,Q114085
Q2840,P780,Q693058
Q2840,P828,Q287246
Q2840,P910,Q7215637
Q2840,P1995,Q3505712
Q2840,P1995,Q203337
Q2840,P1995,Q788926
Q2840,P1995,Q2861470
Q2840,P279,Q55790495
Q2840,P279,Q18975918
Q2840,P279,Q3286546
Q2840,P279,Q1928978
Q2840,P1343,Q2657718
Q2840,P31,Q18123741
Q2840,P1424,Q6818763
Q2840,P1424,Q10820092
Q2840,P5008,Q5460604
Q2840,P5008,Q87748614
Q2840,P5008,Q4099686
Q2840,P927,Q7891
Q2840,P2176,Q412734
Q2840,P2176,Q211509
Q2840,P2176,Q146075
Q2840,P2176,Q48333728
Q2840,P1542,Q2723958
Q2840,P1542,Q44512
Q2840,P1542,Q3241045
Q2840,P1889,Q1141979
Q2840,P1552,Q1783077
Q2840,P1605,Q5
Q2840,P1605,Q5113
Q2840,P1605,Q10798
Q170480,P910,Q8173834
Q170480,P31,Q180592
Q170480,P1343,Q678259
Q170480,P1343,Q20743760
Q170480,P1343,Q2657718
Q170480,P3095,Q22082717
Q170480,P1889,Q1378891
Q2685,P19,Q571822
Q2685,P106,Q33999
Q2685,P106,Q82955
Q2685,P106,Q3282637
Q2685,P106,Q10800557
Q2685,P106,Q2526255
Q2685,P106,Q3427922
Q2685,P106,Q4991371
Q2685,P106,Q131524
Q2685,P106,Q15982795
Q2685,P106,Q18814623
Q2685,P106,Q43845
Q2685,P106,Q519076
Q2685,P106,Q23845879
Q2685,P106,Q124100
Q2685,P106,Q13235160
Q2685,P102,Q29468
Q2685,P39,Q887010
Q2685,P40,Q4521676
Q2685,P40,Q901541
Q2685,P40,Q23800185
Q2685,P40,Q28109921
Q2685,P40,Q28109928
Q2685,P40,Q28109928
Q2685,P22,Q3288486
Q2685,P27,Q40
Q2685,P27,Q30
Q2685,P26,Q230654
Q2685,P69,Q1033692
Q2685,P69,Q10943718
Q2685,P69,Q174710
Q2685,P69,Q55044
Q2685,P910,Q8264594
Q2685,P31,Q5
Q2685,P1343,Q17290934
Q2685,P1343,Q67311526
Q2685,P166,Q17454734
Q2685,P166,Q17505835
Q2685,P166,Q1534906
Q2685,P166,Q4220901
Q2685,P166,Q36001
Q2685,P166,Q10855271
Q2685,P166,Q163569
Q2685,P166,Q163569
Q2685,P166,Q163569
Q2685,P166,Q538661
Q2685,P166,Q1426204
Q2685,P166,Q630018
Q2685,P166,Q4743395
Q2685,P166,Q1153891
Q2685,P166,Q585872
Q2685,P166,Q538661
Q2685,P735,Q3623461
Q2685,P735,Q575207
Q2685,P551,Q571822
Q2685,P551,Q846426
Q2685,P103,Q188
Q2685,P103,Q29540
Q2685,P1283,Q777740
Q2685,P734,Q21449706
Q2685,P25,Q23800370
Q2685,P140,Q1841
Q2685,P140,Q9592
Q2685,P172,Q237534
Q2685,P1424,Q22675138
Q2685,P1412,Q188
Q2685,P1412,Q1860
Q2685,P1412,Q306626
Q2685,P1411,Q4220901
Q2685,P1411,Q602299
Q2685,P1038,Q24004771
Q2685,P3373,Q38196234
Q2685,P21,Q6581097
Q2685,P101,Q124100
Q2685,P101,Q222749
Q2685,P101,Q7163
Q2685,P6886,Q1860
Q2685,P6886,Q188
Q2685,P641,Q213796
Q2685,P793,Q209572
Q2685,P451,Q75494768
Q2685,P800,Q162255
Q2685,P800,Q170564
Q2685,P800,Q29054009
Q2685,P800,Q15140437
Q2685,P800,Q39072454
Q2685,P1050,Q531019
Q81058,P279,Q188504
Q81058,P910,Q7403437
Q81058,P1343,Q19180675
Q81058,P1343,Q2115830
Q81058,P2959,Q27096430
Q81058,P31,Q31338769
Q81058,P31,Q1468920
Q81058,P31,Q60031086
Q81058,P112,Q157056
Q81058,P1889,Q11190
Q81058,P3095,Q12020057
Q1270960,P31,Q4167410
Q61954719,P31,Q169336
Q61954719,P527,Q424319
Q61954719,P703,Q131238
Q5694481,P31,Q4167410
Q744916,P17,Q212
Q744916,P31,Q486972
Q744916,P31,Q7216840
Q744916,P131,Q631629
Q744916,P421,Q6723
Q744916,P910,Q98715190
Q193181,P910,Q7022256
Q193181,P3095,Q28973077
Q193181,P366,Q1172399
Q193181,P31,Q1914636
Q193181,P279,Q160402
Q193181,P361,Q77468620
Q42982,P828,Q186752
Q42982,P279,Q14905917
Q42982,P279,Q5958765
Q42982,P910,Q6181101
Q42982,P1995,Q101929
Q42982,P1542,Q1115038
Q42982,P1542,Q4732121
Q42982,P2176,Q415392
Q42982,P2176,Q11426176
Q42982,P2176,Q342745
Q42982,P2176,Q424049
Q42982,P2176,Q422252
Q42982,P2176,Q423437
Q42982,P2176,Q424972
Q42982,P2176,Q1074056
Q42982,P2176,Q417222
Q42982,P2176,Q729863
Q42982,P2293,Q14864515
Q42982,P2293,Q17916981
Q42982,P2293,Q17914027
Q42982,P2293,Q17708701
Q42982,P2959,Q5958765
Q42982,P31,Q11862829
Q42982,P1889,Q1195509
Q42982,P1424,Q6676522
Q42982,P5008,Q4099686
Q1311395,P105,Q35409
Q1311395,P910,Q6792422
Q1311395,P171,Q133047
Q1311395,P171,Q7158891
Q1311395,P31,Q16521
Q1311395,P1343,Q19190511
Q6545811,P31,Q60539481
Q6545811,P361,Q9357054
Q6545811,P361,Q77468620
Q6545811,P910,Q30845748
Q6545811,P1299,Q17098485
Q6545811,P1889,Q188739
Q6545811,P1889,Q20397722
Q1879036,P31,Q4167410
Q1879036,P31,Q101352
Q1879036,P1889,Q21510831
Q1879036,P282,Q8229
Q1879036,P5323,Q92953148
Q44602,P910,Q7014423
Q44602,P1343,Q2041543
Q44602,P1343,Q1210353
Q44602,P1343,Q4532138
Q44602,P2959,Q25689744
Q44602,P361,Q2110808
Q44602,P279,Q210978
Q44602,P279,Q1963724
Q44602,P31,Q3769299
Q213511,P279,Q12187
Q213511,P279,Q422687
Q213511,P31,Q11173
Q213511,P31,Q12140
Q213511,P31,Q35456
Q213511,P31,Q516751
Q213511,P636,Q285166
Q213511,P636,Q640448
Q213511,P636,Q420054
Q213511,P769,Q410061
Q213511,P769,Q408163
Q213511,P769,Q7739
Q213511,P769,Q423437
Q213511,P769,Q165399
Q213511,P769,Q4890934
Q213511,P769,Q422438
Q213511,P769,Q407972
Q213511,P769,Q425295
Q213511,P769,Q409672
Q213511,P769,Q118551
Q213511,P769,Q41576
Q213511,P769,Q425120
Q213511,P769,Q3712521
Q213511,P769,Q424238
Q213511,P769,Q408637
Q213511,P769,Q174259
Q213511,P769,Q423757
Q213511,P769,Q421381
Q213511,P769,Q947595
Q213511,P769,Q251347
Q213511,P769,Q3791612
Q213511,P769,Q6821618
Q213511,P769,Q179996
Q213511,P769,Q424940
Q213511,P769,Q410011
Q213511,P769,Q416206
Q213511,P769,Q144085
Q213511,P769,Q10354103
Q213511,P769,Q417597
Q213511,P769,Q412496
Q213511,P769,Q419394
Q213511,P769,Q413591
Q213511,P769,Q976559
Q213511,P769,Q422418
Q213511,P769,Q417909
Q213511,P769,Q58375
Q213511,P2175,Q154882
Q213511,P2175,Q153356
Q213511,P2175,Q31798
Q213511,P2175,Q939261
Q213511,P2175,Q1122485
Q213511,P2175,Q101896
Q213511,P2175,Q156103
Q213511,P2175,Q79928
Q213511,P2175,Q683861
Q213511,P2175,Q134859
Q213511,P2175,Q34879
Q213511,P2175,Q129104
Q213511,P3489,Q3679189
Q213511,P3489,Q28123616
Q213511,P3780,Q47521567
Q213511,P3780,Q47521566
Q213511,P3780,Q47521564
Q213511,P3780,Q47521565
Q213511,P3780,Q47521563
Q213511,P3780,Q48826381
Q213511,P3780,Q48826422
Q213511,P3780,Q48826464
Q213511,P3780,Q48828846
Q213511,P3780,Q48829307
Q213511,P2868,Q7251505
Q213511,P2868,Q12187
Q213511,P2868,Q50377202
Q213511,P129,Q12746111
Q213511,P1716,Q47521566
Q1532394,P279,Q3498942
Q1532394,P910,Q8493004
Q1532394,P31,Q47154513
Q179678,P31,Q11173
Q179678,P527,Q629
Q179678,P527,Q658
Q179678,P527,Q623
Q179678,P4952,Q51139288
Q179678,P2079,Q844704
Q179678,P361,Q22273565
Q179678,P361,Q22273566
Q179678,P366,Q898745
Q191134,P910,Q8353886
Q191134,P279,Q11019
Q191134,P279,Q834028
Q191134,P1343,Q2657718
Q191134,P366,Q1967135
Q55550609,P31,Q4167410
Q55550609,P1889,Q7540457
Q179422,P31,Q11435
Q179422,P361,Q712604
Q179422,P279,Q2914458
Q179422,P279,Q498752
Q179422,P527,Q477946
Q179422,P527,Q715347
Q416279,P31,Q4167410
Q5283100,P1269,Q17351863
Q5283100,P31,Q187939
Q161238,P279,Q931309
Q161238,P279,Q16644043
Q161238,P279,Q28946191
Q161238,P910,Q8595495
Q161238,P144,Q209402
Q161238,P31,Q2671652
Q178450,P31,Q11173
Q178450,P31,Q12140
Q178450,P31,Q8204795
Q178450,P31,Q8066
Q178450,P31,Q3241589
Q178450,P31,Q24301658
Q178450,P31,Q9150056
Q178450,P527,Q627
Q178450,P527,Q623
Q178450,P1343,Q2657718
Q178450,P186,Q28000013
Q178450,P702,Q29018186
Q178450,P702,Q29018188
Q178450,P4952,Q51139288
Q178450,P3364,Q27076990
Q178450,P129,Q21118862
Q178450,P129,Q21115815
Q178450,P129,Q21115816
Q178450,P129,Q21115819
Q178450,P129,Q21130911
Q7218,P910,Q6511360
Q7218,P31,Q930752
Q7218,P31,Q2465832
Q7218,P31,Q1665984
Q7218,P1343,Q2657718
Q7218,P1343,Q1970746
Q7218,P1343,Q602358
Q7218,P1343,Q19180675
Q7218,P2578,Q184651
Q7218,P3095,Q4459623
Q7218,P1424,Q11053212
Q7218,P1889,Q1130602
Q7218,P279,Q420
Q7218,P279,Q2329
Q739897,P279,Q3944822
Q739897,P1889,Q1172619
Q143636,P461,Q3320364
Q143636,P279,Q1347572
Q143636,P279,Q3312438
Q162657,P910,Q8672800
Q162657,P1424,Q7207041
Q162657,P279,Q11173
Q162657,P1687,P928
Q162657,P1889,Q73112927
Q11570,P31,Q223662
Q11570,P31,Q3647172
Q11570,P31,Q69197847
Q11570,P111,Q11423
Q11570,P1343,Q2657718
Q11570,P1343,Q68977219
Q11570,P1343,Q2041543
Q11570,P361,Q512417
Q11570,P361,Q12457
Q11570,P5008,Q5460604
Q11570,P459,Q12453
Q11570,P459,Q976981
Q11570,P138,Q107428
Q11570,P138,Q41803
Q11570,P1889,Q216880
Q170545,P31,Q11173
Q170545,P31,Q12140
Q170545,P31,Q705605
Q170545,P31,Q24301658
Q170545,P31,Q3241589
Q170545,P31,Q245282
Q170545,P31,Q27103475
Q170545,P527,Q627
Q170545,P527,Q623
Q170545,P527,Q629
Q170545,P527,Q556
Q170545,P1343,Q2657718
Q170545,P3364,Q26841253
Q170545,P703,Q15978631
Q170545,P702,Q29018214
Q170545,P702,Q29018216
Q170545,P4952,Q51139288
Q170545,P129,Q21118976
Q170545,P361,Q21120745
Q170545,P361,Q14851769
Q170545,P361,Q21104903
Q170545,P361,Q22324340
Q170545,P361,Q22321553
Q170545,P361,Q21119195
Q170545,P361,Q22321558
Q170545,P361,Q22324109
Q170545,P361,Q22324464
Q170545,P361,Q22316922
Q170545,P361,Q22321439
Q170545,P361,Q22324181
Q170545,P361,Q22319768
Q170545,P361,Q22323671
Q170545,P361,Q21116245
Q170545,P361,Q53007395
Q165437,P105,Q4150646
Q165437,P31,Q16521
Q165437,P366,Q11004
Q165437,P279,Q11004
Q165437,P171,Q2240448
Q165437,P2959,Q95388733
Q165437,P1672,Q99548274
Q165437,P1672,Q36834781
Q422056,P31,Q4167410
Q422056,P1889,Q37291059
Q13479580,P31,Q4830453
Q13479580,P749,Q30290715
Q13479580,P159,Q1297
Q13479580,P17,Q30
Q2064158,P31,Q11455398
Q2064158,P31,Q101352
Q2064158,P460,Q780747
Q2064158,P460,Q1434084
Q2064158,P460,Q16289564
Q2064158,P460,Q1474998
Q2064158,P460,Q7264061
Q2064158,P460,Q2064168
Q2064158,P460,Q15732712
Q2064158,P460,Q18331422
Q2064158,P460,Q47537107
Q2064158,P460,Q55230238
Q2064158,P1889,Q16881024
Q2064158,P282,Q8229
Q2064158,P407,Q1860
Q1563523,P31,Q4167410
Q255440,P31,Q4167410
Q255440,P1889,Q16883357
Q255440,P460,Q155403
Q152841,P279,Q337567
Q152841,P910,Q55254615
Q448185,P31,Q4167410
Q10916362,P279,Q18975373
Q10916362,P279,Q99860490
Q10916362,P1995,Q189553
Q225301,P31,Q4167410
Q225301,P1889,Q226678
Q3188352,P31,Q4167410
Q11190,P910,Q4095812
Q11190,P279,Q843601
Q11190,P31,Q843601
Q11190,P31,Q2267705
Q11190,P31,Q11862829
Q11190,P31,Q627436
Q11190,P1343,Q4173137
Q11190,P1343,Q19180675
Q11190,P1343,Q602358
Q11190,P1343,Q867541
Q11190,P1343,Q2041543
Q11190,P1343,Q602358
Q11190,P1343,Q1768721
Q11190,P1151,Q10631989
Q11190,P3095,Q39631
Q11190,P1424,Q7252016
Q11190,P1424,Q10965716
Q11190,P1889,Q12140
Q11190,P1889,Q81058
Q11190,P1889,Q4095812
Q11190,P5008,Q5460604
Q11190,P5125,Q7112684
Q11190,P2184,Q380274
Q11190,P452,Q15067276
Q11190,P1552,Q44476427
Q177463,P462,Q23445
Q177463,P910,Q9444699
Q177463,P279,Q1408429
Q177463,P1343,Q2041543
Q177463,P1343,Q1768721
Q451337,P31,Q4167410
Q451337,P1889,Q16881784
Q451337,P1889,Q42589369
Q451337,P460,Q414696
Q182040,P31,Q11173
Q182040,P31,Q12140
Q182040,P31,Q11173
Q182040,P527,Q629
Q182040,P527,Q623
Q182040,P2868,Q626292
Q182040,P4952,Q51139288
Q182040,P910,Q55273414
Q44810,P910,Q7356173
Q44810,P31,Q2239243
Q44810,P31,Q772636
Q44810,P279,Q50996514
Q44810,P183,Q49
Q161210,P31,Q174211
Q161210,P31,Q10913792
Q161210,P31,Q21074597
Q161210,P31,Q101497
Q161210,P31,Q11173
Q161210,P31,Q187661
Q161210,P1542,Q21174328
Q161210,P527,Q623
Q161210,P527,Q629
Q161210,P527,Q556
Q161210,P2175,Q18554021
Q161210,P703,Q15978631
Q161210,P1343,Q2657718
Q161210,P4599,Q146139
Q161210,P279,Q186752
Q161210,P2868,Q73984
Q161210,P2868,Q50414107
Q161210,P4952,Q51139288
Q161210,P129,Q15323278
Q161210,P361,Q22282576
Q161210,P361,Q21114822
Q161210,P361,Q21101821
Q161210,P361,Q22273509
Q161210,P361,Q22273510
Q161210,P361,Q21122824
Q161210,P361,Q21127133
Q161210,P361,Q21101820
Q161210,P361,Q22317474
Q161210,P361,Q22319909
Q161210,P361,Q22317511
Q161210,P361,Q22317896
Q161210,P361,Q22324146
Q161210,P361,Q22319780
Q161210,P361,Q22324297
Q161210,P361,Q21433647
Q161210,P361,Q22324286
Q161210,P361,Q22319836
Q161210,P361,Q22316051
Q161210,P361,Q22323514
Q161210,P361,Q22324267
Q161210,P361,Q22324266
Q161210,P361,Q22318375
Q161210,P361,Q22319781
Q161210,P361,Q22319827
Q161210,P361,Q22324274
Q161210,P361,Q22324171
Q161210,P361,Q70535564
Q161210,P361,Q29573447
Q161210,P361,Q27862907
Q395103,P31,Q4167410
Q395103,P1889,Q7730976
Q395103,P1889,Q5411739
Q395103,P1889,Q1188851
Q395103,P1889,Q909804
Q395103,P1889,Q5306592
Q395103,P1889,Q5306598
Q395103,P1889,Q5306593
Q395103,P1889,Q518254
Q395103,P1889,Q5306578
Q395103,P1889,Q3520675
Q395103,P1889,Q16992059
Q395103,P1889,Q5306596
Q395103,P1889,Q5306595
Q395103,P1889,Q5306597
Q395103,P1889,Q5306579
Q395103,P1889,Q5306580
Q395103,P1889,Q5306581
Q395103,P1889,Q5306582
Q395103,P1889,Q5306583
Q395103,P1889,Q28451367
Q395103,P1889,Q5306599
Q395103,P1889,Q15851610
Q395103,P1889,Q7730975
Q395103,P1889,Q16833653
Q395103,P1889,Q4425627
Q395103,P1889,Q5306600
Q395103,P1889,Q3964090
Q395103,P1889,Q55803615
Q395103,P1889,Q16962779
Q395103,P1889,Q24901420
Q395103,P1889,Q5306584
Q395103,P1889,Q3039269
Q395103,P1889,Q25409344
Q395103,P1889,Q20041724
Q395103,P1889,Q7323915
Q395103,P1889,Q11196314
Q395103,P1889,Q17223839
Q395103,P1889,Q56034475
Q395103,P1889,Q56034513
Q219137,P31,Q4167410
Q219137,P1889,Q21487996
Q81513,P105,Q34740
Q81513,P171,Q3216053
Q81513,P910,Q6586700
Q81513,P31,Q16521
Q81513,P1672,Q2574750
Q81513,P1672,Q104126379
Q81513,P4000,Q1429336
Q81513,P279,Q3314483
Q81513,P1420,Q106090
Q5172812,P31,Q4167410
Q227935,P31,Q4167410
Q11106,P910,Q8285566
Q11106,P279,Q81621610
Q11106,P527,Q191768
Q11106,P527,Q5437342
Q226535,P31,Q4167410
Q226535,P1889,Q18915230
Q226535,P1889,Q1158195
Q2718434,P31,Q4167410
Q2718434,P1889,Q1974351
Q2718434,P1889,Q37520752
Q1724376,P31,Q4167410
Q1724376,P1889,Q36894087
Q3503092,P279,Q1383944
Q3503092,P279,Q12334861
Q3503092,P2849,Q243784
Q3503092,P682,Q3537764
Q3503092,P1343,Q1210353
Q3503092,P1343,Q19180675
Q3503092,P1343,Q4532138
Q121713,P910,Q8221151
Q121713,P1343,Q2657718
Q121713,P1343,Q2041543
Q121713,P1343,Q1970746
Q121713,P1343,Q602358
Q121713,P1343,Q19180675
Q121713,P1343,Q3181656
Q121713,P361,Q200253
Q121713,P361,Q188504
Q121713,P31,Q31338769
Q121713,P495,Q148
Q191035,P31,Q182545
Q191035,P1343,Q2657718
Q191035,P279,Q35874
Q191035,P279,Q131361
Q626292,P279,Q189567
Q626292,P279,Q4368298
Q626292,P910,Q8837241
Q626292,P1552,Q460453
Q626292,P5136,Q11002
Q626292,P366,Q23009439
Q626292,P366,Q62057953
Q12195,P910,Q6300310
Q12195,P1995,Q788926
Q12195,P1995,Q83042
Q12195,P1995,Q216685
Q12195,P279,Q1928978
Q12195,P279,Q945238
Q12195,P279,Q55789139
Q12195,P279,Q5062121
Q12195,P279,Q19000403
Q12195,P1542,Q1470579
Q12195,P1542,Q2036106
Q12195,P1343,Q2657718
Q12195,P1343,Q2041543
Q12195,P1343,Q20078554
Q12195,P31,Q12136
Q12195,P31,Q18123741
Q12195,P31,Q314676
Q12195,P31,Q314676
Q12195,P31,Q314676
Q12195,P31,Q314676
Q12195,P828,Q12438936
Q12195,P5008,Q5460604
Q12195,P5008,Q4099686
Q12195,P927,Q169953
Q12195,P1060,Q2272069
Q12195,P1060,Q15304512
Q12195,P780,Q270421
Q12195,P780,Q107231
Q12195,P780,Q1126769
Q12195,P780,Q12122651
Q12195,P780,Q38933
Q12195,P780,Q127076
Q12195,P780,Q40878
Q12195,P924,Q3488952
Q12195,P1605,Q5
Q37325864,P31,Q11424
Q37325864,P364,Q1860
Q37325864,P495,Q30
Q37325864,P161,Q7329580
Q37325864,P750,Q2910457
Q37325864,P136,Q93204
Q3757,P17,Q252
Q3757,P31,Q23442
Q3757,P361,Q165481
Q3757,P361,Q11708
Q3757,P910,Q9976949
Q3757,P610,Q270158
Q3757,P206,Q1239
Q3757,P206,Q49364
Q3757,P206,Q604492
Q3757,P206,Q192790
Q3757,P421,Q7458035
Q3757,P1465,Q32649276
Q3757,P1792,Q32649279
Q3757,P1464,Q32874134
Q3757,P1343,Q1138524
Q3757,P1343,Q63284758
Q3757,P1343,Q1768721
Q3757,P30,Q48
Q3757,P2936,Q653415
Q3757,P2936,Q2071325
Q3757,P2936,Q940486
Q3757,P2936,Q2719893
Q3757,P2936,Q2701322
Q3757,P2936,Q3915477
Q3757,P2936,Q12473479
Q3757,P2936,Q3322119
Q3757,P2936,Q36213
Q3757,P2936,Q33014
Q3757,P2936,Q33549
Q3757,P2936,Q3449885
Q3757,P2936,Q34002
Q3757,P706,Q165481
Q3757,P706,Q11708
Q3757,P150,Q3724
Q3757,P150,Q3557
Q3757,P150,Q3586
Q3757,P150,Q3630
Q3757,P150,Q3741
Q3757,P150,Q3540
Q3757,P172,Q49209
Q3757,P172,Q682079
Q3757,P172,Q2900057
Q3757,P172,Q1258905
Q3757,P172,Q1945786
Q3757,P793,Q7509865
Q3757,P7867,Q84041536
Q3757,P276,Q49364
Q582236,P31,Q4167410
Q102897,P31,Q4167410
Q102897,P1889,Q9151360
Q102897,P1889,Q16479852
Q2842903,P31,Q4830453
Q2842903,P452,Q507443
Q2842903,P159,Q1088629
Q2842903,P17,Q30
Q123028,P31,Q930752
Q123028,P31,Q11862829
Q123028,P910,Q5881496
Q123028,P1343,Q2657718
Q123028,P1343,Q2041543
Q123028,P1343,Q602358
Q123028,P1343,Q19180675
Q123028,P279,Q11190
Q123028,P101,Q57354899
Q123028,P3095,Q1919436
Q83042,P910,Q7130316
Q83042,P31,Q930752
Q83042,P31,Q11862829
Q83042,P3095,Q783906
Q83042,P1343,Q1970746
Q83042,P1343,Q602358
Q83042,P1343,Q19190511
Q83042,P279,Q11190
Q83042,P1889,Q98464537
Q1211606,P31,Q55983715
Q1211606,P527,Q194314
Q1211606,P527,Q170598
Q345378,P31,Q4167410
Q345378,P1889,Q29614222
Q43806,P31,Q2612572
Q43806,P910,Q7223033
Q43806,P171,Q729
Q43806,P2579,Q12744095
Q43806,P461,Q25241
Q43806,P1343,Q19180675
Q43806,P1343,Q602358
Q418901,P31,Q4167410
Q418901,P1889,Q37146224
Q21487227,P31,Q101352
Q21487227,P1889,Q160692
Q21487227,P460,Q16869493
Q21487227,P282,Q8229
Q4173974,P910,Q8461226
Q4173974,P1889,Q1541064
Q4173974,P279,Q3955369
Q4173974,P1343,Q1768721
Q340295,P31,Q4167410
Q340295,P1889,Q37328538
Q461696,P910,Q8289755
Q461696,P31,Q1039303
Q461696,P527,Q96279691
Q1223924,P31,Q12136
Q1223924,P828,Q166231
Q1223924,P1995,Q162555
Q1223924,P279,Q912796
Q16797628,P31,Q4167410
Q685585,P403,Q6434
Q685585,P31,Q4022
Q685585,P30,Q46
Q685585,P17,Q183
Q685585,P131,Q1198
Q685585,P131,Q1199
Q685585,P974,Q895958
Q685585,P974,Q187790
Q685585,P974,Q257479
Q685585,P974,Q562349
Q685585,P974,Q817150
Q685585,P974,Q825409
Q685585,P974,Q869568
Q685585,P974,Q874055
Q685585,P974,Q874379
Q685585,P974,Q876689
Q685585,P974,Q876971
Q685585,P974,Q895761
Q685585,P974,Q895787
Q685585,P974,Q896094
Q685585,P974,Q1534699
Q685585,P974,Q1675322
Q685585,P974,Q1774486
Q685585,P974,Q1797657
Q685585,P974,Q2094935
Q685585,P974,Q15057409
Q685585,P974,Q15057537
Q685585,P974,Q15108505
Q685585,P974,Q15110305
Q685585,P974,Q15122909
Q685585,P974,Q17325993
Q685585,P1200,Q8955932
Q685585,P1343,Q2041543
Q685585,P421,Q6655
Q685585,P421,Q6723
Q685585,P469,Q693343
Q685585,P910,Q55309712
Q685585,P885,Q21043554
Q411924,P31,Q101352
Q411924,P495,Q22
Q411924,P460,Q16275880
Q411924,P460,Q2696422
Q411924,P460,Q36890000
Q411924,P282,Q8229
Q15057851,P31,Q4167410
Q15057851,P1889,Q1826710
Q15057851,P1889,Q15057849
Q193129,P31,Q56883667
Q193129,P361,Q326228
Q193129,P1343,Q2657718
Q687889,P31,Q1914636
Q687889,P361,Q11661
Q687889,P910,Q9247294
Q687889,P1056,Q82753
Q687889,P279,Q1784021
Q16879037,P31,Q13406463
Q16879037,P360,Q3863
Q408471,P31,Q11173
Q408471,P31,Q12140
Q408471,P31,Q193430
Q408471,P769,Q409595
Q408471,P769,Q1747559
Q408471,P769,Q418656
Q408471,P769,Q402633
Q408471,P769,Q420885
Q408471,P527,Q627
Q408471,P527,Q623
Q408471,P2175,Q178190
Q408471,P2175,Q373822
Q408471,P2175,Q19000444
Q408471,P2175,Q741713
Q408471,P2175,Q281928
Q408471,P2175,Q202387
Q408471,P2175,Q845224
Q408471,P2175,Q544006
Q408471,P2175,Q154430
Q408471,P3489,Q3679274
Q408471,P3489,Q28123618
Q408471,P3780,Q47521971
Q408471,P3780,Q47521984
Q408471,P3780,Q48829260
Q408471,P2868,Q334477
Q408471,P2868,Q50430508
Q408471,P2868,Q50430246
Q408471,P636,Q285166
Q408471,P129,Q410142
Q7117835,P31,Q4167410
Q13317,P279,Q185217
Q13317,P279,Q26868224
Q13317,P279,Q26868454
Q13317,P279,Q26868628
Q13317,P910,Q7485152
Q13317,P186,Q8495
Q13317,P361,Q654493
Q13317,P2849,Q262677
Q3430227,P31,Q2996394
Q998,P279,Q7569
Q998,P279,Q851990
Q998,P910,Q8548465
Q998,P1365,Q576104
Q998,P1366,Q3377398
Q998,P1343,Q2657718
Q998,P31,Q5932254
Q998,P155,Q20182238
Q998,P156,Q97040416
Q121713,P910,Q8221151
Q121713,P1343,Q2657718
Q121713,P1343,Q2041543
Q121713,P1343,Q1970746
Q121713,P1343,Q602358
Q121713,P1343,Q19180675
Q121713,P1343,Q3181656
Q121713,P361,Q200253
Q121713,P361,Q188504
Q121713,P31,Q31338769
Q121713,P495,Q148
Q1394363,P279,Q6554101
Q1394363,P910,Q55251500
Q1394363,P1889,Q900521
Q114085,P279,Q18555020
Q114085,P279,Q946278
Q114085,P279,Q727028
Q114085,P279,Q10336461
Q114085,P279,Q55789042
Q114085,P279,Q102186674
Q114085,P2176,Q413762
Q114085,P2176,Q417813
Q114085,P2176,Q413147
Q114085,P2176,Q219626
Q114085,P2176,Q415433
Q114085,P2176,Q13530468
Q114085,P2176,Q417767
Q114085,P2176,Q1002165
Q114085,P2176,Q48566767
Q114085,P2176,Q415122
Q114085,P2176,Q28208887
Q114085,P31,Q18123741
Q114085,P780,Q3245488
Q114085,P780,Q86
Q114085,P780,Q1115038
Q114085,P780,Q35830
Q114085,P780,Q21118859
Q114085,P1343,Q19190511
Q114085,P5008,Q87748614
Q114085,P5008,Q4099686
Q114085,P1995,Q7320661
Q114085,P1995,Q1046686
Q287029,P31,Q11173
Q287029,P31,Q12140
Q287029,P31,Q72941151
Q287029,P636,Q285166
Q287029,P636,Q420054
Q287029,P636,Q419892
Q287029,P2175,Q79928
Q287029,P2175,Q938205
Q287029,P2175,Q29496
Q287029,P2175,Q831530
Q287029,P2175,Q79928
Q287029,P703,Q15978631
Q287029,P3489,Q3679561
Q287029,P3489,Q28123619
Q287029,P2868,Q445580
Q287029,P2868,Q1809112
Q287029,P2868,Q3064201
Q287029,P3780,Q47521039
Q287029,P3780,Q48826268
Q287029,P3780,Q48826346
Q287029,P3780,Q48826395
Q287029,P3780,Q48828108
Q287029,P3780,Q48828242
Q287029,P279,Q420418
Q423437,P31,Q11173
Q423437,P31,Q12140
Q423437,P31,Q193430
Q423437,P769,Q419394
Q423437,P769,Q410061
Q423437,P769,Q408163
Q423437,P769,Q7739
Q423437,P769,Q165399
Q423437,P769,Q4890934
Q423437,P769,Q422438
Q423437,P769,Q407972
Q423437,P769,Q425295
Q423437,P769,Q409672
Q423437,P769,Q118551
Q423437,P769,Q41576
Q423437,P769,Q425120
Q423437,P769,Q3712521
Q423437,P769,Q424238
Q423437,P769,Q408637
Q423437,P769,Q174259
Q423437,P769,Q213511
Q423437,P769,Q423757
Q423437,P769,Q421381
Q423437,P769,Q947595
Q423437,P769,Q251347
Q423437,P769,Q3791612
Q423437,P769,Q6821618
Q423437,P769,Q179996
Q423437,P769,Q424940
Q423437,P769,Q410011
Q423437,P769,Q416206
Q423437,P769,Q144085
Q423437,P769,Q10354103
Q423437,P769,Q417597
Q423437,P769,Q412496
Q423437,P769,Q413591
Q423437,P769,Q976559
Q423437,P769,Q422418
Q423437,P769,Q417909
Q423437,P769,Q58375
Q423437,P527,Q627
Q423437,P527,Q650
Q423437,P527,Q623
Q423437,P2175,Q187440
Q423437,P2175,Q18555085
Q423437,P2868,Q1328275
Q423437,P2868,Q50430264
Q423437,P2868,Q50430305
Q423437,P129,Q309513
Q423437,P129,Q21110532
Q423437,P129,Q905000
Q5562701,P641,Q5377
Q9655,P279,Q66392784
Q9655,P910,Q8266128
Q9655,P1343,Q2657718
Q9655,P1343,Q20078554
Q9655,P1343,Q602358
Q9655,P1343,Q19180675
Q9655,P1424,Q6134329
Q9655,P461,Q9609
Q9655,P2789,Q1072
Q9655,P2789,Q501908
Q9655,P1687,P2286
Q9655,P4843,Q14859997
Q9655,P31,Q103914748
Q900521,P910,Q8549385
Q900521,P279,Q3706669
Q900521,P361,Q2248357
Q900521,P1889,Q1394363
Q900521,P2354,Q6627846
Q228194,P31,Q4167410
Q3704426,P279,Q15143191
Q3704426,P31,Q28640
Q3704426,P425,Q929771
Q816,P1151,Q11253190
Q816,P17,Q30
Q816,P36,Q16556
Q816,P47,Q99
Q816,P47,Q1227
Q816,P47,Q829
Q816,P47,Q1522
Q816,P47,Q58731
Q816,P47,Q46422
Q816,P47,Q1261
Q816,P37,Q1860
Q816,P163,Q632491
Q816,P421,Q2212
Q816,P421,Q28145151
Q816,P131,Q30
Q816,P910,Q6808571
Q816,P31,Q35657
Q816,P194,Q2747172
Q816,P150,Q58771
Q816,P150,Q58774
Q816,P150,Q58684
Q816,P150,Q58686
Q816,P150,Q58692
Q816,P150,Q58683
Q816,P150,Q58759
Q816,P150,Q58691
Q816,P150,Q58696
Q816,P150,Q58694
Q816,P150,Q58688
Q816,P150,Q58712
Q816,P150,Q58689
Q816,P150,Q58711
Q816,P150,Q58698
Q816,P1464,Q9228976
Q816,P1465,Q8365368
Q816,P1740,Q6528447
Q816,P1791,Q8328493
Q816,P1792,Q7116701
Q816,P1343,Q302556
Q816,P1343,Q2657718
Q816,P1343,Q602358
Q816,P1343,Q3181656
Q816,P1313,Q29514606
Q816,P610,Q1239004
Q816,P206,Q1265
Q816,P2633,Q5535117
Q816,P6,Q5300433
Q816,P1424,Q10401259
Q816,P1589,Q1265
Q816,P2184,Q615360
Q816,P361,Q858847
Q816,P361,Q578170
Q816,P1365,Q670002
Q816,P5125,Q7112184
Q816,P208,Q16969540
Q816,P457,Q5164164
Q816,P209,Q4791452
Q816,P190,Q140631
Q816,P2238,Q969006
Q816,P2936,Q2393095
Q816,P2936,Q3565286
Q816,P2936,Q56421
Q816,P2936,Q56510
Q816,P2936,Q56492
Q816,P2936,Q13310
Q816,P2936,Q13260
Q816,P2936,Q28060
Q816,P2936,Q33044
Q816,P2936,Q56386
Q816,P7867,Q83987862
Q816,P418,Q2140180
Q816,P8744,Q11681256
Q816,P30,Q49
Q33196,P31,Q20056177
Q33196,P31,Q63812927
Q33196,P1343,Q2657718
Q33196,P1343,Q5217764
Q33196,P1343,Q19180675
Q33196,P1071,Q9612
Q33196,P1071,Q850653
Q33196,P1071,Q17147
Q33196,P1889,Q1377980
Q33196,P1889,Q63177917
Q33196,P156,Q17013437
Q33196,P156,Q647173
Q33196,P155,Q170145
Q33196,P279,Q7239
Q211050,P279,Q515386
Q211050,P279,Q12050000
Q211050,P1343,Q2041543
Q211050,P1343,Q602358
Q211050,P1343,Q19180675
Q211050,P2849,Q1479790
Q211050,P461,Q177332
Q211050,P3094,Q281579
Q211050,P910,Q10224866
Q211050,P31,Q189118
Q101896,P1995,Q788926
Q101896,P279,Q18553247
Q101896,P279,Q26695958
Q101896,P279,Q18555940
Q101896,P279,Q3041498
Q101896,P279,Q18554947
Q101896,P279,Q18557550
Q101896,P279,Q56603543
Q101896,P1343,Q2657718
Q101896,P1343,Q602358
Q101896,P1343,Q19180675
Q101896,P2176,Q421713
Q101896,P2176,Q424940
Q101896,P2176,Q1087499
Q101896,P2176,Q900898
Q101896,P2176,Q256602
Q101896,P2176,Q163901
Q101896,P2176,Q2878140
Q101896,P2176,Q413728
Q101896,P2176,Q411646
Q101896,P2176,Q1639616
Q101896,P2176,Q416154
Q101896,P2176,Q417968
Q101896,P2176,Q1082945
Q101896,P2176,Q213511
Q101896,P2176,Q193045
Q101896,P2176,Q2365016
Q101896,P2176,Q2736402
Q101896,P2176,Q411447
Q101896,P2176,Q417897
Q101896,P2176,Q544393
Q101896,P2176,Q244150
Q101896,P2176,Q1052672
Q101896,P2176,Q27089370
Q101896,P2176,Q258450
Q101896,P2176,Q27122736
Q101896,P2176,Q1639616
Q101896,P2176,Q415173
Q101896,P2176,Q417897
Q101896,P2176,Q201928
Q101896,P2176,Q421713
Q101896,P2176,Q163901
Q101896,P828,Q131129
Q101896,P31,Q12136
Q101896,P927,Q9386
Q101896,P927,Q9612
Q101896,P927,Q16364
Q101896,P927,Q1233836
Q101896,P5008,Q4099686
Q179399,P910,Q7460467
Q179399,P1995,Q105650
Q179399,P1995,Q17145564
Q179399,P279,Q7314317
Q179399,P279,Q102186786
Q179399,P2176,Q7455005
Q179399,P2176,Q907160
Q179399,P2176,Q413581
Q179399,P2176,Q200774
Q179399,P2176,Q12415847
Q179399,P2176,Q20817286
Q179399,P2176,Q407172
Q179399,P2176,Q5403717
Q179399,P461,Q964401
Q179399,P5008,Q4099686
Q200117,P910,Q7486473
Q200117,P279,Q14890574
Q200117,P279,Q25862
Q200117,P1889,Q207122
Q200117,P1542,Q11995
Q399433,P31,Q4167410
Q399433,P1889,Q4015733
Q399433,P1889,Q37546899
Q116608,P31,Q4167410
Q116608,P1889,Q20520458
Q116608,P1889,Q15733417
Q405977,P31,Q4167410
Q226494,P31,Q4167410
Q11042,P1151,Q6652637
Q11042,P910,Q2944929
Q11042,P279,Q3769299
Q11042,P279,Q2515887
Q11042,P1343,Q20743760
Q11042,P1343,Q2657718
Q11042,P1343,Q602358
Q11042,P1343,Q101314624
Q11042,P2633,Q168891
Q11042,P2959,Q22828713
Q11042,P1424,Q7743800
Q11042,P1687,P2596
Q11042,P5008,Q5460604
Q11042,P5125,Q4773237
Q11042,P2579,Q858517
Q11042,P2579,Q132151
Q11042,P2579,Q23404
Q11042,P2579,Q1143546
Q11042,P1889,Q357279
Q11042,P527,Q5193405
Q11042,P1552,Q3825100
Q3200265,P186,Q10990
Q3200265,P186,Q1343997
Q3200265,P279,Q1427887
Q3200265,P279,Q81799
Q3200265,P279,Q1427844
Q355484,P31,Q4167410
Q355484,P1889,Q2153054
Q355484,P1889,Q16882085
Q412663,P31,Q4167410
Q5205789,P31,Q9135
Q5205789,P178,Q5227443
Q357020,P31,Q4167410
Q357020,P1889,Q16872423
Q357020,P460,Q230301
Q357020,P460,Q677650
Q16869037,P31,Q21278897
Q547432,P31,Q82799
Q547432,P527,Q19828535
Q547432,P527,Q27651236
Q547432,P1889,Q2139495
Q18575,P1465,Q9220226
Q18575,P190,Q45779
Q18575,P190,Q3688
Q18575,P190,Q82670
Q18575,P190,Q15684
Q18575,P190,Q189138
Q18575,P190,Q35493
Q18575,P190,Q191204
Q18575,P190,Q681340
Q18575,P190,Q9022
Q18575,P17,Q30
Q18575,P31,Q1549591
Q18575,P31,Q1093829
Q18575,P131,Q58688
Q18575,P910,Q8874152
Q18575,P1464,Q15519282
Q18575,P1792,Q7930389
Q18575,P421,Q28145151
Q18575,P421,Q2212
Q18575,P6,Q73981288
Q18575,P1313,Q30185
Q18575,P361,Q14234469
Q18575,P1376,Q58688
Q18575,P1830,Q7638399
Q18575,P1830,Q7851141
Q18575,P1830,Q21016286
Q83042,P910,Q7130316
Q83042,P31,Q930752
Q83042,P31,Q11862829
Q83042,P3095,Q783906
Q83042,P1343,Q1970746
Q83042,P1343,Q602358
Q83042,P1343,Q19190511
Q83042,P279,Q11190
Q83042,P1889,Q98464537
Q295176,P31,Q4167410
Q13372362,P31,Q4167410
Q13372362,P1889,Q16274785
Q13372362,P1889,Q17771843
Q13372362,P460,Q1739837
Q13372362,P460,Q15208087
Q13372362,P460,Q15939407
Q13372362,P460,Q16237815
Q13372362,P460,Q17122707
Q13372362,P460,Q30703603
Q13372362,P460,Q27919992
Q13372362,P460,Q1084444
Q249081,P21,Q6581097
Q249081,P31,Q88552888
Q249081,P31,Q3658341
Q249081,P25,Q246930
Q249081,P551,Q1310304
Q249081,P170,Q207036
Q249081,P175,Q1101612
Q249081,P1441,Q15700692
Q249081,P4969,Q27305077
Q12159869,P31,Q101352
Q12159869,P407,Q5287
Q12159869,P1889,Q2392160
Q12159869,P460,Q26000256
Q12159869,P460,Q26001262
Q12159869,P460,Q27166080
Q12159869,P282,Q82772
Q12159869,P361,Q90033031
Q12159869,P361,Q90036307
Q12159869,P527,Q54552066
Q12159869,P527,Q3594923
Q42562,P105,Q7432
Q42562,P171,Q33551
Q42562,P31,Q16521
Q42562,P1672,Q20730193
Q42562,P1672,Q48929903
Q42562,P1672,Q99761971
Q42562,P527,Q48929903
Q42562,P1889,Q20730193
Q42562,P1889,Q48929903
Q42562,P910,Q55330686
Q42562,P141,Q3245245
Q42562,P1343,Q1768721
Q8445,P910,Q7301014
Q8445,P1343,Q2041543
Q8445,P1343,Q30059240
Q8445,P1343,Q4086271
Q8445,P1343,Q19211082
Q8445,P1343,Q19180675
Q8445,P1343,Q4173137
Q8445,P1343,Q602358
Q8445,P1343,Q1970746
Q8445,P1343,Q1210353
Q8445,P31,Q1938208
Q8445,P1687,P26
Q8445,P1687,P5982
Q8445,P527,Q16034121
Q8445,P279,Q223642
Q8445,P5008,Q5460604
Q8445,P5008,Q13382529
Q8445,P1552,Q7860953
Q7919951,P31,Q4167410
Q7928080,P31,Q56436498
Q7928080,P17,Q668
Q7928080,P131,Q27116122
Q7928080,P421,Q6828
Q7928080,P1889,Q1804741
Q10998,P105,Q7432
Q10998,P31,Q16521
Q10998,P171,Q146555
Q10998,P910,Q8789128
Q10998,P910,Q22811248
Q10998,P2959,Q25634247
Q10998,P4000,Q13184
Q10998,P1672,Q16587531
Q10998,P1672,Q715160
Q10998,P1889,Q16587531
Q10998,P1343,Q2041543
Q10998,P1343,Q602358
Q10998,P5008,Q5460604
Q10998,P166,Q1344055
Q10998,P2868,Q810198
Q1827455,P31,Q67015883
Q1827455,P680,Q14907416
Q1827455,P279,Q407479
Q1827455,P279,Q87332908
Q292995,P31,Q4167410
Q217364,P31,Q4167410
Q217364,P460,Q8776745
Q450597,P31,Q4167410
Q253824,P31,Q4167410
Q331693,P31,Q4167410
Q331693,P1889,Q37506491
Q1757,P1376,Q33
Q1757,P1376,Q62519
Q1757,P1376,Q62633
Q1757,P1376,Q1811029
Q1757,P1376,Q1372937
Q1757,P1376,Q5711
Q1757,P237,Q2076504
Q1757,P17,Q33
Q1757,P17,Q34266
Q1757,P17,Q34
Q1757,P17,Q1811029
Q1757,P31,Q5119
Q1757,P31,Q515
Q1757,P31,Q200250
Q1757,P31,Q856076
Q1757,P31,Q51929311
Q1757,P30,Q46
Q1757,P131,Q5711
Q1757,P421,Q6723
Q1757,P421,Q190252
Q1757,P421,Q1109976
Q1757,P421,Q6760
Q1757,P6,Q2475123
Q1757,P6,Q32219
Q1757,P190,Q1085
Q1757,P190,Q656
Q1757,P190,Q226
Q1757,P190,Q472
Q1757,P190,Q585
Q1757,P190,Q1748
Q1757,P190,Q1754
Q1757,P190,Q1764
Q1757,P190,Q1899
Q1757,P190,Q10704
Q1757,P190,Q956
Q1757,P190,Q1770
Q1757,P190,Q64
Q1757,P910,Q6448435
Q1757,P1464,Q9826507
Q1757,P1465,Q9914744
Q1757,P47,Q47034
Q1757,P47,Q127623
Q1757,P47,Q986320
Q1757,P37,Q1412
Q1757,P37,Q9027
Q1757,P112,Q52947
Q1757,P1792,Q8736295
Q1757,P206,Q14686
Q1757,P206,Q2092330
Q1757,P1740,Q20011793
Q1757,P2633,Q5535152
Q1757,P194,Q4117101
Q1757,P1791,Q7978625
Q1757,P2184,Q3319914
Q1757,P1343,Q4114391
Q1757,P1343,Q4173137
Q1757,P1343,Q19180675
Q1757,P1343,Q602358
Q1757,P1343,Q746368
Q1757,P1343,Q4114391
Q1757,P1343,Q20078554
Q1757,P1151,Q56686923
Q1757,P1830,Q2601487
Q1757,P1830,Q3129981
Q1757,P1830,Q3278765
Q1757,P1830,Q4357584
Q1757,P1830,Q5393075
Q1757,P1830,Q11857642
Q1757,P1830,Q18660515
Q1757,P1830,Q41776698
Q1757,P1830,Q1139227
Q1757,P1830,Q1433158
Q1757,P1830,Q2031357
Q1757,P1441,Q2385
Q1757,P7867,Q84093262
Q1757,P8402,Q96992754
Q1757,P7938,Q3736245
Q181100,P910,Q6274262
Q181100,P361,Q4712977
Q181100,P361,Q1112860
Q181100,P527,Q9382
Q181100,P527,Q9386
Q181100,P527,Q9377
Q181100,P527,Q9385
Q181100,P527,Q28015725
Q181100,P527,Q28015726
Q181100,P279,Q188193
Q181100,P366,Q39895999
Q181100,P1343,Q2041543
Q181100,P31,Q4936952
Q181100,P4843,Q14860014
Q28525715,P17,Q159
Q28525715,P31,Q5084
Q28525715,P131,Q19836857
Q918396,P910,Q8664009
Q918396,P17,Q145
Q918396,P527,Q16251481
Q918396,P527,Q16933548
Q918396,P527,Q6954180
Q918396,P527,Q16152501
Q918396,P793,Q29908721
Q918396,P31,Q28821169
Q918396,P1365,Q6975172
Q7549755,P31,Q4167410
Q180472,P910,Q8875692
Q180472,P1343,Q2041543
Q180472,P1343,Q1138524
Q180472,P1343,Q30059240
Q180472,P1343,Q2657718
Q180472,P1343,Q1768721
Q180472,P31,Q1334052
Q180472,P31,Q11666901
Q180472,P527,Q26701091
Q180472,P5125,Q28130112
Q180472,P279,Q41689629
Q243373,P31,Q4167410
Q16871481,P31,Q101352
Q16871481,P1889,Q1777017
Q16871481,P282,Q8229
Q233427,P31,Q4167410
Q8963,P184,Q75797
Q8963,P19,Q505147
Q8963,P25,Q67158
Q8963,P20,Q2978
Q8963,P106,Q18805
Q8963,P106,Q155647
Q8963,P106,Q1234713
Q8963,P106,Q170790
Q8963,P106,Q11063
Q8963,P106,Q14915627
Q8963,P106,Q169470
Q8963,P106,Q2998308
Q8963,P106,Q16031530
Q8963,P106,Q4964182
Q8963,P101,Q14620
Q8963,P101,Q333
Q8963,P101,Q395
Q8963,P101,Q41217
Q8963,P69,Q153978
Q8963,P910,Q7216577
Q8963,P31,Q5
Q8963,P735,Q1158906
Q8963,P735,Q2117521
Q8963,P1412,Q397
Q8963,P1343,Q17378135
Q8963,P1343,Q19180675
Q8963,P1343,Q602358
Q8963,P1343,Q2657718
Q8963,P1343,Q19538713
Q8963,P1343,Q590208
Q8963,P1343,Q51955019
Q8963,P1343,Q67311526
Q8963,P1343,Q99413897
Q8963,P512,Q1765120
Q8963,P512,Q2091008
Q8963,P937,Q13298
Q8963,P937,Q41329
Q8963,P937,Q3012
Q8963,P140,Q13211738
Q8963,P140,Q75809
Q8963,P800,Q779311
Q8963,P800,Q1066757
Q8963,P800,Q16777454
Q8963,P800,Q20962170
Q8963,P800,Q611853
Q8963,P119,Q2978
Q8963,P734,Q16277846
Q8963,P27,Q12548
Q8963,P5008,Q5460604
Q8963,P5008,Q103505599
Q8963,P108,Q622683
Q8963,P859,Q150586
Q8963,P859,Q153545
Q8963,P21,Q6581097
Q8963,P1066,Q75797
Q8963,P1066,Q36620
Q8963,P802,Q73013
Q8963,P802,Q459735
Q8963,P802,Q55125365
Q8963,P172,Q42884
Q8963,P551,Q159626
Q8963,P737,Q619
Q8963,P3373,Q95205105
Q7355187,P31,Q4167410
Q516445,P279,Q5
Q516445,P279,Q6581097
Q516445,P279,Q908826
Q516445,P1889,Q33057403
Q5468197,P31,Q4167410
Q2306037,P910,Q8847698
Q2306037,P31,Q838795
Q2306037,P495,Q30
Q2306037,P50,Q919020
Q2306037,P155,Q6980867
Q2306037,P407,Q1860
Q1496,P21,Q6581097
Q1496,P19,Q491484
Q1496,P20,Q685318
Q1496,P27,Q45670
Q1496,P27,Q217196
Q1496,P106,Q11900058
Q1496,P106,Q45199
Q1496,P31,Q5
Q1496,P735,Q18171074
Q1496,P910,Q8952748
Q1496,P1412,Q652
Q1496,P1412,Q5146
Q1496,P1412,Q1321
Q1496,P1343,Q2657718
Q1496,P1343,Q602358
Q1496,P1343,Q67311526
Q1496,P172,Q178630
Q1496,P26,Q22668563
Q1496,P22,Q42293555
Q1496,P1347,Q210392
Q1496,P166,Q67221016
Q1496,P166,Q757097
Q1496,P598,Q1225170
Q1496,P598,Q2453459
Q1496,P5008,Q5460604
Q1496,P1344,Q1225170
Q1496,P509,Q210392
Q1496,P1196,Q149086
Q1496,P157,Q216275
Q1496,P410,Q132851
Q1496,P25,Q100953577
Q7250841,P31,Q4167410
Q112252,P31,Q4167410
Q112252,P1889,Q37519481
Q402506,P31,Q4167410
Q402506,P1889,Q16275190
Q402506,P1889,Q16865493
Q6545686,P31,Q4167410
Q816425,P910,Q8826767
Q816425,P31,Q1914636
Q816425,P361,Q131089
Q816425,P279,Q2695280
Q816425,P279,Q11862829
Q816425,P3095,Q294126
Q816425,P1343,Q1768721
Q120200,P910,Q10206987
Q120200,P1343,Q2657718
Q120200,P1343,Q2041543
Q120200,P279,Q496946
Q120200,P279,Q12132
Q120200,P1269,Q181505
Q120200,P1269,Q1063512
Q120200,P527,Q13442
Q120200,P527,Q76287
Q120200,P527,Q11471
Q120200,P527,Q272626
Q297833,P31,Q4167410
Q264620,P190,Q81729
Q264620,P190,Q57860
Q264620,P17,Q183
Q264620,P131,Q10544
Q264620,P910,Q7271418
Q264620,P31,Q15253706
Q264620,P31,Q1187811
Q264620,P31,Q42744322
Q264620,P421,Q6655
Q264620,P421,Q6723
Q264620,P47,Q1726
Q264620,P47,Q254001
Q264620,P47,Q253881
Q264620,P47,Q254897
Q264620,P463,Q1997552
Q264620,P463,Q812378
Q264620,P1464,Q32375523
Q264620,P361,Q2349996
Q264620,P1456,Q1831790
Q394595,P31,Q4167410
Q343796,P31,Q4167410
Q842617,P279,Q4006
Q842617,P910,Q30858010
Q842617,P1343,Q2657718
Q842617,P1343,Q602358
Q842617,P1343,Q19180675
Q842617,P361,Q11025270
Q842617,P2579,Q60198411
Q217441,P31,Q4167410
Q217441,P460,Q58188929
Q248884,P31,Q579036
Q295309,P17,Q30
Q295309,P31,Q43229
Q295309,P159,Q753414
Q1178359,P31,Q4167410
Q111082,P31,Q4167410
Q111082,P1889,Q8923
Q111082,P1889,Q1501108
Q111082,P1889,Q78340041
Q111082,P460,Q16870152
Q111082,P460,Q29388907
Q16220643,P31,Q4167410
Q58291116,P31,Q82799
Q58291116,P407,Q1860
Q58291116,P527,Q37441331
Q58291116,P527,Q43012926
Q58291116,P1889,Q445914
Q224335,P31,Q4167410
Q224335,P1889,Q1158612
Q224335,P1889,Q57959338
Q243414,P31,Q4167410
Q86436,P279,Q57207682
Q86436,P1889,Q1570097
Q5375005,P31,Q4167410
Q1208551,P31,Q4167410
Q1208551,P1889,Q43454301
Q935149,P375,Q11230713
Q935149,P31,Q26529
Q935149,P31,Q1944346
Q935149,P31,Q928667
Q935149,P361,Q25101041
Q935149,P176,Q1207946
Q935149,P1427,Q1077124
Q935149,P276,Q56551357
Q935149,P137,Q1207946
Q935149,P793,Q797476
Q935149,P793,Q531716
Q227987,P31,Q4167410
Q37452998,P31,Q101352
Q37452998,P1889,Q22084436
Q37452998,P282,Q8229
Q37452998,P5323,Q92953148
Q12773842,P31,Q4167410
Q225732,P31,Q4167410
Q7920650,P31,Q4167410
Q291595,P31,Q4167410
Q1181769,P31,Q4167410
Q1181769,P1889,Q36970997
Q273312,P17,Q142
Q273312,P131,Q1505083
Q273312,P131,Q3769
Q273312,P131,Q672744
Q273312,P31,Q484170
Q273312,P6,Q3170254
Q273312,P1464,Q18664798
Q273312,P1376,Q273312
Q273312,P47,Q938040
Q273312,P47,Q996422
Q273312,P47,Q948333
Q273312,P47,Q668084
Q273312,P47,Q371808
Q273312,P910,Q25219355
Q273312,P1792,Q16815661
Q273312,P1313,Q62587253
Q273312,P7867,Q84067329
Q359962,P31,Q4167410
Q23548,P1151,Q18169144
Q23548,P17,Q30
Q23548,P910,Q7217646
Q23548,P553,Q51709
Q23548,P121,Q20994589
Q23548,P2184,Q15812100
Q23548,P112,Q9916
Q23548,P112,Q48525
Q23548,P2388,Q358841
Q23548,P463,Q19861084
Q23548,P463,Q1634011
Q23548,P463,Q3153043
Q23548,P749,Q48525
Q23548,P355,Q618728
Q23548,P355,Q422272
Q23548,P355,Q208371
Q23548,P355,Q618731
Q23548,P355,Q618696
Q23548,P355,Q1540619
Q23548,P355,Q618717
Q23548,P355,Q48821
Q23548,P355,Q30288044
Q23548,P355,Q1147312
Q23548,P355,Q30296549
Q23548,P355,Q6023410
Q23548,P355,Q30296809
Q23548,P355,Q30296934
Q23548,P355,Q30296939
Q23548,P355,Q30296943
Q23548,P355,Q30296947
Q23548,P355,Q30297025
Q23548,P355,Q30297026
Q23548,P355,Q30297030
Q23548,P355,Q30297033
Q23548,P355,Q30297034
Q23548,P355,Q30297036
Q23548,P355,Q30297403
Q23548,P355,Q7201230
Q23548,P355,Q6953661
Q23548,P355,Q305443
Q23548,P355,Q1441564
Q23548,P355,Q182348
Q23548,P355,Q6978623
Q23548,P355,Q30264492
Q23548,P355,Q30264495
Q23548,P355,Q30264499
Q23548,P355,Q30264501
Q23548,P355,Q30264506
Q23548,P355,Q30264509
Q23548,P355,Q6392387
Q23548,P355,Q30264512
Q23548,P355,Q30264514
Q23548,P355,Q30264520
Q23548,P355,Q30264522
Q23548,P355,Q30264523
Q23548,P355,Q30264529
Q23548,P355,Q30264530
Q23548,P355,Q30264531
Q23548,P355,Q30264536
Q23548,P355,Q30264537
Q23548,P355,Q30264539
Q23548,P355,Q30264541
Q23548,P355,Q30264543
Q23548,P355,Q30264546
Q23548,P355,Q30264548
Q23548,P355,Q30264551
Q23548,P355,Q30264552
Q23548,P355,Q30264553
Q23548,P355,Q30264554
Q23548,P355,Q30264557
Q23548,P355,Q30264558
Q23548,P355,Q6952426
Q23548,P355,Q33122147
Q23548,P355,Q6952415
Q23548,P355,Q41567181
Q23548,P355,Q52152
Q23548,P355,Q735603
Q23548,P355,Q181052
Q23548,P355,Q189325
Q23548,P355,Q3448657
Q23548,P355,Q30296739
Q23548,P457,Q1014059
Q23548,P1830,Q286649
Q23548,P1830,Q752071
Q23548,P1830,Q1540619
Q23548,P1830,Q1818552
Q23548,P1830,Q2519487
Q23548,P1830,Q2749172
Q23548,P1830,Q17070550
Q23548,P1830,Q182508
Q23548,P1365,Q618604
Q23548,P1454,Q1752939
Q23548,P6379,Q214867
Q23548,P6379,Q239303
Q23548,P6379,Q188740
Q23548,P166,Q5300150
Q23548,P1037,Q3601035
Q23548,P797,Q11699
Q23548,P159,Q61
Q23548,P31,Q17505024
Q23548,P7763,Q77430932
Q23548,P1687,P2030
Q23548,P1343,Q73357989
Q23548,P1343,Q99413897
Q23548,P8402,Q100989541
Q48655,P279,Q2920644
Q48655,P279,Q70696191
Q8421,P31,Q336
Q8421,P910,Q9755007
Q8421,P1343,Q602358
Q8421,P1343,Q867541
Q8421,P527,Q1434048
Q8421,P527,Q221395
Q8421,P2283,Q8424
Q8421,P2283,Q101333
Q8421,P2283,Q25261
Q8421,P2283,Q11473
Q8421,P2283,Q172145
Q188619,P910,Q6511158
Q188619,P361,Q43229
Q188619,P361,Q8425
Q188619,P461,Q31895
Q188619,P461,Q1616178
Q188619,P1343,Q2657718
Q188619,P1343,Q101314624
Q188619,P1552,Q7100719
Q188619,P279,Q58778
Q188619,P279,Q6671777
Q148319,P910,Q6542084
Q148319,P279,Q57659484
Q148319,P279,Q5193377
Q148319,P2283,Q7201225
Q224432,P31,Q4167410
Q6408486,P910,Q8739825
Q6408486,P31,Q268592
Q6408486,P279,Q770899
Q6408486,P1343,Q2657718
Q6408486,P3095,Q152355
Q6408486,P3095,Q84932710
Q15781418,P31,Q4167410
Q690868,P279,Q2041172
Q690868,P279,Q1751850
Q690868,P279,Q3099911
Q690868,P1343,Q2657718
Q690868,P1343,Q4532138
Q690868,P1343,Q20078554
Q445133,P31,Q4167410
Q297083,P31,Q4167410
Q297083,P1889,Q37499161
Q257649,P31,Q4167410
Q257649,P460,Q7276796
Q257649,P1889,Q27165979
Q257649,P1889,Q16882089
Q2630687,P279,Q66493932
Q2630687,P279,Q2588076
Q2630687,P279,Q2628882
Q2630687,P910,Q8582259
Q2630687,P1889,Q98108964
Q3076,P61,Q231618
Q3076,P61,Q216874
Q3076,P61,Q375311
Q3076,P770,Q319
Q3076,P31,Q3559
Q3076,P138,Q216874
Q322451,P279,Q89783143
Q2118157,P31,Q4167410
Q2118157,P1889,Q37450270
Q508553,P31,Q12308941
Q508553,P460,Q22815741
Q508553,P460,Q26736949
Q508553,P460,Q28019457
Q508553,P460,Q20159731
Q508553,P1533,Q21936502
Q508553,P1889,Q19823666
Q508553,P282,Q8229
Q508553,P407,Q1860
Q27381055,P31,Q101352
Q27381055,P1889,Q451735
Q27381055,P460,Q21501831
Q27381055,P460,Q27382246
Q27381055,P460,Q1158468
Q27381055,P460,Q16882802
Q27381055,P282,Q8229
Q348818,P31,Q4167410
Q348818,P1889,Q21501617
Q348818,P1889,Q50316275
Q1110579,P279,Q4698563
Q1110579,P279,Q28816538
Q5711813,P31,Q532
Q5711813,P17,Q794
Q5711813,P131,Q5679323
Q1025057,P17,Q55
Q1025057,P131,Q835083
Q1025057,P31,Q1852859
Q1025057,P421,Q6655
Q5553169,P460,Q1497736
Q5553169,P460,Q1261347
Q5553169,P460,Q2131007
Q5553169,P460,Q5550225
Q5553169,P460,Q16275954
Q5553169,P460,Q13480879
Q5553169,P460,Q19572194
Q5553169,P460,Q7996169
Q5553169,P460,Q18171083
Q5553169,P460,Q19688437
Q5553169,P1750,Q2890
Q5553169,P1889,Q1210197
Q5553169,P282,Q8229
Q5553169,P31,Q3409032
Q5553169,P407,Q7411
Q5553169,P407,Q9027
Q5553169,P5323,Q21644845
Q5553169,P1533,Q87183200
Q1038853,P31,Q4167410
Q2262021,P31,Q4167410
Q2262021,P1889,Q37566307
Q236551,P31,Q4167410
Q410645,P31,Q4167410
Q410645,P1889,Q16865879
Q410645,P1889,Q43373907
Q406994,P31,Q4167410
Q83481,P361,Q4130
Q83481,P279,Q44946
Q83481,P279,Q167312
Q83481,P279,Q126017
Q83481,P1343,Q4532135
Q83481,P1343,Q19180675
Q83481,P1343,Q2041543
Q83481,P1269,Q272626
Q83481,P1269,Q333
Q83481,P1889,Q14948964
Q83481,P31,Q21484471
Q83481,P921,Q1088950
Q83481,P921,Q2858363
Q649,P421,Q842320
Q649,P421,Q6760
Q649,P1464,Q16363460
Q649,P1456,Q18001788
Q649,P1151,Q11383163
Q649,P31,Q4442912
Q649,P31,Q183342
Q649,P31,Q1549591
Q649,P31,Q174844
Q649,P31,Q51929311
Q649,P31,Q51929311
Q649,P31,Q50330360
Q649,P31,Q51929311
Q649,P31,Q51929311
Q649,P31,Q5119
Q649,P31,Q7930989
Q649,P31,Q1637706
Q649,P31,Q43263
Q649,P150,Q190412
Q649,P150,Q462016
Q649,P150,Q462247
Q649,P150,Q307234
Q649,P150,Q121979
Q649,P150,Q462377
Q649,P150,Q462400
Q649,P150,Q462475
Q649,P150,Q462490
Q649,P150,Q207695
Q649,P150,Q462497
Q649,P150,Q462589
Q649,P150,Q2366010
Q649,P150,Q2367598
Q649,P150,Q2366768
Q649,P150,Q626920
Q649,P150,Q2367414
Q649,P150,Q2367552
Q649,P150,Q1669860
Q649,P150,Q2626875
Q649,P150,Q425824
Q649,P150,Q2367665
Q649,P150,Q2367564
Q649,P150,Q2362908
Q649,P150,Q1019199
Q649,P150,Q861805
Q649,P150,Q2367430
Q649,P150,Q2366730
Q649,P150,Q944276
Q649,P150,Q2626858
Q649,P150,Q533860
Q649,P150,Q1962788
Q649,P150,Q1017756
Q649,P150,Q2365753
Q649,P150,Q2367500
Q649,P150,Q2358875
Q649,P150,Q862107
Q649,P150,Q2626861
Q649,P150,Q2367484
Q649,P150,Q635860
Q649,P150,Q1963403
Q649,P150,Q2366877
Q649,P150,Q2367534
Q649,P150,Q2626343
Q649,P150,Q474850
Q649,P150,Q587055
Q649,P150,Q2360885
Q649,P150,Q155102
Q649,P150,Q669235
Q649,P150,Q2366787
Q649,P150,Q1382617
Q649,P150,Q2367455
Q649,P150,Q2367516
Q649,P150,Q1963431
Q649,P150,Q2367627
Q649,P150,Q2622887
Q649,P150,Q1958176
Q649,P150,Q3831503
Q649,P150,Q2626887
Q649,P150,Q2626320
Q649,P150,Q2625558
Q649,P150,Q1963027
Q649,P150,Q2361002
Q649,P150,Q2364279
Q649,P150,Q2008435
Q649,P150,Q2366899
Q649,P150,Q2366748
Q649,P150,Q2364381
Q649,P150,Q2704188
Q649,P150,Q2360436
Q649,P150,Q1963371
Q649,P150,Q2364993
Q649,P150,Q2367394
Q649,P150,Q2367649
Q649,P150,Q842239
Q649,P150,Q2320761
Q649,P150,Q1962831
Q649,P150,Q2359096
Q649,P150,Q2366666
Q649,P150,Q1963165
Q649,P150,Q3831532
Q649,P150,Q2366807
Q649,P150,Q2365359
Q649,P150,Q2366853
Q649,P150,Q2367583
Q649,P150,Q2367469
Q649,P150,Q780455
Q649,P150,Q3960539
Q649,P150,Q2704327
Q649,P150,Q2364971
Q649,P150,Q1935566
Q649,P150,Q486720
Q649,P150,Q2625675
Q649,P150,Q942798
Q649,P150,Q2710104
Q649,P150,Q1963126
Q649,P150,Q2365771
Q649,P150,Q1963109
Q649,P150,Q998027
Q649,P150,Q1963181
Q649,P150,Q862100
Q649,P150,Q2626866
Q649,P150,Q630277
Q649,P150,Q2366712
Q649,P150,Q598088
Q649,P150,Q2366143
Q649,P150,Q2366829
Q649,P150,Q1963417
Q649,P150,Q2704875
Q649,P150,Q2367611
Q649,P150,Q1963176
Q649,P150,Q1963002
Q649,P150,Q1963015
Q649,P150,Q1963381
Q649,P150,Q2216653
Q649,P150,Q2008454
Q649,P150,Q1963114
Q649,P150,Q122788
Q649,P150,Q1963145
Q649,P150,Q2059063
Q649,P150,Q1963190
Q649,P150,Q1963039
Q649,P150,Q1963453
Q649,P150,Q1963134
Q649,P150,Q1962988
Q649,P150,Q1962775
Q649,P150,Q2058744
Q649,P150,Q4373595
Q649,P150,Q4373600
Q649,P150,Q4373596
Q649,P150,Q4373597
Q649,P150,Q4373598
Q649,P150,Q4373601
Q649,P150,Q4373602
Q649,P150,Q4373603
Q649,P150,Q4373604
Q649,P150,Q4373605
Q649,P150,Q4373606
Q649,P150,Q462784
Q649,P150,Q4373609
Q649,P150,Q4373607
Q649,P150,Q4373608
Q649,P150,Q5470559
Q649,P150,Q4373611
Q649,P150,Q196691
Q649,P150,Q4373612
Q649,P150,Q4373613
Q649,P150,Q198388
Q649,P150,Q1963171
Q649,P150,Q3831538
Q649,P150,Q1963160
Q649,P150,Q508433
Q649,P150,Q1112926
Q649,P150,Q1962799
Q649,P150,Q1962823
Q649,P150,Q1963154
Q649,P150,Q1963119
Q649,P150,Q2360561
Q649,P208,Q1837906
Q649,P208,Q3339281
Q649,P47,Q1697
Q649,P47,Q2842
Q649,P190,Q1491
Q649,P190,Q994
Q649,P190,Q64
Q649,P190,Q85
Q649,P190,Q216
Q649,P190,Q133026
Q649,P190,Q486282
Q649,P190,Q987
Q649,P190,Q19689
Q649,P190,Q1297
Q649,P190,Q31487
Q649,P190,Q2807
Q649,P190,Q33935
Q649,P190,Q3616
Q649,P190,Q270
Q649,P190,Q1773
Q649,P190,Q19660
Q649,P190,Q956
Q649,P190,Q131127
Q649,P190,Q196678
Q649,P190,Q807
Q649,P190,Q239
Q649,P190,Q13498
Q649,P190,Q41572
Q649,P190,Q84
Q649,P190,Q437
Q649,P190,Q472
Q649,P190,Q727
Q649,P190,Q1085
Q649,P190,Q1353
Q649,P190,Q1461
Q649,P190,Q1486
Q649,P190,Q1520
Q649,P190,Q1524
Q649,P190,Q1718
Q649,P190,Q1741
Q649,P190,Q1770
Q649,P190,Q1861
Q649,P190,Q1953
Q649,P190,Q3004
Q649,P190,Q3561
Q649,P190,Q3572
Q649,P190,Q3630
Q649,P190,Q3640
Q649,P190,Q3805
Q649,P190,Q3820
Q649,P190,Q8684
Q649,P190,Q9005
Q649,P190,Q9899
Q649,P190,Q19566
Q649,P190,Q23564
Q649,P190,Q25409
Q649,P190,Q42308
Q649,P190,Q43070
Q649,P190,Q131290
Q649,P190,Q140147
Q649,P190,Q156711
Q649,P190,Q178373
Q649,P190,Q179830
Q649,P190,Q186576
Q649,P190,Q1490
Q649,P190,Q1780
Q649,P190,Q18808
Q649,P190,Q1899
Q649,P190,Q5582862
Q649,P190,Q919
Q649,P190,Q158119
Q649,P163,Q1983397
Q649,P85,Q2398452
Q649,P194,Q2041767
Q649,P194,Q4304066
Q649,P138,Q175117
Q649,P112,Q275106
Q649,P237,Q2079384
Q649,P92,Q4478176
Q649,P209,Q4231501
Q649,P6,Q319497
Q649,P6,Q735373
Q649,P6,Q156379
Q649,P417,Q48438
Q649,P910,Q7144547
Q649,P206,Q175117
Q649,P206,Q1126808
Q649,P206,Q2551914
Q649,P206,Q4447710
Q649,P206,Q741351
Q649,P706,Q191862
Q649,P210,Q4380412
Q649,P210,Q350089
Q649,P210,Q34453
Q649,P1343,Q602358
Q649,P1343,Q4173137
Q649,P1343,Q19180675
Q649,P1343,Q4114391
Q649,P1343,Q867541
Q649,P1465,Q6378606
Q649,P1740,Q7140670
Q649,P1792,Q5831582
Q649,P1376,Q159
Q649,P1376,Q1697
Q649,P1376,Q2184
Q649,P1376,Q15180
Q649,P1376,Q34266
Q649,P1376,Q170770
Q649,P1376,Q186096
Q649,P1376,Q190778
Q649,P1376,Q2630442
Q649,P1376,Q1137842
Q649,P1376,Q2305208
Q649,P1376,Q4304303
Q649,P1376,Q4303932
Q649,P1376,Q4303942
Q649,P166,Q159438
Q649,P2959,Q13202750
Q649,P2184,Q338434
Q649,P30,Q46
Q649,P37,Q7737
Q649,P793,Q19841484
Q649,P793,Q1516910
Q649,P793,Q168983
Q649,P793,Q2618099
Q649,P793,Q468455
Q649,P793,Q4371259
Q649,P793,Q4518057
Q649,P793,Q4332537
Q649,P793,Q2530002
Q649,P793,Q28667906
Q649,P793,Q897785
Q649,P793,Q5499
Q649,P793,Q4135364
Q649,P793,Q151290
Q649,P793,Q28666066
Q649,P793,Q16683527
Q649,P793,Q55658749
Q649,P793,Q21641828
Q649,P793,Q4303937
Q649,P793,Q2892635
Q649,P5008,Q5460604
Q649,P2633,Q4135628
Q649,P361,Q190778
Q649,P366,Q481289
Q649,P1791,Q7977052
Q649,P2936,Q56489
Q649,P2936,Q36498
Q649,P2936,Q13210
Q649,P7867,Q84086802
Q649,P8402,Q97062822
Q649,P1365,Q51294375
Q649,P17,Q11750528
Q649,P17,Q170770
Q649,P17,Q186096
Q649,P17,Q34266
Q649,P17,Q139319
Q649,P17,Q2305208
Q649,P17,Q15180
Q649,P17,Q159
Q649,P131,Q1137842
Q649,P131,Q1697
Q649,P131,Q2184
Q649,P131,Q159
Q649,P8744,Q16482010
Q213355,P21,Q6581097
Q213355,P119,Q5933
Q213355,P106,Q214917
Q213355,P106,Q333634
Q213355,P106,Q49757
Q213355,P106,Q36180
Q213355,P106,Q4263842
Q213355,P106,Q13424456
Q213355,P463,Q123885
Q213355,P19,Q3527165
Q213355,P20,Q84
Q213355,P31,Q5
Q213355,P910,Q15726625
Q213355,P735,Q4925477
Q213355,P27,Q179876
Q213355,P69,Q1341516
Q213355,P69,Q332342
Q213355,P40,Q16859561
Q213355,P40,Q16859296
Q213355,P40,Q17002359
Q213355,P1343,Q19180675
Q213355,P1343,Q602358
Q213355,P1343,Q867541
Q213355,P1343,Q15987216
Q213355,P1343,Q4239850
Q213355,P1343,Q17378135
Q213355,P1343,Q4015014
Q213355,P1343,Q27680201
Q213355,P1343,Q54670858
Q213355,P1343,Q51955019
Q213355,P1343,Q67311526
Q213355,P1343,Q3181656
Q213355,P39,Q877838
Q213355,P800,Q7774857
Q213355,P800,Q2903757
Q213355,P172,Q42406
Q213355,P734,Q16869682
Q213355,P140,Q9592
Q213355,P1412,Q1860
Q213355,P6379,Q1700481
Q213355,P6379,Q1976985
Q213355,P6886,Q1860
Q213355,P22,Q75652077
Q213355,P25,Q75652078
Q213355,P7763,Q71887839
Q213355,P26,Q75301621
Q213355,P26,Q75301621
Q241558,P31,Q4167410
Q241558,P1889,Q21487434
Q241558,P1889,Q97014349
Q21809354,P740,Q1792
Q21809354,P127,Q11752350
Q21809354,P112,Q15833826
Q21809354,P31,Q507619
Q21809354,P452,Q11828862
Q21809354,P159,Q1792
Q21809354,P1037,Q15833826
Q21809354,P17,Q36
Q3555747,P31,Q4167410
Q155769,P361,Q24466485
Q155769,P279,Q24479047
Q155769,P31,Q2996394
Q407620,P31,Q4167410
Q407620,P1889,Q45368566
Q5189768,P31,Q4167410
Q7361297,P31,Q4167410
Q2495862,P279,Q2761147
Q2495862,P910,Q10163152
Q2495862,P1343,Q602358
Q2495862,P1343,Q3181656
Q201650,P910,Q15957557
Q201650,P279,Q622645
Q201650,P31,Q1411242
Q201650,P1343,Q4173137
Q201650,P1343,Q4086271
Q7606917,P31,Q4167410
Q7606917,P1889,Q18720680
Q1076649,P31,Q4167410
Q461363,P279,Q2188702
Q461363,P31,Q636497
Q256401,P279,Q60539481
Q256401,P361,Q77468620
Q256401,P31,Q9415
Q256401,P1269,Q9418
Q847637,P17,Q30
Q847637,P131,Q1558
Q847637,P31,Q33506
Q21045938,P31,Q4167410
Q1959806,P31,Q4167410
Q43742,P279,Q20719696
Q43742,P910,Q6509273
Q43742,P1343,Q1970746
Q43742,P1343,Q602358
Q43742,P1343,Q19180675
Q43742,P1343,Q4114391
Q43742,P1343,Q19190511
Q629981,P31,Q4830453
Q629981,P159,Q397905
Q629981,P740,Q61
Q629981,P127,Q540891
Q916402,P17,Q224
Q916402,P131,Q995077
Q916402,P31,Q486972
Q916402,P421,Q6655
Q916402,P421,Q6723
Q17504822,P31,Q24862
Q17504822,P57,Q488294
Q17504822,P161,Q494351
Q17504822,P364,Q9176
Q17504822,P495,Q884
Q17504822,P1040,Q7137742
Q2357348,P31,Q4830453
Q2357348,P159,Q482976
Q2357348,P159,Q25330
Q2357348,P17,Q30
Q2357348,P452,Q3477363
Q2357348,P421,Q3134980
Q2357348,P166,Q5300150
Q2357348,P1056,Q335225
Q12861,P910,Q7008797
Q12861,P279,Q21290872
Q12861,P527,Q177836
Q12861,P527,Q177463
Q12861,P527,Q682
Q12861,P1343,Q4114391
Q12861,P1343,Q19180675
Q12861,P1343,Q602358
Q12861,P1343,Q1970746
Q12861,P31,Q12870
Q12861,P31,Q169336
Q12861,P31,Q2908004
Q12861,P61,Q64236
Q12861,P5008,Q5460604
Q12861,P2184,Q3137297
Q12861,P1889,Q21290872
Q184590,P361,Q62447
Q184590,P361,Q449263
Q184590,P279,Q1433344
Q184590,P1687,P529
Q184590,P366,Q844947
Q184590,P366,Q854248
Q184590,P1889,Q910386
Q184590,P1889,Q573970
Q184590,P1889,Q48533993
Q184590,P1889,Q1276155
Q184590,P1552,Q1170023
Q184590,P1552,Q4356982
Q871549,P17,Q40
Q871549,P131,Q255141
Q871549,P31,Q1802801
Q871549,P31,Q667509
Q871549,P910,Q8948956
Q871549,P1456,Q1855531
Q871549,P47,Q536462
Q871549,P1464,Q9225503
Q871549,P421,Q6655
Q871549,P421,Q6723
Q871549,P206,Q14369
Q1522565,P279,Q3968640
Q1522565,P361,Q77468620
Q1522565,P31,Q9415
Q1522565,P1269,Q9418
Q1522565,P1889,Q44619
Q229723,P31,Q4167410
Q402542,P31,Q4167410
Q402542,P1889,Q19826491
Q402542,P1889,Q15229897
Q225407,P31,Q4167410
Q225407,P1889,Q4963425
Q225407,P1889,Q1158216
Q225407,P1889,Q27897338
Q225407,P1889,Q489432
Q225407,P460,Q395573
Q225407,P460,Q20124035
Q1542990,P31,Q4271324
Q1542990,P1343,Q19180675
Q1542990,P1343,Q602358
Q1542990,P1889,Q8028
Q5405160,P31,Q11173
Q5405160,P31,Q12140
Q5405160,P31,Q177911
Q5405160,P2175,Q205764
Q5405160,P2175,Q938107
Q5405160,P2868,Q50429945
Q18822,P31,Q20181002
Q18822,P279,Q221329
Q18822,P279,Q17141406
Q18822,P910,Q7029002
Q18822,P17,Q30
Q18822,P495,Q30
Q18822,P137,Q407203
Q18822,P366,Q2221906
Q18822,P1557,Q179435
Q386544,P31,Q47461344
Q386544,P50,Q47087
Q386544,P155,Q4691073
Q386544,P156,Q4900125
Q386544,P136,Q12132683
Q386544,P136,Q5318627
Q386544,P495,Q145
Q386544,P736,Q834817
Q386544,P407,Q1860
Q83481,P361,Q4130
Q83481,P279,Q44946
Q83481,P279,Q167312
Q83481,P279,Q126017
Q83481,P1343,Q4532135
Q83481,P1343,Q19180675
Q83481,P1343,Q2041543
Q83481,P1269,Q272626
Q83481,P1269,Q333
Q83481,P1889,Q14948964
Q83481,P31,Q21484471
Q83481,P921,Q1088950
Q83481,P921,Q2858363
Q2146055,P31,Q4167410
Q2146055,P1889,Q16882018
Q341286,P31,Q4167410
Q358008,P460,Q249914
Q358008,P460,Q398081
Q358008,P460,Q223852
Q358008,P460,Q18757434
Q358008,P460,Q10395700
Q358008,P1889,Q358090
Q358008,P1889,Q18606140
Q358008,P31,Q4167410
Q7234162,P31,Q4167410
Q224738,P31,Q4167410
Q224738,P1889,Q37572111
Q123766,P31,Q1266818
Q123766,P17,Q30
Q123766,P131,Q1370
Q123766,P138,Q161159
Q123766,P910,Q8356935
Q123766,P1464,Q8079390
Q123766,P1465,Q17334641
Q123766,P190,Q20387
Q123766,P190,Q37776
Q123766,P190,Q165420
Q123766,P190,Q1188560
Q123766,P1792,Q10175118
Q123766,P1376,Q488653
Q123766,P6,Q6834389
Q123766,P6,Q47332306
Q123766,P1313,Q30185
Q123766,P421,Q941023
Q123766,P47,Q488653
Q123766,P1889,Q427732
Q123766,P1889,Q488499
Q123766,P1343,Q602358
Q123766,P7867,Q84100045
Q90,P1151,Q8253667
Q90,P1792,Q8964470
Q90,P1313,Q12371988
Q90,P1313,Q1465786
Q90,P417,Q235863
Q90,P17,Q142
Q90,P17,Q70972
Q90,P17,Q146246
Q90,P17,Q2748708
Q90,P17,Q142
Q90,P17,Q71084
Q90,P17,Q58296
Q90,P1424,Q18220037
Q90,P1376,Q142
Q90,P1376,Q1110
Q90,P1376,Q13917
Q90,P1376,Q70972
Q90,P1376,Q71092
Q90,P1376,Q106577
Q90,P1376,Q207162
Q90,P1376,Q212429
Q90,P1376,Q1142326
Q90,P1376,Q16665915
Q90,P1376,Q69829
Q90,P1376,Q58326
Q90,P1376,Q133132
Q90,P1376,Q146246
Q90,P1376,Q58296
Q90,P1376,Q88521107
Q90,P1376,Q179023
Q90,P868,Q21129738
Q90,P2184,Q845625
Q90,P206,Q1471
Q90,P206,Q810526
Q90,P206,Q860172
Q90,P206,Q1032646
Q90,P1456,Q1403319
Q90,P1456,Q3252156
Q90,P421,Q6655
Q90,P421,Q6723
Q90,P190,Q220
Q90,P190,Q1490
Q90,P190,Q34600
Q90,P190,Q64
Q90,P190,Q158119
Q90,P190,Q8684
Q90,P190,Q85
Q90,P190,Q1297
Q90,P190,Q386991
Q90,P190,Q62
Q90,P190,Q1899
Q90,P190,Q61
Q90,P190,Q101625
Q90,P190,Q40269
Q90,P190,Q612
Q90,P190,Q956
Q90,P1365,Q270273
Q90,P1365,Q1142326
Q90,P30,Q46
Q90,P237,Q1925366
Q90,P166,Q2727598
Q90,P166,Q2990283
Q90,P166,Q10855271
Q90,P2670,Q679388
Q90,P4614,Q2887515
Q90,P910,Q5626403
Q90,P1791,Q9761385
Q90,P6,Q2851133
Q90,P6,Q256294
Q90,P6,Q1685859
Q90,P6,Q2105
Q90,P6,Q959708
Q90,P6,Q289303
Q90,P6,Q677730
Q90,P6,Q601266
Q90,P6,Q1684642
Q90,P6,Q1685102
Q90,P6,Q1986521
Q90,P6,Q3131449
Q90,P6,Q2596877
Q90,P6,Q656015
Q90,P6,Q947901
Q90,P6,Q1685301
Q90,P6,Q1251239
Q90,P6,Q3262481
Q90,P6,Q2853511
Q90,P6,Q17276569
Q90,P6,Q2861746
Q90,P6,Q3164528
Q90,P6,Q3260385
Q90,P1740,Q8458184
Q90,P1830,Q178513
Q90,P1830,Q193431
Q90,P1830,Q326503
Q90,P1830,Q369234
Q90,P1830,Q537720
Q90,P1830,Q670499
Q90,P1830,Q1358886
Q90,P1830,Q1435786
Q90,P1830,Q1524643
Q90,P1830,Q3212678
Q90,P1830,Q3411287
Q90,P1830,Q3837491
Q90,P1830,Q15921385
Q90,P1830,Q15921401
Q90,P1830,Q18086668
Q90,P1830,Q19832938
Q90,P1830,Q24575431
Q90,P1830,Q243
Q90,P1830,Q64436
Q90,P1465,Q9846779
Q90,P361,Q13917
Q90,P47,Q12543
Q90,P47,Q12761
Q90,P47,Q12788
Q90,P47,Q241021
Q90,P47,Q253721
Q90,P47,Q234728
Q90,P47,Q135265
Q90,P47,Q172455
Q90,P47,Q189153
Q90,P47,Q193929
Q90,P47,Q234743
Q90,P47,Q48958
Q90,P47,Q166640
Q90,P47,Q201982
Q90,P47,Q208889
Q90,P47,Q160506
Q90,P47,Q205632
Q90,P47,Q209086
Q90,P47,Q175999
Q90,P47,Q256004
Q90,P47,Q208943
Q90,P47,Q193370
Q90,P47,Q18102
Q90,P47,Q193819
Q90,P47,Q193899
Q90,P47,Q212274
Q90,P47,Q609134
Q90,P47,Q274327
Q90,P47,Q212793
Q90,P47,Q193877
Q90,P47,Q135104
Q90,P47,Q640102
Q90,P31,Q5119
Q90,P31,Q484170
Q90,P31,Q6465
Q90,P31,Q866196
Q90,P31,Q208511
Q90,P31,Q1637706
Q90,P610,Q1440664
Q90,P1464,Q9226347
Q90,P194,Q775994
Q90,P5008,Q5460604
Q90,P150,Q161741
Q90,P150,Q209549
Q90,P150,Q223140
Q90,P150,Q230127
Q90,P150,Q238723
Q90,P150,Q245546
Q90,P150,Q259463
Q90,P150,Q270230
Q90,P150,Q275118
Q90,P150,Q163948
Q90,P150,Q169293
Q90,P150,Q171689
Q90,P150,Q175129
Q90,P150,Q187153
Q90,P150,Q191066
Q90,P150,Q194420
Q90,P150,Q197297
Q90,P150,Q200126
Q90,P150,Q204622
Q90,P150,Q210720
Q90,P150,Q3278478
Q90,P708,Q1242250
Q90,P138,Q656902
Q90,P163,Q659058
Q90,P131,Q1142326
Q90,P131,Q70972
Q90,P131,Q16665915
Q90,P131,Q13917
Q90,P131,Q2863958
Q90,P1343,Q4173137
Q90,P1343,Q19180675
Q90,P1343,Q602358
Q90,P1343,Q2041543
Q90,P1343,Q4114391
Q90,P1343,Q316838
Q90,P5023,Q5286412
Q90,P793,Q133132
Q90,P793,Q690489
Q90,P793,Q3485984
Q90,P793,Q3485979
Q90,P793,Q3485982
Q90,P793,Q3485978
Q90,P793,Q3485976
Q90,P793,Q3485975
Q90,P793,Q3485977
Q90,P793,Q3485987
Q90,P793,Q815192
Q90,P793,Q3485985
Q90,P793,Q3485983
Q90,P793,Q3485986
Q90,P1441,Q63892451
Q90,P1441,Q47468233
Q90,P7867,Q18668319
Q90,P1454,Q22927616
Q90,P8402,Q97064103
Q90,P8744,Q5333743
Q1650350,P31,Q1914636
Q1650350,P3095,Q42625830
Q1575123,P31,Q4167410
Q43338,P910,Q8290615
Q43338,P1343,Q1138524
Q43338,P279,Q108689
Q43338,P166,Q1519491
Q43338,P138,Q125696
Q193521,P31,Q11173
Q193521,P31,Q902638
Q193521,P31,Q21074597
Q193521,P279,Q50690
Q193521,P527,Q629
Q193521,P527,Q716
Q193521,P1542,Q21175372
Q193521,P1343,Q2657718
Q193521,P2868,Q189720
Q193521,P2868,Q177664
Q193521,P2868,Q827658
Q193521,P2868,Q18388377
Q193521,P4952,Q51139288
Q193521,P366,Q753009
Q3359477,P31,Q11424
Q3359477,P57,Q3369846
Q3359477,P161,Q171530
Q3359477,P161,Q620118
Q3359477,P161,Q1808093
Q3359477,P161,Q2966124
Q3359477,P161,Q291205
Q3359477,P161,Q2896148
Q3359477,P161,Q2935099
Q3359477,P161,Q2956312
Q3359477,P161,Q2387180
Q3359477,P161,Q3592141
Q3359477,P161,Q3122018
Q3359477,P161,Q3154982
Q3359477,P161,Q3241908
Q3359477,P161,Q3284697
Q3359477,P161,Q3295834
Q3359477,P161,Q2277797
Q3359477,P58,Q3369846
Q3359477,P495,Q142
Q3359477,P136,Q157443
Q3359477,P364,Q150
Q3359477,P2758,Q23817729
Q3359477,P1889,Q3234928
Q898444,P1343,Q2657718
Q898444,P31,Q17320256
Q223983,P31,Q4167410
Q223983,P1889,Q1951683
Q223983,P1889,Q30090919
Q223983,P460,Q1178739
Q1192197,P910,Q6805718
Q1192197,P279,Q219174
Q4926796,P31,Q4167410
Q191118,P460,Q11776930
Q191118,P31,Q3647172
Q191118,P31,Q3268848
Q191118,P31,Q82047057
Q191118,P111,Q11423
Q191118,P279,Q42531917
Q191118,P1889,Q22583225
Q191118,P1343,Q2041543
Q6502154,P1151,Q18857150
Q6502154,P279,Q61509
Q6502154,P910,Q7216217
Q518843,P31,Q4167410
Q518843,P460,Q411665
Q518843,P460,Q7135459
Q518843,P460,Q1669328
Q518843,P1889,Q20000233
Q518843,P1889,Q30132379
Q518843,P1889,Q4181267
Q184874,P22,Q23168
Q184874,P21,Q6581072
Q184874,P25,Q203236
Q184874,P40,Q2332185
Q184874,P40,Q937216
Q184874,P40,Q1246185
Q184874,P40,Q1230535
Q184874,P40,Q3664982
Q184874,P40,Q11940870
Q184874,P40,Q12877329
Q184874,P40,Q16331627
Q184874,P40,Q60728397
Q184874,P31,Q21070568
Q184874,P31,Q24434794
Q184874,P3373,Q212818
Q184874,P3373,Q1488658
Q184874,P3373,Q754835
Q184874,P1343,Q20078554
Q184874,P1343,Q19180675
Q184874,P1343,Q602358
Q184874,P1343,Q1138524
Q184874,P1343,Q867541
Q184874,P1343,Q3181656
Q184874,P26,Q41680
Q184874,P910,Q55294136
Q184874,P451,Q41680
Q229010,P31,Q4167410
Q229010,P1889,Q20748947
Q7649529,P31,Q4167410
Q213563,P31,Q550089
Q213563,P101,Q1022867
Q213563,P101,Q3559
Q213563,P101,Q3863
Q213563,P361,Q503419
Q213563,P910,Q25319389
Q708514,P910,Q6646418
Q708514,P527,Q17200001
Q708514,P3095,Q2596569
Q708514,P3095,Q22947
Q708514,P279,Q28640
Q708514,P279,Q759676
Q708514,P1889,Q8050277
Q186545,P17,Q30
Q186545,P131,Q30
Q186545,P910,Q6919421
Q186545,P31,Q82794
Q155,P1151,Q6062964
Q155,P1546,Q1077885
Q155,P5125,Q7112209
Q155,P38,Q173117
Q155,P38,Q831578
Q155,P38,Q10261896
Q155,P38,Q1764812
Q155,P38,Q926028
Q155,P38,Q44904
Q155,P38,Q8351983
Q155,P38,Q10366257
Q155,P38,Q10261894
Q155,P172,Q2995285
Q155,P172,Q2587830
Q155,P172,Q388315
Q155,P172,Q3624751
Q155,P172,Q1363781
Q155,P1792,Q6993761
Q155,P2852,Q25648833
Q155,P2852,Q25648834
Q155,P2852,Q25648835
Q155,P2853,Q1378312
Q155,P2853,Q1653438
Q155,P2633,Q1771875
Q155,P1313,Q5176750
Q155,P417,Q2469225
Q155,P17,Q155
Q155,P17,Q200464
Q155,P2959,Q21286972
Q155,P122,Q512187
Q155,P122,Q188759
Q155,P122,Q49892
Q155,P832,Q10265921
Q155,P832,Q10382660
Q155,P832,Q47499
Q155,P832,Q2086665
Q155,P832,Q1033140
Q155,P832,Q19809
Q155,P1552,Q3174312
Q155,P530,Q414
Q155,P530,Q258
Q155,P530,Q183
Q155,P530,Q916
Q155,P530,Q399
Q155,P530,Q408
Q155,P530,Q244
Q155,P530,Q962
Q155,P530,Q750
Q155,P530,Q1011
Q155,P530,Q16
Q155,P530,Q298
Q155,P530,Q800
Q155,P530,Q739
Q155,P530,Q423
Q155,P530,Q241
Q155,P530,Q35
Q155,P530,Q79
Q155,P530,Q30
Q155,P530,Q736
Q155,P530,Q29
Q155,P530,Q142
Q155,P530,Q983
Q155,P530,Q734
Q155,P530,Q41
Q155,P530,Q790
Q155,P530,Q783
Q155,P530,Q801
Q155,P530,Q668
Q155,P530,Q252
Q155,P530,Q794
Q155,P530,Q796
Q155,P530,Q17
Q155,P530,Q766
Q155,P530,Q96
Q155,P530,Q822
Q155,P530,Q1029
Q155,P530,Q1033
Q155,P530,Q219060
Q155,P530,Q733
Q155,P530,Q843
Q155,P530,Q419
Q155,P530,Q36
Q155,P530,Q45
Q155,P530,Q145
Q155,P530,Q213
Q155,P530,Q159
Q155,P530,Q1049
Q155,P530,Q1016
Q155,P530,Q403
Q155,P530,Q958
Q155,P530,Q574
Q155,P530,Q43
Q155,P530,Q212
Q155,P530,Q458
Q155,P530,Q7159
Q155,P530,Q77
Q155,P530,Q717
Q155,P530,Q917
Q155,P530,Q148
Q155,P530,Q38
Q155,P530,Q184
Q155,P530,Q730
Q155,P530,Q242
Q155,P530,Q833
Q155,P530,Q865
Q155,P530,Q928
Q155,P530,Q974
Q155,P530,Q34
Q155,P530,Q884
Q155,P530,Q902
Q155,P530,Q230
Q155,P530,Q29999
Q155,P530,Q953
Q155,P530,Q28
Q155,P1906,Q5176750
Q155,P194,Q949699
Q155,P155,Q217230
Q155,P155,Q2088324
Q155,P2184,Q211967
Q155,P37,Q3436689
Q155,P37,Q5146
Q155,P1365,Q217230
Q155,P30,Q18
Q155,P36,Q2844
Q155,P36,Q8678
Q155,P237,Q188320
Q155,P5008,Q5460604
Q155,P5008,Q54439832
Q155,P5008,Q15304953
Q155,P47,Q414
Q155,P47,Q750
Q155,P47,Q3769
Q155,P47,Q734
Q155,P47,Q733
Q155,P47,Q419
Q155,P47,Q730
Q155,P47,Q77
Q155,P47,Q717
Q155,P47,Q739
Q155,P47,Q142
Q155,P47,Q199821
Q155,P47,Q458
Q155,P910,Q11279
Q155,P35,Q463533
Q155,P35,Q40722
Q155,P35,Q37181
Q155,P35,Q230578
Q155,P35,Q485946
Q155,P35,Q236503
Q155,P35,Q10304982
Q155,P1304,Q806186
Q155,P1791,Q8328528
Q155,P463,Q1065
Q155,P463,Q4230
Q155,P463,Q4264
Q155,P463,Q7825
Q155,P463,Q19771
Q155,P463,Q182500
Q155,P463,Q123209
Q155,P463,Q838116
Q155,P463,Q1570993
Q155,P463,Q1484463
Q155,P463,Q1045401
Q155,P463,Q602399
Q155,P463,Q607301
Q155,P463,Q10283557
Q155,P463,Q467938
Q155,P463,Q535086
Q155,P463,Q943105
Q155,P463,Q2836400
Q155,P463,Q47539
Q155,P463,Q605595
Q155,P463,Q499151
Q155,P463,Q1025959
Q155,P463,Q7817
Q155,P463,Q17495
Q155,P463,Q47488
Q155,P463,Q8475
Q155,P463,Q123759
Q155,P463,Q151991
Q155,P463,Q191384
Q155,P463,Q827525
Q155,P463,Q656801
Q155,P463,Q1043527
Q155,P463,Q340195
Q155,P463,Q3369762
Q155,P463,Q471690
Q155,P463,Q1072120
Q155,P463,Q1480793
Q155,P463,Q842490
Q155,P463,Q7809
Q155,P463,Q5611262
Q155,P463,Q37470
Q155,P463,Q37470
Q155,P463,Q37470
Q155,P463,Q37470
Q155,P463,Q37470
Q155,P463,Q37470
Q155,P463,Q37470
Q155,P463,Q37470
Q155,P463,Q37470
Q155,P463,Q37470
Q155,P463,Q376150
Q155,P463,Q170424
Q155,P463,Q286946
Q155,P463,Q243630
Q155,P1740,Q7140311
Q155,P208,Q5440531
Q155,P421,Q6536
Q155,P421,Q6536
Q155,P421,Q6513
Q155,P421,Q6513
Q155,P421,Q6513
Q155,P421,Q5762
Q155,P421,Q5762
Q155,P421,Q5390
Q155,P1465,Q7482631
Q155,P85,Q134654
Q155,P209,Q519138
Q155,P361,Q12585
Q155,P361,Q377916
Q155,P361,Q236118
Q155,P361,Q18
Q155,P78,Q39889
Q155,P31,Q3624078
Q155,P31,Q859563
Q155,P31,Q4209223
Q155,P31,Q6256
Q155,P610,Q739484
Q155,P1464,Q9517416
Q155,P1622,Q14565199
Q155,P6,Q10304982
Q155,P6,Q463533
Q155,P1589,Q97
Q155,P150,Q40780
Q155,P150,Q40130
Q155,P150,Q40040
Q155,P150,Q39517
Q155,P150,Q43235
Q155,P150,Q42508
Q155,P150,Q43695
Q155,P150,Q40885
Q155,P150,Q40430
Q155,P150,Q40123
Q155,P150,Q42362
Q155,P150,Q38088
Q155,P150,Q40942
Q155,P150,Q42722
Q155,P150,Q43255
Q155,P150,Q43783
Q155,P150,Q41587
Q155,P150,Q42824
Q155,P150,Q43319
Q155,P150,Q43233
Q155,P150,Q39109
Q155,P150,Q41428
Q155,P150,Q175
Q155,P150,Q15499
Q155,P150,Q40030
Q155,P150,Q41115
Q155,P150,Q119158
Q155,P138,Q216469
Q155,P163,Q82194
Q155,P1343,Q4114391
Q155,P1343,Q602358
Q155,P1343,Q4173137
Q155,P1343,Q19180675
Q155,P1343,Q19211082
Q155,P1343,Q3181656
Q155,P1343,Q97142711
Q155,P92,Q2386422
Q155,P6104,Q11134020
Q155,P1344,Q9538
Q155,P1344,Q795464
Q155,P1344,Q838116
Q155,P1344,Q5570670
Q155,P1344,Q2720495
Q155,P2936,Q304049
Q155,P2936,Q3199686
Q155,P2936,Q3443734
Q155,P2936,Q33825
Q155,P2936,Q2936334
Q155,P2936,Q3365443
Q155,P2936,Q3199710
Q155,P2936,Q12953970
Q155,P2936,Q3199549
Q155,P2936,Q10266012
Q155,P2936,Q1815205
Q155,P2936,Q1844993
Q155,P2936,Q774441
Q155,P2936,Q3401023
Q155,P2936,Q2032882
Q155,P2936,Q962392
Q155,P2936,Q2028772
Q155,P2936,Q389827
Q155,P2936,Q2068190
Q155,P2936,Q251728
Q155,P2936,Q2060023
Q155,P2936,Q746723
Q155,P2936,Q732726
Q155,P2936,Q924405
Q155,P2936,Q3409307
Q155,P2936,Q3409301
Q155,P2936,Q3436689
Q155,P2936,Q3446640
Q155,P2936,Q2475442
Q155,P2936,Q3446660
Q155,P2936,Q3436586
Q155,P2936,Q1091095
Q155,P2936,Q6794475
Q155,P2936,Q6787588
Q155,P2936,Q3450636
Q155,P2936,Q3450709
Q155,P2936,Q3450534
Q155,P2936,Q3460478
Q155,P2936,Q3450522
Q155,P2936,Q3446691
Q155,P2936,Q3446679
Q155,P2936,Q3438373
Q155,P2936,Q2520538
Q155,P2936,Q2523999
Q155,P2936,Q3450423
Q155,P2936,Q2591230
Q155,P2936,Q4830038
Q155,P2936,Q3441418
Q155,P2936,Q6898840
Q155,P2936,Q3450493
Q155,P2936,Q4829584
Q155,P2936,Q6765915
Q155,P2936,Q3440512
Q155,P2936,Q6753812
Q155,P2936,Q6873567
Q155,P2936,Q2829146
Q155,P2936,Q2858311
Q155,P2936,Q2859081
Q155,P2936,Q2669150
Q155,P2936,Q2585357
Q155,P2936,Q3485264
Q155,P2936,Q3501858
Q155,P2936,Q2665734
Q155,P2936,Q8073148
Q155,P2936,Q3501838
Q155,P2936,Q2736980
Q155,P2936,Q2873230
Q155,P2936,Q3505859
Q155,P2936,Q3507907
Q155,P2936,Q3507941
Q155,P2936,Q3507873
Q155,P2936,Q2875044
Q155,P2936,Q3507932
Q155,P2936,Q3504312
Q155,P2936,Q5121095
Q155,P2936,Q7110049
Q155,P2936,Q5246937
Q155,P2936,Q2883738
Q155,P2936,Q3507995
Q155,P2936,Q3508053
Q155,P2936,Q3508007
Q155,P2936,Q2981620
Q155,P2936,Q2980404
Q155,P2936,Q3573266
Q155,P2936,Q3026110
Q155,P2936,Q3006705
Q155,P2936,Q3542217
Q155,P2936,Q3541834
Q155,P2936,Q3542307
Q155,P2936,Q7261687
Q155,P2936,Q7261619
Q155,P2936,Q3566001
Q155,P2936,Q9096758
Q155,P2936,Q10322066
Q155,P2936,Q7144304
Q155,P2936,Q7131310
Q155,P2936,Q9344891
Q155,P2936,Q9006744
Q155,P2936,Q10729616
Q155,P2936,Q10322149
Q155,P2936,Q5528335
Q155,P2936,Q3073436
Q155,P2936,Q3073441
Q155,P2936,Q7406296
Q155,P2936,Q3073448
Q155,P2936,Q5765127
Q155,P2936,Q3053275
Q155,P2936,Q3042278
Q155,P2936,Q3101212
Q155,P2936,Q5908753
Q155,P2936,Q3114402
Q155,P2936,Q3112184
Q155,P2936,Q3111883
Q155,P2936,Q3082027
Q155,P2936,Q3143384
Q155,P2936,Q3915506
Q155,P2936,Q3915522
Q155,P2936,Q3915584
Q155,P2936,Q7665661
Q155,P2936,Q3192316
Q155,P2936,Q7646993
Q155,P2936,Q3192336
Q155,P2936,Q3194265
Q155,P2936,Q4023175
Q155,P2936,Q3195366
Q155,P2936,Q6371069
Q155,P2936,Q3027930
Q155,P2936,Q3199022
Q155,P2936,Q3200633
Q155,P2936,Q6348017
Q155,P2936,Q7684673
Q155,P2936,Q3200839
Q155,P2936,Q3027940
Q155,P2936,Q3027909
Q155,P2936,Q3029682
Q155,P2936,Q12294279
Q155,P2936,Q7808195
Q155,P2936,Q6380124
Q155,P2936,Q6380372
Q155,P2936,Q7827518
Q155,P2936,Q3275059
Q155,P2936,Q7847648
Q155,P2936,Q3281037
Q155,P2936,Q3284890
Q155,P2936,Q4701960
Q155,P2936,Q6371071
Q155,P2936,Q4356223
Q155,P2936,Q6366667
Q155,P2936,Q6432560
Q155,P2936,Q3296011
Q155,P2936,Q6443027
Q155,P2936,Q6436747
Q155,P2936,Q7857204
Q155,P2936,Q7857217
Q155,P2936,Q4784535
Q155,P2936,Q12953620
Q155,P2936,Q7881740
Q155,P2936,Q7901376
Q155,P2936,Q3304806
Q155,P2936,Q3322101
Q155,P2936,Q3314742
Q155,P2936,Q3307184
Q155,P2936,Q3299145
Q155,P2936,Q7901530
Q155,P2936,Q3361895
Q155,P2936,Q8048928
Q155,P2936,Q8044571
Q155,P2936,Q7961205
Q155,P2936,Q3346231
Q155,P2936,Q3357881
Q155,P2936,Q7972892
Q155,P2936,Q7975842
Q155,P2936,Q13893353
Q155,P2936,Q7960056
Q155,P2936,Q3335011
Q155,P2936,Q3331506
Q155,P2936,Q5146
Q155,P2936,Q56562
Q155,P2936,Q56522
Q155,P2936,Q56722
Q155,P2936,Q56632
Q155,P2936,Q56633
Q155,P2936,Q18168288
Q155,P2936,Q56609
Q155,P2936,Q35539
Q155,P2936,Q56885
Q155,P2936,Q56865
Q155,P2936,Q56846
Q155,P2936,Q56807
Q155,P2936,Q24190396
Q155,P2936,Q36962
Q155,P2936,Q13226
Q155,P2936,Q25433
Q155,P2936,Q32986
Q155,P2936,Q33924
Q155,P2936,Q34333
Q155,P2936,Q2882543
Q155,P2936,Q3389119
Q155,P2936,Q3573115
Q155,P2936,Q10322157
Q155,P2936,Q9627356
Q155,P2936,Q10266010
Q155,P2936,Q10322118
Q155,P2936,Q12626847
Q155,P2936,Q12953681
Q155,P2936,Q12953587
Q155,P2936,Q12953749
Q155,P2936,Q12953804
Q155,P2936,Q12953626
Q155,P2936,Q12953806
Q155,P2936,Q12953908
Q155,P2936,Q20527166
Q155,P2936,Q25559779
Q155,P2936,Q25559704
Q155,P2936,Q32041490
Q155,P2936,Q42330115
Q155,P2936,Q53386731
Q155,P2936,Q57420736
Q155,P2936,Q61974839
Q155,P2936,Q63339949
Q155,P2936,Q63259736
Q155,P2936,Q28059
Q155,P2936,Q63340139
Q155,P2596,Q2717920
Q155,P7867,Q84091737
Q155,P8402,Q15614605
Q155,P706,Q119490
Q155,P8744,Q845120
Q23834,P366,Q3633540
Q23834,P366,Q327496
Q23834,P366,Q1566524
Q23834,P366,Q256966
Q23834,P366,Q213753
Q23834,P366,Q23009442
Q23834,P910,Q10734043
Q23834,P279,Q10528974
Q23834,P279,Q5639584
Q23834,P1889,Q50316288
Q23834,P186,Q287
Q23834,P186,Q11426
Q23834,P186,Q899368
Q23834,P186,Q868477
Q225292,P31,Q4167410
Q225292,P460,Q348624
Q225292,P460,Q5858300
Q225292,P460,Q16278172
Q225292,P1889,Q829665
Q225292,P1889,Q37532797
Q225292,P1889,Q56369005
Q225292,P1889,Q3061205
Q225292,P1889,Q5321670
Q548778,P31,Q4167410
Q223859,P31,Q4167410
Q748010,P31,Q1686959
Q748010,P910,Q8682205
Q748010,P17,Q30
Q748010,P17,Q16
Q748010,P131,Q49258
Q748010,P276,Q772391
Q748010,P276,Q1261
Q5615532,P31,Q4167410
Q1537229,P31,Q4167410
Q1537229,P1889,Q41636939
Q122263,P31,Q4167410
Q122263,P1889,Q36866825
Q2251595,P31,Q9332
Q2251595,P31,Q1914636
Q2251595,P31,Q4167410
Q2251595,P361,Q2526135
Q2251595,P527,Q28553669
Q2251595,P527,Q28553760
Q2251595,P461,Q1174599
Q2251595,P279,Q1717246
Q2251595,P1889,Q19798609
Q2251595,P1343,Q101314624
Q362575,P31,Q4167410
Q362575,P1889,Q821802
Q362575,P1889,Q60637289
Q362575,P1889,Q922528
Q7935671,P31,Q17737
Q7935671,P1269,Q193463
Q450045,P31,Q4167410
Q309867,P31,Q11753232
Q309867,P17,Q142
Q309867,P910,Q9469436
Q309867,P159,Q192393
Q309867,P112,Q11984926
Q309867,P452,Q2876213
Q309867,P1454,Q18195767
Q309867,P749,Q19951610
Q309867,P1830,Q590589
Q309867,P169,Q13250260
Q309867,P1037,Q13250260
Q309867,P127,Q19951610
Q5036266,P31,Q4167410
Q65045905,P31,Q4167410
Q520549,P31,Q28640
Q520549,P279,Q11424604
Q520549,P425,Q1069
Q520549,P910,Q8487880
Q264661,P279,Q4406616
Q264661,P366,Q29017603
Q419239,P31,Q4167410
Q236404,P31,Q4167410
Q6865390,P31,Q4167410
Q6489822,P31,Q101352
Q6489822,P282,Q8229
Q231427,P31,Q4167410
Q231427,P1889,Q16833615
Q231427,P460,Q5303180
Q5597354,P31,Q4167410
Q1450552,P31,Q4167410
Q253141,P31,Q4167410
Q253141,P1889,Q5388440
Q5681429,P31,Q4167410
Q5681429,P1889,Q37079227
Q223399,P31,Q14203022
Q223399,P31,Q839954
Q223399,P910,Q8616551
Q223399,P131,Q2777789
Q223399,P17,Q219060
Q223399,P2614,Q23038977
Q223399,P2614,Q23038978
Q223399,P2614,Q23038980
Q223399,P1435,Q1459900
Q643546,P1343,Q2657718
Q643546,P1343,Q1970746
Q643546,P279,Q29564129
Q643546,P279,Q1322005
Q643546,P276,Q8104
Q398837,P31,Q4167410
Q398837,P1889,Q37526495
Q170337,P910,Q7164961
Q170337,P1343,Q4173137
Q170337,P1343,Q19180675
Q170337,P1343,Q602358
Q170337,P1343,Q3181656
Q170337,P2578,Q1036775
Q170337,P2578,Q623282
Q170337,P31,Q60310061
Q170337,P31,Q98088085
Q170337,P1889,Q1337766
Q11685507,P31,Q4167410
Q11685507,P1889,Q2650731
Q976816,P21,Q6581097
Q976816,P27,Q30
Q976816,P31,Q5
Q976816,P735,Q4925477
Q976816,P19,Q5790286
Q976816,P106,Q13474373
Q976816,P106,Q33999
Q976816,P734,Q16865785
Q976816,P286,Q6491096
Q976816,P641,Q131359
Q7884266,P31,Q4167410
Q852395,P910,Q8718182
Q852395,P279,Q15361145
Q852395,P837,Q2906209
Q852395,P31,Q1445650
Q102496,P910,Q8368572
Q102496,P279,Q20926517
Q102496,P279,Q51041800
Q102496,P460,Q13358519
Q102496,P527,Q317557
Q102496,P527,Q1129743
Q102496,P527,Q55876931
Q102496,P1343,Q19180675
Q102496,P1343,Q602358
Q102496,P1343,Q602358
Q102496,P1343,Q2041543
Q102496,P1343,Q4532138
Q102496,P2388,Q955464
Q102496,P140,Q5043
Q102496,P31,Q15617994
Q102496,P1889,Q55118936
Q102496,P1424,Q20757878
Q102496,P1424,Q25793551
Q8028141,P31,Q4167410
Q8028141,P1889,Q37195524
Q851824,P910,Q7014736
Q851824,P279,Q124490
Q851824,P279,Q252000
Q851824,P279,Q1920219
Q237776,P31,Q4167410
Q237776,P1889,Q4927045
Q237776,P1889,Q18043300
Q237776,P1889,Q18325844
Q237776,P460,Q9025499
Q237776,P460,Q224094
Q237776,P460,Q228144
Q237776,P460,Q417711
Q237776,P460,Q775673
Q237776,P460,Q1573038
Q237776,P460,Q1872252
Q3926259,P31,Q4167410
Q3926259,P460,Q3414358
Q2855609,P910,Q6141174
Q2855609,P31,Q12909644
Q2855609,P31,Q49773
Q2855609,P31,Q7257
Q2855609,P31,Q5891
Q2855609,P1343,Q20743760
Q2855609,P1889,Q1088777
Q2855609,P5125,Q7112622
Q2855609,P461,Q4774354
Q2855609,P3095,Q3578589
Q2855609,P1283,Q3072144
Q170978,P910,Q8670831
Q170978,P31,Q8148
Q170978,P31,Q11862829
Q170978,P31,Q4671286
Q170978,P279,Q180165
Q170978,P5125,Q7112718
Q170978,P1424,Q13856993
Q170978,P1889,Q123637
Q170978,P3095,Q7353430
Q1087125,P31,Q4167410
Q1087125,P1889,Q5113519
Q1087125,P1889,Q16860657
Q1087125,P1889,Q55215694
Q169940,P279,Q574376
Q169940,P910,Q8367840
Q169940,P156,Q878333
Q169940,P461,Q815818
Q169940,P282,Q8229
Q169940,P31,Q3249551
Q169940,P1542,Q125928
Q292230,P31,Q4167410
Q292230,P1889,Q1241023
Q292230,P1889,Q16883759
Q345341,P31,Q4167410
Q345341,P1889,Q17516262
Q411771,P31,Q4167410
Q411771,P1889,Q27172244
Q411771,P1889,Q16275298
Q224780,P31,Q4167410
Q224780,P460,Q1295223
Q224780,P460,Q234369
Q224780,P1889,Q3719004
Q224780,P1889,Q1235086
Q224780,P1889,Q27355703
Q224780,P1889,Q13034677
Q1004,P279,Q1318295
Q1004,P279,Q4502142
Q1004,P279,Q47461344
Q1004,P279,Q7725634
Q1004,P31,Q56055944
Q1004,P31,Q223393
Q1004,P31,Q4263830
Q1004,P1151,Q11188275
Q1004,P910,Q7286260
Q1004,P1424,Q6623200
Q1004,P1424,Q13406738
Q1004,P5008,Q5460604
Q1004,P3095,Q715301
Q1004,P3095,Q11892507
Q1004,P3095,Q17098559
Q1004,P1889,Q2121742
Q1004,P1963,P6900
Q536521,P31,Q4167410
Q217170,P366,Q9174
Q217170,P279,Q451967
Q217170,P1343,Q4532138
Q217170,P1889,Q623601
Q7878265,P17,Q17
Q7878265,P31,Q18663566
Q7878265,P1366,Q851675
Q7878265,P131,Q8192611
Q7878265,P1365,Q11359117
Q19546,P511,Q1326099
Q19546,P263,Q145093
Q19546,P279,Q611644
Q19546,P279,Q116
Q19546,P279,Q15995642
Q19546,P17,Q237
Q19546,P31,Q4164871
Q19546,P31,Q63188808
Q19546,P1001,Q237
Q19546,P1001,Q170174
Q19546,P2354,Q40483
Q19546,P910,Q5646628
Q19546,P1343,Q2041543
Q19546,P1343,Q602358
Q19546,P1343,Q19180675
Q19546,P3438,Q739445
Q19546,P1308,Q450675
Q19546,P3729,Q45722
Q19546,P2389,Q9592
Q19546,P2389,Q159583
Q19546,P2389,Q665037
Q19546,P2319,Q186431
Q19546,P1830,Q145093
Q19546,P6186,Q7367593
Q19546,P361,Q1195138
Q19546,P1889,Q171692
Q19546,P1889,Q164047
Q19546,P1889,Q7229148
Q19546,P97,Q7229148
Q272523,P22,Q217420
Q272523,P22,Q188536
Q272523,P22,Q28482206
Q272523,P21,Q6581072
Q272523,P31,Q41863069
Q272523,P31,Q1670614
Q272523,P31,Q205985
Q272523,P25,Q898454
Q272523,P26,Q2428612
Q272523,P26,Q188536
Q272523,P460,Q840451
Q272523,P460,Q678488
Q272523,P460,Q130274
Q272523,P460,Q31279888
Q272523,P460,Q47553
Q272523,P1038,Q1117489
Q272523,P2348,Q269678
Q272523,P2596,Q656043
Q272523,P361,Q275051
Q272523,P361,Q1660906
Q272523,P3373,Q526992
Q272523,P3373,Q654458
Q272523,P1049,Q275051
Q272523,P40,Q932659
Q202777,P31,Q4167410
Q202777,P1889,Q37159187
Q911595,P31,Q35127
Q911595,P31,Q4830453
Q911595,P112,Q5523871
Q6531897,P31,Q4167410
Q9391,P106,Q18930236
Q9391,P106,Q17391659
Q9391,P106,Q121594
Q9391,P106,Q36180
Q9391,P106,Q482980
Q9391,P106,Q14565331
Q9391,P106,Q170790
Q9391,P106,Q3606216
Q9391,P106,Q15632482
Q9391,P106,Q4964182
Q9391,P19,Q1741
Q9391,P27,Q145
Q9391,P27,Q40
Q9391,P910,Q6526935
Q9391,P31,Q5
Q9391,P509,Q181257
Q9391,P69,Q332342
Q9391,P69,Q51985
Q9391,P69,Q867530
Q9391,P69,Q18734905
Q9391,P69,Q35794
Q9391,P735,Q14159020
Q9391,P735,Q15730712
Q9391,P735,Q11122389
Q9391,P22,Q563305
Q9391,P1343,Q17378135
Q9391,P1343,Q2657718
Q9391,P1343,Q1145552
Q9391,P1343,Q67311526
Q9391,P1343,Q99413897
Q9391,P800,Q655717
Q9391,P800,Q772496
Q9391,P512,Q849697
Q9391,P108,Q332342
Q9391,P3373,Q85885
Q9391,P3373,Q170348
Q9391,P3373,Q96090157
Q9391,P3373,Q96090161
Q9391,P3373,Q96090158
Q9391,P3373,Q96090155
Q9391,P3373,Q96090160
Q9391,P3373,Q96090154
Q9391,P5008,Q5460604
Q9391,P1412,Q188
Q9391,P1412,Q1860
Q9391,P101,Q5891
Q9391,P21,Q6581097
Q9391,P734,Q62029472
Q9391,P737,Q33760
Q9391,P737,Q6512
Q9391,P737,Q60028
Q9391,P737,Q38193
Q9391,P20,Q350
Q9391,P607,Q361
Q9391,P802,Q4725710
Q9391,P1196,Q3739104
Q9391,P103,Q188
Q9391,P119,Q4803837
Q9391,P185,Q1191771
Q9391,P185,Q2941054
Q9391,P185,Q102405861
Q9391,P53,Q2586809
Q9391,P140,Q288928
Q9391,P1303,Q8343
Q9391,P1038,Q1325
Q9391,P1038,Q159976
Q9391,P25,Q21549619
Q9391,P184,Q33760
Q9391,P184,Q315387
Q9391,P1026,Q655717
Q9391,P551,Q2666245
Q9391,P551,Q131612
Q1537376,P279,Q2727213
Q1537376,P1269,Q173387
Q5166532,P31,Q4167410
Q421965,P31,Q22808320
Q421965,P460,Q27381932
Q421965,P460,Q174894
Q421965,P460,Q1271855
Q421965,P460,Q186534
Q421965,P460,Q451735
Q421965,P1889,Q16882802
Q1206525,P31,Q4167410
Q21454910,P31,Q101352
Q21454910,P1889,Q5908112
Q21454910,P282,Q8229
Q2627975,P279,Q1656682
Q2627975,P279,Q2245405
Q2627975,P910,Q7483114
Q2627975,P1343,Q101314624
Q380358,P31,Q2393196
Q380358,P361,Q378132
Q380358,P361,Q77468620
Q380358,P1880,Q2748697
Q380358,P1880,Q6052402
Q380358,P1880,Q7017456
Q380358,P1880,Q4905697
Q5681283,P31,Q4167410
Q225177,P31,Q4167410
Q225177,P460,Q15732746
Q225177,P460,Q1243611
Q225177,P460,Q20047597
Q225177,P460,Q26161811
Q225177,P460,Q26161873
Q225177,P460,Q17480882
Q225177,P460,Q227741
Q225177,P460,Q225199
Q225177,P460,Q974838
Q225177,P460,Q1168896
Q225177,P460,Q10343350
Q225177,P460,Q1223500
Q225177,P460,Q15268804
Q225177,P460,Q2063695
Q225177,P460,Q15732945
Q225177,P460,Q15799610
Q225177,P460,Q7235512
Q225177,P460,Q30149358
Q225177,P1343,Q2041543
Q225177,P1889,Q4925623
Q225177,P1889,Q12668666
Q225177,P1889,Q3370412
Q5608724,P31,Q3231690
Q5608724,P17,Q419
Q15948485,P31,Q4167410
Q3235597,P279,Q8454
Q3235597,P910,Q8430856
Q3235597,P31,Q15169167
Q3235597,P1343,Q4086271
Q3235597,P1343,Q4173137
Q3235597,P1343,Q19180675
Q3235597,P1343,Q602358
Q3235597,P1343,Q30059240
Q3235597,P1343,Q1138524
Q3235597,P1343,Q602358
Q3235597,P1343,Q4086271
Q121393,P31,Q1517900
Q121393,P910,Q9074036
Q121393,P2922,Q208192
Q121393,P547,Q1290338
Q121393,P1343,Q2041543
Q121393,P1343,Q3181656
Q121393,P837,Q2911896
Q121393,P837,Q2912314
Q121393,P837,Q2912200
Q121393,P837,Q2906241
Q121393,P837,Q2906277
Q121393,P837,Q2912320
Q121393,P837,Q12408426
Q121393,P837,Q2912297
Q121393,P279,Q94920
Q121393,P279,Q3572511
Q1938388,P22,Q477527
Q1938388,P25,Q594805
Q1938388,P21,Q6581072
Q1938388,P735,Q1938195
Q1938388,P31,Q20643955
Q1938388,P1441,Q245227
Q1938388,P1441,Q9190
Q1938388,P1441,Q43099
Q1938388,P1441,Q42614
Q1938388,P1441,Q9813916
Q1938388,P1441,Q178076
Q1938388,P1343,Q4086271
Q1938388,P1343,Q602358
Q1938388,P1343,Q19180675
Q1938388,P1343,Q4173137
Q1938388,P460,Q21959799
Q1938388,P460,Q7499
Q1938388,P19,Q11768
Q1938388,P20,Q954599
Q1938388,P3373,Q9077
Q1938388,P3373,Q51676
Q1938388,P3373,Q380714
Q1938388,P106,Q42857
Q570868,P910,Q9793326
Q570868,P138,Q502282
Q31207759,P279,Q2119376
Q31207759,P279,Q9332
Q31207759,P31,Q157811
Q31207759,P461,Q234213
Q31207759,P910,Q7372797
Q6702524,P31,Q4167410
Q37090,P31,Q117850
Q37090,P1343,Q2657718
Q37090,P527,Q186350
Q37090,P527,Q1141210
Q37090,P527,Q58646537
Q37090,P2283,Q13134154
Q37090,P279,Q3451071
Q37090,P460,Q825
Q37090,P910,Q6324474
Q11990,P279,Q2996394
Q11990,P910,Q7014346
Q11990,P2670,Q3427333
Q11990,P2670,Q2725616
Q11990,P2670,Q3427336
Q11990,P31,Q2996394
Q11990,P5008,Q5460604
Q11990,P1542,Q1899900
Q17122930,P31,Q187931
Q7958,P1343,Q20743760
Q7958,P279,Q1200750
Q7958,P1687,P6208
Q7958,P3712,Q46744
Q7958,P366,Q352842
Q297529,P31,Q4167410
Q297529,P1889,Q36966353
Q297529,P1889,Q96094978
Q205531,P171,Q235589
Q205531,P105,Q34740
Q205531,P31,Q310890
Q205531,P910,Q10220998
Q1270740,P31,Q4167410
Q1270740,P1889,Q16275504
Q5575996,P31,Q4818719
Q5575996,P279,Q138045
Q11104039,P31,Q4167410
Q342206,P31,Q4167410
Q348252,P31,Q4167410
Q348252,P1889,Q15725563
Q348252,P1889,Q27103092
Q348252,P460,Q225030
Q348252,P460,Q288742
Q348252,P460,Q304837
Q348252,P460,Q451762
Q348252,P460,Q1102036
Q348252,P460,Q10289970
Q348252,P460,Q1822678
Q348252,P460,Q1627850
Q133327,P527,Q107
Q133327,P527,Q11471
Q133327,P910,Q7016232
Q133327,P31,Q23956024
Q133327,P31,Q486902
Q133327,P31,Q1704572
Q133327,P1424,Q8084437
Q133327,P361,Q1
Q226250,P31,Q4167410
Q226250,P1889,Q37556466
Q1766379,P175,Q849299
Q1766379,P264,Q1200368
Q1766379,P31,Q482994
Q1766379,P155,Q10502595
Q1766379,P156,Q2540747
Q1766379,P162,Q849299
Q1766379,P136,Q43343
Q1766379,P407,Q1860
Q240126,P910,Q7490292
Q240126,P279,Q3240539
Q240126,P3095,Q3824194
Q240126,P1424,Q6732929
Q240126,P5008,Q78499962
Q240126,P1269,Q5018479
Q4837595,P31,Q4167410
Q1413,P25,Q154732
Q1413,P22,Q351503
Q1413,P39,Q842606
Q1413,P39,Q20056508
Q1413,P39,Q26203875
Q1413,P31,Q5
Q1413,P20,Q220
Q1413,P910,Q7454502
Q1413,P53,Q192841
Q1413,P19,Q16010710
Q1413,P106,Q49757
Q1413,P106,Q82955
Q1413,P106,Q47064
Q1413,P27,Q1747689
Q1413,P26,Q230716
Q1413,P26,Q231262
Q1413,P26,Q241445
Q1413,P26,Q2329627
Q1413,P26,Q2403916
Q1413,P1196,Q10737
Q1413,P119,Q220
Q1413,P2358,Q6697451
Q1413,P2348,Q2277
Q1413,P40,Q1275952
Q1413,P140,Q337547
Q1413,P1343,Q4173137
Q1413,P1343,Q19190511
Q1413,P1343,Q602358
Q1413,P1343,Q1138524
Q1413,P1343,Q67311526
Q1413,P1343,Q30059240
Q1413,P2359,Q30006705
Q1413,P1441,Q3874826
Q1413,P1441,Q615522
Q1413,P5025,Q385338
Q1413,P509,Q4241510
Q1413,P21,Q6581097
Q1413,P6886,Q397
Q1413,P3716,Q154668
Q1413,P3716,Q10076267
Q1413,P1889,Q36949
Q1413,P451,Q256439
Q1413,P1412,Q397
Q1413,P97,Q842606
Q1413,P551,Q622438
Q16863887,P31,Q4167410
Q1425,P25,Q3132611
Q1425,P22,Q714856
Q1425,P39,Q842606
Q1425,P39,Q20056508
Q1425,P39,Q1190123
Q1425,P39,Q172907
Q1425,P39,Q26203875
Q1425,P26,Q239448
Q1425,P31,Q5
Q1425,P910,Q9142522
Q1425,P53,Q3202662
Q1425,P19,Q658893
Q1425,P20,Q1424724
Q1425,P27,Q1747689
Q1425,P106,Q372436
Q1425,P106,Q82955
Q1425,P106,Q189290
Q1425,P1343,Q302556
Q1425,P1343,Q4173137
Q1425,P1343,Q1138524
Q1425,P1343,Q30059240
Q1425,P1343,Q602358
Q1425,P1343,Q19180675
Q1425,P1343,Q67311526
Q1425,P1343,Q3181656
Q1425,P509,Q8264724
Q1425,P2358,Q6757977
Q1425,P2348,Q2277
Q1425,P3373,Q237622
Q1425,P1196,Q3739104
Q1425,P140,Q337547
Q1425,P119,Q192784
Q1425,P21,Q6581097
Q1425,P410,Q212624
Q1425,P1441,Q24050047
Q1425,P172,Q60222350
Q1425,P3448,Q1424
Q1425,P6886,Q397
Q1425,P1412,Q397
Q1425,P97,Q842606
Q1425,P361,Q193254
Q1425,P40,Q1427
Q177826,P910,Q6416304
Q177826,P1343,Q2657718
Q177826,P1343,Q602358
Q177826,P1343,Q19180675
Q177826,P1343,Q4114391
Q177826,P31,Q657326
Q177826,P31,Q874405
Q177826,P460,Q2259532
Q177826,P1424,Q8559680
Q177826,P1424,Q9630537
Q177826,P461,Q15407657
Q1048501,P31,Q102786
Q20998215,P31,Q4167410
Q130,P279,Q819073
Q130,P279,Q573
Q130,P279,Q1445650
Q130,P138,Q131654
Q130,P138,Q47652
Q130,P138,Q203
Q130,P138,Q23488
Q130,P138,Q6822574
Q130,P910,Q8474821
Q130,P31,Q41825
Q130,P1343,Q20961706
Q130,P1343,Q4086271
Q130,P1343,Q19180675
Q130,P1343,Q602358
Q130,P1343,Q2041543
Q130,P1343,Q1138524
Q130,P1343,Q3181656
Q130,P2959,Q25634197
Q130,P155,Q129
Q130,P156,Q131
Q130,P361,Q23387
Q1456974,P461,Q21256745
Q1456974,P279,Q9332
Q177646,P1568,Q36161
Q177646,P31,Q130901
Q177646,P279,Q3965271
Q177646,P279,Q36161
Q177646,P1571,Q36161
Q177646,P361,Q36161
Q177646,P461,Q15882515
Q177646,P2283,Q28803400
Q177646,P1889,Q21514624
Q177646,P2579,Q12482
Q12398146,P31,Q4167410
Q12398146,P1889,Q16882200
Q10756188,P361,Q43229
Q10756188,P279,Q1400881
Q10756188,P279,Q2366457
Q10756188,P1889,Q11953074
Q27831654,P31,Q4167410
Q202960,P31,Q4167410
Q202960,P1889,Q37552561
Q210439,P910,Q8582729
Q210439,P279,Q7553
Q210439,P279,Q192581
Q224197,P31,Q4167410
Q224197,P1889,Q19968153
Q224197,P4913,Q4117854
Q224197,P460,Q11765831
Q2650689,P31,Q12308941
Q2650689,P407,Q397
Q2650689,P407,Q7411
Q2650689,P460,Q21142305
Q2650689,P460,Q575207
Q2650689,P460,Q19828532
Q2650689,P282,Q8229
Q2650689,P5323,Q21644845
Q241532,P31,Q4167410
Q241532,P1889,Q22992247
Q26409,P31,Q16335296
Q26409,P31,Q96239483
Q26409,P279,Q189290
Q26409,P17,Q1747689
Q26409,P106,Q47064
Q26409,P1889,Q60983987
Q26409,P1343,Q1138524
Q1494221,P31,Q4167410
Q1494221,P1889,Q21449872
Q760125,P31,Q29028649
Q1031250,P279,Q1156854
Q49476,P279,Q29182
Q49476,P910,Q8800279
Q49476,P31,Q21114371
Q49476,P31,Q63188683
Q49476,P2959,Q25689718
Q49476,P6186,Q59521777
Q49476,P2389,Q2072238
Q49476,P1343,Q2041543
Q1250335,P279,Q980357
Q1250335,P2670,Q51927539
Q1250335,P2670,Q51927507
Q692,P1455,Q763848
Q692,P800,Q41567
Q692,P800,Q83186
Q692,P800,Q237572
Q692,P800,Q130283
Q692,P800,Q104871
Q692,P800,Q662550
Q692,P800,Q332387
Q692,P800,Q232042
Q692,P800,Q661222
Q692,P800,Q649562
Q692,P800,Q631855
Q692,P800,Q1232349
Q692,P800,Q495954
Q692,P800,Q643236
Q692,P800,Q1236216
Q692,P800,Q1241754
Q692,P800,Q652011
Q692,P800,Q672059
Q692,P800,Q128610
Q692,P800,Q206400
Q692,P800,Q130851
Q692,P800,Q844836
Q692,P800,Q221211
Q692,P800,Q506865
Q692,P800,Q665446
Q692,P800,Q272169
Q692,P800,Q215750
Q692,P800,Q26833
Q692,P800,Q181598
Q692,P800,Q606830
Q692,P800,Q463126
Q692,P800,Q284641
Q692,P800,Q183304
Q692,P800,Q730212
Q692,P800,Q743194
Q692,P800,Q584729
Q692,P800,Q86440
Q692,P800,Q53590
Q692,P800,Q506505
Q692,P106,Q214917
Q692,P106,Q49757
Q692,P106,Q2259451
Q692,P106,Q36180
Q692,P106,Q33999
Q692,P106,Q487596
Q692,P19,Q189288
Q692,P19,Q189288
Q692,P19,Q1693076
Q692,P20,Q189288
Q692,P20,Q1693076
Q692,P103,Q7979
Q692,P40,Q2794279
Q692,P40,Q2312807
Q692,P40,Q3434931
Q692,P22,Q719706
Q692,P25,Q467805
Q692,P26,Q237251
Q692,P910,Q7845988
Q692,P31,Q5
Q692,P136,Q1134718
Q692,P735,Q12344159
Q692,P27,Q179876
Q692,P27,Q145
Q692,P1343,Q19180675
Q692,P1343,Q602358
Q692,P1343,Q867541
Q692,P1343,Q4239850
Q692,P1343,Q15987216
Q692,P1343,Q2041543
Q692,P1343,Q17378135
Q692,P1343,Q51955019
Q692,P1343,Q64759522
Q692,P1343,Q67311526
Q692,P1343,Q81416712
Q692,P1343,Q4532138
Q692,P1343,Q99413897
Q692,P1343,Q41981607
Q692,P69,Q6411533
Q692,P119,Q472082
Q692,P551,Q189288
Q692,P737,Q47160
Q692,P734,Q20997880
Q692,P3373,Q6205446
Q692,P3373,Q5339820
Q692,P3373,Q5561207
Q692,P3373,Q96089298
Q692,P3373,Q96089296
Q692,P3373,Q96089295
Q692,P3373,Q96089292
Q692,P172,Q42406
Q692,P5008,Q5460604
Q692,P5125,Q27684061
Q692,P1412,Q7979
Q692,P21,Q6581097
Q692,P509,Q38933
Q692,P6379,Q1700481
Q692,P6379,Q214867
Q692,P6379,Q1976985
Q692,P2959,Q21202008
Q692,P6886,Q1860
Q692,P7763,Q71887839
Q692,P6104,Q101246526
Q245781,P910,Q8438457
Q245781,P31,Q31172650
Q245781,P31,Q54989186
Q245781,P138,Q485459
Q245781,P1889,Q485459
Q245781,P527,Q621922
Q245781,P1382,Q1395219
Q659974,P31,Q60539479
Q659974,P31,Q16748867
Q659974,P31,Q41172303
Q659974,P461,Q621922
Q659974,P2579,Q9357054
Q659974,P1535,Q7023752
Q659974,P1889,Q33057351
Q659974,P1889,Q1048607
Q659974,P279,Q34394
Q659974,P361,Q77468620
Q659974,P1343,Q602358
Q659974,P1343,Q101314624
Q46802,P31,Q179461
Q46802,P31,Q1194040
Q46802,P31,Q8276
Q46802,P136,Q9465
Q46802,P910,Q9460372
Q46802,P2959,Q25689818
Q46802,P527,Q2722720
Q46802,P527,Q2774929
Q46802,P527,Q2727266
Q46802,P527,Q2758671
Q46802,P527,Q2727267
Q46802,P527,Q2724042
Q46802,P527,Q2758672
Q46802,P527,Q2721874
Q46802,P527,Q12443250
Q46802,P527,Q12443237
Q46802,P527,Q12443238
Q46802,P527,Q12443241
Q46802,P527,Q12443239
Q46802,P527,Q12443240
Q46802,P527,Q2764722
Q46802,P527,Q12443243
Q46802,P527,Q13004716
Q46802,P527,Q12443244
Q46802,P407,Q11059
Q46802,P655,Q52196374
Q46802,P655,Q938060
Q46802,P655,Q16002981
Q46802,P655,Q107323
Q46802,P655,Q26714
Q46802,P655,Q156349
Q46802,P655,Q4103211
Q46802,P655,Q5350511
Q46802,P50,Q330521
Q46802,P747,Q4900614
Q46802,P747,Q63196925
Q46802,P747,Q63196913
Q46802,P747,Q86016746
Q46802,P1343,Q2041543
Q46802,P1343,Q19190511
Q46802,P1343,Q19180675
Q46802,P1343,Q602358
Q46802,P1343,Q3181656
Q46802,P6216,Q19652
Q288438,P31,Q4167410
Q288438,P1889,Q18009833
Q288438,P1889,Q37556915
Q288438,P460,Q2047798
Q288438,P460,Q1225626
Q288438,P460,Q1404880
Q60960670,P31,Q4167410
Q652630,P31,Q4167410
Q652630,P1889,Q20650472
Q652630,P460,Q63226370
Q221284,P910,Q7415076
Q221284,P461,Q1991663
Q221284,P1424,Q7646700
Q221284,P279,Q12761867
Q221284,P279,Q19483216
Q1436248,P910,Q8788767
Q1436248,P279,Q1297428
Q1436248,P1889,Q1462538
Q1436248,P31,Q305
Q1436248,P910,Q8788767
Q1436248,P279,Q1297428
Q1436248,P1889,Q1462538
Q1436248,P31,Q305
Q7632236,P31,Q4167410
Q297255,P31,Q4167410
Q1182072,P31,Q4167410
Q6989196,P31,Q1914636
Q6989196,P31,Q11862829
Q6989196,P1343,Q27680201
Q6989196,P3095,Q158852
Q6989196,P279,Q6942562
Q188574,P21,Q6581097
Q188574,P910,Q7153716
Q188574,P31,Q66425507
Q188574,P31,Q3658341
Q188574,P31,Q33399405
Q188574,P551,Q1310304
Q188574,P1441,Q3766392
Q188574,P1441,Q1633087
Q188574,P1441,Q404535
Q188574,P1441,Q4111568
Q188574,P1441,Q4111567
Q188574,P1441,Q15700692
Q188574,P138,Q2919415
Q188574,P170,Q207036
Q188574,P4969,Q1427030
Q188574,P144,Q213477
Q16775552,P31,Q4167410
Q620749,P1343,Q17329836
Q620749,P1343,Q17378135
Q620749,P1343,Q2498180
Q620749,P1343,Q2041543
Q620749,P279,Q211364
Q620749,P910,Q7573423
Q620749,P1889,Q5891
Q2637103,P31,Q12308941
Q2637103,P460,Q16032077
Q2637103,P460,Q923
Q2637103,P460,Q21029874
Q2637103,P460,Q17501806
Q2637103,P460,Q17501703
Q2637103,P460,Q30315209
Q2637103,P460,Q1707169
Q2637103,P460,Q3833371
Q2637103,P460,Q16002466
Q2637103,P460,Q3607811
Q2637103,P282,Q8229
Q2637103,P407,Q1860
Q133073,P1465,Q18663800
Q133073,P190,Q23436
Q133073,P190,Q8686
Q133073,P190,Q342803
Q133073,P190,Q242108
Q133073,P17,Q664
Q133073,P131,Q96249787
Q133073,P31,Q515
Q133073,P31,Q1549591
Q133073,P910,Q8354301
Q133073,P1464,Q15934605
Q133073,P1792,Q9070327
Q133073,P1376,Q692912
Q133073,P1343,Q602358
Q133073,P1343,Q3181656
Q133073,P7867,Q84045598
Q260931,P31,Q4167410
Q260931,P1889,Q21079791
Q260931,P1889,Q28868756
Q163329,P31,Q82794
Q163329,P910,Q9039503
Q163329,P1343,Q2657718
Q163329,P1343,Q4173137
Q163329,P1343,Q30059240
Q163329,P1343,Q602358
Q163329,P1343,Q19180675
Q163329,P1343,Q4086271
Q163329,P1343,Q3181656
Q163329,P7867,Q84033347
Q163329,P138,Q204797
Q5251738,P31,Q4167410
Q297280,P31,Q4167410
Q297280,P1889,Q16869630
Q420402,P31,Q4167410
Q420402,P1889,Q3701324
Q420402,P1889,Q16869396
Q2571972,P279,Q694045
Q2571972,P279,Q1151067
Q2571972,P279,Q820655
Q2571972,P1343,Q2657718
Q2571972,P1343,Q2041543
Q2571972,P1343,Q1768721
Q2571972,P910,Q6215958
Q2571972,P460,Q6453643
Q202129,P31,Q7725634
Q202129,P674,Q28532552
Q202129,P674,Q625748
Q202129,P674,Q11766982
Q202129,P674,Q1933173
Q202129,P910,Q19672083
Q202129,P1343,Q2657718
Q202129,P1343,Q19180675
Q202129,P1343,Q602358
Q202129,P1343,Q4086271
Q202129,P1343,Q4173137
Q202129,P1343,Q2041543
Q202129,P2959,Q25689928
Q202129,P361,Q201410
Q202129,P361,Q3620673
Q202129,P361,Q29334
Q202129,P407,Q9288
Q202129,P4969,Q644887
Q202129,P4969,Q1246440
Q202129,P4969,Q1570361
Q202129,P4969,Q1686088
Q202129,P4969,Q1798628
Q202129,P4969,Q2247406
Q202129,P4969,Q2267509
Q202129,P4969,Q2324643
Q202129,P4969,Q2470123
Q202129,P4969,Q2537695
Q202129,P4969,Q3769156
Q202129,P4969,Q3769169
Q202129,P4969,Q3769182
Q202129,P4969,Q7885787
Q202129,P4969,Q12172895
Q202129,P4969,Q13077250
Q202129,P4969,Q17275489
Q202129,P4969,Q17319619
Q202129,P4969,Q23928485
Q202129,P4969,Q43150796
Q202129,P4969,Q1157209
Q202129,P156,Q131068
Q202129,P155,Q131737
Q155980,P31,Q179461
Q155980,P31,Q7725634
Q155980,P2959,Q25689958
Q155980,P361,Q201410
Q155980,P361,Q3620673
Q155980,P50,Q3092598
Q155980,P747,Q29552979
Q155980,P747,Q47490482
Q155980,P747,Q47490550
Q155980,P1889,Q2642339
Q155980,P910,Q26944831
Q155980,P4969,Q2005051
Q155980,P136,Q546729
Q155980,P407,Q9288
Q155980,P1343,Q602358
Q155980,P1343,Q4086271
Q155980,P1343,Q2041543
Q155980,P1343,Q3181656
Q155980,P1343,Q6579785
Q155980,P155,Q202135
Q56245652,P31,Q101352
Q56245652,P1889,Q1616940
Q56245652,P282,Q8229
Q161733,P910,Q8428309
Q161733,P31,Q1047113
Q161733,P279,Q34749
Q161733,P1424,Q22833278
Q161733,P3095,Q8142883
Q161733,P1343,Q602358
Q161733,P1889,Q43504
Q200937,P131,Q2091557
Q200937,P131,Q13031081
Q200937,P131,Q2048042
Q200937,P131,Q1020567
Q200937,P131,Q27885124
Q200937,P131,Q148965
Q200937,P131,Q11825676
Q200937,P17,Q184
Q200937,P910,Q9530917
Q200937,P1464,Q8058226
Q200937,P421,Q6760
Q200937,P1376,Q2091557
Q200937,P31,Q79324274
Q200937,P237,Q14917038
Q200937,P163,Q56604859
Q5023963,P17,Q30
Q450575,P31,Q4167410
Q450575,P1889,Q16870661
Q1641703,P31,Q4167410
Q32489,P279,Q15407649
Q32489,P910,Q7237889
Q32489,P527,Q330946
Q32489,P527,Q17504947
Q32489,P366,Q196751
Q32489,P366,Q132821
Q32489,P366,Q2668072
Q32489,P1535,Q329737
Q32489,P1535,Q156839
Q32489,P1535,Q931260
Q32489,P1343,Q602358
Q32489,P1343,Q4086271
Q32489,P1343,Q1970746
Q32489,P1343,Q1768721
Q32489,P1382,Q3130638
Q3529376,P460,Q201948
Q3529376,P910,Q24301257
Q3529376,P31,Q6857706
Q3529376,P279,Q47064
Q270141,P910,Q9150041
Q270141,P31,Q12737077
Q270141,P279,Q58968
Q270141,P1343,Q2041543
Q270141,P5869,Q8011
Q270141,P5869,Q762
Q270141,P5869,Q1500
Q270141,P5869,Q9191
Q270141,P1382,Q6935037
Q270141,P1382,Q3603995
Q153936,P279,Q207320
Q153936,P910,Q8632314
Q153936,P1343,Q4114391
Q153936,P1343,Q602358
Q153936,P1343,Q1970746
Q153936,P1343,Q19180675
Q153936,P1889,Q1058330
Q3052080,P279,Q4991371
Q827512,P31,Q12870
Q107198,P31,Q28640
Q107198,P910,Q8289750
Q107198,P1889,Q781850
Q107198,P1889,Q55187
Q107198,P279,Q55187
Q107198,P1343,Q1138524
Q107198,P155,Q781850
Q107198,P425,Q58001762
Q15623733,P31,Q4167410
Q15623733,P1889,Q16865806
Q15623733,P361,Q226663
Q184753,P1995,Q2861470
Q184753,P279,Q1064904
Q184753,P1343,Q2657718
Q184753,P1424,Q22833731
Q184753,P910,Q9943461
Q2396419,P17,Q31
Q2396419,P31,Q2785216
Q2396419,P131,Q499588
Q2396419,P361,Q499588
Q28485446,P641,Q5375
Q11379765,P279,Q1914636
Q11379765,P361,Q35535
Q11379765,P1343,Q4114391
Q11379765,P1343,Q4114391
Q11379765,P1343,Q602358
Q11379765,P1343,Q19180675
Q7533097,P31,Q4167410
Q19299001,P31,Q4167410
Q19299001,P1889,Q37504400
Q184840,P910,Q7498189
Q184840,P279,Q83267
Q184840,P1343,Q2657718
Q184840,P1343,Q2041543
Q184840,P460,Q1758553
Q184840,P3095,Q17176618
Q184840,P3095,Q890103
Q739882,P176,Q702135
Q739882,P287,Q112193
Q739882,P739,Q135550
Q739882,P739,Q158766
Q739882,P739,Q158803
Q739882,P739,Q158801
Q739882,P739,Q158755
Q739882,P739,Q158782
Q739882,P739,Q169130
Q739882,P739,Q158715
Q739882,P495,Q40
Q739882,P1889,Q702135
Q739882,P527,Q172172
Q739882,P527,Q20888499
Q739882,P527,Q11972218
Q739882,P527,Q740054
Q739882,P527,Q20888500
Q739882,P527,Q740503
Q739882,P527,Q22337899
Q739882,P527,Q639571
Q739882,P527,Q22661433
Q739882,P527,Q3772380
Q739882,P527,Q22661448
Q739882,P527,Q985771
Q739882,P527,Q22661468
Q739882,P527,Q1015606
Q739882,P527,Q22661486
Q739882,P527,Q3772386
Q739882,P527,Q1044794
Q739882,P527,Q1813395
Q739882,P527,Q1503338
Q739882,P527,Q675512
Q739882,P527,Q675492
Q739882,P527,Q675539
Q739882,P527,Q1320281
Q739882,P527,Q22661492
Q739882,P527,Q1531823
Q739882,P527,Q22661499
Q739882,P527,Q1530598
Q739882,P527,Q740962
Q739882,P527,Q696114
Q739882,P527,Q740770
Q739882,P527,Q526746
Q739882,P527,Q264725
Q739882,P527,Q2646119
Q739882,P527,Q22337989
Q739882,P527,Q22338008
Q739882,P527,Q16831597
Q739882,P527,Q22338037
Q739882,P61,Q112193
Q739882,P279,Q3389302
Q739882,P31,Q15142889
Q6875392,P31,Q4167410
Q347656,P31,Q4167410
Q347656,P1889,Q12790118
Q419236,P31,Q4167410
Q419236,P1889,Q16876185
Q7339185,P31,Q4167410
Q56541274,P31,Q101352
Q56541274,P1889,Q15853089
Q185943,P279,Q3237993
Q185943,P279,Q537151
Q185943,P910,Q8920582
Q185943,P1343,Q2657718
Q185943,P1343,Q2041543
Q185943,P1343,Q1138524
Q185943,P1889,Q15782951
Q185943,P1542,Q2745341
Q842254,P31,Q7257
Q842254,P1889,Q56324340
Q842254,P1889,Q96107315
Q2558042,P31,Q4167410
Q2558042,P1889,Q17143287
Q21475262,P31,Q101352
Q21475262,P1889,Q2227837
Q21475262,P282,Q8229
Q1282131,P31,Q31172650
Q1282131,P1343,Q63284758
Q1282131,P1889,Q238350
Q9137247,P910,Q8831600
Q9137247,P279,Q870114
Q9137247,P176,Q690604
Q6498684,P279,Q1146011
Q6498684,P910,Q15100051
Q6498684,P361,Q2250903
Q6498684,P361,Q1149275
Q6498684,P361,Q1574901
Q6498684,P1343,Q2657718
Q6498684,P1343,Q2041543
Q6498684,P460,Q1400881
Q6498684,P1382,Q829909
Q6498684,P1889,Q829909
Q6498684,P31,Q2135465
Q6498684,P31,Q930933
Q6498684,P1269,Q11917765
Q6498684,P1687,P1830
Q6498684,P1552,Q2519156
Q6498684,P828,Q601401
Q6498684,P828,Q200303
Q6498684,P828,Q11398090
Q6498684,P828,Q795041
Q6498684,P828,Q707482
Q6498684,P828,Q14208553
Q6498684,P828,Q4895359
Q6498684,P828,Q4668392
Q6498684,P828,Q1096438
Q6498684,P828,Q12772819
Q6498684,P828,Q313326
Q621695,P461,Q1208425
Q621695,P279,Q451967
Q621695,P279,Q900584
Q621695,P361,Q77468620
Q621695,P1343,Q101314624
Q155644,P176,Q1148423
Q155644,P176,Q747353
Q155644,P176,Q1538336
Q155644,P176,Q2826721
Q155644,P287,Q60962
Q155644,P607,Q49101
Q155644,P607,Q49077
Q155644,P607,Q49100
Q155644,P607,Q213394
Q155644,P607,Q609836
Q155644,P607,Q1993848
Q155644,P739,Q135550
Q155644,P739,Q158715
Q155644,P739,Q158803
Q155644,P739,Q2894884
Q155644,P495,Q801
Q155644,P279,Q178550
Q155644,P910,Q32491378
Q155644,P31,Q15142894
Q155644,P31,Q2424752
Q10914376,P31,Q4167410
Q10914376,P1889,Q37482109
Q224952,P1343,Q2657718
Q224952,P279,Q5
Q224952,P361,Q7748
Q224952,P31,Q13642845
Q3316261,P31,Q2135465
Q3316261,P279,Q83267
Q3316261,P279,Q104493
Q3316261,P1382,Q11640551
Q3316261,P527,Q1914636
Q3316261,P527,Q104493
Q294970,P31,Q4167410
Q294970,P1889,Q37312990
Q5440576,P31,Q34394
Q5440576,P1269,Q7163
Q28973681,P31,Q101352
Q28973681,P1889,Q1271585
Q28973681,P460,Q28973682
Q28973681,P282,Q8229
Q2098,P910,Q15934346
Q2098,P21,Q6581097
Q2098,P31,Q5
Q2098,P19,Q860500
Q2098,P106,Q49757
Q2098,P106,Q36180
Q2098,P27,Q1747689
Q2098,P1412,Q397
Q2098,P1343,Q19180675
Q2098,P1343,Q602358
Q2098,P1343,Q2657718
Q2098,P1343,Q30059240
Q2098,P1343,Q867541
Q2098,P1343,Q67311526
Q2098,P136,Q482
Q2098,P136,Q128758
Q2098,P20,Q860500
Q2098,P2358,Q6757977
Q2098,P2348,Q787204
Q2098,P2359,Q32979453
Q2098,P800,Q16604285
Q2098,P5025,Q1429412
Q2098,P6886,Q397
Q2098,P2365,Q91611396
Q2098,P7763,Q71887839
Q224168,P31,Q4167410
Q224168,P1889,Q1484464
Q224168,P460,Q440539
Q3367803,P31,Q4167410
Q3367803,P1889,Q37285464
Q224801,P31,Q4167410
Q1182791,P31,Q4167410
Q1182791,P1889,Q16466414
Q111837,P31,Q56019
Q111837,P910,Q8609948
Q111837,P1343,Q2657718
Q111837,P1343,Q1970746
Q111837,P1343,Q19180675
Q111837,P1343,Q602358
Q111837,P1343,Q4114391
Q111837,P527,Q125168
Q111837,P527,Q12732507
Q111837,P527,Q16151507
Q111837,P527,Q18401884
Q111837,P527,Q18401887
Q111837,P527,Q2359140
Q111837,P527,Q3393225
Q111837,P527,Q474485
Q111837,P527,Q17072208
Q111837,P527,Q1147756
Q111837,P527,Q1189651
Q111837,P527,Q1201444
Q111837,P1889,Q7821620
Q111837,P1889,Q7820253
Q111837,P1830,Q2014830
Q111837,P5008,Q99671171
Q1904299,P31,Q4167410
Q1904299,P1889,Q16883671
Q15702057,P31,Q4167410
Q21487231,P31,Q101352
Q21487231,P1889,Q165478
Q21487231,P282,Q8229
Q21487231,P407,Q1860
Q21487231,P460,Q16479438
Q21487231,P460,Q21508621
Q21487231,P460,Q21493479
Q183302,P279,Q1046481
Q183302,P910,Q7325468
Q183302,P1343,Q2657718
Q183302,P1343,Q602358
Q183302,P1343,Q4114391
Q183302,P1343,Q19180675
Q183302,P1343,Q1970746
Q786054,P279,Q179057
Q786054,P1343,Q2657718
Q330165,P21,Q6581097
Q330165,P27,Q30
Q330165,P106,Q82955
Q330165,P39,Q4416090
Q330165,P39,Q17502533
Q330165,P39,Q20065429
Q330165,P39,Q4416090
Q330165,P39,Q4416090
Q330165,P39,Q4416090
Q330165,P39,Q4416090
Q330165,P39,Q4416090
Q330165,P39,Q4416090
Q330165,P39,Q4416090
Q330165,P39,Q4416090
Q330165,P39,Q4416090
Q330165,P39,Q4416090
Q330165,P39,Q4416090
Q330165,P39,Q4416090
Q330165,P39,Q4416090
Q330165,P39,Q4416090
Q330165,P19,Q37320
Q330165,P20,Q790541
Q330165,P102,Q29552
Q330165,P31,Q5
Q330165,P140,Q9268
Q330165,P69,Q309331
Q330165,P69,Q6912389
Q330165,P735,Q3595959
Q330165,P1412,Q1860
Q330165,P937,Q61
Q330165,P937,Q16567
Q330165,P119,Q24964734
Q780191,P27,Q35
Q780191,P21,Q6581097
Q780191,P40,Q1800888
Q780191,P40,Q2471533
Q780191,P170,Q692
Q780191,P1441,Q41567
Q780191,P31,Q3375722
Q780191,P31,Q15632617
Q780191,P4969,Q55032117
Q780191,P460,Q55032117
Q1475429,P910,Q8520954
Q1475429,P1343,Q1970746
Q1475429,P1343,Q19180675
Q1475429,P1343,Q4114391
Q1475429,P31,Q1065579
Q1475429,P31,Q987767
Q1475429,P31,Q1333024
Q331662,P910,Q15275293
Q331662,P461,Q322348
Q331662,P279,Q364056
Q190672,P1343,Q2657718
Q190672,P279,Q1183543
Q190672,P910,Q55274246
Q346979,P31,Q4167410
Q346979,P1889,Q485116
Q346561,P31,Q4167410
Q21507435,P31,Q101352
Q21507435,P1889,Q1106886
Q21507435,P460,Q1778400
Q21507435,P460,Q26973076
Q21507435,P460,Q11740861
Q21507435,P282,Q8229
Q580750,P279,Q899277
Q580750,P910,Q7014638
Q580750,P1889,Q31603
Q580750,P1343,Q2041543
Q580750,P1343,Q602358
Q580750,P1343,Q4173137
Q580750,P1343,Q19180675
Q580750,P1343,Q4114391
Q580750,P1343,Q602358
Q344087,P31,Q4167410
Q16917,P279,Q178706
Q16917,P279,Q4260475
Q16917,P279,Q814610
Q16917,P279,Q30139652
Q16917,P361,Q11000047
Q16917,P910,Q5468659
Q16917,P1424,Q5618337
Q16917,P1889,Q15043861
Q16917,P1889,Q46124
Q16917,P1889,Q180370
Q16917,P2388,Q1068947
Q16917,P1963,P131
Q16917,P1963,P625
Q16917,P1963,P856
Q16917,P1963,P571
Q16917,P1963,P18
Q16917,P1963,P6801
Q16917,P1963,P17
Q16917,P1963,P6855
Q16917,P1963,P1128
Q16917,P1963,P112
Q16917,P1963,P1416
Q16917,P1963,P6375
Q16917,P1963,P527
Q16917,P1963,P137
Q16917,P1963,P101
Q16917,P1343,Q602358
Q16917,P1343,Q19180675
Q16917,P527,Q55143870
Q16917,P2670,Q142259
Q16917,P2670,Q39364723
Q43261,P1343,Q2657718
Q43261,P1343,Q2041543
Q43261,P1343,Q20078554
Q43261,P460,Q21970361
Q43261,P910,Q47392618
Q43261,P31,Q14506045
Q43261,P828,Q207961
Q43261,P1537,Q193294
Q43261,P1537,Q166564
Q43261,P1552,Q126017
Q43261,P279,Q3241107
Q43261,P1479,Q2221906
Q43261,P1479,Q190200
Q779970,P279,Q360963
Q843478,P910,Q8635215
Q843478,P279,Q3391448
Q843478,P279,Q815758
Q34771,P17,Q20
Q34771,P131,Q5245991
Q34771,P910,Q8520862
Q34771,P31,Q123705
Q34771,P276,Q606860
Q3153728,P279,Q178844
Q3153728,P279,Q63495479
Q3153728,P92,Q674827
Q2843347,P31,Q4167410
Q2843347,P1889,Q26822081
Q2843347,P1889,Q12784474
Q2843347,P460,Q98923995
Q181822,P279,Q169336
Q181822,P279,Q42501
Q181822,P1343,Q2657718
Q181822,P910,Q55273384
Q181822,P366,Q898389
Q4017032,P31,Q4167410
Q1208175,P31,Q4220920
Q1208175,P31,Q4164871
Q1208175,P279,Q74649115
Q1208175,P279,Q1970438
Q1208175,P910,Q9656039
Q6899492,P31,Q4167410
Q6899492,P1889,Q16877333
Q1346524,P31,Q4167410
Q1346524,P1889,Q16220581
Q1346524,P1889,Q5005131
Q1346524,P1889,Q20519935
Q1346524,P1889,Q20522426
Q1346524,P1889,Q855783
Q1346524,P1889,Q13402093
Q1346524,P460,Q12786210
Q1346524,P460,Q25834963
Q1346524,P460,Q445557
Q28197077,P31,Q8102
Q1094635,P31,Q4167410
Q4636383,P31,Q4167410
Q396848,P31,Q4167410
Q43512,P131,Q805804
Q43512,P131,Q911737
Q43512,P31,Q8502
Q43512,P17,Q843
Q43512,P17,Q148
Q43512,P30,Q48
Q43512,P910,Q7272167
Q43512,P1465,Q27498539
Q43512,P4552,Q805805
Q43512,P793,Q1194369
Q43512,P793,Q91094170
Q43512,P1343,Q20078554
Q43512,P1343,Q3181656
Q43512,P361,Q1855408
Q43512,P8450,Q185552
Q43512,P1889,Q339165
Q43512,P3137,Q513
Q342409,P31,Q4167410
Q205582,P31,Q4167410
Q562992,P31,Q4167410
Q214743,P277,Q15777
Q214743,P31,Q80592893
Q214743,P31,Q18343316
Q214743,P910,Q7364418
Q214743,P275,Q191307
Q214743,P178,Q335047
Q214743,P751,Q42214913
Q214743,P306,Q14656
Q214743,P4810,Q47517775
Q214743,P4810,Q48583087
Q214743,P4810,Q47517777
Q214743,P4810,Q47517764
Q214743,P4810,Q47517765
Q214743,P4810,Q47517767
Q214743,P4810,Q47517768
Q214743,P4810,Q47517769
Q214743,P4810,Q47517779
Q214743,P4810,Q47517774
Q214743,P4810,Q817775
Q214743,P4810,Q47517785
Q214743,P4810,Q47517788
Q214743,P170,Q335047
Q214743,P4969,Q131382
Q214743,P4969,Q556171
Q214743,P4969,Q7928993
Q214743,P4969,Q19903677
Q226356,P31,Q4167410
Q226356,P460,Q9369312
Q8043966,P31,Q4167410
Q136237,P31,Q4167410
Q593050,P279,Q336767
Q593050,P279,Q399597
Q593050,P910,Q18857382
Q593050,P1343,Q2152210
Q593050,P1343,Q602358
Q36998977,P31,Q101352
Q36998977,P1889,Q1637143
Q36998977,P460,Q7429638
Q36998977,P460,Q16883406
Q36998977,P282,Q8229
Q36998977,P407,Q1860
Q36998977,P5323,Q92953148
Q393735,P31,Q4167410
Q480498,P910,Q8543151
Q480498,P1343,Q678259
Q480498,P1343,Q2657718
Q480498,P1343,Q602358
Q480498,P460,Q3024729
Q480498,P279,Q2334719
Q7928105,P31,Q4167410
Q7928105,P1889,Q12009701
Q28065284,P31,Q4167410
Q7310973,P31,Q4167410
Q297092,P31,Q4167410
Q2521689,P31,Q4167410
Q225340,P460,Q295632
Q225340,P460,Q16231088
Q225340,P460,Q10921950
Q225340,P460,Q410062
Q225340,P31,Q4167410
Q225340,P1889,Q3798503
Q225340,P1889,Q971109
Q327541,P279,Q857984
Q327541,P279,Q65659335
Q327541,P910,Q8115683
Q327541,P1343,Q1138524
Q327541,P3095,Q9008257
Q327541,P460,Q11989930
Q327541,P1542,Q168983
Q473814,P910,Q16547451
Q473814,P1889,Q5577884
Q473814,P31,Q1791709
Q473814,P17,Q928
Q473814,P17,Q833
Q402144,P31,Q4167410
Q402144,P1889,Q30669583
Q402144,P1889,Q208340
Q28796983,P31,Q11455398
Q28796983,P31,Q101352
Q28796983,P1889,Q1521218
Q28796983,P460,Q1821911
Q28796983,P282,Q8229
Q28796983,P407,Q1860
Q5877430,P31,Q4167410
Q5877430,P1889,Q3786231
Q5877430,P1889,Q3139170
Q2096314,P31,Q4167410
Q2096314,P460,Q28801020
Q2096314,P460,Q7196871
Q2096314,P460,Q14733365
Q2096314,P460,Q343906
Q2096314,P460,Q22221998
Q706622,P910,Q7494754
Q706622,P31,Q151885
Q706622,P1343,Q2041543
Q706622,P1382,Q4503831
Q706622,P279,Q54989186
Q706622,P460,Q17285911
Q706622,P527,Q4503831
Q1031414,P31,Q4167410
Q411838,P31,Q4167410
Q419329,P31,Q4167410
Q419329,P1889,Q37152136
Q159579,P279,Q4351853
Q159579,P1343,Q2041543
Q159579,P31,Q1771708
Q159579,P910,Q8429961
Q345826,P31,Q4167410
Q345826,P910,Q6435622
Q1820363,P31,Q4167410
Q1820363,P1889,Q20997179
Q1820363,P1889,Q19839067
Q1820363,P460,Q21472754
Q1820363,P460,Q254525
Q1820363,P460,Q1255408
Q407289,P31,Q4167410
Q407289,P460,Q3272884
Q407289,P1889,Q4563684
Q407289,P1889,Q16876784
Q407289,P1889,Q6810622
Q193495,P279,Q571
Q193495,P279,Q7433672
Q193495,P279,Q4119870
Q193495,P910,Q8639123
Q193495,P1343,Q2657718
Q193495,P1343,Q19190511
Q193495,P31,Q223393
Q193495,P31,Q4263830
Q7596926,P31,Q4167410
Q1263558,P31,Q4167410
Q1263558,P1889,Q37321298
Q420660,P31,Q4167410
Q420660,P1889,Q16869600
Q861258,P279,Q17105836
Q861258,P1269,Q107427
Q525194,P31,Q4167410
Q525194,P1889,Q13627273
Q525194,P1889,Q26736546
Q525194,P460,Q196121
Q525194,P460,Q418630
Q2515622,P31,Q1207505
Q2515622,P1382,Q2307054
Q2515622,P279,Q221284
Q836328,P31,Q28640
Q836328,P910,Q8911301
Q836328,P279,Q5352191
Q836328,P279,Q1294787
Q836328,P425,Q131172
Q1494,P1151,Q14615900
Q1494,P17,Q30
Q1494,P47,Q1588
Q1494,P47,Q1612
Q1494,P47,Q1509
Q1494,P47,Q173
Q1494,P36,Q28198
Q1494,P37,Q1860
Q1494,P138,Q1497
Q1494,P421,Q5385
Q1494,P421,Q2086913
Q1494,P421,Q15406405
Q1494,P131,Q30
Q1494,P910,Q6808385
Q1494,P31,Q35657
Q1494,P194,Q6879217
Q1494,P1464,Q8063691
Q1494,P1465,Q8365558
Q1494,P1740,Q7522191
Q1494,P1791,Q8328684
Q1494,P1792,Q7116573
Q1494,P1313,Q878632
Q1494,P206,Q12630
Q1494,P206,Q1497
Q1494,P206,Q1739672
Q1494,P206,Q7190954
Q1494,P1343,Q2657718
Q1494,P1343,Q602358
Q1494,P1343,Q4173137
Q1494,P6,Q7687964
Q1494,P610,Q1701877
Q1494,P1365,Q660384
Q1494,P1589,Q12630
Q1494,P2184,Q5865524
Q1494,P150,Q108788
Q1494,P150,Q111286
Q1494,P150,Q112456
Q1494,P150,Q483862
Q1494,P150,Q110655
Q1494,P150,Q115356
Q1494,P150,Q109512
Q1494,P150,Q112499
Q1494,P150,Q156445
Q1494,P150,Q130083
Q1494,P150,Q492488
Q1494,P150,Q115349
Q1494,P150,Q111291
Q1494,P150,Q156575
Q1494,P150,Q485420
Q1494,P150,Q486064
Q1494,P150,Q339724
Q1494,P150,Q491221
Q1494,P150,Q130006
Q1494,P150,Q485445
Q1494,P150,Q485402
Q1494,P150,Q490869
Q1494,P150,Q485441
Q1494,P150,Q485434
Q1494,P150,Q486538
Q1494,P150,Q485426
Q1494,P150,Q130009
Q1494,P150,Q490839
Q1494,P150,Q490852
Q1494,P150,Q485378
Q1494,P150,Q490843
Q1494,P150,Q490884
Q1494,P150,Q491285
Q1494,P150,Q130008
Q1494,P150,Q490864
Q1494,P150,Q485383
Q1494,P150,Q490896
Q1494,P150,Q485388
Q1494,P150,Q491236
Q1494,P150,Q490835
Q1494,P150,Q491267
Q1494,P150,Q497607
Q1494,P150,Q485896
Q1494,P150,Q490879
Q1494,P150,Q491190
Q1494,P150,Q490848
Q1494,P150,Q842902
Q1494,P150,Q491276
Q1494,P150,Q490859
Q1494,P150,Q426398
Q1494,P150,Q204761
Q1494,P150,Q490215
Q1494,P150,Q497615
Q1494,P150,Q490272
Q1494,P150,Q485392
Q1494,P150,Q490219
Q1494,P150,Q485035
Q1494,P150,Q490259
Q1494,P150,Q497489
Q1494,P150,Q490266
Q1494,P150,Q490210
Q1494,P150,Q485250
Q1494,P150,Q497992
Q1494,P150,Q490488
Q1494,P150,Q484681
Q1494,P150,Q490255
Q1494,P150,Q484659
Q1494,P150,Q490251
Q1494,P150,Q486526
Q1494,P150,Q484648
Q1494,P150,Q112834
Q1494,P150,Q484668
Q1494,P150,Q115344
Q1494,P150,Q115419
Q1494,P150,Q156411
Q1494,P150,Q484643
Q1494,P150,Q266493
Q1494,P150,Q486435
Q1494,P150,Q486513
Q1494,P150,Q486522
Q1494,P150,Q486480
Q1494,P150,Q486466
Q1494,P2633,Q52312648
Q1494,P5125,Q7112359
Q1494,P457,Q5164208
Q1494,P209,Q7644945
Q1494,P208,Q6503170
Q1494,P361,Q578170
Q1494,P2238,Q829683
Q1494,P2936,Q3083213
Q1494,P2936,Q3111838
Q1494,P2936,Q32979
Q1494,P7867,Q65100535
Q1494,P418,Q1938093
Q1494,P163,Q301628
Q119799,P31,Q4167410
Q119799,P1889,Q36898755
Q7132540,P31,Q4167410
Q7132540,P1889,Q48689392
Q27791731,P31,Q4167410
Q5637543,P31,Q4167410
Q5637543,P1889,Q16802353
Q5637543,P1889,Q26216327
Q5637543,P1889,Q26229991
Q7998947,P31,Q532
Q7998947,P31,Q1115575
Q7998947,P17,Q145
Q7998947,P131,Q1277894
Q7998947,P7959,Q67531563
Q4669717,P31,Q4167410
Q1515878,P31,Q216353
Q1515878,P31,Q187588
Q1515878,P17,Q145
Q1641003,P31,Q4167410
Q1641003,P1889,Q20035769
Q1641003,P1889,Q20671144
Q1641003,P1889,Q20671144
Q1641003,P1889,Q20002058
Q1641003,P1889,Q37443098
Q1641003,P460,Q3611810
Q849499,P31,Q4167410
Q849499,P1889,Q37316619
Q7275,P279,Q43229
Q7275,P279,Q177634
Q7275,P279,Q155076
Q7275,P279,Q1048835
Q7275,P279,Q56061
Q7275,P279,Q1896989
Q7275,P279,Q1063239
Q7275,P279,Q96196009
Q7275,P910,Q5743891
Q7275,P910,Q9798786
Q7275,P1889,Q2324272
Q7275,P1889,Q1763527
Q7275,P1889,Q107390
Q7275,P1889,Q231002
Q7275,P1889,Q6256
Q7275,P1889,Q21512251
Q7275,P1889,Q3624078
Q7275,P1343,Q602358
Q7275,P1343,Q19180675
Q7275,P1424,Q5621162
Q7275,P5008,Q5460604
Q7275,P5008,Q13382529
Q7275,P1830,Q11953074
Q7275,P1830,Q2396633
Q7275,P460,Q6256
Q1712140,P910,Q8659903
Q1712140,P1343,Q2657718
Q1712140,P1343,Q602358
Q1712140,P1343,Q19180675
Q1712140,P1343,Q1970746
Q1712140,P1343,Q4173137
Q1712140,P279,Q9332
Q1712140,P1889,Q54894712
Q27032100,P31,Q11711834
Q27032100,P31,Q101352
Q16876339,P31,Q101352
Q16876339,P460,Q247200
Q16876339,P407,Q9292
Q16876339,P407,Q7737
Q16876339,P282,Q8229
Q16797635,P31,Q4167410
Q41183,P31,Q515
Q41183,P31,Q1549591
Q41183,P31,Q1637706
Q41183,P17,Q858
Q41183,P17,Q12560
Q41183,P17,Q858
Q41183,P421,Q6723
Q41183,P421,Q190252
Q41183,P421,Q6760
Q41183,P131,Q4120574
Q41183,P910,Q8234557
Q41183,P190,Q456
Q41183,P190,Q93338
Q41183,P190,Q140147
Q41183,P1464,Q8043008
Q41183,P1465,Q9220525
Q41183,P1792,Q6994492
Q41183,P1376,Q617218
Q41183,P1376,Q837187
Q41183,P1376,Q189545
Q41183,P1376,Q3043596
Q41183,P1376,Q1493892
Q41183,P1376,Q214064
Q41183,P1343,Q19180675
Q41183,P1343,Q602358
Q41183,P1343,Q4532135
Q41183,P1343,Q4173137
Q41183,P1343,Q20078554
Q41183,P1343,Q1138524
Q41183,P1343,Q2041543
Q41183,P1343,Q4086271
Q41183,P1343,Q3181656
Q41183,P361,Q14210255
Q41183,P2936,Q36163
Q41183,P793,Q1630411
Q41183,P793,Q20631460
Q41183,P793,Q7509799
Q41183,P793,Q7509797
Q41183,P793,Q60791275
Q41183,P793,Q60791295
Q41183,P793,Q2563208
Q41183,P37,Q13955
Q41183,P7867,Q83978657
Q41183,P8744,Q100863825
Q193086,P279,Q2366155
Q193086,P279,Q26492894
Q193086,P910,Q8504112
Q193086,P527,Q30972056
Q193086,P1889,Q729283
Q193086,P1889,Q30972056
Q193086,P2738,Q23766486
Q193086,P31,Q47154513
Q721587,P910,Q6157147
Q721587,P279,Q11024
Q721587,P2184,Q5868998
Q721587,P3095,Q2024200
Q721587,P2283,Q6987428
Q721587,P31,Q49845
Q721587,P452,Q49845
Q36990448,P31,Q101352
Q36990448,P282,Q8229
Q36990448,P5323,Q92953148
Q1174534,P31,Q4167410
Q123923,P21,Q6581097
Q123923,P102,Q1164533
Q123923,P102,Q641691
Q123923,P69,Q572286
Q123923,P69,Q2154182
Q123923,P31,Q5
Q123923,P19,Q956292
Q123923,P27,Q225
Q123923,P27,Q83286
Q123923,P106,Q82955
Q123923,P106,Q49757
Q123923,P106,Q211346
Q123923,P172,Q127885
Q123923,P1343,Q17290934
Q123923,P1343,Q67311526
Q123923,P26,Q6660846
Q123923,P734,Q21428202
Q123923,P735,Q21069168
Q123923,P1399,Q173462
Q123923,P1399,Q135010
Q123923,P1399,Q41397
Q123923,P1412,Q1860
Q123923,P1412,Q9299
Q123923,P140,Q3333484
Q123923,P103,Q9299
Q123923,P793,Q170334
Q123923,P793,Q1403016
Q123923,P793,Q16251958
Q123923,P1596,Q841236
Q123923,P39,Q6594693
Q123923,P2632,Q2292661
Q123923,P166,Q33684
Q123923,P166,Q4288236
Q123923,P910,Q55248093
Q123923,P607,Q181533
Q56540478,P31,Q101352
Q56540478,P1889,Q7339120
Q468947,P279,Q4677828
Q468947,P31,Q3062294
Q468947,P1343,Q2041543
Q1761451,P31,Q60539481
Q1761451,P361,Q77468620
Q1761451,P828,Q192906
Q8436,P279,Q874405
Q8436,P279,Q16334295
Q8436,P279,Q178706
Q8436,P279,Q1313923
Q8436,P910,Q7216461
Q8436,P1343,Q302556
Q8436,P1343,Q2657718
Q8436,P1343,Q602358
Q8436,P1343,Q4173137
Q8436,P1343,Q19180675
Q8436,P1343,Q1138524
Q8436,P1542,Q203516
Q8436,P527,Q8441
Q8436,P527,Q467
Q8436,P527,Q21075684
Q8436,P527,Q12758374
Q8436,P1424,Q6459756
Q8436,P1424,Q5623668
Q8436,P5008,Q5460604
Q8436,P5008,Q13382529
Q8436,P1687,P53
Q8436,P1687,P1538
Q8436,P1889,Q101352
Q8436,P1552,Q66363776
Q8436,P1552,Q1811480
Q92785642,P31,Q4167410
Q102036058,P31,Q4167410
Q102036058,P460,Q397761
Q102036058,P460,Q102036049
Q102036058,P31,Q4167410
Q102036058,P460,Q397761
Q102036058,P460,Q102036049
Q191022,P279,Q1065579
Q191022,P910,Q8706925
Q191022,P1889,Q13377564
Q191022,P1343,Q602358
Q191022,P1343,Q1970746
Q191022,P460,Q49094436
Q447926,P31,Q4167410
Q447926,P1889,Q20829603
Q235056,P31,Q4167410
Q8053562,P31,Q4167410
Q8053562,P1889,Q25845938
Q7127361,P31,Q4167410
Q7834470,P31,Q2135465
Q16882717,P31,Q4167410
Q16882717,P1889,Q37004892
Q16882717,P1889,Q3950558
Q1020662,P31,Q12308941
Q1020662,P407,Q256
Q1020662,P282,Q8229
Q349697,P31,Q4167410
Q728,P279,Q39546
Q728,P910,Q7166566
Q728,P366,Q1174599
Q728,P366,Q332142
Q728,P366,Q2342494
Q728,P366,Q844482
Q728,P366,Q17781833
Q728,P1151,Q15656690
Q728,P1343,Q16392167
Q728,P1343,Q602358
Q728,P1343,Q19180675
Q728,P1343,Q4086271
Q728,P1343,Q4173137
Q728,P1343,Q1138524
Q728,P1343,Q30059240
Q728,P1343,Q19190511
Q728,P1343,Q1768721
Q728,P1424,Q8416150
Q728,P1424,Q28729020
Q728,P5008,Q5460604
Q728,P1535,Q1414937
Q728,P1687,P520
Q250398,P31,Q4167410
Q169207,P910,Q7015415
Q169207,P279,Q9332
Q169207,P279,Q160232
Q169207,P279,Q1920219
Q169207,P279,Q83267
Q169207,P1343,Q2657718
Q169207,P1343,Q1186818
Q169207,P461,Q27976816
Q169207,P461,Q58375253
Q169207,P1424,Q13107827
Q169207,P1424,Q7583764
Q169207,P460,Q1772837
Q169207,P1889,Q7015415
Q777671,P31,Q1914636
Q777671,P1343,Q602358
Q7993496,P175,Q133489
Q7993496,P31,Q482994
Q7993496,P264,Q231694
Q7993496,P155,Q7108621
Q7993496,P156,Q4928921
Q7993496,P162,Q6881218
Q360080,P31,Q4167410
Q360080,P1889,Q21285830
Q299754,P31,Q4167410
Q299754,P1889,Q37444779
Q1137655,P1343,Q2657718
Q1137655,P910,Q21995110
Q1137655,P366,Q741332
Q1137655,P279,Q1799072
Q192611,P361,Q188759
Q192611,P361,Q1141323
Q192611,P1687,P768
Q192611,P1687,P4565
Q192611,P1687,P4253
Q192611,P1687,P7938
Q192611,P910,Q6527718
Q192611,P1343,Q2041543
Q192611,P1382,Q596321
Q192611,P1889,Q20755075
Q192611,P1552,Q842346
Q192611,P1552,Q253405
Q192611,P279,Q15642541
Q298021,P31,Q4167410
Q298021,P1889,Q10786776
Q298021,P1889,Q96240828
Q9268,P1151,Q9083667
Q9268,P910,Q1984047
Q9268,P5125,Q7112316
Q9268,P1343,Q4173137
Q9268,P1343,Q19180675
Q9268,P1343,Q602358
Q9268,P1343,Q2041543
Q9268,P460,Q7452625
Q9268,P2959,Q22828237
Q9268,P2959,Q16867629
Q9268,P1424,Q7959316
Q9268,P31,Q9174
Q9268,P31,Q47280
Q9268,P31,Q1189816
Q9268,P31,Q19842652
Q9268,P17,Q801
Q9268,P279,Q19842652
Q9268,P5008,Q5460604
Q9268,P3095,Q7325
Q7239700,P31,Q151885
Q43067,P39,Q162312
Q43067,P39,Q17850767
Q43067,P39,Q17856046
Q43067,P39,Q2855502
Q43067,P39,Q530845
Q43067,P39,Q56598597
Q43067,P39,Q104165710
Q43067,P241,Q313422
Q43067,P19,Q1726
Q43067,P20,Q3920
Q43067,P102,Q7320
Q43067,P102,Q164866
Q43067,P102,Q302884
Q43067,P910,Q7008098
Q43067,P69,Q157808
Q43067,P69,Q2576235
Q43067,P69,Q1297954
Q43067,P31,Q5
Q43067,P106,Q82955
Q43067,P106,Q131512
Q43067,P106,Q12797895
Q43067,P106,Q1483433
Q43067,P463,Q150793
Q43067,P463,Q156652
Q43067,P463,Q44687
Q43067,P463,Q1005118
Q43067,P463,Q1958884
Q43067,P463,Q348150
Q43067,P463,Q564916
Q43067,P463,Q444915
Q43067,P463,Q1228165
Q43067,P463,Q414268
Q43067,P735,Q2018484
Q43067,P735,Q21400619
Q43067,P1343,Q17378135
Q43067,P1343,Q2657718
Q43067,P1343,Q67311526
Q43067,P451,Q2886753
Q43067,P40,Q62539
Q43067,P26,Q15433241
Q43067,P734,Q22686493
Q43067,P937,Q64
Q43067,P1196,Q10737
Q43067,P27,Q7318
Q43067,P27,Q41304
Q43067,P27,Q43287
Q43067,P3373,Q13882197
Q43067,P3373,Q15433233
Q43067,P1038,Q72143
Q43067,P1038,Q42576348
Q43067,P1038,Q42576567
Q43067,P140,Q1069127
Q43067,P509,Q883082
Q43067,P607,Q362
Q43067,P607,Q327044
Q43067,P607,Q708253
Q43067,P607,Q698067
Q43067,P166,Q36358950
Q43067,P166,Q667167
Q43067,P166,Q640988
Q43067,P166,Q328209
Q43067,P166,Q383806
Q43067,P166,Q688857
Q43067,P166,Q690287
Q43067,P166,Q689343
Q43067,P166,Q570683
Q43067,P166,Q14865244
Q43067,P166,Q120758
Q43067,P166,Q14763449
Q43067,P166,Q20888823
Q43067,P166,Q2005149
Q43067,P166,Q18708814
Q43067,P166,Q882442
Q43067,P166,Q1815780
Q43067,P166,Q23773332
Q43067,P166,Q75197959
Q43067,P1340,Q17122834
Q43067,P22,Q1960331
Q43067,P22,Q1960331
Q43067,P25,Q42576066
Q43067,P1884,Q2367101
Q43067,P598,Q539299
Q43067,P598,Q694368
Q43067,P598,Q313401
Q43067,P410,Q162312
Q43067,P1412,Q188
Q43067,P945,Q7318
Q43067,P21,Q6581097
Q43067,P1344,Q36749
Q43067,P1344,Q130783
Q43067,P2388,Q211417
Q43067,P119,Q3920
Q43067,P119,Q311124
Q43067,P1290,Q69465
Q43067,P551,Q256012
Q43067,P5008,Q100137722
Q43067,P8852,Q7824282
Q16784509,P31,Q4167410
Q4813355,P31,Q4167410
Q4813355,P1889,Q37194986
Q18978330,P31,Q12308941
Q18978330,P1889,Q1396662
Q18978330,P407,Q13955
Q18978330,P407,Q7411
Q18978330,P1560,Q16275791
Q18978330,P282,Q8229
Q18978330,P1533,Q37551126
Q18978330,P5323,Q21644845
Q447740,P31,Q4167410
Q612817,P910,Q6402080
Q612817,P105,Q34740
Q612817,P171,Q208492
Q612817,P31,Q16521
Q612817,P1343,Q19180675
Q612817,P1343,Q19190511
Q801,P1344,Q322607
Q801,P2746,Q1621080
Q801,P1792,Q9072191
Q801,P2852,Q25648793
Q801,P2852,Q25648794
Q801,P2852,Q25648798
Q801,P2853,Q1378312
Q801,P2853,Q1266396
Q801,P2853,Q1383497
Q801,P457,Q223732
Q801,P276,Q81483
Q801,P1313,Q208487
Q801,P1465,Q6334664
Q801,P832,Q131028
Q801,P832,Q132994
Q801,P832,Q182242
Q801,P832,Q932711
Q801,P832,Q130881
Q801,P832,Q748816
Q801,P832,Q180115
Q801,P832,Q121393
Q801,P832,Q2914551
Q801,P832,Q309530
Q801,P832,Q1539489
Q801,P832,Q952721
Q801,P832,Q1472650
Q801,P832,Q201196
Q801,P832,Q748801
Q801,P832,Q1820509
Q801,P530,Q30
Q801,P530,Q159
Q801,P530,Q16
Q801,P530,Q148
Q801,P530,Q79
Q801,P530,Q794
Q801,P530,Q810
Q801,P530,Q668
Q801,P530,Q17
Q801,P530,Q142
Q801,P530,Q213
Q801,P530,Q145
Q801,P530,Q41
Q801,P530,Q183
Q801,P530,Q38
Q801,P530,Q414
Q801,P530,Q408
Q801,P530,Q43
Q801,P530,Q884
Q801,P530,Q928
Q801,P530,Q229
Q801,P530,Q115
Q801,P530,Q334
Q801,P530,Q159583
Q801,P530,Q155
Q801,P530,Q20
Q801,P530,Q212
Q801,P530,Q184
Q801,P530,Q227
Q801,P530,Q419
Q801,P530,Q739
Q801,P530,Q40
Q801,P530,Q846
Q801,P530,Q15180
Q801,P530,Q954
Q801,P530,Q836
Q801,P530,Q986
Q801,P530,Q55
Q801,P530,Q37
Q801,P530,Q96
Q801,P530,Q218
Q801,P530,Q403
Q801,P530,Q1020
Q801,P530,Q1025
Q801,P530,Q1032
Q801,P530,Q33
Q801,P530,Q878
Q801,P530,Q948
Q801,P530,Q399
Q801,P530,Q916
Q801,P530,Q298
Q801,P530,Q77
Q801,P530,Q717
Q801,P530,Q27
Q801,P530,Q221
Q801,P530,Q1033
Q801,P530,Q1030
Q801,P530,Q691
Q801,P530,Q233
Q801,P530,Q39
Q801,P530,Q733
Q801,P530,Q1036
Q801,P530,Q424
Q801,P530,Q790
Q801,P530,Q205047
Q801,P530,Q458
Q801,P530,Q241
Q801,P530,Q912
Q801,P530,Q750
Q801,P530,Q811
Q801,P530,Q230
Q801,P530,Q262
Q801,P530,Q858
Q801,P530,Q865
Q801,P530,Q215
Q801,P530,Q953
Q801,P530,Q837
Q801,P530,Q34
Q801,P530,Q36
Q801,P530,Q31
Q801,P530,Q258
Q801,P530,Q774
Q801,P530,Q35
Q801,P530,Q16957
Q801,P530,Q28
Q801,P530,Q712
Q801,P2184,Q2696109
Q801,P206,Q748696
Q801,P206,Q126982
Q801,P206,Q23883
Q801,P206,Q81611
Q801,P206,Q40059
Q801,P206,Q4918
Q801,P36,Q1218
Q801,P1791,Q7976029
Q801,P463,Q1065
Q801,P463,Q41550
Q801,P463,Q7825
Q801,P463,Q192177
Q801,P463,Q191384
Q801,P463,Q827525
Q801,P463,Q656801
Q801,P463,Q1043527
Q801,P463,Q899770
Q801,P463,Q42944
Q801,P463,Q8475
Q801,P463,Q7809
Q801,P463,Q5611262
Q801,P463,Q17495
Q801,P463,Q376150
Q801,P463,Q663492
Q801,P463,Q170424
Q801,P463,Q7817
Q801,P5658,Q13196750
Q801,P2238,Q25247
Q801,P421,Q2583609
Q801,P421,Q6087247
Q801,P1906,Q327948
Q801,P1906,Q62119441
Q801,P47,Q858
Q801,P47,Q810
Q801,P47,Q79
Q801,P47,Q822
Q801,P47,Q407199
Q801,P47,Q229
Q801,P47,Q39760
Q801,P47,Q36678
Q801,P47,Q170468
Q801,P138,Q155321
Q801,P163,Q128480
Q801,P6104,Q10781185
Q801,P1151,Q8252866
Q801,P5125,Q15264771
Q801,P38,Q131309
Q801,P38,Q2720762
Q801,P38,Q3973271
Q801,P38,Q1674712
Q801,P2633,Q1616635
Q801,P17,Q801
Q801,P2959,Q23653940
Q801,P2959,Q20829392
Q801,P122,Q4198907
Q801,P1424,Q10563945
Q801,P209,Q399798
Q801,P194,Q133396
Q801,P1365,Q193714
Q801,P30,Q48
Q801,P237,Q184991
Q801,P5008,Q5460604
Q801,P1552,Q3174312
Q801,P1552,Q2614401
Q801,P485,Q2637340
Q801,P740,Q2620299
Q801,P1889,Q234180
Q801,P910,Q1411497
Q801,P1304,Q244411
Q801,P6,Q43723
Q801,P6,Q37610
Q801,P6,Q208477
Q801,P6,Q37610
Q801,P6,Q191123
Q801,P6,Q42992
Q801,P6,Q34060
Q801,P6,Q130873
Q801,P6,Q184351
Q801,P6,Q57410
Q801,P6,Q184351
Q801,P6,Q34060
Q801,P6,Q57410
Q801,P6,Q43723
Q801,P6,Q125731
Q801,P6,Q60206
Q801,P6,Q93181
Q801,P706,Q170526
Q801,P1740,Q6419007
Q801,P208,Q2578249
Q801,P85,Q130865
Q801,P78,Q40467
Q801,P31,Q3624078
Q801,P31,Q51576574
Q801,P31,Q6256
Q801,P610,Q215471
Q801,P1464,Q6037884
Q801,P112,Q37610
Q801,P1622,Q14565199
Q801,P35,Q455854
Q801,P35,Q57410
Q801,P35,Q172183
Q801,P35,Q128894
Q801,P35,Q299100
Q801,P35,Q110330
Q801,P35,Q311583
Q801,P35,Q295141
Q801,P35,Q128911
Q801,P35,Q181832
Q801,P35,Q172183
Q801,P35,Q37610
Q801,P35,Q974766
Q801,P35,Q1720966
Q801,P35,Q736237
Q801,P35,Q234190
Q801,P1589,Q23883
Q801,P37,Q9288
Q801,P37,Q13955
Q801,P150,Q192232
Q801,P150,Q192811
Q801,P150,Q188785
Q801,P150,Q185845
Q801,P150,Q189942
Q801,P150,Q188781
Q801,P150,Q513200
Q801,P1343,Q17329836
Q801,P2936,Q56467
Q801,P2936,Q56595
Q801,P2936,Q9288
Q801,P2936,Q34200
Q801,P2936,Q56502
Q801,P2936,Q55633582
Q801,P2936,Q3436461
Q801,P2936,Q3436467
Q801,P2936,Q1982248
Q801,P2936,Q2915457
Q801,P2936,Q2911863
Q801,P2936,Q56469
Q801,P2936,Q56473
Q801,P2936,Q1860
Q801,P2936,Q56599
Q801,P2936,Q56598
Q801,P2936,Q35737
Q801,P2936,Q35854
Q801,P2936,Q8641
Q801,P2936,Q36196
Q801,P2936,Q37733
Q801,P2936,Q33234
Q801,P2936,Q33367
Q801,P2936,Q33407
Q801,P2936,Q33426
Q801,P361,Q7204
Q801,P361,Q27293
Q801,P2596,Q385334
Q801,P7867,Q8607396
Q801,P8402,Q97119126
Q801,P1382,Q23792
Q801,P8744,Q1379800
Q801,P3075,Q9268
Q801,P3075,Q432
Q801,P3075,Q5043
Q801,P3075,Q163943
Q28469944,P31,Q4167410
Q679087,P31,Q4167410
Q679087,P1889,Q18812548
Q136217,P17,Q43
Q136217,P17,Q12560
Q136217,P910,Q8421781
Q136217,P31,Q515
Q136217,P31,Q1549591
Q136217,P31,Q15284
Q136217,P1464,Q17355808
Q136217,P1792,Q17355810
Q136217,P131,Q483173
Q136217,P1465,Q9896457
Q136217,P1376,Q483173
Q136217,P7867,Q83983678
Q136217,P1343,Q4532138
Q37569020,P31,Q101352
Q37569020,P31,Q829026
Q37569020,P1889,Q414821
Q37569020,P282,Q8229
Q37569020,P5323,Q92953148
Q37569020,P407,Q188
Q629633,P17,Q142
Q629633,P131,Q912490
Q629633,P131,Q12594
Q629633,P131,Q1116542
Q629633,P421,Q6655
Q629633,P421,Q6723
Q629633,P31,Q484170
Q629633,P47,Q1214987
Q629633,P47,Q1223938
Q629633,P47,Q548043
Q629633,P47,Q750263
Q629633,P47,Q1111665
Q629633,P47,Q672538
Q629633,P47,Q229302
Q629633,P47,Q1224700
Q629633,P47,Q207890
Q629633,P910,Q32082279
Q629633,P1313,Q65435592
Q629633,P7938,Q17054284
Q1764,P17,Q189
Q1764,P31,Q5119
Q1764,P31,Q515
Q1764,P31,Q1549591
Q1764,P31,Q2264924
Q1764,P31,Q955655
Q1764,P31,Q51929311
Q1764,P131,Q1675663
Q1764,P190,Q1757
Q1764,P190,Q128147
Q1764,P190,Q1748
Q1764,P190,Q226
Q1764,P190,Q585
Q1764,P190,Q5083
Q1764,P190,Q656
Q1764,P190,Q506250
Q1764,P190,Q10704
Q1764,P190,Q2135
Q1764,P190,Q216
Q1764,P190,Q573599
Q1764,P910,Q7479304
Q1764,P421,Q6574
Q1764,P1464,Q9226704
Q1764,P1465,Q10063618
Q1764,P6,Q1151234
Q1764,P1792,Q9076297
Q1764,P1376,Q189
Q1764,P1376,Q203304
Q1764,P1376,Q1675663
Q1764,P1376,Q62567
Q1764,P1343,Q2657718
Q1764,P1343,Q602358
Q1764,P206,Q97
Q1764,P1791,Q32407217
Q1764,P1830,Q3356432
Q1764,P237,Q9289928
Q1764,P30,Q46
Q1764,P7867,Q84130287
Q1764,P1889,Q1864550
Q146470,P279,Q50091090
Q146470,P910,Q8820174
Q146470,P462,Q679355
Q253936,P138,Q550255
Q253936,P31,Q188823
Q253936,P31,Q618779
Q253936,P31,Q22222786
Q253936,P17,Q30
Q253936,P2517,Q8475275
Q253936,P166,Q329157
Q253936,P137,Q1473436
Q7883809,P31,Q4167410
Q1166654,P31,Q4167410
Q1994678,P31,Q12308941
Q1994678,P460,Q18508449
Q1994678,P282,Q8229
Q1994678,P5323,Q39131224
Q406,P1151,Q13432090
Q406,P17,Q43
Q406,P17,Q12560
Q406,P17,Q12544
Q406,P17,Q178897
Q406,P17,Q12544
Q406,P17,Q2277
Q406,P30,Q46
Q406,P30,Q48
Q406,P31,Q2716259
Q406,P31,Q27554677
Q406,P31,Q174844
Q406,P31,Q51929311
Q406,P31,Q2264924
Q406,P31,Q1549591
Q406,P31,Q5119
Q406,P31,Q1637706
Q406,P131,Q534799
Q406,P190,Q64
Q406,P190,Q85
Q406,P190,Q384
Q406,P190,Q216
Q406,P190,Q42053
Q406,P190,Q374365
Q406,P190,Q35493
Q406,P190,Q3820
Q406,P190,Q79808
Q406,P190,Q83285
Q406,P190,Q16555
Q406,P190,Q3630
Q406,P190,Q231318
Q406,P190,Q900
Q406,P190,Q1963
Q406,P190,Q365
Q406,P190,Q11739
Q406,P190,Q3551
Q406,P190,Q16572
Q406,P190,Q8686
Q406,P190,Q5753
Q406,P190,Q269
Q406,P190,Q5713
Q406,P190,Q5838
Q406,P190,Q2907
Q406,P190,Q11462
Q406,P190,Q80053
Q406,P190,Q2449
Q406,P190,Q187346
Q406,P190,Q1524
Q406,P190,Q2044
Q406,P190,Q1085
Q406,P190,Q34370
Q406,P190,Q656
Q406,P190,Q11194
Q406,P190,Q506250
Q406,P190,Q6602
Q406,P190,Q641
Q406,P190,Q270
Q406,P190,Q1563
Q406,P190,Q1486
Q406,P190,Q1489
Q406,P190,Q8678
Q406,P190,Q172
Q406,P190,Q3805
Q406,P190,Q3766
Q406,P190,Q613
Q406,P190,Q203308
Q406,P190,Q926713
Q406,P190,Q2899
Q406,P190,Q84
Q406,P190,Q459
Q406,P190,Q727
Q406,P190,Q994
Q406,P190,Q1520
Q406,P190,Q1741
Q406,P190,Q1781
Q406,P190,Q5826
Q406,P190,Q7903
Q406,P190,Q8660
Q406,P190,Q8673
Q406,P190,Q9248
Q406,P190,Q9899
Q406,P190,Q16520
Q406,P190,Q19660
Q406,P190,Q19689
Q406,P190,Q192888
Q406,P190,Q612
Q406,P190,Q1874
Q406,P190,Q1492
Q406,P190,Q40816
Q406,P910,Q8557513
Q406,P421,Q6760
Q406,P1464,Q8073857
Q406,P1465,Q9218672
Q406,P155,Q16869
Q406,P1740,Q8458128
Q406,P1792,Q7117212
Q406,P1376,Q534799
Q406,P1376,Q12560
Q406,P2959,Q21287104
Q406,P2959,Q58235264
Q406,P1791,Q7978212
Q406,P2184,Q32357
Q406,P6,Q59313241
Q406,P6,Q41866105
Q406,P6,Q509775
Q406,P5008,Q5460604
Q406,P6104,Q60234088
Q406,P206,Q35958
Q406,P206,Q35367
Q406,P206,Q166
Q406,P206,Q179839
Q406,P610,Q4817974
Q406,P1313,Q62925885
Q406,P793,Q2854228
Q406,P1424,Q23750721
Q406,P2564,Q182090
Q406,P2564,Q864320
Q406,P2564,Q21578284
Q406,P2564,Q23670163
Q406,P3403,Q534799
Q406,P7867,Q1029189
Q406,P460,Q534799
Q406,P1343,Q316838
Q406,P8744,Q5333692
Q21509113,P31,Q101352
Q21509113,P1889,Q1185679
Q21509113,P282,Q8229
Q21509113,P407,Q256
Q1000883,P17,Q227
Q1000883,P31,Q486972
Q1000883,P31,Q515
Q1000883,P1376,Q1249873
Q1000883,P1376,Q301832
Q1000883,P910,Q10129796
Q1000883,P1464,Q8060925
Q1000883,P1792,Q7918660
Q1000883,P131,Q301832
Q1000883,P131,Q1249873
Q1000883,P421,Q6779
Q1000883,P1791,Q32935289
Q1000883,P1465,Q32928195
Q342425,P31,Q4167410
Q2599110,P31,Q4167410
Q2599110,P1889,Q21508882
Q192623,P279,Q17768966
Q192623,P279,Q2727213
Q192623,P279,Q476807
Q192623,P910,Q6313433
Q192623,P3095,Q23906216
Q594279,P31,Q12308941
Q594279,P460,Q1606332
Q594279,P460,Q1158181
Q594279,P460,Q16276580
Q594279,P460,Q13584864
Q594279,P460,Q16908530
Q594279,P460,Q681468
Q594279,P460,Q1606369
Q594279,P460,Q16908634
Q594279,P460,Q2018484
Q594279,P460,Q13402305
Q594279,P460,Q16909487
Q594279,P460,Q1605227
Q594279,P460,Q1595913
Q594279,P460,Q16909106
Q594279,P460,Q17516106
Q594279,P460,Q11682369
Q594279,P460,Q1158477
Q594279,P460,Q1605665
Q594279,P460,Q16909101
Q594279,P460,Q19623792
Q594279,P460,Q511611
Q594279,P460,Q12790881
Q594279,P460,Q1619450
Q594279,P460,Q1343668
Q594279,P460,Q668885
Q594279,P460,Q15208802
Q594279,P460,Q18066790
Q594279,P460,Q16908712
Q594279,P460,Q27624428
Q594279,P460,Q19798835
Q594279,P460,Q12788459
Q594279,P460,Q22673249
Q594279,P460,Q15277196
Q594279,P460,Q18066804
Q594279,P460,Q750186
Q594279,P460,Q20087940
Q594279,P460,Q1530266
Q594279,P460,Q14647205
Q594279,P460,Q27624324
Q594279,P460,Q16423390
Q594279,P460,Q1594619
Q594279,P460,Q11862350
Q594279,P460,Q1586107
Q594279,P1750,Q2959
Q594279,P1750,Q2266
Q594279,P1889,Q9002914
Q594279,P1560,Q16276606
Q594279,P282,Q8229
Q594279,P407,Q1412
Q594279,P407,Q9035
Q594279,P1343,Q151
Q295527,P31,Q4167410
Q1172927,P31,Q4167410
Q1172927,P1343,Q2657718
Q416891,P31,Q4167410
Q416891,P460,Q348215
Q416891,P460,Q294925
Q416891,P460,Q174816
Q416891,P460,Q1218512
Q416891,P460,Q1546825
Q416891,P460,Q15427541
Q416891,P460,Q1327971
Q416891,P1889,Q13376892
Q416891,P1889,Q37260829
Q345043,P31,Q4167410
Q37293937,P31,Q101352
Q37293937,P1889,Q4404547
Q37293937,P282,Q8229
Q37293937,P5323,Q92953148
Q2994387,P31,Q28640
Q2994387,P425,Q268626
Q2994387,P460,Q15978655
Q2994387,P910,Q13243302
Q2994387,P279,Q15978655
Q2994387,P279,Q4164871
Q1211590,P31,Q4167410
Q1211590,P1889,Q59533
Q352468,P31,Q4167410
Q404166,P31,Q4167410
Q407890,P31,Q4167410
Q170028,P910,Q7216269
Q170028,P279,Q11024
Q170028,P279,Q600571
Q170028,P1343,Q2041543
Q170028,P1343,Q101314624
Q170028,P1889,Q33056942
Q170028,P1889,Q29485
Q170028,P2283,Q690194
Q170028,P2283,Q4925193
Q170028,P460,Q5282225
Q170028,P1552,Q706622
Q170028,P461,Q337349
Q4204090,P31,Q4167410
Q4204090,P1889,Q37081183
Q103931230,P279,Q4393922
Q5126959,P31,Q4167410
Q2559673,P31,Q4167410
Q2559673,P1889,Q37471487
Q2559673,P460,Q2558877
Q2559673,P460,Q179944
Q296316,P31,Q4167410
Q296316,P1889,Q3460703
Q296316,P1889,Q26986918
Q2914745,P17,Q822
Q2914745,P31,Q123705
Q2914745,P131,Q211370
Q13855,P1376,Q12793
Q13855,P17,Q29
Q13855,P6,Q22337869
Q13855,P31,Q33146843
Q13855,P131,Q12793
Q13855,P190,Q1010954
Q13855,P190,Q1915208
Q13855,P1464,Q9227951
Q13855,P1465,Q18761697
Q13855,P910,Q6328056
Q13855,P47,Q13783
Q13855,P47,Q13782
Q13855,P47,Q13774
Q13855,P47,Q13834
Q13855,P47,Q13805
Q13855,P47,Q13799
Q13855,P47,Q13836
Q13855,P47,Q13818
Q13855,P417,Q920226
Q13855,P1313,Q26691142
Q13855,P421,Q6655
Q13855,P1792,Q17313236
Q13855,P237,Q20108041
Q13855,P7867,Q84064002
Q4492684,P31,Q4167410
Q4492684,P460,Q414995
Q4492684,P460,Q3082453
Q4492684,P460,Q15304278
Q4492684,P460,Q70377634
Q4492684,P460,Q70378541
Q4492684,P460,Q61037865
Q4492684,P460,Q348443
Q4492684,P460,Q8102134
Q4492684,P460,Q98805171
Q4492684,P1889,Q19872180
Q4492684,P1889,Q15304085
Q4492684,P1889,Q150
Q4492684,P1889,Q121842
Q272730,P910,Q9604444
Q272730,P361,Q3230
Q272730,P1889,Q2876213
Q272730,P279,Q58416391
Q227,P610,Q725591
Q227,P1365,Q131337
Q227,P30,Q48
Q227,P30,Q46
Q227,P35,Q57371
Q227,P36,Q9248
Q227,P37,Q9292
Q227,P38,Q483725
Q227,P47,Q399
Q227,P47,Q794
Q227,P47,Q43
Q227,P47,Q159
Q227,P47,Q230
Q227,P47,Q244165
Q227,P85,Q483968
Q227,P194,Q330600
Q227,P163,Q82236
Q227,P31,Q3624078
Q227,P31,Q6256
Q227,P31,Q123480
Q227,P31,Q56061
Q227,P6,Q12850075
Q227,P78,Q38414
Q227,P122,Q7270
Q227,P421,Q6779
Q227,P150,Q179538
Q227,P150,Q330818
Q227,P150,Q201647
Q227,P150,Q275784
Q227,P150,Q275744
Q227,P150,Q330800
Q227,P150,Q241116
Q227,P150,Q269680
Q227,P150,Q9248
Q227,P150,Q330850
Q227,P150,Q330857
Q227,P150,Q330807
Q227,P150,Q330834
Q227,P150,Q457491
Q227,P150,Q372795
Q227,P150,Q457494
Q227,P150,Q387994
Q227,P150,Q331687
Q227,P150,Q330749
Q227,P150,Q131290
Q227,P150,Q330843
Q227,P150,Q477163
Q227,P150,Q476690
Q227,P150,Q343908
Q227,P150,Q344252
Q227,P150,Q457513
Q227,P150,Q688589
Q227,P150,Q301832
Q227,P150,Q269986
Q227,P150,Q228811
Q227,P150,Q688626
Q227,P150,Q476695
Q227,P150,Q230932
Q227,P150,Q152825
Q227,P150,Q688633
Q227,P150,Q643989
Q227,P150,Q593872
Q227,P150,Q330796
Q227,P150,Q389381
Q227,P150,Q457508
Q227,P150,Q457499
Q227,P150,Q644048
Q227,P150,Q386506
Q227,P150,Q601105
Q227,P150,Q382132
Q227,P150,Q330864
Q227,P150,Q234783
Q227,P150,Q457485
Q227,P150,Q330839
Q227,P150,Q467491
Q227,P150,Q498437
Q227,P150,Q820940
Q227,P150,Q179833
Q227,P150,Q388960
Q227,P150,Q158903
Q227,P150,Q477168
Q227,P150,Q388980
Q227,P150,Q476703
Q227,P150,Q6398826
Q227,P150,Q129352
Q227,P150,Q388087
Q227,P150,Q476708
Q227,P150,Q330790
Q227,P150,Q330813
Q227,P150,Q127255
Q227,P150,Q458524
Q227,P150,Q175459
Q227,P150,Q249252
Q227,P150,Q147553
Q227,P463,Q8908
Q227,P463,Q380340
Q227,P463,Q1065
Q227,P463,Q81299
Q227,P463,Q47543
Q227,P463,Q191384
Q227,P463,Q827525
Q227,P463,Q656801
Q227,P463,Q1043527
Q227,P463,Q899770
Q227,P463,Q188822
Q227,P463,Q8475
Q227,P463,Q842490
Q227,P463,Q7809
Q227,P463,Q17495
Q227,P463,Q376150
Q227,P463,Q162656
Q227,P463,Q170424
Q227,P463,Q7817
Q227,P463,Q7779
Q227,P463,Q318693
Q227,P463,Q326816
Q227,P910,Q5609682
Q227,P237,Q168897
Q227,P17,Q227
Q227,P1465,Q8366411
Q227,P1464,Q6542580
Q227,P1740,Q8458033
Q227,P1791,Q7974588
Q227,P1792,Q6155842
Q227,P1906,Q205602
Q227,P1313,Q946064
Q227,P530,Q17
Q227,P530,Q38
Q227,P530,Q183
Q227,P530,Q159
Q227,P530,Q184
Q227,P530,Q212
Q227,P530,Q794
Q227,P530,Q399
Q227,P530,Q801
Q227,P530,Q403
Q227,P530,Q30
Q227,P530,Q41
Q227,P530,Q148
Q227,P530,Q43
Q227,P530,Q458
Q227,P530,Q833
Q227,P530,Q843
Q227,P530,Q865
Q227,P530,Q96
Q227,P530,Q145
Q227,P530,Q39
Q227,P530,Q218
Q227,P530,Q36
Q227,P530,Q232
Q227,P530,Q230
Q227,P530,Q191
Q227,P530,Q35
Q227,P530,Q16
Q227,P530,Q902
Q227,P530,Q142
Q227,P530,Q28
Q227,P530,Q423
Q227,P2184,Q188328
Q227,P1589,Q5484
Q227,P1622,Q14565199
Q227,P2633,Q1255870
Q227,P1304,Q190230
Q227,P2853,Q1378312
Q227,P2853,Q1123613
Q227,P2852,Q1061257
Q227,P2852,Q25648794
Q227,P2852,Q25648798
Q227,P2852,Q25648811
Q227,P2959,Q20571344
Q227,P1151,Q4924934
Q227,P172,Q482942
Q227,P172,Q1129737
Q227,P172,Q49542
Q227,P172,Q79797
Q227,P172,Q10290517
Q227,P1552,Q47185282
Q227,P361,Q18869
Q227,P5125,Q7112194
Q227,P5658,Q14565199
Q227,P1830,Q335290
Q227,P1830,Q2383052
Q227,P1830,Q2660860
Q227,P2936,Q56489
Q227,P2936,Q35397
Q227,P2936,Q7737
Q227,P2936,Q35278
Q227,P2936,Q36163
Q227,P2936,Q36757
Q227,P2936,Q36867
Q227,P2936,Q36853
Q227,P2936,Q29561
Q227,P2936,Q31746
Q227,P2936,Q34318
Q227,P2936,Q791623
Q227,P2936,Q3515311
Q227,P2936,Q8785
Q227,P2936,Q4906894
Q227,P1889,Q365781
Q227,P2596,Q2333408
Q227,P7867,Q8607308
Q227,P8402,Q97097913
Q227,P8744,Q1656522
Q12133,P910,Q8365083
Q12133,P1995,Q189553
Q12133,P279,Q2289481
Q12133,P279,Q1644260
Q12133,P5008,Q5460604
Q28085,P19,Q2942
Q28085,P20,Q4073786
Q28085,P27,Q7318
Q28085,P27,Q41304
Q28085,P27,Q40
Q28085,P31,Q5
Q28085,P910,Q8221672
Q28085,P607,Q362
Q28085,P119,Q4918
Q28085,P509,Q175111
Q28085,P735,Q18145837
Q28085,P241,Q44687
Q28085,P410,Q161102
Q28085,P102,Q7320
Q28085,P106,Q82955
Q28085,P106,Q189290
Q28085,P463,Q153626
Q28085,P463,Q291031
Q28085,P39,Q212238
Q28085,P1399,Q173462
Q28085,P1196,Q8454
Q28085,P40,Q102744
Q28085,P26,Q11879374
Q28085,P108,Q152698
Q28085,P734,Q37105453
Q28085,P1412,Q188
Q28085,P945,Q7318
Q28085,P21,Q6581097
Q28085,P22,Q81642270
Q28085,P25,Q81642507
Q28085,P166,Q383806
Q28085,P598,Q44687
Q28085,P5008,Q100137722
Q28085,P3902,Q1043519
Q28085,P793,Q321531
Q21509431,P31,Q101352
Q21509431,P1889,Q1735475
Q21509431,P460,Q30106358
Q21509431,P282,Q8229
Q21509431,P5323,Q81945591
Q21509431,P1552,Q89410507
Q454263,P1343,Q2041543
Q454263,P31,Q2135465
Q454263,P50,Q63213578
Q454263,P279,Q3150005
Q454263,P910,Q60772246
Q226420,P31,Q4167410
Q226420,P1889,Q16881170
Q139,P641,Q718
Q139,P279,Q55386374
Q139,P1343,Q19180675
Q139,P1343,Q1970746
Q139,P361,Q66739595
Q41984,P37,Q7737
Q41984,P37,Q1860
Q41984,P37,Q150
Q41984,P37,Q1321
Q41984,P37,Q13955
Q41984,P37,Q7850
Q41984,P910,Q8550355
Q41984,P166,Q35637
Q41984,P31,Q15925165
Q41984,P1037,Q315972
Q41984,P1037,Q133308
Q41984,P1037,Q1922633
Q41984,P1037,Q699801
Q41984,P1037,Q297275
Q41984,P1037,Q51107051
Q41984,P159,Q1741
Q41984,P17,Q40
Q41984,P355,Q6052204
Q41984,P1830,Q3509417
Q41984,P463,Q5275956
Q41984,P1343,Q99413897
Q17135873,P31,Q132241
Q17135873,P31,Q200538
Q7461131,P31,Q4167410
Q227786,P31,Q4167410
Q227786,P460,Q20013237
Q227786,P460,Q229039
Q227786,P1889,Q16918317
Q5639547,P31,Q1002697
Q5639547,P159,Q100
Q5639547,P159,Q60
Q5639547,P159,Q54172
Q5639547,P17,Q30
Q5639547,P123,Q5639549
Q5639547,P407,Q8785
Q5639547,P407,Q1860
Q5639547,P1416,Q318657
Q5639547,P1889,Q4793242
Q1395229,P31,Q4167410
Q1395229,P1889,Q37463444
Q360889,P31,Q4167410
Q152018,P279,Q123705
Q152018,P279,Q3610510
Q152018,P910,Q9172801
Q152018,P1424,Q13415629
Q152018,P1343,Q602358
Q152018,P1343,Q19180675
Q152018,P1343,Q4173137
Q17151,P190,Q87
Q17151,P190,Q83285
Q17151,P190,Q116341
Q17151,P190,Q1919098
Q17151,P190,Q459
Q17151,P190,Q33959
Q17151,P190,Q23482
Q17151,P190,Q365
Q17151,P190,Q2079
Q17151,P190,Q62
Q17151,P190,Q33486
Q17151,P190,Q1348
Q17151,P190,Q33935
Q17151,P190,Q1891
Q17151,P190,Q11736
Q17151,P190,Q16520
Q17151,P190,Q79808
Q17151,P190,Q1780
Q17151,P190,Q656
Q17151,P190,Q11720
Q17151,P190,Q170532
Q17151,P190,Q641
Q17151,P190,Q19689
Q17151,P17,Q41
Q17151,P17,Q12560
Q17151,P17,Q181254
Q17151,P17,Q12544
Q17151,P17,Q187684
Q17151,P17,Q325461
Q17151,P17,Q4948
Q17151,P17,Q12544
Q17151,P17,Q2277
Q17151,P17,Q17167
Q17151,P17,Q83958
Q17151,P17,Q83958
Q17151,P138,Q242293
Q17151,P910,Q8958519
Q17151,P1464,Q9226983
Q17151,P1465,Q10184404
Q17151,P421,Q6723
Q17151,P421,Q6760
Q17151,P206,Q913418
Q17151,P1792,Q8071069
Q17151,P1376,Q325461
Q17151,P1376,Q1077776
Q17151,P1376,Q5249082
Q17151,P1376,Q17152
Q17151,P1376,Q6627746
Q17151,P1376,Q210176
Q17151,P1376,Q81734
Q17151,P1376,Q207497
Q17151,P131,Q6627746
Q17151,P131,Q207497
Q17151,P31,Q1549591
Q17151,P31,Q515
Q17151,P6,Q923040
Q17151,P6,Q64347077
Q17151,P2184,Q2246013
Q17151,P417,Q310633
Q17151,P361,Q17152
Q17151,P1343,Q2041543
Q17151,P1343,Q4086271
Q17151,P2936,Q9129
Q17151,P2936,Q36748
Q17151,P163,Q56027897
Q17151,P793,Q2426040
Q17151,P793,Q60315800
Q17151,P793,Q2154485
Q17151,P793,Q1109261
Q17151,P793,Q12289086
Q17151,P793,Q55633164
Q17151,P793,Q4337451
Q17151,P793,Q25535578
Q17151,P793,Q12289085
Q17151,P793,Q12289084
Q17151,P793,Q56275237
Q17151,P276,Q81734
Q17151,P7867,Q84083152
Q17151,P1889,Q58379309
Q17151,P37,Q9129
Q17151,P47,Q913418
Q17151,P8744,Q100868466
Q1393486,P31,Q22808320
Q1393486,P1889,Q18978328
Q1393486,P1889,Q37103970
Q178888,P910,Q8444005
Q178888,P31,Q7278
Q178888,P112,Q34211
Q178888,P112,Q510981
Q178888,P159,Q158119
Q178888,P1142,Q1616403
Q178888,P1142,Q121254
Q178888,P1142,Q216920
Q178888,P488,Q127998
Q178888,P3975,Q176019
Q178888,P17,Q219060
Q178888,P463,Q7248622
Q178888,P463,Q159454
Q178888,P6365,Q7054136
Q178888,P1387,Q737014
Q47906,P22,Q215908
Q47906,P19,Q4007
Q47906,P20,Q2090
Q47906,P27,Q7318
Q47906,P27,Q43287
Q47906,P102,Q7320
Q47906,P26,Q259176
Q47906,P26,Q60763
Q47906,P40,Q98901
Q47906,P31,Q5
Q47906,P166,Q156478
Q47906,P166,Q165558
Q47906,P166,Q11288429
Q47906,P166,Q1536698
Q47906,P166,Q36354740
Q47906,P166,Q536977
Q47906,P166,Q120758
Q47906,P166,Q640988
Q47906,P166,Q667167
Q47906,P166,Q568888
Q47906,P166,Q10901470
Q47906,P166,Q1476049
Q47906,P166,Q35793416
Q47906,P166,Q567417
Q47906,P166,Q20888823
Q47906,P166,Q14865244
Q47906,P166,Q23773332
Q47906,P166,Q1422957
Q47906,P166,Q55798498
Q47906,P166,Q688779
Q47906,P166,Q471832
Q47906,P166,Q11371757
Q47906,P106,Q82955
Q47906,P106,Q2095549
Q47906,P106,Q10732476
Q47906,P106,Q11075015
Q47906,P910,Q8972887
Q47906,P607,Q361
Q47906,P607,Q362
Q47906,P463,Q150793
Q47906,P463,Q156652
Q47906,P241,Q2564009
Q47906,P39,Q17850767
Q47906,P39,Q17856046
Q47906,P39,Q504272
Q47906,P39,Q621709
Q47906,P39,Q646040
Q47906,P735,Q1158570
Q47906,P735,Q11027623
Q47906,P1196,Q10737
Q47906,P937,Q64
Q47906,P1343,Q17378135
Q47906,P1343,Q2657718
Q47906,P1343,Q67311526
Q47906,P108,Q43250
Q47906,P1399,Q173462
Q47906,P1399,Q135010
Q47906,P1399,Q3627314
Q47906,P3373,Q62537
Q47906,P140,Q75809
Q47906,P509,Q883082
Q47906,P410,Q170168
Q47906,P598,Q2564009
Q47906,P1884,Q28868833
Q47906,P1340,Q17122834
Q47906,P119,Q58200012
Q47906,P1344,Q328376
Q47906,P1344,Q41397
Q47906,P1344,Q135010
Q47906,P1344,Q36749
Q47906,P69,Q55044
Q47906,P1412,Q188
Q47906,P5021,Q1051792
Q47906,P945,Q7318
Q47906,P21,Q6581097
Q47906,P1830,Q222728
Q47906,P1830,Q1036188
Q47906,P1830,Q2139511
Q47906,P1830,Q17023940
Q47906,P1830,Q17276115
Q47906,P1830,Q20080422
Q47906,P1830,Q20540149
Q47906,P1830,Q20631541
Q47906,P1830,Q20751784
Q47906,P734,Q10910368
Q47906,P551,Q2139767
Q47906,P2632,Q881001
Q47906,P2632,Q98569797
Q47906,P5008,Q100137722
Q47906,P3342,Q4953125
Q565594,P414,Q13677
Q565594,P414,Q936563
Q565594,P31,Q4830453
Q565594,P31,Q6881511
Q565594,P910,Q8418379
Q565594,P159,Q220
Q565594,P452,Q188460
Q565594,P452,Q862571
Q565594,P155,Q6493756
Q565594,P1454,Q3742388
Q565594,P112,Q557795
Q565594,P355,Q2213203
Q565594,P355,Q377915
Q565594,P355,Q28975964
Q565594,P355,Q30338543
Q565594,P127,Q1048204
Q565594,P127,Q1116000
Q565594,P127,Q249203
Q565594,P740,Q490
Q565594,P361,Q1389807
Q565594,P361,Q981010
Q565594,P17,Q38
Q565594,P1056,Q22656
Q565594,P749,Q1048204
Q565594,P1830,Q377915
Q565594,P1830,Q2213203
Q565594,P1830,Q2843062
Q565594,P1830,Q3606450
Q565594,P1830,Q3617445
Q565594,P1830,Q3725397
Q565594,P1830,Q3799497
Q565594,P1830,Q3890070
Q565594,P1830,Q3943410
Q565594,P1830,Q3963074
Q565594,P1830,Q3964909
Q565594,P1830,Q4010228
Q565594,P1830,Q17509296
Q565594,P1830,Q18420307
Q565594,P1830,Q19060514
Q565594,P1830,Q24933137
Q565594,P1830,Q26869634
Q108458,P910,Q7483104
Q108458,P31,Q23847174
Q108458,P1269,Q748
Q108458,P1889,Q54894882
Q108458,P279,Q955260
Q108458,P1424,Q24238410
Q720179,P31,Q22808320
Q720179,P1889,Q37219399
Q348486,P31,Q4167410
Q348486,P1889,Q41796
Q23201577,P279,Q1792379
Q23201577,P279,Q3249551
Q23201577,P3095,Q1840507
Q23201577,P31,Q11177771
Q23201577,P31,Q3249551
Q23201577,P1056,Q97570030
Q3592681,P31,Q4167410
Q1624317,P279,Q561029
Q1624317,P279,Q560570
Q1624317,P1269,Q1860
Q1624317,P910,Q44067837
Q1247860,P31,Q4167410
Q1247860,P1889,Q37516484
Q224792,P460,Q223958
Q224792,P460,Q2850954
Q224792,P460,Q17313969
Q224792,P460,Q4489382
Q224792,P460,Q4778193
Q224792,P460,Q348835
Q224792,P460,Q566512
Q224792,P460,Q670117
Q224792,P460,Q1196204
Q224792,P460,Q1493580
Q224792,P460,Q2406872
Q224792,P31,Q4167410
Q224792,P1889,Q482671
Q224792,P1889,Q27103175
Q224792,P1889,Q8197994
Q178973,P105,Q68947
Q178973,P171,Q26582
Q178973,P31,Q16521
Q178973,P910,Q55272972
Q7438288,P31,Q4167410
Q12800943,P31,Q101352
Q12800943,P1889,Q4411947
Q12800943,P282,Q8209
Q12800943,P407,Q7737
Q1021862,P131,Q793389
Q1021862,P17,Q28
Q1021862,P31,Q2590631
Q1021862,P421,Q25989
Q1021862,P47,Q793405
Q1021862,P768,Q15891158
Q613173,P31,Q4167410
Q613173,P1889,Q21489111
Q613173,P1889,Q2653752
Q252454,P1889,Q770033
Q252454,P31,Q162940
Q252454,P31,Q41713761
Q252454,P361,Q2374532
Q252454,P361,Q209468
Q252454,P144,Q222171
Q4751397,P105,Q34740
Q4751397,P171,Q132980
Q4751397,P31,Q16521
Q4751397,P910,Q14958689
Q4751397,P1403,Q9603436
Q36253,P910,Q6684529
Q36253,P279,Q107715
Q36253,P279,Q28733284
Q36253,P279,Q30337748
Q36253,P1687,P2043
Q36253,P1343,Q26711932
Q36253,P1343,Q90137277
Q36253,P1343,Q68977959
Q36253,P1552,Q1978718
Q36253,P8111,Q11573
Q2996516,P31,Q13417114
Q2996516,P31,Q30682671
Q2996516,P361,Q63869
Q2996516,P910,Q13328207
Q2996516,P1343,Q2657718
Q2996516,P39,Q653734
Q2996516,P17,Q2981019
Q4335700,P31,Q4167410
Q4335700,P1889,Q12867836
Q4335700,P910,Q19828027
Q41064,P361,Q208190
Q41064,P361,Q19786
Q41064,P361,Q3257275
Q41064,P910,Q7482153
Q41064,P31,Q179461
Q41064,P31,Q29154430
Q41064,P1343,Q21065550
Q41064,P1343,Q2657718
Q41064,P1343,Q2041543
Q41064,P1343,Q4173137
Q41064,P1343,Q19180675
Q41064,P1343,Q602358
Q41064,P1343,Q4086271
Q41064,P1343,Q4532138
Q41064,P2959,Q25689959
Q41064,P527,Q1811253
Q41064,P527,Q3945671
Q41064,P527,Q1628521
Q41064,P527,Q1479763
Q41064,P527,Q1628502
Q41064,P527,Q1888137
Q41064,P527,Q1628514
Q41064,P527,Q1887181
Q41064,P527,Q1629213
Q41064,P527,Q3409459
Q41064,P527,Q1628774
Q41064,P527,Q1451217
Q41064,P527,Q388837
Q41064,P527,Q3409474
Q41064,P527,Q1629226
Q41064,P527,Q1431602
Q41064,P527,Q764216
Q41064,P527,Q4207147
Q41064,P527,Q1630038
Q41064,P527,Q678866
Q41064,P527,Q1325954
Q41064,P527,Q1968076
Q41064,P527,Q383102
Q41064,P527,Q1628536
Q41064,P527,Q1357262
Q41064,P527,Q1628546
Q41064,P527,Q1888863
Q41064,P527,Q1630080
Q41064,P527,Q601090
Q41064,P527,Q1785547
Q41064,P527,Q1631849
Q41064,P527,Q952048
Q41064,P527,Q2423874
Q41064,P527,Q1361196
Q41064,P527,Q4207846
Q41064,P527,Q4207899
Q41064,P527,Q4207884
Q41064,P527,Q3066515
Q41064,P527,Q1417612
Q41064,P527,Q3545484
Q41064,P527,Q3076938
Q41064,P527,Q573200
Q41064,P527,Q3132177
Q41064,P527,Q1326003
Q41064,P527,Q3138708
Q41064,P527,Q2410461
Q41064,P527,Q3067299
Q41064,P527,Q1794488
Q41064,P527,Q1696393
Q41064,P527,Q3409475
Q41064,P527,Q1349033
Q41064,P527,Q3409477
Q41064,P527,Q1628527
Q41064,P527,Q654477
Q41064,P527,Q4207855
Q41064,P527,Q3409479
Q41064,P527,Q1793180
Q41064,P527,Q1323529
Q41064,P527,Q2115595
Q41064,P527,Q1725387
Q41064,P527,Q1323556
Q41064,P527,Q1325988
Q41064,P527,Q3409480
Q41064,P527,Q3409481
Q41064,P527,Q7253933
Q41064,P527,Q7253932
Q41064,P527,Q1689664
Q41064,P527,Q3071320
Q41064,P527,Q1628170
Q41064,P527,Q3409482
Q41064,P527,Q7253934
Q41064,P527,Q3409483
Q41064,P527,Q7253935
Q41064,P527,Q2067712
Q41064,P527,Q660274
Q41064,P527,Q1326493
Q41064,P527,Q2115598
Q41064,P527,Q3368568
Q41064,P527,Q1628508
Q41064,P527,Q3409487
Q41064,P527,Q7253937
Q41064,P527,Q925313
Q41064,P527,Q1489217
Q41064,P527,Q1323538
Q41064,P527,Q1325941
Q41064,P527,Q594331
Q41064,P527,Q1888150
Q41064,P527,Q1628786
Q41064,P527,Q1344257
Q41064,P527,Q2115607
Q41064,P527,Q764027
Q41064,P527,Q2067731
Q41064,P527,Q593955
Q41064,P527,Q1326484
Q41064,P527,Q917120
Q41064,P527,Q1628764
Q41064,P527,Q1326467
Q41064,P527,Q1326476
Q41064,P527,Q7253943
Q41064,P527,Q3068829
Q41064,P527,Q3409454
Q41064,P527,Q3438601
Q41064,P527,Q672578
Q41064,P527,Q379245
Q41064,P527,Q7253916
Q41064,P527,Q7253918
Q41064,P527,Q7253917
Q41064,P527,Q3409455
Q41064,P527,Q4251660
Q41064,P527,Q3945670
Q41064,P527,Q7253920
Q41064,P527,Q3071755
Q41064,P527,Q1326513
Q41064,P527,Q919477
Q41064,P527,Q7253922
Q41064,P527,Q7253923
Q41064,P527,Q572885
Q41064,P527,Q7253924
Q41064,P527,Q683904
Q41064,P527,Q3409458
Q41064,P527,Q581962
Q41064,P527,Q118182
Q41064,P527,Q1325967
Q41064,P527,Q281757
Q41064,P527,Q3409461
Q41064,P527,Q3409463
Q41064,P527,Q2747834
Q41064,P527,Q3066198
Q41064,P527,Q3409464
Q41064,P527,Q582050
Q41064,P527,Q2094667
Q41064,P527,Q3409467
Q41064,P527,Q3067292
Q41064,P527,Q2362016
Q41064,P527,Q7253925
Q41064,P527,Q2918307
Q41064,P527,Q2115611
Q41064,P527,Q3409468
Q41064,P527,Q1519011
Q41064,P527,Q3071426
Q41064,P527,Q2662024
Q41064,P527,Q3409469
Q41064,P527,Q3409470
Q41064,P527,Q3409472
Q41064,P527,Q3071407
Q41064,P527,Q3066991
Q41064,P527,Q3071400
Q41064,P527,Q4216015
Q41064,P527,Q3067303
Q41064,P527,Q2508201
Q41064,P407,Q1982248
Q41064,P460,Q1369122
Q41064,P747,Q964740
Q41064,P747,Q40554339
Q41064,P747,Q64362235
Q41064,P136,Q546729
Q5994789,P31,Q4167410
Q7837381,P31,Q277759
Q1781945,P31,Q63187345
Q1781945,P31,Q216353
Q1781945,P279,Q213159
Q407099,P31,Q4167410
Q407099,P1889,Q2570283
Q407099,P2061,Q21062414
Q407099,P460,Q2570581
Q407099,P460,Q2595634
Q329381,P361,Q936044
Q329381,P361,Q2509280
Q329381,P527,Q15916459
Q329381,P279,Q7748
Q329381,P279,Q108163
Q329381,P279,Q15989253
Q329381,P1889,Q20660994
Q7075743,P31,Q813912
Q169251,P461,Q935526
Q169251,P461,Q8
Q169251,P31,Q60539481
Q169251,P31,Q16748867
Q169251,P361,Q9357054
Q169251,P361,Q77468620
Q169251,P910,Q9567928
Q169251,P460,Q290620
Q169251,P279,Q9415
Q48775,P166,Q15376017
Q48775,P166,Q10761752
Q48775,P166,Q152770
Q48775,P166,Q13582570
Q48775,P166,Q605151
Q48775,P21,Q6581097
Q48775,P31,Q5
Q48775,P19,Q101625
Q48775,P172,Q102251
Q48775,P140,Q5043
Q48775,P140,Q6423963
Q48775,P27,Q801
Q48775,P735,Q19818098
Q48775,P793,Q4667873
Q48775,P106,Q5352191
Q48775,P106,Q169470
Q48775,P106,Q901
Q48775,P106,Q9352089
Q48775,P1399,Q160128
Q48775,P1399,Q165950
Q48775,P69,Q737332
Q48775,P26,Q11982115
Q48775,P102,Q1137968
Q48775,P1412,Q9288
Q296594,P31,Q4167410
Q62928,P910,Q8729052
Q62928,P138,Q200902
Q62928,P31,Q3117863
Q62928,P279,Q16334295
Q62928,P279,Q63361041
Q62928,P1889,Q34049
Q5194289,P31,Q4167410
Q5194289,P1889,Q36870578
Q168456,P279,Q3575260
Q168456,P279,Q29544254
Q168456,P276,Q7362
Q168456,P5869,Q4217739
Q47092,P910,Q7011471
Q47092,P279,Q673281
Q47092,P1995,Q2861470
Q47092,P3095,Q22962951
Q47092,P1552,Q2148678
Q47092,P1552,Q19358049
Q47092,P31,Q5801919
Q47092,P7084,Q6628760
Q923,P460,Q16002466
Q923,P460,Q17501703
Q923,P460,Q17501693
Q923,P460,Q17501806
Q923,P460,Q4715642
Q923,P460,Q2640831
Q923,P460,Q17501723
Q923,P460,Q1707169
Q923,P460,Q17520844
Q923,P460,Q956196
Q923,P460,Q18108530
Q923,P460,Q18108548
Q923,P460,Q18108561
Q923,P460,Q18108562
Q923,P460,Q19818135
Q923,P460,Q19412810
Q923,P460,Q1413008
Q923,P460,Q21029874
Q923,P460,Q13258171
Q923,P460,Q21722953
Q923,P460,Q12784183
Q923,P460,Q18108537
Q923,P460,Q2221177
Q923,P460,Q45087221
Q923,P460,Q63089468
Q923,P460,Q98544871
Q923,P460,Q20727478
Q923,P460,Q98642538
Q923,P460,Q98834352
Q923,P1750,Q2369
Q923,P1343,Q302556
Q923,P1343,Q2041543
Q923,P1889,Q1699786
Q923,P1889,Q16479349
Q923,P407,Q7411
Q923,P407,Q1860
Q923,P407,Q397
Q923,P5323,Q21644845
Q923,P5323,Q21142040
Q923,P1560,Q6081128
Q923,P1533,Q1511218
Q923,P31,Q12308941
Q923,P282,Q8229
Q367973,P21,Q6581097
Q367973,P119,Q311
Q367973,P19,Q33959
Q367973,P106,Q1028181
Q367973,P106,Q483501
Q367973,P106,Q1281618
Q367973,P106,Q3391743
Q367973,P106,Q644687
Q367973,P106,Q2519376
Q367973,P27,Q142
Q367973,P20,Q60
Q367973,P31,Q5
Q367973,P800,Q3203476
Q367973,P800,Q3259050
Q367973,P463,Q136046
Q367973,P463,Q276308
Q367973,P26,Q274082
Q367973,P937,Q33959
Q367973,P937,Q60
Q367973,P69,Q273534
Q367973,P735,Q12898824
Q367973,P1875,Q4801318
Q367973,P1875,Q62592203
Q367973,P1344,Q265533
Q367973,P1344,Q231289
Q367973,P1344,Q1233993
Q367973,P509,Q12078
Q367973,P1196,Q3739104
Q367973,P6275,Q71528227
Q367973,P6275,Q3488108
Q367973,P6275,Q71528227
Q367973,P6275,Q71528227
Q367973,P6379,Q679527
Q367973,P6379,Q163804
Q367973,P6379,Q460889
Q367973,P6379,Q1700481
Q367973,P6379,Q188740
Q367973,P6379,Q430682
Q367973,P6379,Q214867
Q367973,P6379,Q2338135
Q367973,P6379,Q160236
Q367973,P6379,Q7605588
Q367973,P6379,Q2256718
Q367973,P40,Q3573455
Q367973,P101,Q11634
Q367973,P737,Q155158
Q367973,P135,Q276308
Q367973,P1412,Q150
Q367973,P7763,Q73555012
Q367973,P734,Q28912637
Q367973,P1343,Q89929597
Q367973,P1327,Q545445
Q1796687,P910,Q7949913
Q1796687,P279,Q83267
Q1796687,P279,Q124490
Q1796687,P1889,Q3283617
Q36906943,P31,Q101352
Q36906943,P282,Q8229
Q36906943,P460,Q61711965
Q36906943,P5323,Q92953148
Q5922309,P31,Q4167410
Q5922309,P1889,Q37188064
Q1587978,P279,Q23847174
Q1587978,P1269,Q16546881
Q1587978,P461,Q17573152
Q1587978,P460,Q629608
Q1587978,P460,Q6425668
Q1587978,P460,Q17573138
Q1587978,P31,Q23847174
Q48672517,P31,Q11424
Q48672517,P364,Q1568
Q48672517,P495,Q668
Q48672517,P86,Q2845307
Q48672517,P136,Q200092
Q721207,P910,Q6431427
Q721207,P279,Q44782
Q721207,P279,Q6501349
Q60142,P1343,Q2657718
Q60142,P279,Q811430
Q1039224,P31,Q4167410
Q1039224,P460,Q45344
Q1039224,P1889,Q20002268
Q1039224,P1889,Q37125713
Q35831,P910,Q7012670
Q35831,P1542,Q25931702
Q35831,P279,Q22299433
Q35831,P279,Q9332
Q35831,P461,Q246710
Q35831,P31,Q2996394
Q35831,P1343,Q602358
Q35831,P1343,Q19180675
Q35831,P1343,Q1970746
Q35831,P1343,Q4532138
Q35831,P1343,Q1768721
Q35831,P1343,Q101314624
Q35831,P2579,Q1752583
Q2400848,P31,Q839954
Q2400848,P31,Q486972
Q2400848,P17,Q801
Q2400848,P1343,Q602358
Q376934,P279,Q905726
Q376934,P279,Q631425
Q376934,P1343,Q47482102
Q1151419,P31,Q151885
Q1151419,P31,Q98088085
Q1151419,P279,Q21651927
Q37308988,P31,Q101352
Q37308988,P1889,Q1654661
Q37308988,P282,Q8229
Q37308988,P5323,Q92953148
Q7268918,P31,Q4167410
Q21484515,P31,Q101352
Q21484515,P1889,Q1158256
Q21484515,P282,Q8229
Q385509,P910,Q8711947
Q385509,P31,Q176799
Q385509,P17,Q193714
Q385509,P361,Q252054
Q385509,P607,Q362
Q385509,P112,Q733680
Q385509,P945,Q252054
Q385509,P276,Q23792
Q281319,P31,Q4167410
Q273120,P279,Q1190554
Q273120,P279,Q1914636
Q273120,P279,Q180684
Q273120,P910,Q6539908
Q273120,P1424,Q6923869
Q273120,P1889,Q6539908
Q225833,P31,Q4167410
Q225833,P1889,Q101208419
Q225833,P1889,Q101208452
Q225833,P460,Q3812322
Q1983554,P31,Q101352
Q1983554,P31,Q333021
Q1983554,P1889,Q60345
Q1983554,P460,Q23296873
Q1983554,P460,Q21502212
Q1983554,P407,Q1860
Q1983554,P282,Q8229
Q415514,P31,Q4167410
Q415514,P1889,Q37562433
Q5516342,P31,Q4167410
Q344298,P31,Q4167410
Q8388,P1151,Q15623661
Q8388,P910,Q6585490
Q8388,P279,Q178059
Q8388,P31,Q2275640
Q8388,P2579,Q7867
Q8388,P2579,Q170912
Q8388,P2579,Q9418
Q8388,P1995,Q7867
Q8388,P1995,Q9418
Q8388,P461,Q2157065
Q8388,P924,Q183257
Q8388,P5008,Q4099686
Q21452144,P31,Q101352
Q21452144,P1889,Q1702265
Q21452144,P282,Q8229
Q21452144,P1552,Q89410507
Q30067981,P279,Q170028
Q30067981,P1269,Q104493
Q407522,P31,Q4167410
Q407522,P1889,Q16883614
Q93200,P910,Q8733910
Q93200,P279,Q169207
Q93200,P279,Q179742
Q93200,P5008,Q13382529
Q93200,P461,Q113453
Q203656,P31,Q4167410
Q203656,P1889,Q17053995
Q203656,P460,Q741786
Q203656,P460,Q5413269
Q5055664,P31,Q16887380
Q336601,P279,Q1371279
Q336601,P910,Q8889790
Q180490,P910,Q10069470
Q180490,P31,Q117850
Q180490,P31,Q12909644
Q180490,P461,Q422933
Q180490,P461,Q2407578
Q180490,P1889,Q1086839
Q180490,P361,Q5507447
Q180490,P527,Q436860
Q180490,P527,Q11900614
Q180490,P1343,Q101314624
Q225709,P31,Q4167410
Q225709,P460,Q1387225
Q225709,P460,Q343240
Q225709,P460,Q650708
Q225709,P1889,Q37183755
Q83372,P361,Q204911
Q83372,P31,Q1393724
Q83372,P910,Q9558826
Q83372,P155,Q204911
Q83372,P1343,Q19190511
Q83372,P1343,Q19180675
Q83372,P1343,Q20078554
Q83372,P361,Q204911
Q83372,P31,Q1393724
Q83372,P910,Q9558826
Q83372,P155,Q204911
Q83372,P1343,Q19190511
Q83372,P1343,Q19180675
Q83372,P1343,Q20078554
Q411504,P31,Q4167410
Q411504,P1889,Q1258639
Q411504,P460,Q343850
Q30274563,P31,Q101352
Q30274563,P282,Q8229
Q30274563,P1889,Q2360021
Q30274563,P407,Q1860
Q241649,P31,Q4167410
Q241649,P460,Q16775638
Q241649,P460,Q20116316
Q241649,P460,Q10674352
Q241649,P1889,Q1321
Q241649,P1889,Q37060469
Q42767,P910,Q8128614
Q42767,P279,Q14373
Q42767,P1343,Q2657718
Q42767,P1343,Q602358
Q42767,P485,Q1667757
Q42767,P3095,Q28563508
Q42767,P31,Q268592
Q193170,P31,Q705914
Q193170,P279,Q131569
Q193170,P279,Q231043
Q193170,P1343,Q2041543
Q193170,P1343,Q602358
Q193170,P361,Q239768
Q193170,P1687,P6193
Q192242,P31,Q60539481
Q192242,P361,Q77468620
Q1170549,P31,Q4167410
Q1170549,P1889,Q37200870
Q1048570,P31,Q431603
Q1048570,P366,Q1468942
Q1048570,P17,Q30
Q1048570,P159,Q62
Q1048570,P112,Q5240419
Q1048570,P131,Q60
Q123141,P171,Q237800
Q123141,P105,Q7432
Q123141,P910,Q7131268
Q123141,P31,Q16521
Q123141,P141,Q211005
Q123141,P1889,Q13586001
Q123141,P5841,Q56660253
Q123141,P166,Q59874768
Q123141,P2283,Q167377
Q123141,P1343,Q1768721
Q21637,P31,Q431603
Q21637,P31,Q79913
Q21637,P910,Q9430673
Q21637,P17,Q30
Q21637,P112,Q3439311
Q21637,P112,Q4945589
Q21637,P112,Q7965711
Q21637,P112,Q6913689
Q21637,P112,Q4710022
Q21637,P112,Q4798786
Q21637,P112,Q180989
Q21637,P112,Q1403472
Q21637,P112,Q463265
Q21637,P1037,Q1568107
Q21637,P159,Q60
Q21637,P488,Q7648223
Q21637,P1454,Q18325483
Q21637,P101,Q2509280
Q21637,P495,Q30
Q21637,P5008,Q13382529
Q21637,P1365,Q6971518
Q1064441,P910,Q8372907
Q1064441,P1343,Q20743760
Q1064441,P461,Q30676252
Q1064441,P279,Q1673271
Q420677,P31,Q4167410
Q420677,P1889,Q21453033
Q5428,P910,Q7215643
Q5428,P31,Q82794
Q5428,P17,Q34266
Q5428,P17,Q15180
Q5428,P17,Q159
Q5428,P17,Q186096
Q5428,P1343,Q19180675
Q5428,P1343,Q602358
Q5428,P1151,Q14616216
Q5428,P361,Q27329
Q5428,P461,Q875134
Q5428,P7867,Q84094969
Q5428,P1889,Q403
Q501542,P910,Q6444066
Q501542,P1001,Q30
Q501542,P159,Q2466275
Q501542,P159,Q61
Q501542,P31,Q1364302
Q501542,P31,Q910252
Q501542,P112,Q91
Q501542,P112,Q738941
Q501542,P17,Q30
Q501542,P2388,Q1029955
Q501542,P355,Q45133414
Q501542,P355,Q4764929
Q501542,P355,Q2827151
Q501542,P355,Q1891156
Q501542,P355,Q5465436
Q501542,P355,Q3718734
Q501542,P355,Q11683311
Q501542,P355,Q5465387
Q501542,P355,Q6980595
Q501542,P355,Q5059800
Q501542,P355,Q4693909
Q501542,P355,Q16993089
Q501542,P355,Q5468218
Q501542,P355,Q4146663
Q501542,P355,Q12406834
Q501542,P355,Q861855
Q501542,P355,Q7336244
Q501542,P355,Q7866380
Q501542,P355,Q30280185
Q501542,P355,Q60172315
Q501542,P355,Q6972672
Q501542,P355,Q5153148
Q501542,P355,Q5167909
Q501542,P355,Q6970386
Q501542,P749,Q48525
Q501542,P4195,Q8870619
Q501542,P4195,Q24926924
Q501542,P527,Q7315356
Q501542,P527,Q204493
Q501542,P527,Q5435788
Q501542,P166,Q92429087
Q501542,P166,Q92429087
Q501542,P797,Q48525
Q7692129,P31,Q4167410
Q1520777,P461,Q13649246
Q1520777,P1424,Q7959380
Q1520777,P279,Q9081
Q1520777,P1889,Q1048607
Q1520777,P1889,Q7949
Q1520777,P361,Q77468620
Q1520777,P527,Q7949
Q1520777,P527,Q1048607
Q1520777,P460,Q9081
Q1520777,P31,Q54989186
Q1520777,P1269,Q9471
Q224147,P31,Q4167410
Q224147,P1889,Q21482735
Q227928,P31,Q4167410
Q227928,P1889,Q24419041
Q227928,P1889,Q55807714
Q7748,P1151,Q23994853
Q7748,P279,Q1151067
Q7748,P910,Q4026563
Q7748,P1343,Q2041543
Q7748,P1343,Q602358
Q7748,P1343,Q602358
Q7748,P1343,Q19180675
Q7748,P1343,Q867541
Q7748,P1343,Q4532138
Q7748,P1343,Q101314624
Q7748,P2959,Q27131958
Q7748,P2959,Q61664677
Q7748,P1424,Q10870054
Q7748,P5008,Q5460604
Q7748,P6104,Q8486941
Q7748,P2579,Q4932206
Q7748,P2579,Q382995
Q7748,P1889,Q820655
Q7748,P1889,Q105210
Q7748,P1889,Q49371
Q7748,P31,Q11862829
Q7748,P3095,Q16533
Q7748,P3095,Q40348
Q7748,P1687,P3014
Q1177408,P31,Q4167410
Q4805138,P31,Q4167410
Q9960,P27,Q30
Q9960,P20,Q86768
Q9960,P119,Q1432360
Q9960,P39,Q887010
Q9960,P39,Q11696
Q9960,P39,Q1467287
Q9960,P26,Q193426
Q9960,P26,Q95055
Q9960,P40,Q6792754
Q9960,P40,Q6833765
Q9960,P40,Q469302
Q9960,P40,Q321846
Q9960,P40,Q75763229
Q9960,P69,Q5284951
Q9960,P69,Q5411163
Q9960,P106,Q10798782
Q9960,P106,Q10800557
Q9960,P106,Q82955
Q9960,P106,Q18814623
Q9960,P106,Q948329
Q9960,P106,Q28389
Q9960,P106,Q189290
Q9960,P106,Q33999
Q9960,P106,Q15627169
Q9960,P106,Q2722764
Q9960,P106,Q372436
Q9960,P106,Q2405480
Q9960,P106,Q18939491
Q9960,P19,Q986310
Q9960,P31,Q5
Q9960,P102,Q29468
Q9960,P102,Q29552
Q9960,P910,Q8682178
Q9960,P509,Q12192
Q9960,P509,Q11081
Q9960,P1050,Q11081
Q9960,P166,Q15124573
Q9960,P166,Q12177451
Q9960,P166,Q84020
Q9960,P166,Q20966612
Q9960,P166,Q5480301
Q9960,P166,Q17144
Q9960,P166,Q721743
Q9960,P166,Q5020532
Q9960,P166,Q5300150
Q9960,P166,Q7781991
Q9960,P166,Q28950956
Q9960,P166,Q17277947
Q9960,P166,Q17985761
Q9960,P166,Q10905105
Q9960,P166,Q20853482
Q9960,P166,Q51035522
Q9960,P166,Q5300150
Q9960,P166,Q5361043
Q9960,P166,Q506369
Q9960,P166,Q4793010
Q9960,P166,Q2842905
Q9960,P166,Q2338107
Q9960,P166,Q2079534
Q9960,P166,Q93728
Q9960,P166,Q696246
Q9960,P166,Q21164
Q9960,P166,Q762844
Q9960,P22,Q6114763
Q9960,P25,Q6990072
Q9960,P140,Q178169
Q9960,P140,Q855941
Q9960,P140,Q1541206
Q9960,P241,Q2036662
Q9960,P241,Q11223
Q9960,P241,Q2036662
Q9960,P241,Q407191
Q9960,P410,Q158668
Q9960,P410,Q10918728
Q9960,P410,Q20715023
Q9960,P410,Q5036511
Q9960,P463,Q468865
Q9960,P463,Q33498885
Q9960,P1283,Q7365206
Q9960,P551,Q2153479
Q9960,P735,Q2532287
Q9960,P735,Q18552466
Q9960,P734,Q16881921
Q9960,P607,Q362
Q9960,P607,Q2632857
Q9960,P1412,Q1860
Q9960,P103,Q1860
Q9960,P1196,Q3739104
Q9960,P485,Q1432360
Q9960,P552,Q457332
Q9960,P1853,Q19831451
Q9960,P3373,Q15628572
Q9960,P172,Q846570
Q9960,P21,Q6581097
Q9960,P1830,Q7319126
Q9960,P1830,Q47670871
Q9960,P1875,Q61205003
Q9960,P108,Q126399
Q9960,P6886,Q1860
Q9960,P1343,Q67311526
Q9960,P945,Q30
Q9960,P1441,Q810863
Q9960,P101,Q1328508
Q9960,P6553,L485
Q9960,P3602,Q699744
Q9960,P5008,Q98755339
Q9960,P1344,Q757979
Q7032138,P31,Q4167410
Q373085,P1343,Q678259
Q373085,P1343,Q2041543
Q373085,P1343,Q19538713
Q373085,P1343,Q1138524
Q373085,P1343,Q602358
Q373085,P31,Q4164871
Q373085,P279,Q599151
Q373085,P910,Q10063174
Q112162,P31,Q4167410
Q112162,P910,Q8647082
Q112162,P460,Q19562467
Q112162,P1343,Q2041543
Q3955,P190,Q160927
Q3955,P190,Q202158
Q3955,P190,Q2751
Q3955,P190,Q3138
Q3955,P190,Q145972
Q3955,P17,Q183
Q3955,P17,Q155570
Q3955,P17,Q43287
Q3955,P17,Q41304
Q3955,P17,Q7318
Q3955,P17,Q315667
Q3955,P17,Q156199
Q3955,P131,Q1205
Q3955,P131,Q48054
Q3955,P131,Q873634
Q3955,P131,Q155570
Q3955,P131,Q315667
Q3955,P421,Q6655
Q3955,P421,Q6723
Q3955,P31,Q22865
Q3955,P31,Q1401585
Q3955,P31,Q1187811
Q3955,P31,Q42744322
Q3955,P31,Q61747322
Q3955,P910,Q6639479
Q3955,P1464,Q8048401
Q3955,P1465,Q9220384
Q3955,P1792,Q8810612
Q3955,P1376,Q1787565
Q3955,P1376,Q315667
Q3955,P1376,Q155570
Q3955,P47,Q7879
Q3955,P206,Q316507
Q3955,P706,Q567318
Q3955,P150,Q1488380
Q3955,P150,Q1484234
Q3955,P150,Q1812408
Q3955,P150,Q1288663
Q3955,P150,Q1403475
Q3955,P150,Q1300853
Q3955,P150,Q2105791
Q3955,P150,Q2258899
Q3955,P150,Q2382315
Q3955,P150,Q2396396
Q3955,P150,Q2432031
Q3955,P150,Q1324782
Q3955,P6,Q2337976
Q3955,P6,Q50359380
Q3955,P166,Q129372
Q3955,P610,Q1371797
Q3955,P485,Q28720295
Q3955,P1791,Q29017189
Q3955,P1343,Q20078554
Q3955,P1343,Q19180675
Q3955,P1343,Q602358
Q3955,P1343,Q4173137
Q3955,P1343,Q2041543
Q3955,P463,Q747279
Q3955,P463,Q67174081
Q3955,P7867,Q84027810
Q440924,P31,Q4167410
Q440924,P1889,Q19968326
Q440924,P1889,Q29913849
Q440924,P460,Q7352166
Q699542,P17,Q183
Q699542,P131,Q269010
Q699542,P31,Q253019
Q699542,P31,Q378636
Q699542,P421,Q6655
Q699542,P421,Q6723
Q448277,P31,Q4167410
Q626510,P279,Q628455
Q626510,P279,Q40953
Q626510,P1343,Q2041543
Q626510,P1889,Q2637365
Q626510,P1889,Q45594
Q626510,P1889,Q896575
Q626510,P460,Q17052150
Q626510,P461,Q109411
Q1668595,P31,Q4167410
Q1668595,P1889,Q30669621
Q1668595,P460,Q2277433
Q5372493,P31,Q4167410
Q131036,P910,Q7547463
Q131036,P1424,Q14466067
Q131036,P1462,Q2672895
Q131036,P460,Q1820380
Q131036,P159,Q5578587
Q131036,P112,Q216896
Q131036,P31,Q477544
Q131036,P1889,Q764731
Q2471282,P31,Q4167410
Q2471282,P1889,Q13400769
Q2471282,P1889,Q1066712
Q2471282,P460,Q406086
Q2637730,P31,Q4167410
Q2637730,P1889,Q10729205
Q2637730,P1889,Q577011
Q2637730,P1889,Q2553368
Q2637730,P460,Q406457
Q2637730,P460,Q23071222
Q2637730,P460,Q1223226
Q2637730,P460,Q2639517
Q2637730,P460,Q66089459
Q2637730,P460,Q66089624
Q1052,P279,Q494057
Q1052,P910,Q15100085
Q1052,P1343,Q2657718
Q1052,P1343,Q4086271
Q1052,P1343,Q4173137
Q1052,P1343,Q19180675
Q1052,P1343,Q602358
Q1052,P1343,Q20961706
Q1052,P1343,Q1768721
Q1052,P462,Q3142
Q1052,P462,Q39338
Q1052,P462,Q3133
Q1052,P462,Q1088
Q1052,P462,Q5967009
Q1052,P462,Q428124
Q1052,P462,Q943
Q43051,P31,Q29168811
Q43051,P364,Q1860
Q43051,P57,Q928976
Q43051,P57,Q715807
Q43051,P57,Q2903332
Q43051,P57,Q6247507
Q43051,P57,Q3471034
Q43051,P57,Q28439679
Q43051,P57,Q3113248
Q43051,P58,Q3375098
Q43051,P58,Q3218086
Q43051,P162,Q8704
Q43051,P272,Q7414
Q43051,P910,Q8287680
Q43051,P136,Q842256
Q43051,P136,Q2975633
Q43051,P136,Q2143665
Q43051,P136,Q157394
Q43051,P136,Q28968511
Q43051,P136,Q52162262
Q43051,P136,Q130232
Q43051,P495,Q30
Q43051,P166,Q823422
Q43051,P166,Q135498
Q43051,P86,Q912572
Q43051,P86,Q464028
Q43051,P750,Q267282
Q43051,P1411,Q22752868
Q43051,P1411,Q830079
Q43051,P156,Q200889
Q43051,P179,Q45024794
Q43051,P179,Q56070713
Q43051,P144,Q742753
Q43051,P725,Q3036807
Q43051,P725,Q3127383
Q43051,P725,Q1989416
Q43051,P725,Q7172751
Q43051,P725,Q3470479
Q43051,P725,Q3568307
Q43051,P725,Q437429
Q43051,P725,Q2850388
Q43051,P725,Q725507
Q43051,P725,Q3752659
Q43051,P725,Q2698123
Q43051,P725,Q3182549
Q43051,P725,Q29885479
Q43051,P725,Q27688782
Q43051,P725,Q3293625
Q43051,P725,Q29885577
Q43051,P725,Q29885624
Q43051,P725,Q29885695
Q43051,P725,Q3523521
Q43051,P725,Q3047273
Q43051,P725,Q372838
Q43051,P1877,Q163747
Q43051,P674,Q2308402
Q43051,P674,Q5431889
Q43051,P674,Q3073555
Q43051,P674,Q2915850
Q43051,P674,Q27701033
Q43051,P674,Q27230598
Q43051,P406,Q27074544
Q43051,P793,Q204854
Q43051,P462,Q22006653
Q43051,P3275,Q568631
Q43051,P3275,Q4977804
Q43051,P3275,Q3556004
Q43051,P3275,Q3305313
Q43051,P3275,Q378620
Q43051,P3275,Q5437728
Q43051,P3275,Q2967581
Q43051,P3275,Q3375098
Q43051,P3092,Q3546382
Q43051,P3092,Q2084424
Q43051,P3092,Q2864559
Q43051,P3092,Q3026553
Q43051,P3092,Q3110380
Q43051,P3092,Q3507221
Q43051,P3092,Q597106
Q43051,P3092,Q3306522
Q43051,P3092,Q2907755
Q43051,P3092,Q28466604
Q43051,P3092,Q28438156
Q43051,P3092,Q3420525
Q43051,P3092,Q21743224
Q43051,P3092,Q28466258
Q43051,P3092,Q3546382
Q43051,P3092,Q2864559
Q43051,P3092,Q28466020
Q43051,P3092,Q509710
Q43051,P3092,Q1356617
Q43051,P3092,Q18932364
Q43051,P3092,Q712851
Q43051,P3174,Q3530690
Q43051,P3174,Q3434848
Q43051,P3174,Q2829427
Q43051,P3174,Q3303696
Q43051,P3174,Q28168206
Q43051,P3174,Q5234989
Q43051,P3174,Q329972
Q43051,P3174,Q3026595
Q43051,P3300,Q2833212
Q43051,P921,Q513359
Q43051,P921,Q1334052
Q43051,P921,Q491
Q43051,P921,Q1274115
Q43051,P180,Q131774
Q43051,P180,Q1823911
Q43051,P180,Q276258
Q43051,P180,Q4
Q43051,P942,Q15832799
Q43051,P825,Q773066
Q43051,P175,Q5294945
Q43051,P2079,Q184781
Q43051,P1552,Q45172088
Q43051,P1552,Q58483045
Q43051,P1552,Q93770083
Q43051,P747,Q27074692
Q43051,P747,Q27074891
Q43051,P6942,Q3013137
Q43051,P6942,Q937267
Q43051,P6942,Q2711171
Q43051,P6942,Q2437296
Q43051,P6942,Q443540
Q43051,P6942,Q568631
Q43051,P6942,Q862224
Q43051,P6942,Q2897938
Q43051,P6942,Q3035823
Q43051,P6942,Q4977804
Q43051,P6942,Q3195071
Q43051,P6942,Q3260255
Q43051,P6942,Q726424
Q43051,P6942,Q3186035
Q43051,P6942,Q3378766
Q43051,P6942,Q3101875
Q43051,P6942,Q2864554
Q43051,P6942,Q28457670
Q43051,P6942,Q28465814
Q43051,P6942,Q2657938
Q43051,P6942,Q3195046
Q43051,P6942,Q3128049
Q43051,P2758,Q23817729
Q43051,P3402,Q27915574
Q10294,P910,Q7023063
Q10294,P279,Q3505845
Q10294,P279,Q1920219
Q10294,P461,Q200535
Q10294,P828,Q2039238
Q10294,P1343,Q4086271
Q10294,P1343,Q602358
Q10294,P1343,Q4173137
Q10294,P1343,Q2041543
Q10294,P1542,Q69783941
Q10294,P1542,Q21171811
Q10294,P1889,Q20418222
Q6548972,P31,Q8436
Q843400,P155,Q853442
Q843400,P31,Q7725634
Q843400,P50,Q46248
Q843400,P123,Q574400
Q843400,P136,Q10992055
Q843400,P166,Q775274
Q843400,P921,Q132987
Q843400,P179,Q3257270
Q843400,P179,Q54877325
Q843400,P156,Q2020225
Q843400,P495,Q145
Q843400,P674,Q1984009
Q843400,P674,Q669992
Q843400,P674,Q681872
Q843400,P674,Q6170424
Q843400,P674,Q3503591
Q843400,P407,Q1860
Q843400,P840,Q253295
Q242288,P31,Q4167410
Q242288,P1889,Q30237443
Q2010220,P31,Q532
Q2010220,P31,Q22674925
Q2010220,P17,Q41
Q2010220,P131,Q2418592
Q2010220,P421,Q6723
Q2010220,P421,Q6760
Q2364772,P31,Q494511
Q2364772,P21,Q6581072
Q2364772,P26,Q113155
Q2364772,P1889,Q7295967
Q2364772,P1343,Q602358
Q28478941,P31,Q4167410
Q224371,P31,Q4167410
Q20532618,P31,Q4167410
Q20532618,P1889,Q20000548
Q20532618,P1889,Q65769238
Q20532618,P460,Q449398
Q27792617,P31,Q4167410
Q27792617,P1889,Q42946710
Q224873,P31,Q4167410
Q224873,P460,Q937377
Q224873,P1889,Q19819747
Q224873,P1889,Q36897514
Q47459526,P31,Q4167410
Q8564326,P31,Q1121708
Q8564326,P3095,Q100837033
Q21491570,P31,Q101352
Q21491570,P1889,Q1303977
Q21491570,P282,Q8229
Q1035954,P31,Q17888
Q1035954,P910,Q8509270
Q1035954,P527,Q25267467
Q1035954,P527,Q25267463
Q1035954,P461,Q339014
Q1035954,P1889,Q3733713
Q1035954,P279,Q1632385
Q1035954,P5008,Q99671171
Q7748,P1151,Q23994853
Q7748,P279,Q1151067
Q7748,P910,Q4026563
Q7748,P1343,Q2041543
Q7748,P1343,Q602358
Q7748,P1343,Q602358
Q7748,P1343,Q19180675
Q7748,P1343,Q867541
Q7748,P1343,Q4532138
Q7748,P1343,Q101314624
Q7748,P2959,Q27131958
Q7748,P2959,Q61664677
Q7748,P1424,Q10870054
Q7748,P5008,Q5460604
Q7748,P6104,Q8486941
Q7748,P2579,Q4932206
Q7748,P2579,Q382995
Q7748,P1889,Q820655
Q7748,P1889,Q105210
Q7748,P1889,Q49371
Q7748,P31,Q11862829
Q7748,P3095,Q16533
Q7748,P3095,Q40348
Q7748,P1687,P3014
Q350611,P31,Q4167410
Q350611,P1889,Q56544498
Q350611,P1889,Q7248721
Q350611,P1889,Q7248740
Q12128,P910,Q7036780
Q12128,P31,Q930752
Q12128,P31,Q11862829
Q12128,P1151,Q10887576
Q12128,P1343,Q2657718
Q12128,P1343,Q602358
Q12128,P2184,Q2155629
Q12128,P3095,Q2787224
Q12128,P3095,Q27349
Q12128,P5008,Q5460604
Q12128,P279,Q11190
Q12128,P460,Q3673891
Q12128,P1889,Q3673891
Q3180817,P279,Q11472
Q3180817,P279,Q1261026
Q951777,P31,Q4167410
Q951777,P1889,Q37210912
Q3680824,P279,Q114675
Q3680824,P138,Q527462
Q3680824,P579,Q13406835
Q3680824,P2695,Q4746953
Q3680824,P31,Q12089225
Q1881345,P31,Q4167410
Q9696,P27,Q30
Q9696,P39,Q11696
Q9696,P39,Q13218630
Q9696,P39,Q4416090
Q9696,P39,Q4416090
Q9696,P39,Q4416090
Q9696,P39,Q4416090
Q9696,P39,Q1467287
Q9696,P20,Q3896131
Q9696,P26,Q165421
Q9696,P22,Q313696
Q9696,P25,Q236540
Q9696,P40,Q316064
Q9696,P40,Q3290402
Q9696,P40,Q75326753
Q9696,P40,Q230303
Q9696,P157,Q48745
Q9696,P166,Q1772872
Q9696,P166,Q145752
Q9696,P166,Q2842905
Q9696,P166,Q2338107
Q9696,P166,Q2338071
Q9696,P166,Q2079534
Q9696,P166,Q973645
Q9696,P166,Q14539884
Q9696,P166,Q17144
Q9696,P166,Q285117
Q9696,P166,Q28843235
Q9696,P166,Q1059569
Q9696,P166,Q2414263
Q9696,P166,Q1800135
Q9696,P106,Q82955
Q9696,P106,Q189290
Q9696,P106,Q1930187
Q9696,P106,Q372436
Q9696,P106,Q36180
Q9696,P102,Q29552
Q9696,P241,Q11220
Q9696,P31,Q5
Q9696,P69,Q174570
Q9696,P69,Q49123
Q9696,P69,Q5103452
Q9696,P69,Q9842
Q9696,P69,Q7338137
Q9696,P69,Q1413558
Q9696,P69,Q21578
Q9696,P69,Q5342580
Q9696,P69,Q7045816
Q9696,P69,Q5033691
Q9696,P69,Q5268443
Q9696,P910,Q8567392
Q9696,P509,Q2140674
Q9696,P19,Q49142
Q9696,P1050,Q12195
Q9696,P1050,Q16501
Q9696,P1050,Q1418225
Q9696,P1050,Q852163
Q9696,P1050,Q35869
Q9696,P140,Q1841
Q9696,P735,Q4925477
Q9696,P735,Q44762720
Q9696,P607,Q362
Q9696,P607,Q184425
Q9696,P607,Q1759161
Q9696,P734,Q120401
Q9696,P1196,Q149086
Q9696,P1412,Q1860
Q9696,P103,Q7976
Q9696,P485,Q2007919
Q9696,P552,Q3039938
Q9696,P1853,Q19831455
Q9696,P1343,Q2657718
Q9696,P1343,Q17378135
Q9696,P1343,Q67311526
Q9696,P1343,Q39845173
Q9696,P1343,Q99413897
Q9696,P937,Q61
Q9696,P463,Q463303
Q9696,P463,Q468865
Q9696,P463,Q3556413
Q9696,P1411,Q35637
Q9696,P1411,Q3873147
Q9696,P3373,Q505178
Q9696,P3373,Q265595
Q9696,P3373,Q268799
Q9696,P3373,Q272908
Q9696,P3373,Q432694
Q9696,P3373,Q25310
Q9696,P3373,Q272401
Q9696,P3373,Q134549
Q9696,P410,Q186024
Q9696,P598,Q846279
Q9696,P598,Q11215470
Q9696,P21,Q6581097
Q9696,P1830,Q13404567
Q9696,P1830,Q47667214
Q9696,P1830,Q47668248
Q9696,P119,Q216344
Q9696,P53,Q34821
Q9696,P6886,Q7976
Q9696,P793,Q1936011
Q9696,P793,Q128160
Q9696,P793,Q8740
Q9696,P451,Q4616
Q9696,P172,Q1075293
Q9696,P3602,Q699590
Q9696,P1344,Q30682387
Q9696,P1344,Q100146196
Q9696,P945,Q30
Q19927826,P31,Q82799
Q19927826,P527,Q21492983
Q19927826,P527,Q21279602
Q1208568,P31,Q4167410
Q1208568,P1889,Q37546747
Q179733,P31,Q4204501
Q179733,P1343,Q2657718
Q179733,P1343,Q1138524
Q179733,P1343,Q3181656
Q179733,P138,Q292833
Q179733,P2959,Q27132613
Q179733,P460,Q2453813
Q179733,P279,Q1267849
Q16863733,P31,Q21278897
Q208351,P31,Q60539481
Q208351,P31,Q16748867
Q208351,P2579,Q9357054
Q208351,P461,Q24238252
Q208351,P361,Q77468620
Q228573,P31,Q4167410
Q228573,P1889,Q29358597
Q228573,P5008,Q99671172
Q2737173,P138,Q510193
Q2737173,P460,Q127733
Q2737173,P460,Q1652291
Q2737173,P460,Q1711631
Q2737173,P460,Q12900608
Q2737173,P460,Q15731628
Q2737173,P460,Q351311
Q2737173,P460,Q1712326
Q2737173,P460,Q15725563
Q2737173,P460,Q1705088
Q2737173,P460,Q15639217
Q2737173,P460,Q1712302
Q2737173,P460,Q3549015
Q2737173,P460,Q19851095
Q2737173,P460,Q15731689
Q2737173,P460,Q141520
Q2737173,P460,Q1822679
Q2737173,P460,Q17631793
Q2737173,P460,Q19689456
Q2737173,P460,Q33101682
Q2737173,P460,Q59162239
Q2737173,P460,Q87958412
Q2737173,P31,Q11879590
Q2737173,P1560,Q2367525
Q2737173,P1560,Q17596178
Q2737173,P1560,Q17856012
Q2737173,P1560,Q1102114
Q2737173,P1750,Q2342
Q2737173,P1750,Q2302
Q2737173,P1889,Q225030
Q2737173,P1533,Q15731614
Q2737173,P407,Q1860
Q2737173,P407,Q397
Q2737173,P407,Q150
Q2737173,P407,Q188
Q2737173,P407,Q7411
Q2737173,P407,Q809
Q2737173,P407,Q1321
Q2737173,P407,Q9027
Q2737173,P282,Q8229
Q2737173,P5323,Q21644845
Q2737173,P5323,Q21142040
Q38829,P279,Q16889133
Q38829,P279,Q55983715
Q38829,P910,Q7033818
Q38829,P1963,P2371
Q38829,P1889,Q765421
Q38829,P1687,P4743
Q38829,P31,Q5962346
Q38829,P1424,Q15076536
Q38829,P1424,Q13257438
Q38829,P1424,Q26143202
Q38829,P2579,Q80962
Q264965,P279,Q874405
Q264965,P279,Q11042
Q264965,P279,Q19958368
Q264965,P910,Q8823221
Q264965,P461,Q18957
Q264965,P2579,Q21201
Q264965,P1424,Q18720015
Q5312350,P31,Q4167410
Q5312350,P1889,Q37239840
Q5312350,P460,Q299755
Q405970,P31,Q4167410
Q405970,P1889,Q25114258
Q405970,P1889,Q16870679
Q41784399,P31,Q101352
Q41784399,P1889,Q1415411
Q41784399,P282,Q8229
Q41784399,P407,Q8641
Q106929,P31,Q4167410
Q106929,P1889,Q7366409
Q106929,P1889,Q59140836
Q2845,P636,Q662860
Q2845,P636,Q1663054
Q2845,P636,Q784720
Q2845,P636,Q1431305
Q2845,P31,Q8386
Q2845,P279,Q1902558
Q2845,P279,Q3706669
Q2845,P1582,Q26726
Q2845,P1582,Q2936421
Q2845,P910,Q7485165
Q2845,P2670,Q422936
Q2845,P527,Q190067
Q2845,P527,Q422917
Q2845,P366,Q1310896
Q2845,P1552,Q2135494
Q2845,P460,Q685071
Q2845,P460,Q1033379
Q2845,P460,Q63392517
Q2845,P1542,Q203994
Q2845,P1535,Q101462
Q2845,P1535,Q30314653
Q2845,P1269,Q1273678
Q2845,P1269,Q1967560
Q2845,P1269,Q2135494
Q2845,P1909,Q1229994
Q2845,P1909,Q2914153
Q2845,P1909,Q5032577
Q2845,P2175,Q131749
Q2845,P2175,Q186889
Q2845,P4954,Q1088113
Q840343,P361,Q1932565
Q840343,P361,Q9530
Q840343,P461,Q2197000
Q840343,P4774,Q47474989
Q840343,P1889,Q10268830
Q840343,P828,Q28793111
Q840343,P279,Q30892994
Q840343,P31,Q621636
Q530822,P31,Q4167410
Q911904,P31,Q4167410
Q911904,P1889,Q16869739
Q911904,P1889,Q47298004
Q20999199,P31,Q4167410
Q178518,P31,Q4167410
Q178518,P1889,Q19750549
Q663208,P910,Q17331364
Q663208,P279,Q3884033
Q663208,P1889,Q1080547
Q12772819,P279,Q451967
Q12772819,P279,Q37113105
Q12772819,P279,Q1190554
Q12772819,P910,Q10193613
Q12772819,P1343,Q2657718
Q12772819,P31,Q41172303
Q12772819,P1687,P575
Q12772819,P1687,P61
Q12772819,P1687,P189
Q12772819,P361,Q77468620
Q12772819,P1552,Q2376542
Q50377313,P31,Q101352
Q50377313,P282,Q8229
Q50377313,P1889,Q3276066
Q310986,P31,Q18343316
Q310986,P4810,Q47517764
Q310986,P4810,Q47517765
Q310986,P4810,Q47517768
Q310986,P4810,Q47517769
Q310986,P4810,Q47517774
Q247849,P31,Q4167410
Q247849,P460,Q8046225
Q418791,P31,Q4167410
Q418791,P1889,Q37464388
Q35811,P21,Q6581097
Q35811,P31,Q5
Q35811,P31,Q18563354
Q35811,P106,Q42857
Q35811,P106,Q2142783
Q35811,P106,Q49757
Q35811,P1343,Q4484349
Q35811,P1343,Q4263804
Q35811,P1343,Q20961706
Q35811,P1343,Q602358
Q35811,P1343,Q19180675
Q35811,P1343,Q2041543
Q35811,P1343,Q867541
Q35811,P1343,Q30059240
Q35811,P1343,Q4173137
Q35811,P19,Q636188
Q35811,P1576,Q83364
Q35811,P910,Q9203085
Q35811,P40,Q5556095
Q35811,P40,Q5706248
Q35811,P22,Q5666161
Q35811,P25,Q5953040
Q35811,P735,Q27624133
Q35811,P26,Q22249555
Q35811,P1889,Q4024820
Q35811,P140,Q9601
Q35811,P411,Q1349880
Q35811,P20,Q182159
Q35811,P1412,Q29572
Q35811,P7763,Q71887839
Q9601,P910,Q7154235
Q9601,P1343,Q2657718
Q9601,P793,Q887684
Q9601,P112,Q35811
Q9601,P138,Q35811
Q9601,P2596,Q1711683
Q9601,P92,Q83426
Q9601,P361,Q1463386
Q9601,P1151,Q11176188
Q9601,P279,Q5310255
Q9601,P1552,Q9159
Q9601,P1552,Q5310255
Q9601,P5008,Q5460604
Q9601,P31,Q9174
Q7241004,P1269,Q11190
Q231661,P31,Q4167410
Q231661,P1889,Q156305
Q11299,P206,Q212862
Q11299,P206,Q3140
Q11299,P206,Q1064776
Q11299,P206,Q597451
Q11299,P206,Q1804303
Q11299,P131,Q60
Q11299,P17,Q30
Q11299,P910,Q7469772
Q11299,P31,Q1066984
Q11299,P31,Q408804
Q11299,P1464,Q9225671
Q11299,P1465,Q9219012
Q11299,P1740,Q10218901
Q11299,P1792,Q7234769
Q11299,P421,Q941023
Q11299,P421,Q5390
Q11299,P421,Q5762
Q11299,P47,Q18426
Q11299,P47,Q18424
Q11299,P47,Q18419
Q11299,P47,Q176410
Q11299,P47,Q18432
Q11299,P47,Q138578
Q11299,P6,Q5518265
Q11299,P3403,Q500416
Q11299,P527,Q15063317
Q11299,P527,Q1373472
Q11299,P527,Q909777
Q11299,P527,Q202175
Q11299,P527,Q1190547
Q11299,P527,Q319821
Q11299,P527,Q1198892
Q11299,P527,Q933185
Q11299,P793,Q10806
Q11299,P3096,Q56884655
Q11299,P138,Q15063317
Q11299,P7867,Q84102251
Q11299,P1889,Q500416
Q34990,P31,Q179461
Q34990,P460,Q2383104
Q34990,P460,Q162062
Q34990,P50,Q766677
Q34990,P50,Q9077
Q34990,P50,Q1099313
Q34990,P50,Q659765
Q34990,P50,Q4233718
Q34990,P910,Q7215322
Q34990,P361,Q83367
Q34990,P361,Q19786
Q34990,P361,Q1845
Q34990,P361,Q131175
Q34990,P361,Q29334
Q34990,P527,Q9184
Q34990,P527,Q9190
Q34990,P527,Q41490
Q34990,P527,Q43099
Q34990,P527,Q42614
Q34990,P1343,Q2041543
Q34990,P1343,Q602358
Q34990,P1343,Q4173137
Q34990,P136,Q12617225
Q34990,P179,Q83367
Q34990,P747,Q54462103
Q34990,P747,Q54552259
Q34990,P747,Q54552262
Q34990,P747,Q54552263
Q34990,P747,Q54552260
Q34990,P747,Q54552261
Q34990,P747,Q54552266
Q34990,P747,Q54552267
Q34990,P747,Q54552264
Q34990,P747,Q54552265
Q34990,P747,Q54552270
Q34990,P747,Q54552271
Q34990,P747,Q54552268
Q34990,P747,Q54552269
Q34990,P747,Q54552274
Q34990,P747,Q54552275
Q34990,P747,Q54552272
Q34990,P747,Q54552273
Q34990,P747,Q54552277
Q1247742,P31,Q4167410
Q331055,P279,Q201676
Q331055,P910,Q7146913
Q331055,P461,Q1898510
Q331055,P1687,P4602
Q331055,P1687,P965
Q331055,P1687,P2324
Q331055,P1343,Q4086271
Q331055,P1343,Q602358
Q331055,P1343,Q602358
Q331055,P1343,Q4173137
Q331055,P1343,Q19180675
Q331055,P31,Q1190554
Q331055,P1889,Q2399875
Q331055,P1889,Q12131650
Q123839,P21,Q6581097
Q123839,P39,Q29182
Q123839,P39,Q352719
Q123839,P19,Q64139
Q123839,P20,Q72
Q123839,P27,Q39
Q123839,P31,Q5
Q123839,P106,Q1234713
Q123839,P106,Q763779
Q123839,P735,Q2018484
Q123839,P735,Q11122389
Q123839,P1412,Q397
Q123839,P1412,Q188
Q123839,P937,Q72
Q123839,P1343,Q17378135
Q123839,P1343,Q20078554
Q123839,P1343,Q19180675
Q123839,P1343,Q19211082
Q123839,P1343,Q602358
Q123839,P1343,Q590208
Q123839,P1343,Q67311526
Q123839,P1343,Q3181656
Q123839,P734,Q17198024
Q123839,P551,Q72
Q123839,P910,Q55248080
Q123839,P1066,Q1689821
Q123839,P802,Q71599
Q123839,P26,Q55882707
Q123839,P40,Q64691828
Q123839,P140,Q23540
Q123839,P485,Q39934978
Q1076491,P1343,Q19558994
Q1076491,P1343,Q2041543
Q214267,P910,Q8797775
Q214267,P279,Q628523
Q214267,P1343,Q4532138
Q214267,P175,Q42857
Q158857,P1889,Q3235794
Q158857,P31,Q117850
Q158857,P361,Q216545
Q1145328,P279,Q18603615
Q1145328,P31,Q15169167
Q1145328,P910,Q10007376
Q1145328,P460,Q664971
Q5608757,P31,Q4167410
Q5608757,P1889,Q37492965
Q11231408,P31,Q101352
Q11231408,P31,Q829026
Q11231408,P407,Q188
Q11231408,P138,Q331432
Q11231408,P460,Q1158882
Q11231408,P460,Q1420333
Q11231408,P460,Q428826
Q11231408,P460,Q1420317
Q11231408,P460,Q47753368
Q11231408,P460,Q55266731
Q11231408,P2354,Q20007538
Q11231408,P1889,Q223999
Q11231408,P282,Q8229
Q11231408,P5323,Q81945591
Q185789,P1269,Q170749
Q185789,P910,Q55273760
Q185789,P361,Q11435
Q185789,P31,Q1302471
Q185789,P31,Q82047057
Q185789,P279,Q3271065
Q185789,P111,Q39297
Q42857,P910,Q5824768
Q42857,P31,Q2642184
Q42857,P31,Q12737077
Q42857,P279,Q17573152
Q42857,P1889,Q2191756
Q42857,P6186,Q59522371
Q42857,P1343,Q602358
Q3704426,P279,Q15143191
Q3704426,P31,Q28640
Q3704426,P425,Q929771
Q520667,P279,Q790024
Q520667,P1269,Q182154
Q520667,P461,Q2146358
Q520667,P2283,Q344
Q520667,P31,Q1047698
Q520667,P1889,Q53570527
Q520667,P910,Q7905357
Q4198163,P279,Q5
Q1262732,P1889,Q4860660
Q1262732,P279,Q23009442
Q1262732,P279,Q8454
Q1262732,P910,Q8769665
Q2162229,P31,Q4167410
Q2162229,P1889,Q37513570
Q5445612,P31,Q4167410
Q1216844,P31,Q4167410
Q1216844,P1889,Q36872941
Q1724643,P31,Q4167410
Q654390,P31,Q33104279
Q256074,P31,Q4167410
Q256074,P1889,Q16882027
Q11305923,P31,Q4167410
Q411974,P31,Q4167410
Q233320,P910,Q40348556
Q233320,P279,Q2424752
Q233320,P276,Q360418
Q233320,P366,Q7590
Q233320,P1535,Q811122
Q233320,P1479,Q385378
Q233320,P1343,Q602358
Q226744,P31,Q4167410
Q226744,P460,Q4205384
Q226744,P460,Q3771720
Q226744,P460,Q10313175
Q226744,P1889,Q11166731
Q226744,P1889,Q12793183
Q16963317,P31,Q5767753
Q16963317,P407,Q150
Q16963317,P1343,Q2041543
Q4765206,P31,Q4167410
Q4765206,P1889,Q282348
Q416582,P31,Q4167410
Q416582,P460,Q1765931
Q416582,P1889,Q37208657
Q21449359,P31,Q101352
Q21449359,P1889,Q1220093
Q21449359,P282,Q8229
Q531485,P31,Q4167410
Q531485,P460,Q3606692
Q41300,P112,Q297576
Q41300,P112,Q1352970
Q41300,P112,Q371366
Q41300,P945,Q19546
Q41300,P31,Q474717
Q41300,P159,Q193163
Q41300,P607,Q12546
Q41300,P607,Q677982
Q41300,P607,Q847287
Q41300,P607,Q233568
Q41300,P607,Q940026
Q41300,P607,Q1106980
Q41300,P607,Q2528398
Q41300,P527,Q22677266
Q41300,P1343,Q19180675
Q41300,P1343,Q602358
Q41300,P1343,Q867541
Q41300,P1343,Q20961706
Q41300,P1343,Q19538713
Q41300,P417,Q188411
Q41300,P138,Q193163
Q41300,P140,Q1841
Q41300,P910,Q7166261
Q41300,P1830,Q2740950
Q41300,P1830,Q2968143
Q41300,P1830,Q2968310
Q41300,P1830,Q2968822
Q41300,P1830,Q2970084
Q41300,P1830,Q2970221
Q41300,P1830,Q2970821
Q41300,P1830,Q2985848
Q41300,P1830,Q3001622
Q41300,P1830,Q5049813
Q41300,P276,Q193163
Q41300,P276,Q17624735
Q41300,P17,Q170174
Q41300,P1366,Q840941
Q41300,P2238,Q964444
Q41300,P793,Q685604
Q41300,P1889,Q6422424
Q41300,P2388,Q22673588
Q46802,P275,Q19652
Q46802,P31,Q179461
Q46802,P31,Q1194040
Q46802,P31,Q8276
Q46802,P136,Q9465
Q46802,P910,Q9460372
Q46802,P2959,Q25689818
Q46802,P527,Q2722720
Q46802,P527,Q2774929
Q46802,P527,Q2727266
Q46802,P527,Q2758671
Q46802,P527,Q2727267
Q46802,P527,Q2724042
Q46802,P527,Q2758672
Q46802,P527,Q2721874
Q46802,P527,Q12443250
Q46802,P527,Q12443237
Q46802,P527,Q12443238
Q46802,P527,Q12443241
Q46802,P527,Q12443239
Q46802,P527,Q12443240
Q46802,P527,Q2764722
Q46802,P527,Q12443243
Q46802,P527,Q13004716
Q46802,P527,Q12443244
Q46802,P407,Q11059
Q46802,P655,Q52196374
Q46802,P655,Q938060
Q46802,P655,Q16002981
Q46802,P655,Q107323
Q46802,P655,Q26714
Q46802,P655,Q156349
Q46802,P655,Q4103211
Q46802,P655,Q5350511
Q46802,P50,Q330521
Q46802,P747,Q4900614
Q46802,P747,Q63196925
Q46802,P747,Q63196913
Q46802,P747,Q86016746
Q46802,P1343,Q2041543
Q46802,P1343,Q19190511
Q46802,P1343,Q19180675
Q46802,P1343,Q602358
Q46802,P1343,Q3181656
Q5189824,P31,Q4167410
Q5189824,P1889,Q27979790
Q5189824,P1889,Q3698751
Q232593,P31,Q4167410
Q232593,P1889,Q5139428
Q232593,P460,Q968207
Q223940,P31,Q4167410
Q223940,P1889,Q19826485
Q223940,P1889,Q2712864
Q8023332,P31,Q4167410
Q8023332,P1889,Q37535788
Q4781747,P31,Q4167410
Q4781747,P1889,Q29526855
Q2219270,P279,Q4026292
Q7958999,P31,Q4167410
Q7958999,P1889,Q16866070
Q62735136,P31,Q82799
Q62735136,P31,Q4065173
Q62735136,P282,Q8229
Q62735136,P407,Q1860
Q62735136,P1889,Q398011
Q62735136,P527,Q2660560
Q62735136,P527,Q25936455
Q351449,P31,Q4167410
Q29572,P31,Q45762
Q29572,P31,Q436240
Q29572,P31,Q34770
Q29572,P910,Q8280689
Q29572,P282,Q790681
Q29572,P282,Q733944
Q29572,P361,Q33514
Q29572,P361,Q33527
Q29572,P361,Q391015
Q29572,P361,Q23301845
Q29572,P279,Q391015
Q29572,P3823,Q29051561
Q29572,P17,Q794
Q29572,P1343,Q602358
Q29572,P2341,Q2352322
Q29572,P2341,Q624638
Q29572,P2341,Q486244
Q29572,P2341,Q182647
Q29572,P2341,Q3296890
Q208141,P910,Q10148111
Q208141,P31,Q4375074
Q208141,P460,Q159791
Q208141,P460,Q1084117
Q208141,P461,Q28200
Q208141,P361,Q11184
Q208141,P361,Q12138
Q3571302,P31,Q4167410
Q3571302,P1889,Q37492708
Q444163,P31,Q4167410
Q444163,P1889,Q1574910
Q444163,P1889,Q16871917
Q444163,P1889,Q1503180
Q194070,P1343,Q2041543
Q194070,P1343,Q602358
Q194070,P1343,Q19180675
Q194070,P1343,Q1970746
Q194070,P1343,Q4532138
Q194070,P1889,Q13408788
Q194070,P1889,Q2564985
Q194070,P279,Q23013246
Q194070,P279,Q386724
Q194070,P1687,P996
Q231840,P31,Q4167410
Q231840,P1889,Q18658568
Q231840,P1889,Q2666084
Q22402,P17,Q142
Q22402,P131,Q1284620
Q22402,P131,Q12652
Q22402,P131,Q2900529
Q22402,P131,Q12652
Q22402,P131,Q653069
Q22402,P31,Q484170
Q22402,P910,Q14475965
Q22402,P47,Q22094
Q22402,P47,Q21910
Q22402,P47,Q21749
Q22402,P47,Q21694
Q22402,P47,Q22304
Q22402,P47,Q22292
Q22402,P47,Q22028
Q22402,P47,Q22249
Q22402,P421,Q6655
Q22402,P421,Q6723
Q22402,P1313,Q65192442
Q22402,P7938,Q1399026
Q22402,P1456,Q98956694
Q217602,P910,Q7013792
Q217602,P279,Q46857
Q217602,P279,Q3249551
Q217602,P279,Q8187769
Q217602,P1343,Q2657718
Q217602,P1889,Q371046
Q217602,P3095,Q485178
Q5058905,P31,Q4167410
Q215972,P460,Q1765879
Q215972,P279,Q7661369
Q215972,P279,Q12317360
Q215972,P461,Q245204
Q215972,P31,Q636497
Q215972,P156,Q2479076
Q215972,P1889,Q18117296
Q215972,P1889,Q5463844
Q215972,P1889,Q110910
Q215972,P1382,Q25535646
Q5175336,P31,Q101352
Q5175336,P282,Q8229
Q5175336,P407,Q1321
Q15994526,P31,Q5
Q15994526,P21,Q6581097
Q15994526,P735,Q4925477
Q15994526,P106,Q36180
Q5301140,P5008,Q15304953
Q403209,P31,Q4167410
Q403209,P1889,Q16275674
Q403209,P460,Q421528
Q403209,P460,Q455856
Q50359182,P31,Q4167410
Q50359182,P1889,Q21422993
Q18210026,P31,Q11424
Q18210026,P364,Q5885
Q18210026,P57,Q18379517
Q18210026,P161,Q1395425
Q18210026,P495,Q668
Q18210026,P462,Q22006653
Q18210026,P86,Q3115598
Q18210026,P750,Q7123846
Q18210026,P272,Q7123846
Q18210026,P136,Q188473
Q7710751,P31,Q4167410
Q236973,P31,Q4167410
Q236973,P1889,Q20001181
Q236973,P1889,Q42035876
Q747233,P1441,Q28754
Q747233,P1343,Q602358
Q747233,P1343,Q4086271
Q747233,P31,Q98088085
Q940525,P31,Q4167410
Q940525,P1343,Q2041543
Q3882219,P279,Q132821
Q3882219,P910,Q7216205
Q3882219,P1889,Q81672
Q3882219,P1889,Q132821
Q3882219,P1889,Q4676786
Q3882219,P1889,Q149086
Q3882219,P1889,Q1642263
Q3882219,P460,Q9026907
Q3882219,P460,Q1139665
Q3882219,P3095,Q55983771
Q3882219,P1382,Q1139665
Q3882219,P1343,Q1768721
Q7310,P910,Q6165421
Q7310,P31,Q12909644
Q7310,P1552,Q182121
Q7310,P1552,Q22649
Q7310,P1552,Q6229
Q7310,P1552,Q389647
Q7310,P1552,Q2853246
Q7310,P1552,Q8461
Q7310,P1552,Q38352698
Q7310,P1552,Q155812
Q7310,P1552,Q7272
Q7310,P279,Q6223
